0.000187602,0.00013097,0.000171343,0.00104379,0.00575265,0.00399433,0.00323065,0.00359268,0.000592413,0.000197128,4.24481e-05,0.000647313,0.00104385,0.00081773,0.000441783,0.000310731,0.000190218,0.000141549,0.000154826,0.000147141,0.000102335,0.000121873
0.000204871,0.00024823,0.000662932,0.00101181,0.00173707,0.0011696,0.000685698,0.000457282,0.00022759,0.000113035,0.000149692,0.000120439,0.000323094,0.000322046,5.89844e-05,7.42276e-06,8.1029e-05,0.000206002,0.000218537,3.18753e-05,3.55325e-05,9.34582e-05
0.0001522,0.000198628,0.00197515,0.00193323,0.00877388,0.00217827,0.00762,0.00661138,0.00160022,2.81883e-05,1.09872e-05,0.000459349,0.000267818,0.000111752,8.19152e-05,8.98723e-05,5.92361e-05,8.08748e-05,0.00039854,0.000432399,0.000140823,9.57753e-05
9.22771e-05,0.000683512,0.00356416,0.0192959,0.0314716,0.0115952,0.00038085,0.00756459,0.00354248,0.000441179,0.000660561,0.000297621,0.000242356,0.000123621,0.000162085,7.67736e-05,0.000100838,8.89012e-06,8.0415e-05,0.000188268,0.000162552,8.20669e-05
4.21154e-05,0.000272231,0.0064249,0.0085761,0.0426049,0.027864,0.00095819,9.37338e-05,0.00211762,0.0010884,5.62035e-05,0.000581601,5.23643e-05,0.000217764,1.93369e-05,0.000173467,0.000177256,6.38459e-05,7.64778e-05,1.42801e-05,2.08579e-05,8.54111e-05
0.000244901,0.0011671,0.00381993,0.0212211,0.0508664,0.0449065,0.00494004,0.0137913,0.00512092,0.000653298,0.000282242,0.000894474,0.000488618,0.000368876,0.000471879,0.000289327,0.000257822,0.000126989,0.000154455,0.000165499,0.000189265,0.000175307
0.00130432,0.000730728,0.0016104,0.00335495,0.0222566,0.0350904,0.0343844,0.0217224,0.00266662,0.00235549,0.000404441,0.00125489,0.00140076,0.000171726,0.00061425,0.000116019,0.000233709,0.000245426,0.000153929,0.000118944,2.62432e-05,0.000267697
0.000154522,7.36923e-06,0.00611482,0.0290803,0.0424338,0.0308487,0.0141983,0.00118718,0.00274401,0.00166585,3.30858e-06,0.00110918,0.000451026,0.000995023,0.000558008,0.000135554,0.000193161,0.000347068,0.000237856,4.33946e-05,0.000150966,0.000278331
0.000132339,0.000637934,0.015636,0.0190305,0.0971777,0.0957799,0.0680451,0.0468473,0.00846118,0.00242823,0.000323948,8.64939e-05,0.00156962,0.00298848,0.00185922,0.000459139,2.43197e-05,7.77204e-05,0.000155216,8.41215e-05,5.6929e-05,0.000111701
2.72592e-05,0.0040313,0.0145452,0.0807927,0.165296,0.10014,0.0225828,0.0365723,0.0114807,0.00387968,0.000497687,0.00109549,0.000448741,0.000504608,0.000844235,5.74303e-05,0.000747194,0.00107524,0.000547613,1.75943e-05,0.000211817,0.000292528
0.00278463,0.000201043,0.0182746,0.0326154,0.142145,0.067543,0.0553483,0.0386732,0.00705595,0.000257265,0.000618447,0.00101157,0.00209798,0.004255,0.00164667,0.000313936,0.000928313,0.00137369,0.000503912,0.000330724,0.000502426,0.000262472
0.00502915,0.000131719,0.000571456,0.028094,0.0734652,0.0375168,0.0303771,0.0635072,0.0251684,0.000163513,0.00181099,0.0025884,4.70066e-05,0.00517736,0.00325939,0.000619787,0.000342873,0.000432984,0.000181218,0.000523599,0.000679342,0.000284164
0.00367953,0.00294521,0.0111008,0.0183753,0.0605279,0.00759744,0.00279283,0.0326466,0.00356267,0.00992752,0.00146713,0.00548237,0.00497608,0.00199761,0.000698102,0.000197186,0.000281266,0.000416532,5.02677e-05,0.000251108,0.000498488,0.000369984
0.00146836,0.00495657,0.0229923,0.147716,0.261286,0.0920203,0.0286905,0.0374605,0.0221798,0.00108999,0.00221775,0.00285769,0.00461488,0.00462087,0.00088172,0.000356341,0.000331473,0.000731185,0.000209983,0.000317356,0.000188486,0.000317127
0.00401933,0.00267266,0.04516,0.0853522,0.362855,0.239805,0.0788313,0.122971,0.0248405,0.0114339,0.00115685,0.00123996,0.00143496,0.00459072,0.00458492,0.000586486,0.00158016,0.00175656,0.000815571,0.000137655,0.000211147,0.000529372
0.00374618,0.00909775,0.0235141,0.184798,0.425077,0.387102,0.197755,0.0790903,0.0176559,0.00995291,0.00353421,0.00277554,0.00446312,0.000286562,0.00153729,0.000140245,0.000900975,0.000721569,0.000460093,0.000493322,0.000141254,0.000705572
0.00307834,0.00212667,0.0169041,0.059842,0.234169,0.244363,0.179171,0.131196,0.0310662,0.0064636,0.00112662,0.0055215,0.002613,0.000816785,0.00141531,0.000658019,0.000856752,0.00107427,0.000400786,0.000373842,0.000319129,0.000217065
0.00395332,0.00109528,0.0182293,0.0775614,0.118764,0.173297,0.28411,0.230001,0.0692102,0.0154884,0.000971599,0.00728804,0.000299524,0.0016329,0.00473332,0.000973988,0.00231725,0.00251781,0.00110238,0.0011032,0.00210963,0.00149236
0.0044303,0.00441318,0.0583264,0.101063,0.460056,0.43011,0.13809,0.00138056,0.00578068,0.0167702,0.0064893,0.00977875,0.00831009,0.00868353,0.00606966,0.000212213,0.00184598,0.00214206,0.000906042,0.000774122,0.00107772,0.000163791
0.0178175,0.0008417,0.0467931,0.386773,0.799386,0.440271,0.17676,0.234686,0.0762612,0.0123425,0.00530752,0.00897316,0.0153636,0.0134034,0.00534426,0.000144402,0.000588462,0.000345649,4.83049e-05,0.000599685,0.00170471,0.00116867
0.0104929,0.00120646,0.0854523,0.20723,0.72959,0.361687,0.028428,0.191039,0.0425232,0.0483756,0.00371808,0.00072559,0.00156423,0.00471335,0.00299569,0.00013898,0.00233583,0.00262947,0.00118873,0.000770761,0.00157404,6.34387e-05
0.00344157,0.00824682,0.0114031,0.207633,0.494848,0.259708,0.061303,0.010047,0.0218764,0.00311699,0.00373976,0.00477128,0.0155875,0.0241712,0.0144879,0.00127181,0.00291477,0.00416277,0.00114385,0.00177391,0.00300048,0.00136415
0.00847535,0.00441853,0.0289301,0.00748384,0.00889517,0.163651,0.0187604,0.258045,0.0458369,0.0559963,0.00273444,0.0123616,0.0197123,0.0193114,0.0102815,0.000147536,0.0023224,0.0033783,0.00148139,0.00252111,0.00330706,0.00112043
0.0140486,0.00870797,0.0689365,0.415545,0.732974,0.155464,0.517026,0.398505,0.133585,0.0505951,0.0220966,0.0187763,0.0037464,0.00858328,0.000511571,0.00281324,0.0010142,0.000543828,3.08864e-07,0.00093109,0.00168863,0.000868193
0.0197702,0.00785966,0.133022,0.295443,1.19829,0.939267,0.137051,0.0731727,0.0292315,0.0128926,0.0085121,0.0161717,0.00477786,0.031763,0.0187596,0.0021305,0.00187783,0.00337814,0.00187066,4.40542e-05,0.000893051,0.00149565
0.00881879,0.0207379,0.0699489,0.625893,1.4411,1.32288,0.895577,0.607435,0.202718,0.0481951,0.00851569,0.0142637,0.000102386,0.0163558,0.0114081,0.00336657,0.00618722,0.00643096,0.00123026,0.000191002,3.17928e-05,0.00137544
0.0043598,0.00907879,0.0687792,0.247442,0.948989,0.722455,0.156672,0.347627,0.0335358,0.0691268,0.00861988,0.00962592,0.0190223,0.000743882,0.0144248,0.00484885,0.0024811,0.00357512,0.000935648,0.00192456,0.00256279,0.00180333
0.0240839,0.00687542,0.0312703,0.0224738,0.011165,0.319567,0.603706,0.362834,0.111904,0.0427796,0.00289432,0.0116497,0.0103157,0.00409101,0.0107512,0.00444898,0.0013172,0.000799782,2.76304e-06,0.000619869,0.00279274,0.00347333
0.0316751,0.0103409,0.122859,0.18866,0.976251,0.910051,0.126555,0.544091,0.0374177,0.146713,0.0146528,0.0245798,0.0238791,0.00261687,0.0101225,0.000633947,0.00410829,0.00552843,0.00161103,0.00300672,0.00309171,0.000633405
0.0094823,0.0266333,0.10492,0.909512,1.8145,0.944874,0.0912037,0.272897,0.149151,0.0234731,0.00357938,0.0412224,0.013443,0.0322027,0.0375314,0.00885033,0.00443923,0.00736432,0.00203791,0.00265254,0.00641888,0.00465557
0.00201997,0.0149873,0.187811,0.57469,1.88891,0.849885,0.166654,0.257245,0.036182,0.124263,0.0102628,0.0299515,0.00253392,0.0284885,0.00067781,0.00596736,0.00305691,0.0039314,0.00191596,0.00121102,0.00146281,0.0014639
0.00200979,0.0236034,0.032444,0.660594,1.61478,0.887518,0.696418,0.924317,0.382543,0.119029,0.04063,0.0167721,0.0103251,0.00119328,0.0006234,0.00551568,0.00162888,0.00257993,0.00137283,0.00253664,0.00691919,0.00526753
0.00443356,0.00682269,0.0336734,0.218716,0.62275,1.03138,0.985193,0.444334,0.0638354,0.00554323,0.000870952,0.00546995,0.0439252,0.0880971,0.06328,0.0130438,0.0052095,0.00768825,0.00348967,0.00645837,0.00915259,0.00283147
0.0143307,0.0112694,0.127464,0.618438,0.994644,0.0913069,1.03114,0.920448,0.416436,0.173045,0.0376695,0.00618384,0.0303179,0.0580828,0.0135476,0.00676458,0.00622916,0.00826168,0.00160108,0.00721386,0.0101608,0.00515185
0.00793245,0.0107503,0.238302,0.558879,2.18031,2.01309,1.46999,1.10338,0.120217,0.159001,0.000950764,0.04014,0.052642,0.0271152,0.00485892,0.00700343,0.00511735,0.00359945,0.0011975,0.0015903,0.00470623,0.00273156
0.00604887,0.0498328,0.133872,1.33351,3.13438,2.659,0.899464,0.156699,0.137052,0.124643,0.0138439,0.0687074,0.0935132,0.106709,0.0654881,0.0103846,0.00678001,0.0068676,0.00221593,0.000727452,0.00192438,0.000449879
0.0252428,0.00809203,0.168465,0.768281,2.52443,1.55221,0.867209,1.07513,0.000265626,0.271477,0.0583573,0.0628018,0.0508074,0.0364278,0.020094,0.00599128,0.00872576,0.00921603,0.00236274,0.00404573,0.00582855,0.00314383
0.00540219,0.0274516,0.0891581,0.353989,0.966763,0.0439195,0.0213877,0.856841,0.423756,0.0555128,0.0123441,0.0453829,0.020392,0.0136318,0.0250751,0.0132771,0.00770874,0.00633624,0.00469412,0.00426338,0.0036318,0.00271647
0.018811,0.00665225,0.205235,0.0152013,0.779839,0.922985,0.291674,0.0809169,0.156054,0.207526,0.0212813,0.0109489,0.00513786,0.0441087,0.0444034,0.00997219,0.00109033,0.00023147,3.58712e-05,0.00160899,1.97869e-05,0.00472782
0.00997871,0.046722,0.172151,1.42056,2.62024,1.04689,0.378195,1.31047,0.808361,0.25736,0.0496934,0.0422276,0.0130075,0.0172056,0.0245905,0.000433084,0.0104987,0.00790704,0.00548624,0.00761755,0.0160224,0.00981172
0.0164338,0.00281186,0.327754,1.07846,3.4502,1.32675,1.83,1.39584,0.26739,0.00707345,0.0282412,0.0685603,0.0484473,0.0579898,0.0601005,0.0112741,0.00932245,0.0110864,0.00360184,0.00575008,0.00557974,0.00264993
0.0292521,0.022151,0.0173378,1.41691,3.76947,2.73979,0.0828485,0.702282,0.600662,0.304677,0.0638078,0.0862231,0.115532,0.0569768,0.00565543,0.00485682,0.00255907,0.0065626,0.00159421,0.00214724,0.0112815,0.0123748
0.0072483,0.0225645,0.0483633,0.95565,2.46131,2.89458,2.9629,2.02374,0.108542,0.358246,0.00272582,0.099828,0.0659306,0.0267596,0.035227,0.00209768,0.00343339,0.00192813,0.00159064,0.00755446,0.0108817,0.00141821
0.0416396,0.0140992,0.235287,0.39919,0.127516,0.181041,0.434235,0.815208,0.106601,0.170175,0.0151912,0.0629095,0.0255464,0.14533,0.089835,0.00704519,0.00926476,0.00952571,0.00159464,0.0154794,0.0239042,0.0132734
0.0442739,0.0354515,0.330864,0.507107,2.49255,2.85722,2.31475,1.27292,0.262601,0.479207,0.0587839,0.0110945,0.0686491,0.1226,0.0608545,0.00395792,0.00811129,0.00810191,0.00266064,0.0111061,0.0174277,0.00384161
0.0456647,0.0220894,0.152413,1.90373,4.57492,3.49907,0.37243,1.82633,0.8184,0.155651,0.0552081,0.0174136,0.00748103,0.0720756,0.0427511,0.00680042,0.00268584,0.000772735,0.00104795,0.00360976,0.0109659,0.00472871
0.055988,0.0164988,0.189071,1.67427,4.55388,2.45332,0.193747,0.342721,0.527308,0.259087,0.0705738,0.0428772,0.0608286,0.182132,0.0800652,0.00176851,0.00766686,0.00517578,0.00315035,0.00306478,0.00876105,0.00751747
0.0109861,0.045888,0.220899,1.17293,3.20395,1.09295,0.103426,1.40288,1.1383,0.461087,0.0693526,0.12704,0.0306311,0.0896729,0.0953662,0.0102209,0.0104488,0.0104562,0.00294837,0.0103963,0.0094268,0.00061393
0.0307561,0.0561547,0.283354,0.835021,1.29587,0.473842,1.60968,1.96848,0.42661,0.139519,0.0298587,0.132382,0.154284,0.0867424,0.0217314,0.00818565,0.000337562,0.00161254,4.40999e-05,0.00726857,0.0131333,0.0114125
0.0122222,0.0564101,0.276473,1.22144,1.70957,0.43975,1.714,0.277322,0.6551,0.479866,0.118542,0.0558643,0.0727129,0.0490277,0.0174741,0.0139627,0.00511551,0.00516818,0.000442264,0.00285337,0.0110932,0.0126845
0.0291398,0.0302213,0.333052,1.26719,4.0656,1.7569,2.50541,2.22328,0.0452508,0.528739,0.0506895,0.000927624,0.0386991,0.0551638,0.111504,0.0330339,0.00828811,0.00810031,0.00234948,0.0125769,0.00844026,0.00502684
0.0159512,0.0643153,0.0670925,2.10581,5.62719,4.93858,3.06947,2.00973,0.305971,0.144669,0.00236525,0.0509071,0.0255183,0.0361445,0.0277236,0.00735867,0.00128972,0.0046358,0.00160512,0.00553856,0.015999,0.0173166
0.011337,0.0539426,0.0833628,2.07792,5.21154,4.69592,2.42553,0.839023,0.594151,0.641173,0.0391624,0.0995907,0.0140395,0.0917334,0.0623866,0.0221325,0.00520289,0.00371,0.00155756,0.00187287,0.00350162,0.00328846
0.010531,0.00499772,0.415327,0.421354,2.45056,1.02323,2.49798,2.79559,1.15527,0.368553,0.13541,0.10217,0.0726885,0.0807888,0.1194,0.0298683,0.00991776,0.0111104,0.00283933,0.0148004,0.0276774,0.0172443
0.0209178,0.0498754,0.355473,0.371164,0.683308,1.99408,0.896197,1.0041,0.826091,0.262011,0.120058,0.126324,0.19963,0.183247,0.0701424,0.0197931,0.0101036,0.0111095,0.00284635,0.0196109,0.0283519,0.00498453
0.037631,0.0166825,0.128841,1.69881,3.9192,2.62542,0.516738,1.547,1.28666,0.735632,0.0842746,0.13262,0.145651,0.174516,0.108534,0.0264659,0.000303652,0.00330464,0.00244463,0.0178245,0.0286667,0.0136808
0.0417923,0.0454949,0.158648,2.30833,5.57792,2.48777,0.581909,1.96635,0.43428,0.332817,0.018409,0.0206156,0.0537517,0.116676,0.096376,0.0214841,0.00407139,0.0125827,0.0060006,0.00185053,0.0126081,0.00806088
0.00523146,0.0370175,0.405538,1.94427,5.76188,2.66528,1.72039,0.922938,0.521778,0.540105,0.0403062,0.0999608,0.170202,0.215726,0.0737311,0.0144412,0.0182273,0.0148424,0.00201203,0.00592257,0.0142269,0.00494125
0.00150596,0.06801,0.317983,2.19914,4.76898,3.61156,0.347604,1.49809,0.343624,0.784035,0.111015,0.0819684,0.0886782,0.142794,0.14495,0.037609,0.00124288,0.000232937,0.000944314,0.0177434,0.0274049,0.0161623
0.0385847,0.00342827,0.354383,0.0549142,1.34229,2.90146,4.03417,2.89384,0.658719,0.00952176,0.039124,0.120168,0.000334456,0.0813337,0.0431444,0.0118266,0.00590826,0.0108031,0.000903207,0.00897064,0.00591431,0.00632415
0.00266894,0.00784921,0.219622,0.569978,2.11704,1.63127,0.239985,0.211902,0.838055,0.695609,0.039145,0.149132,0.0452435,0.0633663,0.0327531,0.0118053,0.0121933,0.018838,0.00253558,0.0105553,0.00370829,0.00777005
0.0108053,0.0412284,0.199101,1.63898,5.02571,5.32443,4.3687,3.15612,1.38566,0.579488,0.139513,0.0964293,0.116947,0.0686596,0.121027,0.0352269,0.0131619,0.0131953,0.00876046,0.0125558,0.023101,0.0166627
0.0133321,0.0727228,0.219306,2.83455,6.62847,4.62695,0.467546,1.84214,0.762087,0.146663,0.0728399,0.0553592,0.0189633,0.0722371,0.0425507,0.00507085,0.000530311,0.00269723,0.00272794,0.000106123,0.00175529,0.00581127
0.0105963,0.0250449,0.54226,1.55964,5.20243,2.00598,2.22216,1.64248,1.13769,0.753327,0.0645908,0.00803029,0.0927648,0.0960837,0.0322324,0.0013667,0.0127932,0.0194985,0.0058582,0.00728237,0.0174326,0.0127705
0.0523159,0.0621048,0.24262,1.84098,3.21547,0.90139,0.671097,2.09268,0.212913,0.606116,0.0113896,0.0887182,0.0582718,0.0683429,0.0789619,0.0146515,0.0223795,0.0251076,0.0114377,0.0133855,0.0215869,0.00251805
0.0288637,0.00411248,0.0836859,0.161265,0.207783,0.754133,0.20977,0.955978,0.130646,0.461943,0.00954757,0.120312,0.0321306,0.203067,0.112557,0.00389874,0.00807847,0.0101469,0.00297165,0.02202,0.0341108,0.0169503
0.0276372,0.0577659,0.0798891,1.58863,3.20679,0.699471,0.420984,0.815152,0.500969,0.906676,0.166695,0.136905,0.00774761,0.128586,0.0635609,0.00182932,0.00378535,0.00547467,0.00254406,0.0118689,0.0192311,0.00892063
0.0211643,0.0195973,0.474258,1.62221,5.52024,3.21772,1.96671,2.56686,0.909566,0.191798,0.0140104,0.128887,0.128752,0.0992535,0.0345438,0.00384501,0.0128411,0.0142458,0.00250685,0.00114958,0.00968886,0.00558928
0.00691033,0.094068,0.293275,2.96822,6.84383,5.90097,2.46071,0.929559,0.755368,0.572394,0.0512275,0.0837939,0.142755,0.217927,0.12022,0.00485929,0.0241555,0.0202783,0.00537763,0.010239,0.0174935,0.0112809
0.0299737,0.00933203,0.426027,1.49976,4.98316,4.28649,2.79124,2.45196,1.39368,0.676348,0.124366,0.0399539,0.0176207,0.0728525,0.0637114,0.00168967,0.0032491,0.00520294,0.00317907,0.0133522,0.0133531,0.00150204
0.00243637,0.0276171,0.0553604,0.954385,2.30383,0.154801,2.90582,2.334,0.45812,0.0761847,0.0247,0.0851622,0.103165,0.0337199,0.032184,0.0163074,0.0113111,0.0169592,0.0055408,0.00413237,0.0112998,0.0100479
0.0158477,0.0311696,0.261386,0.0384293,1.17042,2.31917,2.06092,1.02504,0.873206,0.679918,0.142243,0.0904143,0.0887025,0.081042,0.0813323,0.0194633,0.0174903,0.0243238,0.00936016,0.00734201,0.0144876,0.010889
0.0339523,0.0716649,0.325682,2.07855,4.13148,1.74025,2.33328,2.1839,0.13896,0.617653,0.000622558,0.120219,0.0385929,0.0297146,0.0384446,0.0037256,0.0172015,0.0202637,0.00742543,0.00883001,0.00576669,0.00626151
0.0403342,0.0250194,0.498275,1.67906,5.19871,2.15668,0.554018,0.767797,0.280599,0.19049,0.0509096,0.103443,0.101231,0.105263,0.108997,0.0255665,0.000182959,0.000838009,0.00143636,0.00107643,0.00981078,0.0111816
0.0286405,0.0708131,0.0668735,2.48303,5.80272,3.65742,1.00187,0.775233,0.507256,0.718243,0.101881,0.073928,0.11503,0.0581592,0.0240393,0.0194706,0.0172577,0.0223591,0.00639011,0.00341607,0.00644911,0.00140017
0.0093519,0.0239577,0.0269062,1.69443,4.4759,3.88917,0.171178,1.79931,1.11906,0.363746,0.0606787,0.051678,0.00602014,0.0234408,0.017419,0.0141845,0.0196836,0.0283767,0.00699886,0.0161291,0.0251813,0.0133179
0.0488801,0.000338429,0.336116,0.143613,1.51341,1.91497,1.43827,0.782179,0.417356,0.273874,0.0612602,0.0403614,0.121389,0.194457,0.13741,0.0265333,0.00990305,0.0153612,0.00777019,0.014485,0.0217643,0.00862771
0.0108149,0.0333169,0.401052,0.0649725,1.53672,1.92611,0.0505683,1.5242,1.24214,0.624123,0.0959628,0.0941987,0.0944881,0.0976495,0.0181453,0.0123621,0.000875317,0.00567031,0.000857559,0.00683122,0.0125962,0.00684837
0.00807891,0.0569255,0.221938,1.90927,4.28901,4.03824,2.94886,1.8043,0.0530674,0.318114,0.0635978,0.0833153,0.014666,0.0303613,0.0119604,0.0181431,0.0177593,0.0250531,0.00833102,0.00262323,0.0097875,0.00606925
0.00817112,0.0506942,0.1968,1.83725,4.99471,2.88893,0.120104,0.175234,0.576135,0.413514,0.110002,0.0624066,0.0123342,0.146587,0.102783,0.0191117,0.0212873,0.02435,0.00965781,0.00681399,0.0105245,0.000435001
0.0525001,0.0708268,0.281397,1.64271,4.58358,1.50337,2.78297,1.82941,0.333453,0.584995,0.040733,0.0910159,0.040367,0.0409469,0.035072,0.00595895,0.00476385,0.00958512,0.00288206,0.00900463,0.0151725,0.00873498
0.00457633,0.074459,0.30926,1.85055,3.38914,1.95546,0.724957,0.923964,0.385114,0.0489146,0.0354582,0.0364442,0.0524199,0.0064512,0.0368092,0.0190696,0.00859475,0.0122641,0.00437432,0.00148868,0.00196776,0.00404611
0.00165422,0.038506,0.362828,0.182496,0.848467,1.78752,1.99661,0.907802,0.384829,0.46744,0.0760327,0.00802591,0.00552749,0.0317805,0.0440479,0.00944992,0.015798,0.0215155,0.00566135,0.00606736,0.00397979,0.0037621
0.00548268,0.00500767,0.250905,0.322168,1.32354,0.557284,0.543306,1.40312,0.927813,0.370484,0.0773819,0.0270048,0.0550619,0.0253692,0.0307605,0.001928,0.0143076,0.016584,0.00781247,0.00269443,0.00906459,0.00642155
0.0113669,0.0103825,0.122504,1.22301,3.64669,3.12503,0.800745,0.18598,0.157802,0.0287166,0.0374888,0.0616027,0.0184716,0.0725784,0.0604605,0.00945511,0.003741,0.00363668,0.00164437,0.00159633,0.00123655,0.00195851
0.0238943,0.0407349,0.183907,1.96085,4.54276,3.53999,0.369725,0.973278,0.82178,0.40754,0.0401684,0.0747742,0.0168532,0.0538371,0.0142719,0.00494651,0.0101287,0.010684,0.00352769,0.00496695,0.00982039,0.00763449
0.0100434,0.0107887,0.423831,1.00556,3.53067,2.18374,0.725617,0.910384,0.0585665,0.352864,0.0547035,0.0608559,0.0480803,0.0407349,0.0292069,0.00361813,0.0127152,0.0156581,0.00677477,0.00882845,0.013584,0.00366637
0.0176854,0.0492064,0.204172,1.38356,2.42464,0.572384,0.855388,0.0838071,0.249327,0.148939,0.0503665,0.0347897,0.0840756,0.0968982,0.0530568,0.00136328,0.00705529,0.0113942,0.00335986,0.00710319,0.0124774,0.00538624
0.0128974,0.00855247,0.0656202,0.114798,0.468879,0.0384568,1.03985,0.961904,0.198103,0.421946,0.0439836,0.00958599,0.0218441,0.0533975,0.0358599,0.00396091,0.00191664,0.00309108,0.000684257,0.00249136,0.00705233,0.00446342
0.00171914,0.0307337,0.100083,0.750369,1.36233,0.0203698,1.40079,0.90449,0.356133,0.184496,0.022167,0.030742,0.0424687,0.0377675,0.0191189,0.0034081,0.0101133,0.0136988,0.00397612,0.00204433,0.00305085,0.00107261
0.0186096,0.0116881,0.348795,0.627314,2.52972,1.24212,0.889017,0.592511,0.174682,0.247708,0.027305,0.0442022,0.0496907,0.0541432,0.0207369,0.00514074,0.0114984,0.0128102,0.00386464,0.00611606,0.00959638,0.00701031
0.0540832,0.0356489,0.220573,1.61293,3.4233,2.79262,1.54837,1.1317,0.644095,0.310187,0.0701955,0.0340555,0.0392912,0.0430948,0.0492635,0.0104544,7.65186e-05,0.00302012,0.00257152,0.0040556,0.00362664,0.000433511
0.0141172,0.00347472,0.211175,0.852574,2.86022,2.44346,0.714419,0.00769609,0.0245823,0.0924369,0.0132454,0.0453195,0.0178356,0.00024224,0.000286636,0.00311242,0.00289923,0.00476092,0.00105197,0.000747041,0.00156391,0.00344966
0.00819359,0.00353657,0.0756706,0.67669,1.76866,0.776554,0.754077,0.785648,0.448054,0.238519,0.0298916,0.0409392,0.0271133,0.0100893,0.00438552,0.00529038,0.00772111,0.010917,0.00439841,0.00255032,0.00437961,0.00370584
0.0183578,0.0219371,0.198106,0.512512,0.369319,0.440416,0.274815,0.302401,0.162496,0.309561,0.039921,0.0172866,0.014819,0.0231477,0.0369762,0.00907367,0.00811688,0.00983899,0.00283116,0.00151087,0.000440602,0.00147062
0.00206931,0.039463,0.259121,0.783099,1.16478,0.660084,0.0671668,0.163539,0.0345313,0.00230282,0.00106392,0.00666256,0.0192368,0.0318661,0.0126884,0.00255654,0.000510719,0.000718674,0.00022283,0.000534335,0.00347949,0.00394422
0.0108067,0.00106381,0.255649,0.50066,1.84242,0.811982,0.0530618,0.357225,0.121733,0.286183,0.0367729,0.0256299,0.0354537,0.0373977,0.0246345,0.00871882,0.00539471,0.00735898,0.00212748,0.00298845,0.00395144,0.00082031
0.0115466,0.0198678,0.0115665,1.01492,2.4321,1.23717,0.43751,0.420144,0.288175,0.189868,0.00845806,0.0406472,0.0181085,0.023604,0.0303802,0.00876869,0.00589855,0.00794513,0.00220501,0.00500797,0.00678787,0.00252767
0.0111498,0.0161895,0.0717025,1.01014,2.32521,1.76407,0.250533,0.235824,0.00353504,0.0996757,0.00148858,0.0309209,0.00383743,0.0364276,0.0116166,0.0052785,0.00377726,0.00428869,0.00127678,0.00249403,0.00508317,0.00191309
0.0113327,0.00729492,0.247202,0.237587,1.34145,1.35098,0.929268,0.660863,0.374044,0.206815,0.0450228,0.024593,0.0153191,0.0282239,0.0268596,0.00739337,0.00163804,0.00272798,0.000471119,0.00125532,0.00242955,0.00117101
0.0157157,0.0133385,0.200214,0.496874,0.461851,0.0230233,0.17958,0.022475,0.112209,0.0907025,0.000563123,0.0221757,0.0147375,0.0110764,0.0097866,0.00526309,0.00208369,0.00392508,0.0010478,0.00273271,0.00418119,0.00264474
0.0072759,0.011381,0.0943619,0.362485,0.726777,0.901092,0.823703,0.500205,0.212537,0.101057,0.0128648,0.00581464,0.00477736,0.0158794,0.00743667,0.00205155,0.00598987,0.00707063,0.00246908,0.00177585,0.00301257,0.000315018
0.0180066,0.00585842,0.000229794,0.546805,1.3599,0.861009,0.117126,0.172078,0.167545,0.188863,0.0153533,0.0189402,0.00440778,0.0183057,0.0219897,0.00371885,0.00344693,0.00447286,0.00165262,0.00134512,0.00286763,0.00227114
0.0220961,0.00637208,0.175059,0.454594,1.54578,0.680949,0.477987,0.238578,0.038382,0.0359469,0.00479394,0.0140072,0.0115775,0.00681923,0.00277274,0.0020248,5.74677e-05,0.00173061,0.000613519,0.000600234,0.00107612,0.00166841
0.0385572,0.0217369,0.165378,0.88419,1.59341,0.823616,0.122426,0.204917,0.051742,0.136189,0.0258067,0.0238303,0.0092086,0.00277911,0.000143064,0.00108559,0.00587106,0.00575359,0.00152093,0.0011349,0.00024464,0.0010059
0.0287799,0.0221698,0.153969,0.20055,0.993636,0.86993,0.255479,0.0583212,0.203792,0.139727,0.00835336,0.0271398,0.0134709,0.0111424,0.00960902,0.00206725,0.00238601,0.00336632,0.00142396,0.000143923,0.00100528,0.00129516
0.0154357,0.00697172,0.0287738,0.211999,0.447636,0.434564,0.10267,0.155351,0.0859376,0.00502262,0.00821345,0.014226,0.02078,0.0200111,0.0118467,0.000307172,0.00123537,0.00101998,0.000247158,0.000353643,0.000895488,0.000112246
0.0099328,0.000912339,0.0758506,0.0151761,0.271278,0.298015,0.0134608,0.194699,0.18262,0.109839,0.0226872,0.00264049,0.0104777,0.00867649,0.00333148,0.00100087,0.00201881,0.00276597,0.00107968,0.00148514,0.00224871,0.000922027
0.00411912,0.0229038,0.124094,0.481026,0.89334,0.744481,0.248843,0.041172,0.135141,0.0920453,0.0143356,0.00118288,0.00799075,0.0064809,0.0026003,0.000853427,0.00310188,0.00434998,0.00122504,0.00142497,0.00284822,0.00137906
0.0144571,0.00874988,0.14291,0.211159,0.94921,0.680535,0.209942,0.194378,0.0785622,0.0192964,0.0120867,0.00955104,0.0154059,0.017656,0.01394,0.00225506,0.00213594,0.00252022,0.000619185,0.00103099,0.00159546,3.40826e-05
0.00192589,0.0199971,0.049513,0.506068,1.01239,0.421177,0.234336,0.0785924,0.120158,0.105478,0.0121495,0.0163958,0.00809138,0.00543475,0.000313553,0.00102134,0.00118356,0.00176239,0.000508411,0.000437784,0.00190361,0.00147517
0.000978889,0.0103367,0.0041044,0.336847,0.777484,0.379776,0.184772,0.13506,0.0383889,0.0479709,0.00917212,0.0151728,0.0108557,0.0029605,0.00485952,0.0017044,0.00109998,0.00180535,0.000443429,0.000802788,0.00128646,0.000115964
0.00635886,0.0170335,0.104735,0.0368135,0.383012,0.397465,0.266778,0.135036,0.0300756,0.0451494,0.00750404,0.0106914,0.00648723,0.00773263,0.00994958,0.00329026,0.00174442,0.00248847,0.000742042,0.0012894,0.00227293,0.00160599
0.00436807,0.00483441,0.107899,0.161291,0.0662011,0.115547,0.189108,0.0460093,0.103661,0.0861674,0.00781068,0.0120187,0.00458612,0.0022135,0.000463008,0.00220211,0.00106407,0.00151411,0.000437591,0.000524816,0.000796836,7.23118e-05
0.00112096,0.0108078,0.0695179,0.264366,0.455743,0.357665,0.207649,0.147489,0.0610551,0.019905,0.00393077,0.0016621,0.00431605,0.0112651,0.00892521,0.00256587,0.000422408,0.000706131,0.000245055,0.000192696,0.000884901,0.000757592
0.00762873,0.00151392,0.0342302,0.207784,0.652711,0.543363,0.148953,0.0261793,0.0864689,0.0580231,0.00792572,0.00654382,0.00519756,0.000120157,0.00476659,0.00228614,0.00136559,0.00186779,0.000587869,0.000254356,0.000114319,0.000415993
0.00906988,0.00506692,0.0559963,0.220928,0.690715,0.434458,0.0429829,0.110698,0.100587,0.0656485,0.0159686,0.0117019,0.00599827,0.00312601,0.00144585,0.00271086,0.00148825,0.00135683,0.00031804,3.45161e-05,0.000506525,0.000649103
0.0149758,0.00846564,0.066476,0.353529,0.614219,0.268368,0.027846,0.0498097,0.0261172,0.00424988,0.00825194,0.0124788,0.00325152,0.0110458,0.00854908,0.00213057,0.000176124,0.000754304,0.000104084,7.90231e-05,0.000273695,7.75739e-05
0.00675177,0.00420738,0.0727982,0.0547365,0.32967,0.182776,0.0224543,0.0342778,0.0805009,0.0570097,0.00565738,0.0125872,0.00797528,0.00313494,0.00269092,0.00211486,0.000765111,0.00151328,0.000827816,0.000589333,0.00103067,0.000508919
0.00337114,0.00116723,0.0342869,0.10379,0.151819,0.120098,0.0129427,0.0697147,0.0290668,0.0516943,0.00867638,0.00659411,0.00716095,0.00266387,0.00132858,0.00172151,0.00164044,0.00166455,0.000124849,0.000718515,0.000762492,0.000468919
0.00210584,0.00301787,0.0117901,0.0397071,0.125055,0.0232269,0.0933241,0.0457821,0.0103816,0.0158621,0.00401305,0.000183971,1.78477e-06,0.0027754,0.00427572,0.000932316,0.000581611,0.000500809,0.000126134,0.000160674,0.000266602,0.000226415
0.00396998,0.00604773,0.0370288,0.200488,0.398268,0.260934,0.0209644,0.0559418,0.0446394,0.0537199,0.0074466,0.00288087,0.00358942,1.6036e-05,0.000192737,0.000304682,0.0006741,0.0009463,3.06105e-05,0.000175255,0.000416456,0.000162899
0.000357687,0.00283635,0.0661351,0.110147,0.472484,0.386003,0.14982,0.101399,0.0632186,0.0323019,0.00265125,0.00750666,0.00192671,0.00251714,0.00204746,0.000852707,0.00179802,0.00194701,0.000812954,0.000757824,0.00133028,0.000793878
0.00167306,0.00638745,0.028363,0.24849,0.501119,0.305971,0.0439971,0.0130763,0.0177213,0.0222819,0.000746586,0.00904995,0.00399408,0.000909458,0.000384735,0.00024894,0.000697987,0.000954052,0.000227281,0.000413687,0.000967452,0.000446876
0.00136789,0.00171555,0.0144583,0.135797,0.353157,0.161416,0.112064,0.111066,0.074727,0.0451936,0.0105321,0.00802092,0.00700968,0.00208921,0.00112214,0.000100066,0.00034514,0.000363005,6.33173e-05,0.000453686,0.000763609,0.000273998
0.00261818,0.00143292,0.025463,0.046954,0.175823,0.0964055,0.0106696,0.026557,0.00881697,0.0206142,0.000220141,0.00712416,0.00662985,0.00281069,0.000189754,0.000326929,0.00068949,0.000886603,0.000513856,8.63699e-06,0.000468295,0.000237076
0.00364141,0.000860853,0.0381474,0.0529751,0.00934913,0.027657,0.0843145,0.0762515,0.0528608,0.0323707,0.00444912,0.00325793,0.000559793,0.000376289,0.000859715,0.00032366,0.000595455,0.00111792,0.000382471,0.000629685,0.000790088,0.000290347
0.00204962,0.00831681,0.0315771,0.136455,0.231558,0.115099,0.0317952,0.0484536,0.0256384,0.042944,0.00442344,0.00218473,0.00308201,0.00317467,0.00234364,0.000816515,0.000278817,0.000473652,1.67952e-06,0.000244856,0.000240228,0.0001022
0.0118301,0.00745669,0.0289342,0.105923,0.337943,0.226421,0.0201772,0.000926199,0.00227203,0.00132805,0.00140849,0.00565614,0.00263785,0.00172312,0.00235756,0.00071629,0.000469114,0.000596475,0.000262983,0.000468114,0.000586492,0.000292496
0.00860466,0.00166351,0.0108945,0.14473,0.393305,0.274958,0.00412708,0.0564443,0.0124225,0.0287513,0.00592346,0.0059506,0.00258506,0.000711246,0.00166411,0.001171,0.000640369,0.000842823,0.000191385,0.000191185,1.10869e-05,0.000231753
0.00950172,0.000294304,0.01471,0.162346,0.336716,0.215151,0.0646129,0.0603245,0.0450262,0.0250528,0.0020076,0.00751261,0.00368857,0.000486867,0.00191694,0.00047791,0.000631115,0.000851637,0.000277249,0.000243583,0.000393273,9.61271e-05
0.00533054,0.00381941,0.0343125,0.0437113,0.199376,0.120736,0.0109956,0.0261022,0.0100592,0.00240635,0.00267179,0.00679916,0.00730596,0.00489884,0.0036765,0.00107502,6.74579e-05,8.85304e-05,2.21563e-05,0.000143106,4.41298e-05,0.000221627
0.00683066,0.00183859,0.0192927,0.0563847,0.065432,0.00270877,0.0852016,0.087422,0.0521246,0.0265812,0.0057711,0.00189836,0.00211641,0.000627767,0.00179354,0.000973152,0.000254318,7.50329e-05,1.50637e-05,0.000359851,0.000693684,0.000628099
0.00585451,0.00465036,0.0019892,0.0506278,0.118979,0.0650677,0.0252643,0.0176284,0.0243163,0.0243426,0.00248699,0.000234437,0.00290278,0.00123973,0.0017101,0.00105279,0.000996256,0.00111404,0.000573566,0.000669887,0.00070106,5.52967e-05
0.00417591,0.00616475,0.00538726,0.108961,0.250355,0.127999,0.0610103,0.0592416,0.0181519,0.00760227,0.00354852,0.00254894,0.00228875,0.00266295,0.00285167,0.000730539,3.63364e-06,0.000463314,5.88745e-05,0.000335533,0.000557997,0.000153956
0.000215226,0.00040603,0.0241066,0.0971787,0.296495,0.190913,0.0508725,0.0457214,0.0159476,0.0300106,0.000933012,0.00476046,0.00106352,0.00229835,0.00168424,0.000501941,0.000544411,0.000478054,0.000178311,0.000210897,0.000492396,0.000269414
0.00282996,0.0030306,0.0115614,0.141436,0.31222,0.211205,0.0377731,0.000289152,0.0189475,0.016686,0.00477229,0.00549414,0.00288178,0.000309507,0.0016886,0.000766097,0.000623952,0.000614429,0.000289964,0.000496434,0.000706343,0.000321358
0.00194006,0.000478158,0.0134882,0.0717605,0.21763,0.146976,0.0235348,0.0510205,0.00450181,0.0194314,0.00402283,0.00489555,0.0046795,0.00126306,0.000331954,0.000155933,0.000245962,0.00040684,0.00029582,0.000907414,0.000930866,0.000269882
0.00234719,0.00247601,0.00235438,0.036866,0.0850473,0.0448873,0.0242703,0.0504566,0.0471932,0.026967,0.003316,0.00425117,0.00279863,0.00106789,0.000145036,0.000787012,0.00030425,0.000226758,0.000401127,0.000358774,0.000543469,0.000184486
0.00236755,0.00235386,0.0122038,0.00440114,0.0570435,0.0619636,0.0133859,0.0176923,0.014194,0.00467825,0.00122531,0.000408784,0.000898015,0.00258165,0.00143642,3.25886e-05,0.000468759,0.000697935,0.000480891,0.000110252,0.000308548,0.000390757
0.00238485,0.00220044,0.00952367,0.0907772,0.191152,0.127329,0.0580093,0.0657869,0.0403855,0.0162032,0.00141458,0.00367731,0.00350318,0.003772,0.00145558,7.49875e-05,0.000694124,0.000733169,0.000398951,0.00021593,0.000399907,0.000513543
0.000227621,0.00142861,0.0162986,0.0831011,0.246729,0.135233,0.042047,0.0279272,0.0209545,0.0209999,0.00384371,0.00290739,0.00141659,0.00168553,0.000918506,0.000502568,0.000450076,0.000534065,0.000398574,0.000511719,0.000386123,4.47121e-05
0.00305702,0.00110509,0.00132114,0.106197,0.257792,0.145273,0.0343118,0.0387053,0.00492283,0.00206761,0.00236035,0.00510674,0.000724958,0.0034401,0.00126054,0.000354399,0.000124547,7.03394e-06,2.5204e-05,0.000180883,0.000126531,4.24339e-05
0.00409131,5.5549e-05,0.000295379,0.0834204,0.198549,0.144642,0.0711135,0.0492537,0.00841655,0.0197348,0.000226122,0.00452786,0.00272349,0.00156412,0.00205327,0.000265609,0.000337606,0.000178188,0.00021565,0.000507349,0.000482412,4.3887e-05
0.00318916,0.00228634,0.0113718,0.0239448,0.0932036,0.0780972,0.0210822,0.00871961,0.0239327,0.0171922,0.0030498,0.0011107,0.00260421,0.00182163,0.00107741,0.000576677,0.000396207,0.00032863,0.000177682,0.000451201,0.000753735,0.000333407
0.00544282,0.00189947,0.0120989,0.00944034,0.0169803,0.0291819,0.0452604,0.04264,0.00535461,0.00596595,1.05846e-05,0.00036623,0.000969739,0.000490156,0.000416984,4.00791e-05,0.000245294,1.50537e-06,0.000147096,7.79781e-05,0.000371391,0.000223176
0.00690562,0.00565069,0.00560701,0.0592488,0.140915,0.106613,0.00115859,0.0440487,0.0354654,0.0181245,0.00276865,0.000830682,0.00301913,5.10184e-05,0.00211378,0.00131688,0.000218134,2.09703e-05,4.11869e-05,0.000182441,2.59274e-05,2.62707e-06
0.00137056,0.00186188,0.00565707,0.074685,0.201126,0.134767,0.0102955,0.0106777,0.0168336,0.013463,0.000896994,0.00331124,0.00124455,0.00118492,0.000612327,2.43354e-05,7.97714e-05,0.000397292,0.000422316,7.43902e-05,0.000288161,0.000152421
0.00293792,0.00313324,0.00947819,0.0780074,0.206513,0.117376,0.0225872,0.0445574,0.0263502,0.00861255,0.00125528,0.0041517,8.24789e-05,0.00342519,0.00207281,1.24105e-05,0.000489161,0.000570462,0.000413873,0.00090119,0.000807366,0.000161551
0.0029439,0.00344353,0.00399279,0.0797698,0.173172,0.0828033,0.0445941,0.0301904,0.0194146,0.0208364,0.00401585,0.00343251,0.00227196,0.000270329,0.000962262,0.000359478,8.54821e-05,1.86324e-05,6.33192e-05,5.91667e-05,0.000273265,0.000217564
0.00367833,0.00201743,0.00959833,0.0233848,0.0911561,0.0703354,0.00122645,0.0166225,0.0068031,0.0112389,0.000197973,0.00311081,0.00331537,0.00291405,0.000769472,0.000350904,0.000265741,0.000245121,0.000140103,0.000151084,0.000143747,0.000120687
0.00679083,0.00470036,0.00700877,0.00510991,0.00457179,0.0222178,0.0690354,0.0532475,0.000401065,0.0130951,0.00199662,0.000894096,0.00219335,0.00329896,0.00206991,5.03615e-05,0.000693103,0.000274288,3.95217e-05,0.000249843,0.000320502,4.79804e-06
0.00429596,0.000974845,0.00239213,0.0390619,0.103734,0.0727099,0.0228376,0.0243236,0.0254192,0.0162141,0.00272627,0.00117968,0.00121281,0.00121324,0.000375588,0.000139453,9.7762e-06,0.000317157,0.000232296,0.000110386,0.000418504,0.000375008
0.00215153,0.000682128,0.000919428,0.0679551,0.168992,0.136139,0.0636933,0.0387541,0.0116795,0.00191287,0.00172155,0.00278394,0.00393666,0.00257718,0.000526925,0.000483048,0.000262867,8.37623e-05,0.000104359,0.000214889,0.000187589,6.86779e-05
0.00242449,0.00203002,0.013584,0.0557105,0.175213,0.114584,0.0218366,0.0476084,0.0266426,0.0110657,0.00309498,0.00281934,0.00161553,0.000559469,0.00122019,4.65177e-05,0.000239438,0.000350597,0.000460205,0.000205592,0.000147559,0.000319235
0.00307828,0.000964301,0.00473935,0.0706392,0.149875,0.0718397,0.0150088,0.00700472,0.0150679,0.0156412,0.000546736,0.00314309,0.000689515,0.000423987,0.000489674,7.61357e-05,0.000122146,0.000120324,0.000151363,0.000349556,0.000401009,0.000218186
0.00684639,0.00321235,0.00585482,0.0289277,0.0776514,0.0384534,0.0171987,0.0355805,0.0106585,0.0028919,0.00104533,0.00272586,0.00204978,0.000794552,0.000170003,9.25951e-05,8.74765e-05,5.43175e-05,0.000190808,1.20946e-05,0.000233155,0.000124232
0.00350459,0.00174518,0.00130753,0.00326496,0.00119853,0.00411382,0.0181064,0.0291065,0.00674948,0.0165728,0.00192223,0.000458878,0.00176874,0.000862002,0.000283386,0.000151924,5.13039e-05,5.30646e-05,0.000152157,0.000129022,2.81283e-05,0.000145361
0.0045756,0.00211486,0.0091768,0.0199574,0.0682925,0.023038,0.0175273,0.000756698,0.00931896,0.0125012,0.00102976,0.000442767,0.00156814,0.00216026,0.00172946,0.000593667,2.54993e-05,1.88597e-05,0.00027237,0.000134748,0.000180525,0.000128532
0.00539987,0.00497602,0.00705461,0.0619966,0.133089,0.0768063,0.0320081,0.0437656,0.00448611,0.00741673,0.00258367,0.00328671,0.00341421,0.00253703,0.00086499,2.46549e-05,9.32913e-05,0.000304908,0.000118166,0.000211208,0.00016334,2.26601e-06
0.00381306,0.00251955,0.00981467,0.0437118,0.14261,0.122393,0.0560851,0.0358128,0.0264782,0.0164005,0.00122337,0.0039278,0.0022722,0.000445467,4.12771e-05,0.000143015,2.93531e-05,5.5862e-05,9.25032e-05,0.00014463,5.36817e-05,0.00011832
0.00604458,0.00498992,0.00135124,0.0529715,0.124576,0.0894082,0.0375258,0.0309136,0.0183614,0.00886883,0.00288835,0.00261026,0.000352817,0.00306838,0.00167282,0.000194954,0.000108169,0.000152714,4.49344e-05,0.000102566,0.000150445,2.66378e-05
0.00530219,0.00341377,0.000881484,0.0338829,0.0739135,0.0199595,0.0576661,0.0536953,0.0214552,0.00672442,0.00206962,0.00183592,3.64834e-05,0.00213854,0.000743202,0.00025229,0.000167168,2.72427e-05,9.5735e-05,0.000194088,0.000272155,5.0107e-05
0.0051518,0.00265683,0.00697694,0.00432655,0.00452054,0.0150165,0.0172453,0.00343055,0.018675,0.0183682,0.00164422,0.00170237,0.00190387,0.00118893,0.00030257,3.59449e-05,0.000343352,0.000103209,8.81831e-05,2.13793e-05,8.28488e-05,9.0656e-05
0.0018361,0.000681693,0.00946189,0.00463314,0.0430263,0.0179267,0.039469,0.0362732,0.00114773,0.00648206,0.000642217,0.000891767,0.000477145,0.00150157,0.00105635,0.000274051,0.000138875,0.000156335,0.000191064,0.000215359,0.000121662,0.000207192
0.00497096,0.0004786,0.00564206,0.0484219,0.0918736,0.0361374,0.00376827,0.0231113,0.00400214,0.0133967,0.0009765,0.00138193,0.00170735,0.000262055,0.000379014,0.00013448,0.000167656,0.000261898,0.000202582,5.18053e-05,0.000275294,0.000307671
0.00443243,0.00166093,0.00511802,0.0394959,0.109291,0.0700354,0.00993212,0.000678216,0.0165226,0.015311,0.00274197,0.00247352,0.00239747,7.75831e-05,0.00069093,0.000273311,8.25062e-05,6.83983e-05,9.00021e-05,0.00024634,0.000203355,4.81439e-05
0.00348169,0.00110788,0.00478947,0.0344034,0.10543,0.0831532,0.0027353,0.0334749,0.01287,0.00105975,0.00031788,0.00264254,0.000502532,0.000994428,0.000432863,1.31696e-05,1.85747e-05,1.82728e-05,0.000191691,0.000157655,4.88515e-05,0.000105577
0.00785404,0.00353811,0.00661748,0.044108,0.0815168,0.0579472,0.0298036,0.0272157,0.021099,0.0124085,0.00132681,0.00210641,8.85715e-05,0.000350828,0.000442959,0.000502567,0.000333142,0.000589395,0.000444258,4.91815e-06,8.34486e-05,0.000242708
0.00268656,0.000959523,0.0105611,0.00143585,0.0238524,0.00360473,0.00450484,0.0178515,0.0209767,0.0125942,0.00245837,0.000271589,0.0013279,0.00107695,0.000894049,0.000371694,0.000246157,7.42599e-05,5.66678e-05,0.000299628,0.000475975,0.000179351
0.00539337,0.00243909,0.00803123,0.00664779,0.0163501,0.039184,0.0541495,0.0419266,0.0124727,0.00162887,0.000297113,0.000589683,0.000775927,0.00135182,0.000524025,2.06869e-05,0.000182656,0.000251315,0.000112973,0.000198913,1.2016e-05,5.59413e-06
0.00393233,0.00252073,0.000387431,0.0243658,0.0532794,0.0208886,0.0168583,0.00284565,0.0190159,0.0159693,0.00322314,0.00160339,0.00169498,0.000594675,0.000379659,0.000176638,0.000361437,0.000376291,0.000149783,9.8986e-05,0.00036327,0.000553566
0.00303345,0.00216913,0.00277443,0.0390741,0.0782078,0.0204629,0.0519155,0.0345618,0.00604202,0.0117196,0.00118165,0.00213239,0.00234648,0.00170958,0.000555415,1.01241e-06,6.33141e-06,0.000218771,0.000153073,6.40012e-05,4.04444e-06,9.26168e-05
0.00668429,0.00385363,0.0118082,0.0182054,0.0792651,0.0558533,0.0245555,0.0249566,0.00151841,0.00675424,7.20368e-05,0.0017698,0.00102711,0.00044561,0.000677163,0.000350141,0.000260794,0.000181902,1.6392e-06,0.000135296,5.99642e-05,5.28926e-05
0.00393987,0.00359654,0.0106729,0.0470338,0.0860707,0.0735854,0.0399795,0.011343,0.0143851,0.0135346,0.00244184,0.00114053,0.000447952,0.000579426,0.000133444,6.26156e-05,6.10833e-05,0.000102236,0.000114042,0.00015097,0.00018239,5.69868e-05
0.00266384,0.000957992,0.00854995,0.0072691,0.0481996,0.0397675,0.0100408,0.0302036,0.0172045,0.00567245,0.000613044,0.00140309,0.00110698,0.0010299,0.000612538,0.000193675,0.000175467,0.000194112,3.8652e-05,3.84736e-05,6.26021e-05,0.000101258
0.00145194,0.000872233,5.00438e-05,0.00741162,0.010752,0.00926519,0.0114526,0.00781279,0.0111681,0.00625831,0.00139652,0.000128259,0.000491017,0.000712953,7.25538e-05,0.000139787,9.41562e-05,0.000198358,0.0001867,3.88098e-05,0.000197906,0.000363977
0.00273359,0.00166212,0.00643603,0.000677173,0.0259435,0.0347139,0.00752646,0.0187787,0.0208344,0.0115523,0.00145782,0.00156106,0.000700466,0.000440516,1.06287e-05,4.92767e-05,2.72856e-05,2.9447e-05,1.09358e-07,5.18317e-05,0.000161853,0.000401129
0.00614241,0.00195843,0.0103465,0.0415899,0.062587,0.0303628,0.0134398,0.0196722,0.000976456,0.00520332,0.000784141,0.002111,0.00215838,0.00134584,0.000574357,0.000201804,9.44375e-05,0.000278852,0.000230381,6.29608e-06,3.33775e-05,6.66766e-05
0.0019935,0.000151311,0.0139674,0.0134291,0.0693082,0.024414,0.0236742,0.00164419,0.0109224,0.00743442,0.00199713,0.00174868,0.0015907,6.92043e-05,7.72901e-05,0.000118728,9.35111e-05,7.30206e-05,0.000144889,0.000199428,0.000296884,0.000326278
0.00554573,0.00145653,0.00744057,0.0510486,0.099646,0.053718,0.0215343,0.0228888,0.0076836,0.0117913,0.000154434,0.00233162,0.000311627,0.000799211,0.000207444,0.00012683,2.48717e-05,0.000125804,0.000189428,4.74113e-05,0.000198993,0.000261374
0.00174444,0.000788574,4.07039e-05,0.0319595,0.0856085,0.0768257,0.040179,0.0183238,0.00274396,0.000180977,0.000477312,0.00129368,0.000519016,0.000473607,0.000199493,0.000428031,0.000234775,0.000270651,0.00024344,1.29105e-05,8.00371e-05,7.43324e-05
0.003806,0.00280372,0.011264,0.00242807,0.0441296,0.0492974,0.0342621,0.0153098,0.0111089,0.0121276,0.00199538,0.00011444,6.53039e-05,0.000140433,8.29277e-05,0.000174537,0.000372633,0.000261383,5.85526e-05,8.35291e-05,0.000195421,0.000293659
0.00359867,0.000274554,0.0170222,0.0232994,0.00427633,0.0187483,0.0331533,0.0270985,0.0156003,0.00907048,0.00239187,0.00102203,0.000416868,9.71237e-05,0.000523532,4.12523e-05,0.000234348,0.000117014,0.000111059,0.000178889,4.17018e-05,0.000120173
0.00288969,0.00332069,0.0160485,0.0477175,0.0692459,0.0562102,0.0289878,0.00830028,0.00160143,0.00177755,0.000916742,0.0016614,0.0016066,0.000968117,0.000395555,0.000114448,5.92887e-05,0.000108807,0.000181774,0.000285969,0.000260747,0.000256408
0.00104644,0.00040186,0.0116105,0.0261169,0.0979694,0.0578655,0.0209122,0.0279926,0.0170076,0.00988841,0.00128472,0.00224413,0.00175172,0.000521649,0.000396077,0.000287807,0.000174712,0.000383565,0.000172244,1.70421e-05,0.000133608,0.000161053
0.0026886,0.00317041,0.00365511,0.0495863,0.125654,0.0587642,0.0144125,5.29372e-05,0.00416042,0.00700222,0.00158441,0.00179394,4.16114e-06,0.00111277,0.00036097,7.5206e-05,3.34745e-05,0.000112751,0.000104887,0.000169669,0.000148804,4.12627e-05
0.00206765,0.00369774,0.0104224,0.0675317,0.128556,0.0704679,0.00932454,0.0170564,0.0118548,0.004445,0.00180603,0.00093557,0.000102348,0.00156033,0.000748876,0.000134813,2.71769e-05,8.37683e-05,6.4455e-05,1.91116e-05,0.000290058,0.000133165
0.00177788,0.00106335,0.0238103,0.00438074,0.0716694,0.0715024,0.00471954,0.0170567,0.00434023,0.00994289,0.000810899,0.000758746,0.000721181,0.000351742,1.20693e-05,0.000121889,0.000121647,0.000189096,0.00029185,0.000228149,6.46713e-05,3.6089e-05
0.00320676,0.00353309,0.0204557,0.030542,0.0204377,0.0283348,0.0243133,0.00422177,0.00325713,0.00309131,0.00105045,0.0010748,0.000186567,0.000419595,0.000540074,0.00046826,0.00029543,0.00036835,2.22339e-05,0.000150342,8.68763e-06,0.000150688
0.00557855,0.00111487,0.0108782,0.0510309,0.0901548,0.0518609,0.0166349,0.0278462,0.00239464,0.00624545,0.000359417,0.0018573,0.00151585,0.000459747,0.00112104,0.000261638,0.000380747,0.000326983,0.000175859,0.000165919,4.8614e-05,2.89407e-06
0.00656318,0.00232165,0.00123143,0.0653002,0.164954,0.132648,0.0542007,0.0257211,0.0118507,0.00702474,0.00228259,0.00230911,0.00193389,0.000152971,0.000295105,0.000236259,0.000497732,0.000295659,0.000146159,0.00024567,0.000146888,4.6772e-05
0.00607865,0.00305669,0.0224638,0.0481623,0.19045,0.143494,0.0408253,0.0256904,0.0063068,0.00155955,0.000716783,0.00217984,0.000774174,0.000876484,0.000840603,0.000131899,0.000144434,0.000254596,0.000298366,0.00033289,0.000282112,3.67193e-05
0.00319942,0.00400275,0.0254719,0.109887,0.192685,0.0871851,0.0542103,0.0511207,0.0188508,0.00773424,0.00104136,0.000199353,0.000800558,0.00042776,0.000573676,0.000238308,0.00018701,0.00020313,5.94394e-05,0.000211345,0.000304443,0.0002201
0.00285149,0.00221746,0.0312578,0.0097326,0.0724764,0.0343731,0.0279775,0.012738,0.00878405,0.00641084,0.000149763,0.0004512,0.000162919,0.00116806,0.000924513,7.04256e-05,6.86677e-05,0.000266641,4.53117e-05,5.8756e-05,2.10019e-05,4.44869e-05
0.00455812,0.000941354,0.0175549,0.013539,0.0168199,0.00378169,0.0524159,0.0483015,0.01303,0.000251218,0.000360741,0.000388763,0.00190547,0.00233262,0.000746335,4.20635e-05,0.000620917,0.000964458,0.000508868,0.000154491,0.000274605,0.000253216
0.00105303,0.00204797,0.00689577,0.0586286,0.150138,0.0658535,0.00644561,0.0214071,0.00038422,0.0100143,0.00118274,0.00201824,0.00132497,0.000364531,0.000284128,0.000217647,0.00030894,0.000483421,0.000412805,9.85428e-05,0.000167514,0.000212105
0.00168343,0.00606663,0.0195553,0.138868,0.274536,0.159914,0.0181204,0.0156911,0.000835952,0.00634411,0.000349167,0.00225091,0.00335722,0.00270739,0.00156474,6.49954e-05,0.000173785,0.000219885,0.000576406,0.000218638,7.03082e-05,0.000152917
0.002268,0.000798271,0.0441006,0.0493428,0.280447,0.226903,0.00602915,0.0518236,0.0130953,0.00511716,0.000858818,0.0024563,0.00257307,0.00151091,0.000395847,0.000463602,7.72533e-05,0.000106701,0.000119877,0.000232939,0.000250517,0.000191217
0.00292115,0.00494822,0.0355236,0.141283,0.252107,0.190749,0.0763773,0.0349066,0.0131093,0.00590189,0.00176125,0.000151818,0.00107754,0.000951493,0.000965995,0.000531686,0.000623873,0.000697558,0.00019896,2.31029e-05,1.67651e-05,1.10413e-05
0.00241865,7.05241e-05,0.0242226,0.00862109,0.0526828,0.0345675,0.0210443,0.0441906,0.0177671,0.000150741,0.00101533,0.000730357,0.00170982,0.00201492,0.00169116,0.000166522,0.000565036,0.000626408,3.85405e-05,0.000293872,0.000215626,0.000190574
0.0112044,0.00615058,0.0002021,0.0612584,0.148762,0.152387,0.131699,0.0897242,0.0219966,0.00131959,0.00196437,0.00138171,6.80016e-05,0.000244524,0.000354012,0.00032546,0.000106845,1.32979e-05,9.85715e-05,1.2815e-05,6.74957e-05,0.000310206
0.00647165,0.00360241,0.0412065,0.0724955,0.309886,0.217677,0.0109486,0.00589145,0.0102078,0.00829095,0.000702373,0.00252809,0.00139984,0.00195489,0.0022415,4.56792e-05,0.000562381,0.000299016,0.000257395,0.000235241,0.000288846,0.000123862
0.00725391,0.00560951,0.0453897,0.246246,0.451078,0.203092,0.124443,0.104694,0.016637,0.0017108,0.000579927,0.00339843,0.00425313,0.00133359,0.00112434,0.00100417,0.000636026,0.000836988,0.000136843,0.000175379,1.7823e-05,1.55596e-05
0.00757127,0.0053407,0.0690989,0.0543369,0.339648,0.212943,0.0285246,0.0612318,0.0149911,0.010831,0.000524528,0.00330835,0.00203627,0.000163941,0.000357744,0.000653394,0.000732581,0.000897154,0.000219329,6.89751e-05,4.64818e-05,0.000298361
0.00837886,0.00192332,0.0310496,0.116633,0.217779,0.181515,0.0819791,0.0320698,0.00101218,0.00736277,0.000728229,0.000539596,0.00196478,0.00568811,0.00430547,0.00103628,0.000464086,0.000571206,0.000131712,0.000238812,0.000554307,0.000569621
0.00413815,0.00439839,0.00557281,0.0381366,0.0773046,0.0200296,0.00102545,0.0915168,0.0298197,0.00938607,7.04003e-05,0.00154042,0.00288794,0.00399293,0.000469658,0.000384902,0.000707511,0.00126099,0.000456792,0.000177499,0.000159649,2.00699e-05
0.00108283,0.00857246,0.0405012,0.224891,0.423602,0.236351,0.0545427,0.0823494,0.0266427,0.00539691,0.000185192,0.00288303,0.000674251,0.00154236,0.000263104,0.000260315,0.000923085,0.00160927,0.00052286,9.62092e-05,0.000142047,1.70842e-05
0.00726344,0.00406962,0.0863829,0.0990098,0.566175,0.492754,0.0921572,0.047659,0.0282404,0.00353127,0.00453989,0.00404503,0.00183907,0.0089807,0.0060625,0.00132201,0.000189803,0.000519514,0.000201509,0.000434738,0.000940469,0.000615278
0.00205178,0.0123756,0.0662602,0.341199,0.658791,0.491108,0.238808,0.174427,0.0534765,0.003916,0.00529906,0.00248239,0.00130514,0.00314792,0.000735685,0.000489517,0.000454722,0.00106335,0.000121847,0.000514101,0.000838261,0.000202082
0.0112477,0.00624403,0.0607825,0.0618121,0.348968,0.173649,0.140151,0.0975781,0.00327077,0.00800914,0.000400931,0.00524309,0.00795972,0.00503909,0.000264788,0.000465124,0.000943126,0.00163312,0.000622207,0.000503884,0.00112046,0.000845905
0.00194545,0.00202754,0.00253514,0.0236758,0.0593516,0.160348,0.249548,0.163683,0.0317075,0.0040784,0.0010891,0.00151395,0.0036467,0.00656023,0.00513094,0.00140565,0.000398298,0.001195,0.000741512,0.000573017,0.00062815,2.51516e-05
0.0076498,0.00532991,0.0684373,0.104638,0.472379,0.27457,0.184581,0.211344,0.0318663,0.0217404,0.000558755,0.00516676,0.00586959,0.000376305,0.00278536,0.000142301,0.000552718,0.000103571,1.61871e-05,0.00027273,0.000950681,0.000748625
0.0214806,0.00667976,0.0779618,0.481764,0.888758,0.386804,0.127257,0.0128525,0.0341854,0.00863574,0.00685555,0.00596163,0.00536836,0.00252539,0.0023593,0.000495979,0.000552675,0.00166167,8.40195e-05,0.00109085,0.000744663,0.000681785
0.00804003,0.0038576,0.13686,0.181982,0.8621,0.564421,0.116026,0.171923,0.060705,0.00837649,0.000719049,0.00859058,0.00189815,0.000553409,0.000797499,0.00109188,0.00175422,0.00259363,0.00113613,3.01761e-05,0.000593723,0.000548531
0.0101479,0.00796026,0.0633454,0.343012,0.735937,0.588314,0.0243087,0.204469,0.0839427,0.00675219,0.000396338,0.0077292,0.00257885,0.00510429,0.00624375,0.00123307,0.00224167,0.00246037,0.000889113,0.000534888,0.00128414,0.00109868
0.00511313,0.00104303,0.0192765,0.00863637,0.114621,0.288523,0.237375,0.0255271,0.0487499,0.0261469,0.00902626,0.00651108,0.0134591,0.0155604,0.0081173,0.000513259,0.000502591,0.000684911,0.00046049,0.000646055,0.000380616,0.00056546
0.009773,0.0054447,0.0600758,0.343702,0.683692,0.445103,0.134339,0.29219,0.0948483,0.00130246,0.00340551,0.000565936,0.00740328,0.00945266,0.00473361,0.000947726,0.00274652,0.00349076,0.00133954,0.000129074,0.000826679,0.00104116
0.0132981,0.00789233,0.154914,0.22716,1.11884,1.04797,0.564916,0.31508,0.0294958,0.0299824,0.0008384,0.00533927,0.00930357,0.014733,0.00976309,0.00195613,0.00290927,0.00389838,0.001143,2.43919e-05,0.00103113,0.000533046
0.00537892,0.0346113,0.127992,0.72918,1.47437,1.01298,0.224704,0.0902861,0.011205,0.0254489,0.00308813,0.0116405,0.020981,0.0229036,0.0093608,0.0016309,0.00163147,0.00201413,0.000361227,0.00155107,0.00238997,0.000887412
0.00422706,0.00270842,0.143707,0.205911,0.956131,0.398951,0.589893,0.490944,0.101444,0.0113043,0.00112034,0.012324,0.0117431,0.0122584,0.0104575,0.00263964,0.000318738,0.00102801,0.000586544,0.00280614,0.00379742,0.00196593
0.000852949,0.0102428,0.017931,0.116906,0.194838,0.122389,0.206717,0.113906,0.122536,0.0214168,0.012134,0.00914923,0.000952512,0.0139245,0.0104711,0.00349741,0.00277945,0.00405724,0.00192332,0.000404015,0.000355044,0.000797487
0.00570697,0.00844474,0.0842054,0.1841,0.681908,0.290086,0.22535,0.0970338,0.000837878,0.0104371,0.00312952,0.00738781,0.00180058,0.00180813,0.00396998,0.00340117,0.00386043,0.00504948,0.00196015,0.00100112,0.000277333,0.000979368
0.0124695,0.0292888,0.13673,0.892839,1.66446,0.643922,0.376156,0.0859673,0.0640862,0.0161471,0.00624149,0.00303819,0.0087767,0.00971975,0.00499816,0.00281895,0.00269394,0.00352006,0.000746028,0.000113692,0.000867287,0.0017645
0.00024865,0.00327757,0.265241,0.398583,1.85792,1.27024,0.0202435,0.0280341,0.0569442,0.0414962,0.00285906,0.0126001,0.00494551,0.0137268,0.00986985,0.00234405,0.00130733,0.002484,0.00127072,0.0016791,0.00224715,0.00228322
0.0208701,0.0204144,0.141817,0.82863,1.77165,1.5255,0.59286,0.115348,0.00334286,0.003046,0.00756228,0.0220257,0.024934,0.0190391,0.0117851,0.00410447,0.00512516,0.00684281,0.00225806,0.00044425,0.00098046,0.00148445
0.0153465,0.0107212,0.0817174,0.0544923,0.541426,0.733868,0.433791,0.0820751,0.0594198,0.0430345,0.0158924,0.0284584,0.0361645,0.0147042,0.00547457,0.00414894,0.00673629,0.00795071,0.0022082,0.00178953,0.000465849,0.00161961
0.00257403,0.0138198,0.0625347,0.486082,1.01414,0.842448,0.359735,0.0998256,0.03767,0.0422666,0.00427468,0.0230581,0.00319623,0.00433586,0.00924903,0.00644805,0.00181633,0.00260955,0.000489912,0.000575602,0.00157603,0.00143783
0.00247437,0.000351226,0.2556,0.482114,2.1824,2.062,0.792297,0.143455,0.0510579,0.0204145,0.00618495,0.0149245,0.00520214,0.0230804,0.0156695,0.00524635,0.00367273,0.00531575,0.001919,0.001376,0.00193517,0.000718205
0.019518,0.0374847,0.204117,1.44635,2.97164,1.91423,0.20566,0.03609,0.101747,0.104238,0.0150398,0.000913286,0.00709748,0.0169013,0.0136057,0.00207872,0.0108298,0.012642,0.0049395,0.00149551,0.00146021,0.000829742
0.0105611,0.0176763,0.305289,0.506611,2.17102,0.980458,0.654881,0.257992,0.0392486,0.0606038,0.00933664,0.0207918,0.0160338,0.0263466,0.00153853,0.00756948,0.00617916,0.010287,0.0033643,0.0017745,0.00212,0.000998534
0.0112307,0.0389882,0.0979828,0.491338,0.884036,0.127123,0.547929,0.157757,0.098833,0.0599352,0.0316278,0.0363675,0.016202,0.0180685,0.0158728,0.00583739,0.00083623,0.000185913,0.000730518,0.00294552,0.00165954,0.00135784
0.0133677,0.000600809,0.0909189,0.36844,1.03541,0.239241,0.485076,0.16106,0.121056,0.130752,0.000273177,0.0474208,0.0562798,0.0395986,0.0195426,0.00443297,0.00603706,0.00952205,0.00374051,0.00161006,3.73842e-05,0.00204546
0.0434792,0.0318263,0.161305,1.51032,2.99647,1.08956,0.855146,0.27896,0.0258956,0.0280811,0.00555907,0.0441841,0.0484409,0.0212717,0.00912038,0.00721863,0.0117902,0.0149809,0.00464187,0.00358514,0.00476857,0.00455972
0.0284268,0.00857669,0.438775,0.90207,3.69014,2.55215,0.0959012,0.0355946,0.166369,0.123705,0.0269545,0.0050331,0.0152219,0.0268758,0.00514297,0.0055133,0.00857373,0.0124642,0.00399171,0.00084051,0.00387705,0.00538114
0.019421,0.084173,0.266412,1.66872,3.72094,3.23787,1.16447,0.179954,0.120095,0.132673,0.0189838,0.0183241,0.0505567,0.0484686,0.0201898,0.00233226,0.00033438,0.000944721,0.000753982,0.00383421,0.00125983,0.0038334
0.0072133,0.0109435,0.224741,0.190653,1.43059,1.612,0.673949,0.0341908,0.0744697,0.0264772,0.0282013,0.0434744,0.00898761,0.0278704,0.016489,0.00560349,0.0102798,0.0145112,0.00591735,0.000590249,0.00271708,0.00498602
0.0407728,0.0161983,0.0337677,0.64629,1.54841,1.5747,0.835544,0.22218,0.204559,0.209884,0.00227701,0.0618632,0.0120355,0.0472427,0.00168022,0.00446092,0.0159332,0.0197447,0.00833104,0.00516236,0.00760924,0.00555729
0.0335009,0.0273027,0.367699,1.03254,3.99615,3.70983,1.29391,0.188563,0.127631,0.151142,0.0486236,0.0769309,0.0652516,0.0202727,0.00344668,0.00115169,0.00883807,0.0135476,0.00478887,0.000433198,0.00246438,0.00247777
0.0344148,0.0720116,0.272279,2.52038,5.45865,3.29228,0.138229,0.350331,0.18307,0.153906,0.0374509,0.072304,0.112054,0.0830065,0.0158407,0.0043548,5.4596e-05,0.000948354,0.000122717,0.00352329,0.00321594,0.00142676
0.0365492,0.00306633,0.534111,1.11254,4.21886,1.70382,1.43121,0.577633,0.276051,0.309498,0.0243227,0.0270686,0.0276139,0.0132044,0.00691797,0.00229258,0.014454,0.0194172,0.00778733,0.00235644,0.00279131,0.00296149
0.0173227,0.0520785,0.184909,1.19074,2.26073,0.861557,0.446184,0.0258205,0.0155128,0.0662285,0.000726467,0.036349,0.0982193,0.0870528,0.028757,0.000682286,0.014675,0.0230651,0.006864,0.00348616,0.00450119,0.000875357
0.0204857,0.00561559,0.0495489,0.488931,1.07641,0.48523,1.6737,0.774559,0.388817,0.330744,0.01872,0.0757242,0.0634735,0.0148348,0.015192,0.011527,0.00909204,0.0113087,0.00672845,0.00876684,0.00883916,0.00479121
0.0599766,0.042289,0.152532,2.18241,4.4897,1.31573,1.80835,0.754289,0.340317,0.355353,0.0892921,0.0977726,0.0119124,0.0820531,0.0104315,0.0118237,0.00297865,0.00982774,0.000483124,0.00731375,0.0104565,0.0071842
0.0151235,0.0143939,0.601841,1.6973,6.26356,4.64053,0.749764,0.12351,0.112238,0.0638862,0.0633031,0.10088,0.000189451,0.0922897,0.0442406,0.00981993,0.0162374,0.0231781,0.00921319,0.0065751,0.00261574,0.010397
0.0304521,0.0816622,0.352252,2.89394,6.58866,6.04757,2.90316,0.965224,0.532982,0.468515,0.0447908,0.102087,0.119742,0.0998226,0.0488835,0.0176668,0.0188828,0.024977,0.00977323,0.00647479,0.000787383,0.0110678
0.0114624,0.00957125,0.419414,0.658801,3.32238,3.4136,1.73565,0.716519,0.359399,0.280226,0.048244,0.0284717,0.136498,0.10485,0.0115779,0.01937,0.0103917,0.0076467,0.00527952,0.0033919,0.0136305,0.0126621
0.0324925,0.0431204,0.0389176,0.316013,1.18276,2.12591,1.63463,0.353841,0.27628,0.310006,0.000928342,0.0718794,0.0816745,0.0250093,0.0369932,0.0256083,0.0118405,0.0182218,0.00363083,0.00415259,0.00848615,0.0153151
0.0065622,0.0142844,0.40496,1.44388,5.34416,5.52605,2.85879,1.02543,0.724597,0.639265,0.143406,0.142234,0.236735,0.186321,0.0834918,0.0220951,0.0262864,0.0297707,0.00297052,0.0191079,0.00743648,0.00854143
0.0357116,0.120606,0.330441,3.67386,7.945,4.81374,0.561479,0.430867,0.251431,0.113619,0.0170463,0.17122,0.0915182,0.0306965,0.067602,0.0231047,0.0153903,0.0244272,0.00534039,0.00127678,0.00551248,0.00927261
0.0363179,0.0310467,0.752241,2.02097,6.89158,2.84786,1.6714,0.41226,0.569632,0.666661,0.000967095,0.124615,0.0739743,0.148564,0.027909,0.0376135,0.000687301,0.0025556,0.00506292,0.0155082,0.0192017,0.0132196
0.06115,0.0537439,0.230454,2.21125,4.61933,2.19182,0.651097,0.413851,0.705419,0.672175,0.119393,0.0789346,0.0241528,0.0808583,0.0860121,0.0376848,0.017139,0.0226967,0.00449553,0.00500062,0.00198084,0.00301597
0.00996414,0.0203265,0.0189796,0.211439,0.11441,1.76263,1.51667,0.0384703,0.040832,0.196446,0.0176157,0.0492942,0.197402,0.251114,0.118292,0.0266067,0.0235438,0.0359592,0.0087649,0.000936219,0.0083601,0.00673102
0.0352008,0.0673362,0.145979,2.49271,5.05544,1.77938,0.694929,0.125753,0.799485,0.834897,0.0933273,0.0506131,0.0536027,0.0734518,0.0408493,0.0373758,0.01975,0.0325172,0.000982425,0.0180395,0.0064966,0.0042885
0.0148636,0.00789111,0.748369,2.38651,8.47292,6.97008,2.43184,0.682715,0.603417,0.59886,0.0144598,0.228485,0.297783,0.172571,0.0288219,0.0435801,0.00182157,0.000987038,0.00222285,0.013994,0.00744438,0.00731249
0.0326967,0.107332,0.382753,4.18211,10.0825,8.94278,3.22036,0.515092,0.525244,0.51245,0.0548641,0.300749,0.348021,0.256549,0.121074,0.0262509,0.0206529,0.0246584,0.00121865,0.0250239,0.0275613,0.022955
0.01704,0.0376423,0.504796,1.83215,6.36979,4.16833,0.842757,0.715172,1.19745,1.08546,0.229274,0.172805,0.00732338,0.205403,0.125699,0.0413546,0.0232971,0.0279839,0.00320252,0.0277413,0.0296708,0.0204595
0.0516499,0.0129579,0.059531,0.527095,0.872328,2.4133,4.71904,1.93094,0.318651,0.313149,0.000302894,0.105399,0.180646,0.230778,0.016311,0.0470957,0.0116762,0.00901836,9.18672e-05,0.00147524,0.00306937,0.0227125
0.0762759,0.035944,0.422918,1.28592,4.98009,5.42076,3.06924,1.27543,1.12515,0.939206,0.128239,0.0542109,0.0937339,0.0532921,0.0657833,0.0416028,0.010635,0.019717,0.018831,0.0111213,0.0116128,0.025215
0.010676,0.135491,0.334589,4.39919,9.40218,3.95411,2.84648,1.16722,1.2935,1.14566,0.152555,0.10319,0.234214,0.343187,0.138574,0.00842555,0.0128588,0.0194518,0.0178832,0.0224519,0.0366149,0.0219735
0.00308845,0.0692357,0.872851,3.14422,9.89774,3.04937,5.39083,2.6403,0.217596,0.174854,0.130977,0.271354,0.179522,0.0571499,0.0719353,0.028088,0.0149328,0.0189139,0.00504326,0.0108434,0.00966941,0.025012
0.0218312,0.108169,0.215374,3.73257,8.76404,5.07974,1.2056,1.84615,1.8686,1.45518,0.336487,0.358156,0.573482,0.356223,0.0433796,0.0267568,0.00348865,0.00336404,0.0223352,0.0488414,0.0243905,0.0148923
0.0045416,0.0141193,0.000413477,1.13539,3.82418,5.78035,4.36759,0.694794,1.27827,0.918035,0.0252946,0.335079,0.247892,0.101976,0.0265622,0.0182447,0.0228112,0.026918,0.028141,0.0306388,0.00100254,0.00889718
0.0110307,0.0843485,0.361675,1.978,3.29117,0.66301,4.2835,2.38971,0.899753,0.642803,0.0206867,0.142939,0.238311,0.384606,0.108322,0.00537952,0.00746232,0.0216781,0.0136659,0.00310726,0.0184454,0.0109989
0.0847295,0.0614454,0.804388,2.39824,9.39697,7.75794,0.530634,1.9597,2.20801,1.60461,0.253009,0.0956646,0.183585,0.21602,0.039288,0.00333852,0.00759679,0.00531458,0.00222797,0.00762559,0.0123916,0.00625331
0.0508876,0.126343,0.395874,5.22632,12.8225,10.7257,2.78467,0.581862,0.888086,0.518825,0.165695,0.108215,0.189109,0.34053,0.0918983,0.00294488,0.0165442,0.0273154,0.0160853,0.00469851,0.0268728,0.0277195
0.056424,0.0467407,0.628426,3.29932,10.0052,6.44597,0.44205,0.635347,1.57869,1.20854,0.351386,0.254241,0.0544772,0.252463,0.00330181,0.0329586,0.0246886,0.0342574,0.0370647,0.0516284,0.0183616,0.0205168
0.0675093,0.0631644,0.219978,2.01823,4.42229,0.278855,1.43378,1.54721,2.28071,1.50493,0.117981,0.496754,0.49908,0.295093,0.00753957,0.0315128,0.0109138,0.0167154,0.0323695,0.0604528,0.0136381,0.027487
0.0377005,0.0259793,0.439433,0.165919,1.56513,1.41426,1.4845,1.91915,0.229316,0.0635543,0.141483,0.380002,0.594147,0.445053,0.172683,0.030103,0.00753052,0.016971,0.0110311,0.00574275,0.0308475,0.044746
0.09324,0.103686,0.462484,4.12627,7.77487,1.35975,4.66599,1.24513,2.22499,1.79983,0.373306,0.0906723,0.0513672,0.238275,0.13484,0.0529916,0.0257618,0.0372106,0.0106544,0.0130777,0.0368059,0.0382658
0.0833291,0.042566,0.963568,3.68631,11.2295,5.35641,1.3582,0.793194,1.99594,1.35027,0.244889,0.0587929,0.438353,0.338255,0.0283658,0.0721232,0.0378109,0.0318769,0.0257584,0.00365564,0.00444876,0.0253615
0.142682,0.0546058,0.00833526,4.95772,12.4099,10.6832,5.99195,2.65303,0.721826,0.787283,0.180212,0.229147,0.0749177,0.00983107,0.116931,0.0624176,0.016411,0.00800555,0.0235117,0.0336753,0.0165834,0.0330023
0.0225773,0.0826306,0.0391181,3.04302,8.65974,10.4162,8.2988,2.75206,2.41306,2.19301,0.15462,0.341919,0.217405,0.511063,0.246643,0.05225,0.0344315,0.0369592,0.0208727,0.0831844,0.067764,0.0308717
0.11704,0.0161859,0.517234,0.207904,1.1292,1.35783,0.955819,0.217949,0.980789,0.914863,0.305152,0.383362,0.252572,0.0761773,0.151684,0.0660627,0.0466207,0.0571788,0.0006724,0.0345896,0.0256072,0.0157259
0.104233,0.085357,0.752814,1.0534,5.85652,8.57441,7.63408,2.62503,1.79895,1.55007,0.331144,0.413106,0.701465,0.382037,0.0813784,0.101219,0.0106053,0.0253946,0.0117888,0.0343678,0.0344479,0.00248625
0.116682,0.0966263,0.359458,5.02486,11.8238,11.3325,7.86369,3.06476,2.34319,2.2001,0.178193,0.281434,0.240456,0.234009,0.206533,0.0783135,0.0182092,0.0315371,0.0120385,0.0335296,0.0130061,0.00770937
0.0437061,0.126735,0.547794,4.58861,12.2863,6.64032,0.319644,1.10886,0.00183328,0.41243,0.0718645,0.0339836,0.399867,0.497472,0.271334,0.0734137,0.0334515,0.063245,0.0123425,0.0210363,0.00774858,0.00980744
0.0531276,0.0772807,0.5209,3.67577,9.55646,2.33447,4.87515,0.834092,2.69624,2.02333,0.228846,0.309173,0.293929,0.122071,0.144537,0.0833988,0.0491034,0.0552467,0.0220203,0.0705693,0.0511668,0.0303687
0.153173,0.194575,0.571114,2.74252,5.21487,2.20659,3.161,2.05119,2.14275,2.08666,0.437819,0.262008,0.101173,0.264249,0.105316,0.106402,0.00263432,0.00307978,0.0216276,0.0590441,0.0614087,0.046584
0.134728,0.0910827,0.588199,2.0729,1.81964,1.55359,0.23694,2.42961,1.14454,0.403348,0.297772,0.362092,0.0322596,0.368879,0.225837,0.0584405,0.0588661,0.0662976,0.0145604,0.0270759,0.00383249,0.0424058
0.0738997,0.0151606,0.734187,2.66489,8.22867,4.96973,0.990457,2.16864,3.29224,2.51951,0.291573,0.550218,0.536233,0.40289,0.196974,0.0774599,0.058911,0.0863579,0.00730434,0.0699963,0.0147367,0.0383533
0.0615738,0.0786336,0.0890204,4.77636,13.1798,11.3637,3.12668,0.319964,1.58693,1.47774,0.333283,0.349062,0.48963,0.247291,0.0703939,0.0749513,0.0305874,0.0343621,0.0263572,0.0437055,0.0267439,0.0533807
0.0358109,0.105341,0.126359,4.88908,12.9643,9.86706,0.050267,2.77919,1.80456,1.13533,0.189936,0.063189,0.169939,0.164977,0.0793031,0.0617001,0.00903222,0.0268594,0.0487213,0.0387924,0.0218105,0.0409643
0.0258088,0.0323955,0.74854,2.15321,7.40731,1.58956,6.52098,4.87496,3.18615,2.38858,0.405627,0.197077,0.47998,0.400595,0.180999,0.0324192,0.0567876,0.0772579,0.04994,0.0537815,0.0327476,0.00947904
0.0529207,0.149526,0.624283,1.62788,0.998787,4.32169,6.90165,3.01142,0.995839,0.806571,0.0593982,0.360459,0.110587,0.144607,0.105308,0.027945,0.0733178,0.0960517,0.0186956,0.0090735,0.000840785,0.0152235
0.0244466,0.0987175,0.307849,2.74448,6.16369,3.47396,1.44189,2.16093,2.3297,1.82367,0.0955015,0.434778,0.0438514,0.278616,0.0328858,0.0365077,0.018136,0.0396113,0.02628,0.0822326,0.0558258,0.0132046
0.00280617,0.0940757,0.334341,4.05153,10.1719,1.0571,9.17154,5.56579,2.89592,2.26338,0.515992,0.40679,0.327844,0.0412491,0.0127856,0.0147436,0.0288206,0.0493926,0.0655622,0.0751359,0.0279269,0.0116542
0.0441494,0.0448188,0.637784,4.17954,11.8799,4.25623,6.5967,4.14558,0.303731,0.0115039,0.0976108,0.359492,0.514206,0.331008,0.0695809,0.00480576,0.0572974,0.100051,0.0599546,0.0197577,0.0266939,0.0248601
0.0883429,0.0843608,0.42721,4.62027,10.7696,8.89991,2.33342,0.556744,2.5338,2.28045,0.317842,0.0947433,0.010607,0.0249599,0.0346073,0.00975803,0.0757364,0.0974098,0.0445288,0.0143804,0.0112517,0.0325841
0.0340993,0.0579563,0.72518,0.791806,4.86964,7.4751,6.78783,3.52015,2.29047,1.77644,0.171853,0.248088,0.370562,0.344836,0.116192,0.0229822,0.0156706,0.0163918,0.00404955,0.00693047,0.00804561,0.0291495
0.0157319,0.0248542,0.289752,0.143494,1.85377,0.596718,3.74287,3.22484,0.285201,0.689493,0.0559098,0.312509,0.229452,0.021286,0.0536214,0.0395486,0.0550499,0.0835687,0.0683668,0.0675076,0.051707,0.0299504
0.0276073,0.000986483,0.219459,2.51848,8.26585,7.77171,0.706615,1.27398,2.29198,2.34596,0.443856,0.317791,0.0364371,0.18465,0.04376,0.0453109,0.0808824,0.111848,0.0866184,0.0902124,0.0735108,0.0397516
0.0355286,0.142168,0.246802,4.74074,11.0825,7.29244,0.442318,0.049594,1.45189,1.22805,0.00369119,0.412653,0.130951,0.152797,0.147813,0.0529299,0.0565453,0.0716257,0.0492956,0.0309442,0.0254878,0.0339312
0.014611,0.0900961,0.879294,3.38187,10.0686,4.70512,0.213881,0.939173,1.06137,1.35032,0.0312511,0.374517,0.421612,0.281094,0.165819,0.0642908,0.028331,0.0172779,0.00714444,0.0173228,0.0083224,0.0192742
0.0391712,0.157226,0.340991,3.94454,7.74158,4.32405,2.72324,2.14141,2.23224,2.30648,0.343905,0.145775,0.162043,0.0159665,0.110583,0.0566521,0.0574553,0.0811395,0.0445764,0.017817,0.0138418,0.0241522
0.0634854,0.0340057,0.213799,0.80263,2.90006,5.15015,6.25574,2.88222,0.726421,0.697953,0.0598344,0.0257499,0.140431,0.0501746,0.113576,0.0764402,0.0715459,0.106483,0.0683843,0.0372005,0.00118764,0.0139722
0.0393487,0.105737,0.126229,1.56632,2.74351,1.34139,3.70966,1.51179,1.69797,1.58021,0.300134,0.209473,0.223825,0.152864,0.150909,0.0622064,0.0321671,0.0477536,0.0551206,0.0698587,0.039229,0.00958439
0.0312171,0.00115282,0.722551,2.21016,7.78731,7.04436,4.49709,1.89974,2.06687,1.98173,0.132133,0.316154,0.0561119,0.196627,0.169615,0.0513865,0.0324692,0.0458734,0.0026682,0.0412452,0.0293112,0.0100992
0.0437237,0.0985725,0.361117,4.69341,10.9729,11.7006,9.14146,4.15623,0.0171306,0.159839,0.116304,0.330571,0.135461,0.0013389,0.0930452,0.0658441,0.0699892,0.101608,0.0408603,0.0273331,0.0134368,0.0121583
0.0521,0.0805981,0.633631,2.94285,9.16844,8.1561,4.83045,3.18645,2.28254,1.68072,0.400015,0.2705,0.301736,0.0436091,0.0865546,0.0452623,0.0727105,0.0877569,0.0549921,0.0403548,0.00881265,0.0274468
0.0403083,0.0440269,0.152725,2.37826,5.29541,0.687861,3.15456,0.308757,2.06903,1.60184,0.227922,0.187076,0.129019,0.134237,0.123751,0.0686498,0.0155369,0.0210099,0.035656,0.0322455,0.0177064,0.0312299
0.0194036,0.0391977,0.328249,0.961415,0.832154,2.853,5.86204,3.18879,0.61525,0.39573,0.0705421,0.0209235,0.0649734,0.118305,0.106732,0.0434545,0.0479618,0.059927,0.0089698,0.040606,0.00307666,0.0237583
0.0594111,0.0865481,0.416088,2.40837,3.83568,2.22115,2.55298,3.27353,2.47875,1.68063,0.25086,0.183257,0.106828,0.0330451,0.0736287,0.023391,0.0640496,0.0947688,0.0173808,0.0314168,0.0102232,0.0230615
0.0240358,0.0421022,0.752749,2.21571,6.848,2.9787,0.25117,1.49523,1.61612,0.974406,0.256455,0.170519,0.100853,0.0300962,0.0572537,0.0349523,0.0462397,0.0613194,0.0313565,0.00931242,0.0146336,0.0147119
0.0622708,0.067741,0.0792235,3.84775,9.37366,6.24354,0.450313,0.518503,0.831566,0.736879,0.235563,0.241121,0.115282,0.0661339,0.0590884,0.0263015,0.00850974,0.00423301,0.0243101,0.0491954,0.0319093,0.0117858
0.0332525,0.0297763,0.00433036,3.08501,8.39076,6.75355,0.359809,2.1536,2.18325,1.5234,0.177582,0.294083,0.189027,0.0797024,0.0240147,0.006623,0.0501708,0.053728,0.0111508,0.0438171,0.0156898,0.00805209
0.00219992,0.0195886,0.489442,1.07796,4.45406,2.33936,2.70585,2.75602,1.0035,0.516584,0.165909,0.178131,0.151374,0.00892947,0.0152619,0.0154583,0.0475013,0.0679083,0.0065322,0.0166348,0.00143247,0.00204088
0.00317231,0.0856415,0.566514,0.974173,0.114862,3.06033,4.92949,1.99872,1.01889,0.961772,0.174642,0.0235939,0.0178387,0.0691102,0.0131808,0.00257948,0.0258729,0.0356145,0.00551733,0.0133368,0.00773742,0.00140698
0.0812406,0.00606302,0.300014,2.0472,4.64877,4.43955,1.81689,0.405378,1.65639,1.23735,0.182773,0.0222346,0.0761026,0.0145105,0.00256553,0.00342645,0.00825462,0.0155564,0.00810499,0.00851412,0.00123754,0.00512633
0.056809,0.00783311,0.30247,2.41143,6.56075,2.02873,4.09742,2.55584,0.402992,0.202036,0.0256011,0.127065,0.0236253,0.040271,0.0178262,0.0162868,0.0395896,0.0537825,0.00584995,0.041435,0.0263272,0.0155153
0.0577355,0.00483918,0.44776,2.55813,7.1141,1.42995,5.68587,2.75206,1.15485,1.07856,0.0782589,0.207615,0.0756622,0.0428849,0.0492221,0.0173568,0.0445171,0.0546769,0.00346024,0.0422748,0.0270539,0.0161019
0.043048,0.0659946,0.323551,3.03594,6.50187,3.51237,1.51023,1.02987,1.17676,1.05277,0.200131,0.175394,0.181694,0.0787453,0.0501462,0.0152209,0.00885119,0.0156215,0.00369982,0.0095526,0.0078447,0.0125401
0.00111501,0.046247,0.531622,0.56425,3.37309,4.3327,2.98661,0.897704,0.155713,0.120738,0.0925697,0.149508,0.126216,0.00705596,0.039026,0.013204,0.0281688,0.0316691,0.00636153,0.00863852,0.00419497,0.0154489
0.022986,0.00814904,0.277482,0.385981,0.0437294,1.18171,3.2437,1.69084,1.08164,1.05645,0.106926,0.0906328,0.00527096,0.0217774,0.0363407,0.0304572,0.036923,0.0509906,0.00384364,0.0128433,0.00677223,0.0115936
0.00204347,0.00166157,0.100988,1.12884,3.73923,2.95348,1.01269,1.51339,0.633222,0.762857,0.0807534,0.00105159,0.034732,0.0663704,0.0625325,0.0245234,0.0259103,0.03608,0.00468896,0.0218756,0.000949955,0.00699363
0.0554685,0.0324113,0.219575,2.52437,5.93918,4.26964,0.00347654,0.973557,0.490319,0.307239,0.0451285,0.0601222,0.0103296,0.0649717,0.0575653,0.0166943,0.0046039,0.0035821,0.0120371,0.0251825,0.010552,0.00647709
0.0230648,0.000244027,0.596735,1.6724,5.51161,2.80203,0.464084,0.23212,1.02549,0.951963,0.159514,0.100644,0.0449233,0.00753517,0.0353814,0.0215659,0.0235333,0.0351066,0.0142963,0.0068211,0.00359075,0.000280508
0.0488004,0.0594774,0.197306,2.45211,4.70581,2.10534,0.54338,0.944445,0.360474,0.516359,0.0296887,0.155232,0.134407,0.0200249,0.0370687,0.0201206,0.0306538,0.0382911,0.00617563,0.0173787,0.00747976,0.0021291
0.00143208,0.000966085,0.192089,0.888907,2.52559,2.76799,2.93744,2.01116,0.715068,0.451102,0.0565253,0.138252,0.115467,0.0804371,0.0572662,0.0282515,0.0143409,0.0202738,0.00460026,0.0160855,0.00237909,0.00527472
0.0370778,0.0255079,0.166272,0.261891,0.00488468,1.936,3.17145,1.68722,0.968213,0.776705,0.140056,0.0725799,0.0262691,0.0663782,0.0551734,0.0186009,0.00394164,0.01049,0.0123685,0.00917445,0.00469857,0.00812452
0.0318386,0.0288266,0.425652,0.443118,2.29524,1.40598,0.096402,0.155347,0.183368,0.228137,0.00286404,0.0311084,0.0344718,0.0327158,0.0300942,0.0141887,0.0303855,0.0368291,0.0190166,0.0118997,0.00251454,0.00696786
0.0200539,0.0691468,0.312975,2.15765,4.58671,4.65494,3.48662,1.85504,0.784764,0.553581,0.107551,0.00324777,0.0130995,0.020226,0.0311038,0.0217653,0.0224263,0.0282829,0.0117504,0.00404871,0.000940161,0.00619824
0.0182645,0.0106306,0.331808,1.37757,4.46043,4.46681,3.23327,1.90556,0.875994,0.615197,0.0824108,0.0719372,0.0130764,0.0589328,0.0397577,0.00641474,0.00548543,0.0106311,0.00216929,0.00949795,0.00978365,0.00862643
0.0208278,0.0273113,0.0987695,1.46514,3.4584,1.84762,0.428221,0.616113,0.13202,0.0317748,0.0394414,0.100918,0.0926011,0.0349788,0.0228209,0.00494362,0.0103636,0.0138851,0.013132,0.0176775,0.0126253,0.00772489
0.0311964,0.0231617,0.170863,1.18844,2.03495,0.125084,1.44006,0.757065,0.608349,0.521431,0.107317,0.0932198,0.106983,0.0436782,0.00213794,0.0098411,0.0162146,0.0226813,0.0135115,0.00891818,0.00462862,0.00315426
0.000214681,0.0586696,0.350526,0.458256,0.0287651,0.272656,1.27278,1.18878,0.61327,0.378683,0.0264021,0.0888828,0.0275875,0.00308464,0.00489726,0.00669067,0.0104178,0.0135226,0.00799852,0.00138712,0.000185266,0.00148828
0.020896,0.0111516,0.352412,0.24168,1.36141,0.688079,0.635045,0.901895,0.0275108,0.14374,0.026227,0.0398493,0.0119342,0.0477281,0.00933451,0.00101941,0.00308201,0.00226754,0.00196134,0.000686492,0.000553679,0.000830279
0.0290974,0.0190723,0.0230468,1.25999,2.90994,2.00462,0.831497,0.38981,0.500037,0.48755,0.0555582,0.00555391,0.00442638,0.00250999,0.00663484,0.00332667,0.00888813,0.0153281,0.0119546,0.00760454,0.0011036,0.000171795
0.020915,0.0227295,0.0442693,1.35492,3.44458,2.83492,0.734507,0.179524,0.396719,0.269051,0.0548211,0.01853,0.0202483,0.0510097,0.0155111,0.00334189,0.0144651,0.0182765,0.0122304,0.0116015,0.00725315,0.00208428
0.00600627,0.00395926,0.29092,0.685852,2.67869,1.73125,0.659127,0.750704,0.117693,0.207113,0.0421725,0.0566719,0.0361968,0.00416461,0.00840721,0.00365238,0.00523717,0.00700634,0.00771099,0.0081616,0.00572376,0.00316696
0.0111717,0.0451398,0.266625,1.0918,1.7162,0.0164148,1.93439,1.0236,0.393648,0.411266,0.0290105,0.0848119,0.0789407,0.0371114,0.00654148,0.00613785,0.00519748,0.00620881,0.00146322,0.000242214,0.00123756,0.00322052
0.00219291,0.013339,0.169736,0.100291,0.0849558,0.767402,1.44226,0.602973,0.157869,0.133796,0.041608,0.0642907,0.0548434,0.0256975,0.021515,0.0105136,0.0109249,0.0136325,0.00722188,0.004559,0.000644337,0.00309345
0.0104445,0.00961365,0.0287353,0.379462,1.03178,0.434904,0.443542,0.187366,0.286336,0.251972,0.0599935,0.0362789,0.00484427,0.0459808,0.0251375,0.00547864,0.00904881,0.0120404,0.00973545,0.00621111,0.000737497,0.00408056
0.00804193,0.00145915,0.200015,0.554676,1.85755,0.331933,1.66848,0.829753,0.334688,0.318378,0.0313254,0.0257442,0.00616668,0.00334994,0.0155402,0.0114247,0.0017572,0.00247539,0.00499459,0.00689368,7.68142e-05,0.00315873
0.0178092,0.0426508,0.200457,1.22281,2.44689,1.01552,1.12859,0.827106,0.00783695,0.047811,0.00788823,0.00839758,0.0201631,0.0191315,0.0131246,0.0110444,0.00578286,0.00798981,0.000622967,0.00583698,0.00209654,0.00194195
0.0117503,0.00716217,0.199848,0.513619,2.03268,1.62273,0.136791,0.311541,0.328163,0.243609,0.0306589,0.037454,0.00208957,0.0322545,0.0287757,0.00865039,0.00706839,0.0111185,0.00438321,0.00129611,0.001148,0.00186892
0.00300745,0.0199526,0.0555152,0.628706,1.34798,1.11469,0.639782,0.214639,0.264581,0.232988,0.0461135,0.0469214,0.0534208,0.0328718,0.0227225,0.00791389,0.00442041,0.0065741,0.0061439,0.00651011,0.00348116,0.000464075
0.000763664,0.0205809,0.0737984,0.288851,0.298194,0.105307,0.468684,0.531341,0.101518,0.0204068,0.03191,0.0474087,0.0552569,0.0166404,0.00958229,0.00819108,0.000589089,0.00196378,0.00386639,0.00659656,0.00279531,0.000190247
0.00634482,0.0154372,0.16904,0.444454,0.739881,0.446017,0.422477,0.600896,0.336505,0.21041,0.0142719,0.0473245,0.00455001,0.00612655,0.00885258,0.00630911,0.00798877,0.00853692,0.000327073,0.00382734,0.000194257,0.000389702
0.00239876,0.00583141,0.208917,0.220484,1.16623,0.548423,0.473125,0.345143,0.192405,0.148596,0.030037,0.0164194,0.00812985,0.0317635,0.0176916,0.00507836,0.00600129,0.00838287,0.00203981,0.00147476,3.48867e-05,0.000726229
0.00908963,0.0229265,0.06372,0.78317,1.56633,0.693358,0.0875877,0.138142,0.142092,0.069463,0.0122872,0.00585368,0.00952655,0.0116967,0.0130582,0.00424353,0.00119406,0.00312319,0.00176926,0.00100073,0.000167607,0.00102265
0.00859846,0.00978094,0.0291336,0.60206,1.4891,1.17166,0.721082,0.544985,0.295849,0.191298,0.038779,0.00792763,0.00641622,0.0217105,0.00356212,0.00406313,0.00243597,0.00318383,0.00274215,0.00460468,0.00241719,0.000941912
0.00682964,0.000952501,0.124615,0.275729,1.03667,1.17496,1.04007,0.598273,0.163589,0.0936132,0.00499063,0.035051,0.021373,0.000184429,0.00697181,0.00316346,0.00537511,0.0066643,0.00109879,0.00634155,0.00361668,0.00206715
0.00394937,0.0164379,0.138693,0.400638,0.539097,0.487987,0.427795,0.171653,0.116935,0.112085,0.00213291,0.0439806,0.0422414,0.0246443,0.00885651,0.00206169,0.00371642,0.00533629,0.000208377,0.00297806,0.00155833,0.00118028
0.012484,0.00359886,0.103699,0.218961,0.261856,0.422249,0.517003,0.321257,0.227313,0.172154,0.0413893,0.0317209,0.0258783,0.00268583,4.22984e-05,0.000337532,0.000893227,0.000157847,0.000111188,0.00114795,0.000502634,0.000355823
0.0122465,0.00532021,0.0600285,0.20684,0.712429,0.877122,0.867132,0.50222,0.080619,0.0219161,0.0078413,0.0224166,0.0035703,0.0164695,0.00527055,0.000739612,0.00284344,0.00450723,0.000615287,0.00232204,0.000409345,0.000740583
0.0144504,0.00317942,0.0772845,0.345219,1.00535,0.76128,0.481908,0.309644,0.114304,0.139938,0.0134536,0.00515934,0.00297902,0.00515644,0.00206661,0.00269606,0.00542746,0.00624439,0.000183255,0.00276248,4.30115e-06,0.000303779
0.0149038,0.0181234,0.0841671,0.591128,1.11184,0.514145,0.0599076,0.021891,0.149735,0.138988,0.010627,0.00872436,0.00731861,0.0105027,0.00265536,0.00301947,0.00154814,0.00200736,0.0017557,0.00403121,0.00176338,0.000153158
0.00593334,0.00686435,0.122301,0.191812,0.833243,0.444235,0.285665,0.234872,0.0235958,0.00538964,0.00796867,0.0208723,0.00647441,0.0116784,0.00832332,0.00175465,0.00227733,0.00260914,0.00187898,0.00253601,0.00192763,0.00038202
0.00772182,0.00299024,0.0592958,0.294298,0.569549,0.301162,0.302992,0.288432,0.102709,0.12998,0.02606,0.0306704,0.0298038,0.015304,0.00815516,0.00267748,0.0028251,0.00454584,0.00124552,0.00126686,0.000583493,0.000856002
0.00667114,0.00212123,0.0151712,0.0355431,0.080569,0.00749695,0.287744,0.224503,0.0899676,0.10615,0.000594922,0.031301,0.027,0.00757366,0.00453992,0.00317875,0.00255355,0.0028489,0.00150364,0.00410226,0.00143162,0.000493444
0.00563347,0.0137722,0.0625753,0.24633,0.447984,0.391032,0.190163,0.0572391,0.0287822,0.0312029,0.00506992,0.0213043,0.00534544,0.0023436,0.00564406,0.00361514,3.77396e-05,0.000195253,0.00246661,0.00309735,0.000234366,0.000560538
0.00389715,0.00332507,0.102561,0.1354,0.690082,0.497633,0.121395,0.152321,0.111227,0.117676,0.0160344,0.00460539,0.00386355,0.0158554,0.0108432,0.00367935,0.00209355,0.00261516,0.0025668,0.00230755,0.000244532,0.000900338
0.000692675,0.0135934,0.0503474,0.414263,0.858081,0.336711,0.439477,0.297441,0.0607113,0.0721307,0.00972896,0.00361485,0.000587698,0.0074248,0.00869602,0.00342791,0.00234692,0.00305709,0.00155734,0.00171063,0.00122011,0.000291212
0.00419466,0.00673309,0.0319629,0.268936,0.717358,0.227891,0.419297,0.267851,0.0734994,0.0504849,0.0133874,0.0115416,0.000515673,0.00632959,0.00502893,0.00371386,0.000526882,0.00128319,0.000558332,0.000914882,5.24072e-05,0.000392098
0.00560416,0.00375276,0.042544,0.15106,0.472778,0.271262,0.00832468,0.0307142,0.117037,0.105028,0.00452667,0.0245956,0.0135546,0.00207139,0.00685558,0.00339193,0.0008423,0.000755544,0.00218044,0.00381015,0.00201375,0.000384987
0.00343566,0.0103908,0.0647891,0.164602,0.196861,0.266108,0.38865,0.221323,0.027415,0.0411331,0.0134128,0.0262669,0.0257657,0.0149181,0.00765702,0.00206512,0.00126793,0.00192258,0.0023389,0.0027246,0.000901065,0.000373161
0.00912113,0.0040009,0.0622523,0.157884,0.20663,0.0794284,0.425369,0.290068,0.0938925,0.0614041,0.017757,0.0171753,0.0151148,0.000647041,0.00343006,0.00239361,0.00170806,0.00270591,0.00209179,0.00114244,0.000270427,0.000662369
0.00649917,0.00302866,0.0446633,0.113493,0.450607,0.27752,0.128909,0.166216,0.119784,0.0846064,0.00810779,0.00963383,0.00421556,0.00671141,0.00124595,0.00242551,0.000308488,0.000317255,0.000322557,0.000373039,0.000290006,4.53371e-05
0.00739238,4.82009e-05,0.0188637,0.220899,0.617331,0.507325,0.197727,0.0672266,0.00978166,0.0143534,0.000865491,0.00478399,0.00738388,0.00661243,0.00396227,0.00103419,0.000564294,0.00103159,0.00103328,0.000627978,0.000201927,2.78568e-05
0.0114401,0.00306079,0.023782,0.285205,0.586718,0.438399,0.275403,0.211284,0.110312,0.0716181,0.00700174,0.0145123,0.000319631,0.00634211,0.00312303,0.000295561,0.00153616,0.00166783,0.00262248,0.00292014,0.0014741,0.000522387
0.0046042,0.00397022,0.0687235,0.0944432,0.383301,0.279141,0.199529,0.205682,0.112415,0.066156,0.0189147,0.0141996,0.0062867,0.00720951,0.00178214,0.000324287,0.000701588,0.00101242,0.00181298,0.00322611,0.00176152,9.71532e-05
0.00343087,0.00560902,0.0423342,0.150423,0.208594,0.113519,0.079412,0.0703178,0.00270262,0.014309,0.00904416,0.0207594,0.0181189,0.00806694,0.00306149,0.00100806,0.000389994,0.000279204,0.000763644,0.000910991,9.40418e-05,9.72516e-05
0.00421392,0.00497339,0.0111214,0.0501648,0.0723745,0.0323352,0.0441583,0.0857709,0.100564,0.0743073,0.00627522,0.0192595,0.0161488,0.00775216,0.00035223,0.000483552,0.00103885,0.0013293,0.000668533,0.00100123,0.0008918,1.98142e-05
0.00154452,0.00652537,0.00905108,0.147416,0.300648,0.205436,0.171236,0.174602,0.0851203,0.046772,0.0132552,0.00645506,0.00291207,0.0025356,0.00195237,0.000835431,0.000731682,0.00144851,0.0017082,0.000797056,0.000374452,0.000172895
0.00648465,0.00518024,0.0506112,0.116045,0.436556,0.384814,0.250291,0.143673,0.0216248,0.0341669,0.00308215,0.00213015,0.00792929,0.00910147,0.00465776,0.000838584,0.000575411,0.00097588,0.0017243,0.00182591,0.000248387,8.04556e-05
0.00398371,0.0108922,0.0396661,0.25714,0.515379,0.395649,0.167063,0.0356999,0.0881784,0.0758817,0.0130741,0.00615318,0.004337,0.00308466,0.00325309,0.00123269,0.000609204,0.000740364,0.000964054,0.00261185,0.00182367,0.000291433
0.00822359,0.00409959,0.0366662,0.103968,0.373138,0.227272,0.0773582,0.0977397,0.04883,0.0300296,0.00107431,0.013766,0.00203643,0.00454858,0.00158759,0.00207381,0.00081268,0.00117818,0.000190021,0.000980613,0.00069972,0.000521505
0.00446523,0.00396368,0.000690022,0.0887588,0.200862,0.0104293,0.283262,0.164123,0.0371153,0.0450674,0.000944477,0.0176108,0.0109668,0.000932797,0.00365156,0.00136912,0.000558399,0.000780848,0.000911599,0.00164825,0.00124366,0.000259798
0.00214087,0.0029248,0.0244556,0.0365525,0.0011501,0.122103,0.238013,0.115762,0.0694027,0.0677731,0.0159701,0.0151604,0.015754,0.0090899,0.00515307,0.00155947,0.000226777,0.00015911,0.00116655,0.00161662,0.00030025,0.000270046
0.00608406,0.00293805,0.032698,0.134721,0.223809,0.112984,0.00581708,0.00466977,0.0149447,0.0143791,0.00252776,0.00879271,0.00591286,0.0006261,0.00330955,0.00183896,0.000510585,0.000471894,0.00112921,0.00119943,0.000272443,0.000769416
0.00364837,0.0026493,0.0430708,0.080657,0.313093,0.0996107,0.211161,0.110007,0.0523497,0.0512505,0.00629735,0.00142506,0.00516762,0.00363627,0.00220807,0.00187728,0.000717867,0.000395136,0.000992385,0.00189201,0.000778817,0.00013445
0.00377756,0.003096,0.0104068,0.170674,0.389355,0.170794,0.183833,0.123458,0.0560311,0.0578406,0.00361721,0.00938403,0.00755021,0.00542406,0.00319721,0.00083903,0.000161034,0.000273154,0.000120417,0.000974332,0.000790394,4.98112e-05
0.00581337,0.00157032,0.00168002,0.125748,0.329393,0.228724,0.0261326,0.0675913,0.0126331,0.00173101,0.00369871,0.0114558,0.00239159,0.00536085,0.00300688,0.0011419,0.000661232,0.00024546,0.000660235,0.00148358,0.000777978,0.000370203
0.00214054,0.00174339,0.0281315,0.0327317,0.17339,0.159942,0.0771949,0.0103109,0.0681646,0.0582836,0.014028,0.0122447,0.00607868,0.00277412,0.000108966,0.000354819,0.000410846,0.00036746,0.00121043,0.0026609,0.00157508,3.07515e-05
0.00725613,0.000140523,0.0336549,0.0662406,0.0292356,0.00382653,0.0865218,0.0746453,0.0425291,0.0475182,0.000472963,0.0134447,0.011616,0.00439087,0.000312263,0.000192707,6.47451e-07,3.37357e-05,0.00112863,0.0012159,8.33347e-05,0.000191988
0.00478639,0.00562316,0.0275688,0.0898932,0.165765,0.102806,0.0781915,0.104173,0.0327441,0.0161202,0.00246618,0.00850956,0.00874167,0.00556204,0.00169544,0.000793631,0.000450302,0.000473403,0.000733363,0.000398918,0.000280951,0.000242857
0.00397745,0.00249774,0.0175101,0.0752131,0.239253,0.115745,0.0839286,0.0790843,0.071243,0.0562345,0.00925722,0.000890359,0.0025993,0.00308273,2.19975e-05,0.000450617,0.000291789,9.59054e-05,0.000258053,0.000274903,0.000639842,3.50668e-06
0.0019632,0.00316628,0.0164166,0.0989278,0.267722,0.119128,0.0288301,0.00186268,0.0302181,0.032855,0.00532322,0.00609877,0.00760386,0.00488254,0.00136547,1.04973e-05,0.000144183,2.30949e-05,0.000470332,0.000512589,8.66556e-05,4.57392e-05
0.000145559,0.00488024,0.0203672,0.140286,0.257012,0.174067,0.11105,0.0947929,0.0431971,0.0255401,0.00932549,0.00826178,0.00456452,0.00292934,0.00170043,0.000707619,0.000295433,0.000371836,0.000999839,0.00203396,0.00130877,0.000153029
0.00279294,0.000898327,0.0374189,0.0106264,0.14187,0.199696,0.198404,0.124124,0.0698503,0.0508338,0.00234294,0.0122039,0.0025624,0.00283365,0.000292607,0.000898091,0.000334671,5.72963e-05,0.000880663,0.00138766,0.000372992,0.000202619
0.00401742,0.00459348,0.0250744,0.0534094,0.0572971,0.0854103,0.099678,0.0475744,0.0224694,0.0183911,0.00673691,0.0109167,0.00815328,0.000381249,0.00130768,0.000331925,0.000647681,0.0007003,0.000590121,0.000129432,0.000263011,1.91063e-05
0.00593598,0.00178912,0.00385428,0.0345807,0.0842389,0.113146,0.10947,0.0685596,0.0501282,0.0379313,0.00878884,0.00690389,0.008203,0.00461488,0.00238526,0.000422068,0.000232272,0.000281149,3.53506e-05,0.000380312,0.000162827,0.00017797
0.00497459,0.000219626,0.00883587,0.0779434,0.172852,0.212081,0.206161,0.125474,0.0695404,0.0496593,0.00659089,0.0023006,0.000259633,0.000391333,0.00129108,0.000155217,0.000295438,0.000154163,0.000662703,0.000396906,0.000311069,0.000228083
0.0041991,0.00364079,0.0345375,0.0329158,0.174225,0.149818,0.0992586,0.071485,0.0152772,0.00391447,0.000925058,0.00594633,0.00572993,0.00279039,0.00100434,0.000924129,0.000121304,0.00013444,0.00063656,0.00137319,0.00055535,1.8504e-05
0.0058748,0.00236537,0.0279875,0.117333,0.177104,0.0386639,0.0607779,0.0285166,0.0509554,0.0466206,0.00254495,0.00913071,0.00536814,0.00157556,0.00155575,0.000861543,9.69379e-05,3.69627e-05,0.000890349,0.00175331,0.000949283,8.93638e-05
0.00476858,0.00389282,0.0245082,0.0133786,0.0979317,0.0118034,0.108029,0.0820317,0.0580981,0.0408786,0.00729185,0.00592799,0.00247933,0.00411035,0.00204957,0.000581108,8.89202e-05,4.29618e-05,0.000379172,0.000444987,7.11644e-05,0.000523816
0.000546132,0.00189279,0.00807664,0.0280091,0.0693138,0.0577827,0.0441063,0.0658419,0.00259532,0.0085338,0.0050354,0.0107018,0.00579728,0.000509342,0.00050933,0.00039541,2.37999e-05,0.000276354,5.22536e-05,0.000462655,0.000578958,0.000205711
0.00215322,0.000720654,0.0212434,0.0192645,0.00270206,0.0105642,0.0190694,0.0240557,0.0507955,0.0507058,0.00439322,0.00771132,0.00601561,0.00194747,0.00076592,0.000757928,0.000338997,0.000231309,0.000802629,0.000807432,4.50558e-05,1.33355e-05
0.00204646,0.00382219,0.0295297,0.0718025,0.0974897,0.0841762,0.0352509,0.0125061,0.0423343,0.0326917,0.00610707,0.00215082,0.00285642,0.00127589,0.000933578,0.000145719,9.93721e-05,0.000100495,0.000613512,0.000924648,0.000258828,0.000100189
0.00604752,0.00126395,0.0313769,0.0144713,0.0870621,0.0996307,0.00580904,0.0381438,0.0126311,0.0184078,0.000617982,0.00329732,0.00445653,0.00244574,0.000477956,6.97298e-05,0.000288186,0.000398195,0.000804217,0.00105625,0.000507759,0.000196619
0.00368962,0.00502541,0.0209071,0.0690404,0.106998,0.0214751,0.10515,0.0627344,0.049593,0.049759,0.010444,0.00710666,0.00606972,0.0016756,0.000615061,0.000121808,0.000281455,0.000182082,3.96567e-05,0.000100151,0.000227972,1.87767e-05
0.00435706,0.00360685,0.0017088,0.0348629,0.0688813,0.0449215,0.13432,0.0501377,0.0258015,0.0220116,0.000836283,0.00975906,0.00393324,0.000953533,4.37102e-05,0.000624699,0.000480839,0.000352474,0.000381188,0.000702277,0.000446086,4.67935e-05
0.00235959,7.4743e-05,0.0211542,0.00196533,0.0532219,0.0157528,0.00619004,0.00373631,0.0295012,0.0274782,0.000649302,0.00889283,0.00424629,0.000822121,0.000209194,0.000471388,0.000158233,2.30883e-05,0.000121119,0.000384446,0.000222934,8.53415e-05
0.00238426,0.00438298,0.033541,0.07461,0.0845841,0.122523,0.158568,0.0632952,0.0535081,0.0491439,0.00988676,0.00573138,0.00578985,0.00161009,8.31652e-05,0.000263223,0.000340584,0.00056582,0.000512163,0.000287429,2.34659e-05,0.000142374
0.00483174,0.000764608,0.0355428,0.0409527,0.0209213,0.112621,0.161152,0.0767625,0.0133013,0.0136885,0.00054512,0.00273816,0.00273278,0.00172997,0.000932493,0.000449532,0.000221407,7.42563e-05,0.000494375,0.000490951,0.000124842,0.000296139
0.00253811,0.00374926,0.0194044,0.0285879,0.003117,0.0188221,0.000972317,0.0266101,0.0417818,0.0311734,0.0051845,0.000944912,0.00349381,0.002376,0.00116694,6.8058e-05,0.000274114,0.000143095,0.000181739,0.000498954,0.000384023,7.3039e-05
0.00450301,0.00282435,0.00249508,0.012859,0.050916,0.116001,0.13874,0.0434586,0.0480196,0.0400972,0.00290847,0.00709317,0.00434962,0.00130007,0.000761376,0.000510783,0.000248731,0.000139207,0.000434564,0.000492791,0.000294538,5.3741e-05
0.00823249,0.00193808,0.0248704,0.0820019,0.104747,0.0911792,0.111383,0.0742526,0.00490728,0.00150845,0.00174826,0.00747966,0.0028065,0.00133806,0.000166921,0.000607254,3.59179e-05,8.02758e-05,0.000325428,0.000767236,0.000446086,2.94537e-05
0.00314955,0.00288554,0.044929,0.00144109,0.106185,0.0401199,0.000427156,0.0502922,0.0512569,0.0335356,0.00874389,0.00654211,0.00406293,0.0022259,0.000653276,9.14827e-05,0.000326322,0.000144709,0.000158248,0.000533775,0.000112027,0.000127323
0.00370197,0.0045161,0.0358029,0.127224,0.183215,0.0612065,0.0351883,0.00656048,0.040048,0.0294021,0.00170031,0.00810401,0.00503285,0.00204173,0.000402399,0.000147087,7.9112e-05,3.77484e-05,0.000686542,0.000464155,9.84222e-05,6.10138e-06
0.00338007,0.00306709,0.0225854,0.0280996,0.159011,0.137718,0.00166794,0.0426696,0.0189942,0.0102871,0.002927,0.00261356,0.00324348,0.00220779,5.47317e-05,0.000246571,0.00022671,0.000413749,0.000249452,7.54766e-05,0.000285951,0.00013826
0.00722375,0.00492749,0.0115735,0.0120275,0.0966675,0.0984344,0.0207557,0.0726109,0.0544837,0.0358058,0.00649071,0.00190205,0.000833077,0.00122586,0.000123226,0.000205658,3.4175e-05,3.92125e-05,0.000221716,0.000288867,0.000258027,0.000112576
0.0103692,0.00345177,0.0329178,0.0410665,0.000816689,0.0545527,0.101706,0.0746547,0.0335974,0.0215422,0.00585976,0.00527171,0.00585621,0.00245405,0.000529686,0.000120649,0.000111907,8.56507e-05,0.000435681,0.000872091,0.000382897,9.12148e-05
0.00191939,0.00474413,0.0446282,0.126533,0.184535,0.173926,0.0969913,0.0101955,0.0234798,0.0146163,0.00427742,0.00584359,0.00344616,0.00116155,0.000294049,0.000147711,0.000669072,0.000570182,0.00044418,0.00102061,0.000568606,0.000234392
0.00558952,0.000245482,0.049547,0.0319704,0.235505,0.152933,0.0547765,0.0725477,0.0491592,0.0355964,0.00307964,0.00782139,0.00132892,0.0031634,0.00193666,0.000572376,0.000250858,0.000160602,0.000539878,0.000705811,0.000200892,0.000137468
0.00375959,0.00710004,0.0157905,0.1533,0.313477,0.0839181,0.19188,0.115164,0.0207167,0.0113487,0.00232871,0.00518063,0.00415608,0.000422074,0.000354871,0.000435619,0.00016509,0.00020549,6.39448e-05,0.000285315,0.000318521,0.000209615
0.00667639,0.00683254,0.000606311,0.115035,0.27461,0.0984634,0.131701,0.0647482,0.0281421,0.0252752,0.00596262,0.00319513,0.00392798,0.00104333,0.000639628,0.00026037,0.000236727,0.000467303,0.000253173,1.37131e-05,8.11041e-05,0.000235209
0.00776758,0.000603962,0.0479862,0.015745,0.12582,0.154246,0.0896126,0.0472122,0.0411062,0.0325762,0.00505679,0.000792519,6.84124e-05,0.00041479,0.000592199,0.000228319,0.00097959,0.000832088,7.08214e-05,0.000513626,0.000188665,2.4715e-05
0.0065285,0.0080429,0.063063,0.0611816,0.0218379,0.100241,0.235612,0.119728,0.0122581,0.00427621,0.000621506,0.00506852,0.0068218,0.00508866,0.00183458,0.000264306,0.000172271,0.000301377,0.00016272,0.000695677,0.000401645,2.69618e-05
0.0130013,0.000957728,0.0500918,0.204261,0.344184,0.144643,0.133099,0.0976766,0.0194387,0.0271822,0.000961261,0.00845988,0.00552701,0.000821954,0.000716751,0.000347852,4.87782e-05,0.000319343,0.000771586,0.000425128,0.000225038,0.000240576
0.00477701,0.00154054,0.0352921,0.139438,0.474577,0.3831,0.0734561,0.0102195,0.0220114,0.0241484,0.00501198,0.00652512,0.00134064,0.00308049,0.000185064,0.000545175,0.000385466,0.000491387,6.61797e-05,0.000436057,0.000307803,0.000332966
0.00138057,0.00406942,0.022817,0.164241,0.495626,0.417421,0.179464,0.0731344,0.00220828,0.00449862,0.00323843,0.00690763,0.00349036,0.000708408,0.00110412,0.000399289,0.000686294,0.000767058,0.000174405,0.000177494,7.30092e-05,0.00012218
0.00911072,0.00516878,0.0439863,0.218919,0.38449,0.236788,0.1175,0.093704,0.0167824,0.03064,0.000595942,0.00375244,0.00549338,0.00390532,0.00179054,0.00031121,0.000297374,0.000171534,0.000499711,0.000371395,7.40944e-05,3.71201e-05
0.00396334,0.00680486,0.0810243,0.0803477,0.0313723,0.00664104,0.029183,0.0745374,0.00556873,0.0222849,0.00102072,0.000236138,0.00113282,0.00206789,0.000426781,0.000355796,0.000684428,0.00115689,0.00100625,0.000912347,0.000255389,0.000106233
0.00318575,0.00492042,0.0755125,0.00345732,0.226237,0.150059,0.0256865,0.0289941,0.0165901,0.0111927,0.00165638,0.00783441,0.00796269,0.00486229,0.00155494,8.66922e-05,0.000965021,0.00148076,0.00110165,0.00079628,0.00027037,0.000122526
0.00468221,0.0126744,0.0208305,0.277222,0.567212,0.276694,0.012088,0.049325,0.0183093,0.0317434,0.00614391,0.0110343,0.00928196,0.00387946,4.26058e-05,0.000139121,0.000554675,0.000944421,0.000603053,0.000309839,0.00039095,0.000411677
0.000254972,0.00832558,0.00285205,0.30652,0.730762,0.486649,0.184829,0.139142,0.0065802,0.0188017,0.00368578,0.00755378,0.00262991,0.00305095,0.000859996,0.000874926,0.000241417,5.81858e-05,0.000145417,0.000222465,0.000284048,0.000516334
0.0032098,0.00140097,0.0870649,0.131936,0.626155,0.588056,0.31368,0.158527,0.0341529,0.0158717,0.00215798,0.00715337,0.000757514,0.00452972,0.00330527,0.000352806,0.00158863,0.00197127,0.000329567,0.000183139,0.000572905,0.000346862
0.00132132,0.0124793,0.0904486,0.259374,0.417629,0.373522,0.15712,0.0226549,0.0231549,0.0256437,0.0051908,0.0029218,0.00346362,0.00292148,0.00287675,0.00103337,0.00121097,0.00209522,0.00144936,0.000968587,0.000297656,0.000284777
0.00417308,0.00911569,0.0921986,0.215931,0.214976,0.201384,0.288271,0.188688,0.0131548,0.00551675,0.000863276,0.000685163,0.00439031,0.00347432,0.00164915,0.00146325,0.00106006,0.0011926,0.00151855,0.00172207,0.000960203,6.43991e-05
0.00424786,0.00240496,0.0643886,0.190586,0.681592,0.727392,0.552461,0.285402,0.0448258,0.0190359,0.00770644,0.00620957,0.00629277,0.000199938,0.00277305,0.00199601,0.000707743,0.00134346,0.000284297,0.000673263,0.000233127,0.000447401
0.00239276,0.00978477,0.0373209,0.35892,1.02872,0.801735,0.287791,0.137554,0.0414459,0.0191004,0.00101037,0.0142185,0.0122186,0.00888364,0.00411988,0.00114414,0.00189299,0.00318382,0.000507726,0.000194871,0.000484868,0.000755556
0.0144662,0.0120421,0.0639451,0.527407,1.08704,0.493836,0.269261,0.150323,0.000677626,0.00542588,0.00346662,0.00959189,0.00772414,0.00181276,0.00374389,0.00188618,0.00221659,0.00311367,0.00158485,0.000452285,0.000610486,0.000471246
0.0154365,0.0115873,0.153398,0.0385142,0.582381,0.140683,0.565954,0.341586,0.0491092,0.0241265,0.00735534,0.00630259,0.000924472,0.00396749,0.00238907,0.00203742,0.000463859,0.000670734,0.000847703,0.000932372,0.0001703,1.7438e-05
0.00707992,0.00923543,0.1334,0.188546,0.114533,0.0140755,0.275546,0.263907,0.0550917,0.0164193,0.00644768,0.00363332,0.00141913,0.00188377,0.00492249,0.00215967,0.00196283,0.00260345,0.000107685,0.00229433,0.0010483,0.000284966
0.0061934,0.0170335,0.0628002,0.429271,0.779251,0.232616,0.206823,0.0171149,0.0037162,0.0204898,0.00138409,0.00577248,0.00277964,0.00679697,0.00533386,0.000740724,0.00338993,0.00467896,0.000214331,0.00273631,0.00127246,0.000236243
0.00558049,0.0103023,0.0197735,0.564487,1.43149,0.71078,0.37491,0.278475,0.0595674,0.0371032,0.000183702,0.0122824,0.00712433,0.00232703,0.00411113,0.0020608,0.00310163,0.0040249,0.000630625,0.000736663,0.000796983,0.00140893
0.00383902,0.00658325,0.136195,0.416588,1.60119,1.16255,0.172502,0.358219,0.0697361,0.0123277,0.0130985,0.0163659,0.0166884,0.00355255,0.00321306,0.00274671,3.663e-06,0.000192942,0.00068181,0.000986649,0.00137387,0.00103555
0.00565577,0.0214306,0.148987,0.667316,1.32461,0.958104,0.0265215,0.245798,0.0102471,0.0306267,0.00489252,0.0172922,0.0142787,0.00695687,0.0050935,0.00180364,0.00268883,0.00374656,0.000237202,0.00158953,0.000831358,0.00129028
0.00558772,0.00701427,0.198005,0.230387,0.0937207,0.088085,0.0664286,0.0100774,0.0592037,0.0412242,0.00183065,0.0124616,0.00163332,0.00630466,0.00498382,0.00205683,0.0056291,0.0067812,2.1334e-05,0.0035002,0.00185766,0.0017619
0.00914732,0.00936366,0.139603,0.166069,0.950985,0.819862,0.0803684,0.317729,0.0682891,0.00296316,0.00498146,0.00277661,0.00019658,0.00133996,0.00303876,0.000925383,0.00326459,0.00453033,0.001403,0.00484915,0.00365472,0.00176288
0.0174145,0.028316,0.0340032,0.685433,1.91673,1.11346,0.555852,0.551325,0.0162353,0.045119,0.0021541,0.00893718,0.000492756,0.0052185,0.00109695,0.00135067,0.000970986,0.00183258,0.00190314,0.00133007,0.00103403,0.00138239
0.0220099,0.0252588,0.06268,1.00319,2.24179,0.951354,0.743859,0.417105,0.0443772,0.0500519,0.0231118,0.0213785,0.0113071,0.00524857,0.00149159,0.00100268,0.00516918,0.0080091,0.00151465,0.00260084,0.00139341,0.00126948
0.0249556,0.00821372,0.26792,0.311213,1.57752,0.941198,0.0142374,0.13477,0.0405116,0.00572669,0.00414502,0.0309146,0.0283115,0.0132578,0.00215346,0.00140359,0.00627573,0.00940059,0.00177754,0.00333191,0.000423995,0.000319465
0.0150234,0.0235766,0.220034,0.526716,0.668718,0.919938,1.26437,0.738129,0.0173518,0.0830645,0.00226201,0.0238615,0.0212332,0.00592471,0.00381896,0.00167554,0.00332194,0.00495706,0.00225644,0.00352159,0.000549242,0.000525676
0.00353222,0.026293,0.151521,0.717335,1.14255,0.217864,1.57786,0.846217,0.0192848,0.0642718,0.0140689,0.0111825,0.00231348,0.0127652,0.00590116,0.00254694,0.00159358,0.00392238,0.00546326,0.0064443,0.0033501,0.000305331
0.0105127,0.013737,0.10221,0.914306,2.54558,1.52923,0.142406,0.172016,0.0471183,0.0349998,0.00209811,0.000628472,0.00311007,0.00182162,0.00469748,0.00334233,0.00763777,0.0117203,0.00632895,0.00499512,0.00342973,0.00147392
0.0205463,0.0111782,0.188051,0.971006,3.21574,3.12923,1.83359,0.773438,0.0638899,0.0981651,0.0153082,0.0212278,0.00165591,0.0133038,0.00172864,0.00301271,0.0111069,0.013896,0.00341658,0.00420539,0.00152591,0.00124387
0.0286374,0.0412301,0.190368,1.27277,2.73362,2.73959,2.1749,1.15261,0.0307277,0.0912751,0.00946546,0.0385884,0.0191583,0.0139175,0.0111441,0.00478195,0.00320516,0.00537226,0.00377499,0.00909754,0.00318537,0.00191382
0.0118132,0.0145755,0.338374,0.205954,0.523586,0.439103,0.443789,0.575985,0.196074,0.0671241,0.0126172,0.0537352,0.0444164,0.0262891,0.0145932,0.0072673,0.00442698,0.00851349,0.00857542,0.00735527,0.000777226,0.0046364
0.00640757,0.0198304,0.262272,0.225568,1.54652,2.07451,1.57318,0.504639,0.169989,0.127086,0.0358424,0.0447492,0.0467688,0.00486893,0.0167634,0.00870583,0.0117088,0.0174232,0.012451,0.00818363,0.000329167,0.00496916
0.0416642,0.0351622,0.0214539,1.477,3.57578,2.97973,1.9439,1.21112,0.102852,0.0575819,0.0162328,0.0128305,0.00753725,0.0187306,0.0120786,0.00892569,0.0121355,0.0160458,0.00938872,0.00799831,0.00280103,0.00441417
0.0319819,0.05802,0.002391,1.846,4.2927,2.49374,0.824596,1.05282,0.360344,0.0846781,0.043931,0.0135336,0.0477905,0.0373183,0.0315434,0.00781281,0.00299622,0.00624148,0.00114005,0.00193603,0.00406286,0.00581429
0.0102271,0.0198508,0.407723,0.839883,3.24763,1.74114,0.189876,0.267845,0.292678,0.128753,0.00676538,0.0668897,0.00604028,0.0394443,0.0376823,0.0105769,0.00762679,0.0142754,0.0120554,0.0166975,0.0126566,0.00674737
0.0226897,0.0178974,0.357465,0.968766,1.61122,1.16372,0.453383,0.819869,0.183204,0.0247127,0.0334615,0.0789808,0.00941173,0.0225188,0.0168615,0.0164688,0.0159895,0.0252018,0.0183617,0.0172879,0.00962093,0.00449535
0.0129649,0.031386,0.263807,1.50754,2.22311,1.25878,1.551,1.64069,0.567718,0.291474,0.110944,0.0295435,0.0455951,0.00601117,0.0105774,0.00948552,0.0167472,0.0190641,0.0188957,0.014467,0.0062186,0.00260613
0.00249829,0.059831,0.242728,1.54263,4.71589,3.87613,2.08131,1.31848,0.171375,0.0199128,0.0168419,0.041778,0.0735684,0.0783115,0.0216549,0.00447415,0.00328356,0.00328911,0.00497185,0.0103488,0.00407287,0.000863296
0.0065607,0.0486139,0.133948,2.22942,6.0219,3.94196,0.079021,0.380326,0.512876,0.451627,0.0516933,0.0199387,0.00858758,0.0172351,0.00688292,0.00210871,0.0178658,0.024136,0.0102077,0.00432382,0.00346927,0.00226205
0.0174818,0.0459374,0.148604,1.71461,5.04144,2.51988,2.40248,2.1088,0.556678,0.314645,0.0624281,0.0372478,0.099665,0.10877,0.0193467,0.000370262,0.0214162,0.0285724,0.0225591,0.0205316,0.010531,0.00409112
0.0307523,0.0104053,0.0625339,0.597314,1.93527,0.258106,3.1915,2.39663,0.0656572,0.299267,0.0154784,0.000889677,0.00445053,0.00100586,0.000748083,0.00297908,0.00996624,0.0120388,0.023507,0.0303459,0.0158347,0.00722121
0.0515744,0.0264806,0.000149705,0.987867,2.43199,1.97012,1.45503,0.844111,0.594482,0.652414,0.0757338,0.0469908,0.135501,0.143992,0.0298847,0.00758387,0.0123237,0.0158647,0.0131645,0.0302548,0.0167307,0.0111166
0.0577749,0.054126,0.0638728,2.3142,6.15908,3.30264,1.70734,1.48963,0.326007,0.199006,0.0393617,0.00737186,0.0521203,0.0415888,0.00273468,0.00281838,0.0274967,0.0379702,0.00253821,0.0160763,0.0129265,0.0143599
0.0618395,0.0543511,0.138939,2.80822,7.82179,3.74906,3.90184,3.00458,0.411408,0.63129,0.0688032,0.0428372,0.163964,0.175223,0.0396076,0.00804176,0.0262834,0.0375188,0.0155521,0.0066892,0.00617905,0.0179356
0.0377865,0.0599995,0.0899708,2.34389,6.65461,3.48341,3.06416,2.48446,0.56495,0.764857,0.102616,0.0231031,0.117024,0.103842,0.0231418,0.00112768,0.0050706,0.0120172,0.0226465,0.0324223,0.00238656,0.0190399
0.0164995,0.0316286,0.0597462,0.78912,2.32508,1.69398,0.242538,0.112821,0.214705,0.122037,0.0265888,0.00817579,0.164792,0.191357,0.0443498,0.0123131,0.0225719,0.0264821,0.0266131,0.0509749,0.00707727,0.0211038
0.0174575,0.0116036,0.0807607,1.08906,2.96945,0.37963,4.13415,2.71573,0.866983,1.01169,0.100583,0.00133972,0.179989,0.190708,0.0368624,0.015477,0.0423778,0.0560013,0.0138891,0.0494872,0.00715697,0.0187285
0.0247459,0.0363287,0.182291,2.77203,7.87639,3.4955,5.05813,4.00047,0.30528,0.712508,0.0628249,0.0132187,0.159344,0.170616,0.0399773,0.0013051,0.0406623,0.0458059,0.0058468,0.0286653,0.00136677,0.0157182
0.00335408,0.0985623,0.206403,3.54069,9.7828,5.59715,2.29687,2.49483,1.0058,0.608572,0.126775,0.0682795,0.306008,0.302852,0.0636504,0.0125521,0.000716282,0.00548111,0.00474231,0.00943408,0.00857583,0.00790697
0.00888905,0.10462,0.189502,2.97372,8.19998,6.52382,3.11974,1.44406,1.14463,1.24431,0.17441,0.00289338,0.106812,0.124696,0.0316912,0.001996,0.0475782,0.0627377,0.00972709,0.0539065,0.0228697,0.000705321
0.0388006,0.0793367,0.112417,1.16241,2.89196,4.01735,6.53436,4.71692,0.21362,0.446799,0.094001,0.040149,0.405969,0.422238,0.100234,0.00319863,0.0746117,0.0839652,0.019431,0.0822834,0.0217493,0.0107176
0.0908085,0.0500549,0.0518725,1.21738,3.25722,0.118935,5.81994,4.73518,1.84141,1.08692,0.155968,0.0977467,0.0148816,0.00525587,0.0134058,0.0142818,0.0456726,0.0549097,0.0381053,0.0793492,0.0172073,0.0214643
0.0634906,0.0468198,0.218801,3.36226,9.36485,6.25784,0.00457903,1.01449,1.52346,1.29162,0.199966,0.108754,0.486502,0.55466,0.119198,0.0243245,0.0105654,0.024007,0.0451711,0.0441807,0.00192934,0.0264715
0.0663833,0.107456,0.330244,4.29407,11.37,9.26613,5.96629,4.01965,0.78995,0.278308,0.169141,0.0324318,0.169942,0.177229,0.00376222,0.01548,0.0619645,0.107245,0.0299683,0.0166885,0.02858,0.0376541
0.0586118,0.131582,0.213976,3.82556,10.2231,10.0105,8.92138,6.4333,2.61958,1.60217,0.389009,0.138841,0.571117,0.660172,0.145898,0.00168627,0.0780504,0.115729,0.0164164,0.0869931,0.0504265,0.0407345
0.0865567,0.024794,0.134356,1.66806,4.07461,3.88473,4.6591,4.06925,1.76831,0.984069,0.239765,0.075132,0.412736,0.392579,0.10734,0.015639,0.0206975,0.0458435,0.0787413,0.134418,0.0832104,0.0530891
0.0357825,0.0605875,0.031297,1.27946,2.75846,2.3336,2.43261,2.0959,1.45531,1.05122,0.103609,0.164859,0.585118,0.674323,0.143606,0.0351808,0.0342358,0.0589746,0.10578,0.128327,0.0783655,0.0565536
0.0530005,0.105845,0.23425,3.9238,10.3249,10.2152,9.50935,7.26671,3.34262,1.85188,0.200236,0.0208477,0.736195,0.687917,0.149641,0.0495066,0.102363,0.160395,0.0935451,0.0774119,0.0623219,0.0584555
0.0748337,0.11843,0.404569,5.0785,13.0658,11.0816,9.03463,6.58157,1.16334,0.150389,0.00485782,0.0216821,0.556424,0.60678,0.167168,0.00212492,0.133096,0.156045,0.0432304,0.0309295,0.0179034,0.0485405
0.0294678,0.11142,0.351502,4.47495,12.647,9.58487,3.11871,0.57252,2.50504,2.2387,0.361496,0.2369,1.06016,1.07936,0.246376,0.00837931,0.0587039,0.0575526,0.043738,0.10892,0.00570378,0.0520209
6.8048e-05,0.0398408,0.0885147,2.23471,6.07002,1.41133,6.41461,5.35996,2.626,1.88927,0.426717,0.0526161,0.386224,0.416641,0.111668,0.0262356,0.0653012,0.0969886,0.151815,0.186507,0.0662781,0.0251136
0.075122,0.0288189,0.0889795,1.01558,1.79137,4.47195,10.8672,7.50532,0.520482,0.932651,0.116895,0.242934,1.33189,1.39126,0.269297,0.0420585,0.169747,0.248901,0.219281,0.176399,0.0530692,0.0119766
0.118857,0.110919,0.148245,4.1286,10.9869,10.3414,8.77468,4.97201,2.42939,2.73652,0.2334,0.0618503,0.0639191,0.0706643,0.0258901,0.025378,0.170399,0.249541,0.169909,0.108379,0.0523152,0.0208337
0.162014,0.0730609,0.268574,5.67782,14.7276,8.35979,1.37063,1.13059,1.02568,1.19899,0.181902,0.33401,1.46413,1.57114,0.336626,0.0542602,0.0124457,0.0490795,0.00076294,0.0195395,0.0133817,0.0431919
0.0604027,0.0704269,0.350182,5.18369,15.2088,7.20467,9.54518,7.52081,1.38463,2.00096,0.283062,0.0688011,0.395963,0.41605,0.0717192,0.0154821,0.115993,0.195065,0.182861,0.163914,0.0344864,0.0717604
0.0966428,0.09356,0.213343,2.77467,7.91479,0.702791,12.4513,8.86394,2.03636,3.08275,0.402619,0.368785,1.47081,1.59131,0.37225,0.0463288,0.190003,0.345035,0.30131,0.261565,0.0275565,0.118546
0.0411446,0.00878947,0.0966772,0.510689,0.770797,1.51495,4.5077,3.34473,0.273129,0.488662,0.0383143,0.185022,0.969063,0.987924,0.230476,0.0123437,0.158535,0.237855,0.23555,0.278291,0.0504826,0.124876
0.053138,0.0665325,0.212296,3.97904,11.2378,5.76034,5.73683,4.44837,2.52553,2.91987,0.4052,0.306333,1.27664,1.44076,0.270961,0.137438,0.0570151,0.0561704,0.0780334,0.148122,0.0529056,0.167723
0.112061,0.108282,0.175999,6.09613,16.4372,5.95701,12.9167,8.68549,2.86396,3.14039,0.354723,0.278725,1.58801,1.62203,0.278819,0.193786,0.256093,0.305435,0.102013,0.00515482,0.0603577,0.139311
0.100364,0.122434,0.211174,6.06077,17.0573,7.80191,10.1428,8.27688,1.42551,0.673939,0.0126736,0.361876,0.990197,1.10305,0.29679,0.110386,0.337191,0.360844,0.238803,0.233825,0.217142,0.156127
0.0909115,0.0594718,0.254696,3.85695,10.3092,6.16162,0.629288,2.67245,5.19878,3.78393,0.171519,0.151281,2.15867,2.28277,0.596967,0.0807332,0.277309,0.251294,0.312316,0.349844,0.200089,0.121641
0.0977437,0.0156411,0.101566,0.388229,1.08112,4.81557,11.0384,6.69897,1.93606,1.90329,0.179814,0.187546,0.315624,0.444496,0.0888157,0.0849046,0.0260632,0.0264008,0.295483,0.450568,0.236415,0.10179
0.0447126,0.0101712,0.309381,3.17103,9.7248,1.32267,14.8995,13.2489,5.36599,2.98241,0.802891,0.620728,2.71976,2.78679,0.534137,0.183237,0.276684,0.347268,0.0766764,0.298292,0.119981,0.0381259
0.0314158,0.0762627,0.392461,6.00852,16.7769,8.03562,8.39827,8.96621,6.02339,4.24764,1.16065,0.128559,0.285854,0.32985,0.0330961,0.083335,0.311289,0.506876,0.143903,0.032983,0.0142644,0.0173531
0.118033,0.154453,0.335293,6.8707,18.0534,12.8852,4.54666,3.61925,1.002,0.693775,0.860994,0.228502,3.014,3.19235,0.811989,0.0327562,0.101701,0.346217,0.320642,0.27319,0.107978,0.0352075
0.12428,0.147448,0.293626,5.25475,13.473,14.2486,15.4797,12.1608,6.00486,3.35744,0.00270551,0.713519,1.17451,1.27003,0.287688,0.0999677,0.201125,0.165708,0.277565,0.519276,0.265509,0.115605
0.0607184,0.0485678,0.304251,1.57138,3.24149,6.82561,14.863,11.2193,4.06379,2.69288,0.0244816,1.0288,3.06802,3.42444,0.768804,0.148001,0.414703,0.609399,0.103297,0.50066,0.215479,0.129355
0.0112766,0.0577722,0.0372423,2.58105,6.40576,1.59079,5.81923,3.63482,1.29674,1.82394,1.0127,0.0600302,2.16509,2.26363,0.479072,0.112104,0.387514,0.603881,0.00325121,0.41195,0.336155,0.226997
0.0108377,0.167498,0.470318,5.96465,16.2544,14.4163,9.0082,5.74887,4.80547,4.75704,1.67746,0.209551,2.708,3.02564,0.583151,0.165984,0.0814277,0.0968755,0.0147012,0.0105879,0.0888123,0.233139
0.0407783,0.235361,0.568868,7.43709,18.4391,16.6174,16.5878,13.0559,4.44363,2.87495,1.36475,0.854538,3.02448,3.09691,0.625885,0.257085,0.303954,0.467798,0.000219952,0.268573,0.0914959,0.327194
0.00331707,0.277193,0.228374,6.47257,17.3134,17.1316,15.9893,10.9117,0.950391,2.54071,0.576272,1.00881,2.42023,2.56527,0.660934,0.159648,0.56862,0.578255,0.189453,0.655443,0.120985,0.247084
0.0335953,0.138332,0.0555986,3.14327,7.05179,3.35669,0.36528,1.35107,6.38498,4.74675,0.370206,0.109863,3.62696,3.77819,1.03685,0.231993,0.53438,0.341331,0.380433,0.658649,0.0171481,0.306745
0.0975967,0.0626779,0.0476812,1.49647,1.81667,3.92309,12.2306,11.6301,3.81495,0.526899,0.836287,0.137675,1.68961,1.70733,0.261245,0.329517,0.160912,0.0222714,0.352944,0.451566,0.0314422,0.265588
0.176081,0.156968,0.180425,5.4749,14.7317,17.4862,19.9044,10.6849,4.98092,5.46251,1.24624,1.0115,3.7699,4.0556,0.762007,0.330949,0.284412,0.402256,0.0807383,0.0173139,0.0767118,0.161727
0.187557,0.121084,0.585808,7.31533,17.9582,13.7135,10.4764,4.85108,6.41994,5.67445,1.25942,0.376787,0.514307,0.503624,0.320952,0.283303,0.339443,0.573978,0.132922,0.440179,0.200754,0.0577225
0.117952,0.0696841,0.613753,6.91328,20.8736,14.7122,0.770723,0.93963,2.33489,0.850729,0.620702,0.442093,3.89261,4.14608,1.14534,0.200346,0.163519,0.464637,0.338785,0.687863,0.189241,0.0306251
0.0207567,0.0753663,0.115865,4.47758,10.2963,1.6001,17.6442,8.74184,7.00641,5.90892,0.272722,0.394141,0.653368,0.82566,0.383761,0.325433,0.169427,0.0659627,0.351294,0.766404,0.343565,0.0671462
0.0414354,0.0101889,0.111475,0.299914,3.71936,0.683151,16.5469,14.3067,0.985923,3.25912,0.178576,0.899692,3.57098,3.86789,0.79802,0.408305,0.553854,0.617926,0.444683,0.346496,0.0986969,0.298448
0.0992009,0.1293,0.134431,4.07966,12.8923,14.576,10.8862,7.39644,4.95713,3.05899,0.631486,0.462673,2.03633,2.11908,0.281108,0.322694,0.647982,0.925053,0.369329,0.0387517,0.0418089,0.217684
0.133386,0.149738,0.159206,7.084,15.7644,4.07977,10.4519,6.41498,4.1803,5.32468,0.649327,0.937116,3.12997,3.37567,0.778154,0.018896,0.413092,0.537068,0.0728237,0.614813,0.544153,0.420868
0.114748,0.0657748,0.507022,7.34307,23.5556,13.115,14.4942,13.3576,0.402427,1.88934,0.123901,0.49735,3.28195,3.39957,0.7157,0.184584,0.23276,0.426269,0.69748,0.760868,0.406954,0.364475
0.00115955,0.067113,0.429859,5.53986,13.0607,1.16257,17.8744,10.9558,3.93817,3.90934,1.17712,0.495953,2.46348,2.75701,0.697635,0.121908,0.715706,1.06396,0.976856,0.846151,0.612974,0.420722
0.0822945,0.0411749,0.00300597,2.3634,9.55078,8.98336,0.304733,4.46872,6.64412,5.86113,1.32617,0.908748,4.30079,4.43648,1.02315,0.0741007,0.702074,0.82822,0.6095,0.408159,0.356705,0.338768
0.0245515,0.0521111,0.389498,1.69425,9.41619,6.83774,7.06064,5.42375,2.02792,1.26264,0.875784,0.866001,1.67335,1.85619,0.22867,0.452582,0.276456,0.0182301,0.152995,0.114212,0.128933,0.333271
0.0731282,0.0400287,0.166522,5.59362,12.1753,3.23422,21.7193,16.4649,8.36779,4.64038,0.608326,0.220562,5.25479,5.27558,0.855465,0.574753,0.310538,0.694072,0.702627,0.503935,0.0343126,0.308003
0.107551,0.163882,0.145148,7.59529,23.954,15.5311,10.2105,14.6466,8.94482,4.14259,0.876883,0.630502,1.05528,0.986302,0.483597,0.363554,0.354831,0.76439,0.72144,0.896646,0.369957,0.0953765
0.108731,0.0999737,0.454497,6.83003,14.7528,4.96071,2.40503,1.84141,3.58533,2.93678,1.57934,1.64509,5.43534,5.59348,1.45505,0.289347,0.0936899,0.469597,0.541395,0.68156,0.10831,0.144081
0.059472,0.0688115,0.574193,3.95001,14.0829,18.7215,18.223,14.5867,10.7962,7.15919,2.29827,0.476506,0.153263,0.0315902,0.302195,0.558602,0.271049,0.04538,0.243211,0.533883,0.424091,0.156434
0.0663673,0.02254,0.0627663,0.01215,4.86588,1.45502,14.9297,13.0062,3.45485,3.52333,2.4357,0.35713,5.40368,5.6528,0.902001,0.68543,0.574799,0.400763,0.0419714,0.192586,0.162715,0.148198
0.0208395,0.00544895,0.429781,3.83493,7.70162,3.64246,14.1836,5.44376,5.08767,2.85168,1.41411,0.831369,0.457459,0.630239,0.0743442,0.555557,0.844362,0.776528,0.597169,0.53995,0.086389,0.396131
0.0996056,0.200198,0.362427,7.16528,22.1266,20.4655,7.10168,1.84351,5.0742,4.44262,0.874984,2.17304,5.1026,5.34359,1.29668,0.283096,0.620456,0.718824,0.997585,1.03287,0.242621,0.330277
0.204429,0.21189,0.209759,7.98753,16.1255,11.7115,13.7901,10.9947,1.72629,0.0709594,1.531,0.760275,1.26438,1.37231,0.61531,0.236303,0.0433897,0.0104145,0.648187,0.730928,0.02598,0.469226
0.133975,0.156968,0.389767,5.82301,18.1835,22.686,23.5639,15.0452,1.31776,5.23391,2.4546,0.0435405,4.31403,4.50507,0.879374,0.225689,0.569555,0.797786,0.0643223,0.294715,0.204049,0.46952
0.0695487,0.0384995,0.436932,1.78488,1.8288,0.114672,6.23248,5.16705,5.45547,6.44026,2.11106,0.660258,1.62702,1.93013,0.507191,0.00844589,0.726765,1.14935,0.705382,0.210656,0.214023,0.323248
0.0569759,0.00640971,0.165591,2.13081,2.40629,0.256293,4.61848,7.99973,3.51261,1.03473,0.914793,1.06326,3.23767,3.4404,0.67745,0.263292,0.234411,0.453447,0.7282,0.884603,0.636842,0.409545
0.118375,0.0510414,0.75756,5.5771,17.9171,21.672,21.5069,11.0338,5.31379,5.48582,0.120127,0.148734,2.15063,2.44015,0.425845,0.339,0.352231,0.672028,0.2619,0.744456,0.194816,0.102301
0.104736,0.187819,0.573789,7.55953,16.6975,13.4422,15.1538,7.54654,7.31239,5.09447,0.0878259,0.280198,2.16666,2.28233,0.723728,0.273195,0.569654,1.16683,0.0327492,0.825766,0.555472,0.178128
0.0687712,0.244598,0.0804751,7.40133,20.8151,18.9589,9.83542,6.24208,3.75065,1.90136,0.219768,0.408309,2.6459,2.84788,1.00009,0.395632,0.236338,0.682691,0.10996,0.0598337,0.159741,0.0950136
0.0318246,0.14099,0.0198556,4.23762,9.01101,0.0631235,10.032,1.85471,9.13232,6.30813,0.335607,0.0553208,1.10662,1.08911,0.152073,0.729076,0.483325,0.394988,0.0457584,0.209162,0.0188316,0.0145518
0.0801345,0.110688,0.163873,0.136524,2.67169,2.10476,16.771,13.7601,0.788549,2.60148,0.226461,0.886813,3.01455,3.28165,0.450401,0.719351,0.793344,0.819645,0.177751,0.845227,0.545971,0.311914
0.0737108,0.10342,0.262305,3.93751,11.2251,14.9714,18.6749,15.3355,7.38054,3.80623,1.45015,0.401085,0.104009,0.101686,0.376097,0.62913,0.823127,0.585454,0.439024,0.838203,0.39742,0.269785
0.0749964,0.0759239,0.74782,6.17865,15.7674,10.5963,3.17404,1.9149,4.7553,6.153,2.43073,0.298492,3.50671,3.70474,1.07514,0.489278,0.471587,0.0424281,0.475959,0.572053,0.356574,0.285829
0.092818,0.0893052,0.531843,7.15464,20.5645,11.096,9.12569,9.02833,0.21446,2.60594,1.92042,0.783272,0.52213,0.501788,0.279453,0.326405,0.0878618,0.354623,0.0947401,0.0506488,0.295388,0.423189
0.0587594,0.122734,0.0884082,5.95853,15.3638,2.78345,17.0478,11.3428,3.39459,2.61421,1.00695,1.84226,3.7421,3.92958,0.625602,0.296107,0.48718,0.51581,0.333915,0.629332,0.103551,0.30837
0.022036,0.00774605,0.0406024,2.37052,6.71239,0.735554,13.9176,11.9215,7.10883,4.15407,1.09859,0.746482,1.15478,0.979786,0.107966,0.200312,0.316005,0.406455,0.408228,0.655485,0.1242,0.365882
0.134799,0.270238,0.402389,1.97806,3.95156,2.7362,2.26293,4.63741,4.11452,0.149425,2.18397,0.211004,3.83865,3.88686,0.754015,0.187368,0.0750243,0.192018,0.314699,0.767574,0.31789,0.176244
0.0704319,0.222816,0.0703484,5.10824,14.3081,6.13184,10.4038,10.4545,6.80874,6.02396,3.03455,1.28946,1.34798,1.28508,0.156478,0.213336,0.298097,0.351511,0.213781,0.191348,0.0959879,0.223721
0.0266945,0.0652847,0.521891,6.50043,17.4603,3.99425,18.3878,17.94,9.94221,5.84521,2.30164,1.43885,3.62343,3.59989,0.933941,0.155629,0.381238,0.754328,0.12689,0.0516695,0.114952,0.0764063
0.0715916,0.0502082,0.52989,6.4149,19.4406,10.0467,10.3025,7.77105,1.29051,0.196473,1.7831,0.63393,1.07757,1.2222,0.549571,0.402457,0.116444,0.606147,0.018289,0.560676,0.250662,0.0638001
0.13304,0.0904228,0.0337519,4.72735,9.88296,3.75903,0.662529,4.99438,9.05352,4.53147,1.2019,0.28765,3.12509,3.10668,0.362854,0.658797,0.313462,0.122631,0.406968,0.623611,0.0851285,0.181647
0.0980872,0.0932444,0.124016,1.51565,4.73329,10.1737,13.9398,7.86667,2.89305,2.05712,0.823268,0.920927,0.990791,1.19872,0.081153,0.679465,0.819447,0.876372,0.705792,0.482072,0.0399919,0.250455
0.0289938,0.0641112,0.180673,2.79719,10.2092,3.92861,14.0245,9.41414,3.53719,3.29658,1.36612,1.27432,2.7083,2.63697,0.777616,0.479292,0.743378,0.815067,0.483348,0.202604,0.0238787,0.206199
0.101731,0.145941,0.0354498,5.75089,11.9004,0.0459809,14.3166,9.57084,2.46045,4.99997,1.54412,0.174168,0.780265,1.04969,0.511439,0.419691,0.289818,0.116298,0.113332,0.302632,0.366426,0.311451
0.121458,0.0924276,0.593282,6.70612,21.0524,18.067,4.60532,0.16142,1.40342,2.12472,0.813341,0.397996,1.98425,1.93753,0.149804,0.393551,0.175123,0.605667,0.613389,0.408069,0.175452,0.228375
0.104686,0.0520939,0.64228,5.79861,12.1396,7.94528,11.345,11.7359,0.788347,2.41938,0.408409,0.0983996,0.607744,0.886058,0.0910969,0.275844,0.33816,0.736306,0.679037,0.660006,0.492399,0.291087
0.109242,0.159093,0.0349382,3.83227,12.1567,17.3948,19.5949,10.5738,3.69651,4.72859,0.82149,0.211687,1.06786,1.01369,0.28181,0.0925611,0.141482,0.245015,0.235023,0.260379,0.0897162,0.0664045
0.0743915,0.066216,0.381337,0.442189,4.14928,4.25279,4.79346,2.28008,4.67623,2.66604,0.802949,0.412006,0.673276,0.880163,0.234766,0.00870874,0.153973,0.322061,0.198245,0.077565,0.205566,0.166488
0.13626,0.0455016,0.0502468,3.58082,5.39125,0.252148,0.0426448,0.891374,3.70863,2.50752,0.74537,0.618639,0.320012,0.404522,0.178207,0.108194,0.241465,0.462136,0.340155,0.309767,0.143584,0.0606788
0.153619,0.226909,0.0208254,6.30596,18.9496,21.596,16.1315,4.27228,6.9182,3.99415,0.964641,0.510686,0.92953,1.06547,0.427091,0.151775,0.26479,0.376188,0.330519,0.430423,0.161348,0.000307736
0.0907139,0.137601,0.466253,6.25021,12.0824,7.6939,11.8823,11.7296,1.96062,0.397852,1.31341,0.547965,0.0181073,0.0397685,0.156701,0.299933,0.0701675,0.0980219,0.282127,0.427695,0.194692,0.0695531
0.0344431,0.0520546,0.705742,4.75086,16.7946,18.363,12.2238,9.31661,7.40394,4.69458,1.99771,0.836094,1.12578,1.16402,0.0877663,0.426593,0.321268,0.146059,0.150607,0.260341,0.215367,0.1326
0.0510868,0.0759286,0.0933374,2.30601,2.27522,4.61448,7.65248,3.80131,1.83895,4.05367,2.28466,0.642997,0.264101,0.268555,0.187412,0.438014,0.447952,0.279315,0.0629539,0.0940971,0.0302364,0.140549
0.0239984,0.0355222,0.47429,0.667648,1.10244,0.519898,10.472,11.7572,3.49635,0.175476,1.65964,0.6032,1.31081,1.32639,0.525605,0.411576,0.43102,0.359231,0.388785,0.276933,0.0731653,0.254675
0.128375,0.0751101,0.356606,4.17476,13.537,18.0824,16.8866,8.4246,2.76703,2.18499,0.807311,0.840778,0.255914,0.397288,0.244514,0.375649,0.183963,0.158057,0.411128,0.480064,0.109882,0.141205
0.0897035,0.238696,0.0718008,6.18592,11.9317,6.34944,4.47207,4.55349,2.57121,1.5129,0.943179,1.03454,1.44815,1.49012,0.0619153,0.322299,0.122803,0.270123,0.0954116,0.213438,0.0611058,0.168212
0.0389914,0.142725,0.237353,5.79431,18.1496,13.6587,0.418927,0.684826,1.08178,1.39873,1.57265,0.509123,0.259017,0.302122,0.0584648,0.231355,0.132211,0.40407,0.109091,0.111648,0.0448657,0.0505816
0.014481,0.0694422,0.58997,3.63694,8.53247,2.23252,14.5254,10.2885,5.07762,4.03094,1.69936,0.0641575,1.52107,1.52598,0.302425,0.0194906,0.135992,0.36341,0.348977,0.277036,0.196186,0.0669579
0.0323063,0.0503637,0.221226,1.22092,6.08528,2.03106,11.7591,13.2305,6.07017,2.61784,0.977142,0.348145,0.121506,0.160975,0.110872,0.0443704,0.136477,0.132575,0.162242,0.287691,0.0584156,0.00211894
0.0142545,0.0046165,0.401556,1.47041,6.12178,8.47954,7.5218,2.60392,2.36476,1.63608,0.205385,0.508998,1.38103,1.37702,0.346537,0.0494308,0.237975,0.479934,0.0533677,0.255173,0.0609457,0.074047
0.0259638,0.0704993,0.29882,4.10698,10.0012,3.38437,5.6623,7.03508,6.63388,3.49719,0.152333,0.190918,0.0202721,0.00789955,0.109552,0.129456,0.138523,0.289002,0.0612391,0.308828,0.176649,0.00956389
0.1038,0.119159,0.0599079,5.61019,15.3796,6.83451,9.8274,7.40706,0.85403,0.815862,0.188271,0.220213,1.28447,1.21436,0.152861,0.23251,0.120864,0.0846954,0.0334883,0.0668341,0.128716,0.0820861
0.050264,0.101667,0.0789028,5.10822,13.1342,3.81836,10.9459,5.67347,3.50921,2.24043,0.107837,0.21237,0.174159,0.0756788,0.167683,0.306006,0.307796,0.264271,0.0991808,0.254379,0.0430094,0.0466283
0.0017085,0.00718969,0.490977,3.03428,8.81186,4.28269,4.68377,4.38944,1.29849,2.39257,0.0198781,0.0443889,0.923716,0.813105,0.329399,0.301248,0.29964,0.240655,0.0328339,0.373599,0.388383,0.292278
0.0372252,0.0283609,0.22593,0.727645,2.15974,3.32194,4.70618,2.46219,0.148346,0.201989,0.548974,0.184086,0.316595,0.165505,0.205986,0.381401,0.21207,0.010913,0.183912,0.150036,0.0371543,0.0659868
0.0321645,0.0518287,0.400022,1.66194,6.28517,1.43867,10.4674,9.48295,0.413822,2.2838,1.09935,0.414544,0.540108,0.572594,0.0545561,0.240519,0.055478,0.152877,0.111594,0.0573887,0.118967,0.190486
0.088855,0.0943219,0.389181,3.82868,9.98158,1.57483,10.9007,7.01414,1.75125,2.88415,1.2246,0.42585,0.231785,0.196702,0.150903,0.145562,0.183145,0.327104,0.021262,0.155444,0.0549956,0.025865
0.0873163,0.125138,0.00466003,5.29344,14.8803,9.9435,1.39034,0.56946,1.74677,0.777121,0.900764,0.40779,0.366709,0.391382,0.211447,0.146594,0.0463627,0.149019,0.0535148,0.0924897,0.0123217,0.0559829
0.0390666,0.169908,0.0813191,4.82741,9.71779,5.53094,3.67768,2.35467,2.61275,1.75251,0.870419,0.530786,0.111938,0.035703,0.0220535,0.00112091,0.0175392,0.027413,0.0822364,0.17207,0.0767005,0.0281493
0.0392638,0.0403089,0.415424,2.57812,8.71007,11.5691,11.612,4.62947,3.11364,1.54566,0.948631,0.492494,0.144394,0.219407,0.100806,0.0051875,0.0455969,0.0298214,0.146736,0.255746,0.111187,0.00224446
0.041405,0.0136522,0.277234,0.0218833,2.12875,1.08569,7.21588,7.90568,2.73409,1.33049,0.963045,0.360575,0.12711,0.166643,0.0683577,0.175039,0.415842,0.20491,0.0475382,0.0673774,0.0636745,0.0636149
0.0170003,0.00512467,0.307052,1.82864,3.31007,1.78617,5.11261,5.10941,5.68807,3.52652,1.15658,0.383959,0.0148784,0.0061901,0.119882,0.299852,0.350169,0.154727,0.0549024,0.00338816,0.172042,0.116229
0.216146,0.136205,0.625396,3.51647,12.4271,12.917,7.6973,3.07107,1.67092,2.1574,0.822342,0.324553,0.196833,0.234507,0.00560227,0.0840111,0.105737,0.128957,0.123069,0.177305,0.158876,0.026622
0.0787787,0.13203,0.085346,4.67753,8.65475,5.33552,7.46429,7.13168,1.29989,0.0210863,0.457911,0.387171,0.110308,0.152332,0.161259,0.297459,0.255221,0.200253,0.184954,0.0832051,0.00595865,0.0937192
0.162142,0.099498,0.0242156,4.18537,12.111,13.6568,10.0271,3.86951,0.0992114,0.657747,0.130167,0.19729,0.519883,0.563247,0.390702,0.217453,0.196167,0.272377,0.205678,0.0700303,0.0677569,0.160385
0.0972446,0.0379791,0.252596,1.8751,2.53667,0.836802,0.289635,0.569893,0.223587,0.330354,0.0310226,0.0659315,0.12952,0.0403309,0.202629,0.263142,0.0591179,0.0196778,0.102734,0.244121,0.0861174,0.149184
0.0332483,0.12314,0.321492,0.521972,2.02247,2.70249,2.10468,2.32344,0.429706,0.930638,0.208331,0.0532185,0.409132,0.292311,0.115812,0.59546,0.637038,0.142571,0.0398328,0.0281394,0.170671,0.406319
0.0285229,0.0489662,0.287245,2.16029,8.05874,11.2379,10.6386,6.32398,2.37425,1.28497,0.07441,0.0264213,0.349884,0.22919,0.0143987,0.571847,1.0602,0.557888,0.0450163,0.0257643,0.10838,0.234355
0.0119162,0.0029774,0.582592,3.17132,6.56492,3.61647,5.48987,6.59316,2.12081,0.104301,0.32554,0.286589,0.362629,0.409491,0.194258,0.679934,1.31337,0.754837,0.179434,0.510887,0.335278,0.0981159
0.0254011,0.101564,0.249976,3.77014,11.9296,10.7798,3.42262,0.489377,2.50723,1.97579,0.586518,0.227748,0.234053,0.239433,0.0175777,0.379695,1.02517,0.512231,0.0113553,0.0265315,0.130173,0.173605
0.0379894,0.108886,0.171164,3.25061,5.96689,0.427831,6.6499,5.99997,4.56523,2.4871,0.604579,0.0618306,0.455124,0.524839,0.189749,0.393255,0.999262,0.607138,0.067075,0.0305935,0.0907094,0.151598
0.0401832,0.00466477,0.0285198,1.3716,5.69147,3.28554,5.77443,5.71539,1.4295,0.882885,0.545557,0.145696,0.131072,0.161999,0.142998,0.304745,0.831743,0.420729,0.181079,0.235686,0.0753962,0.109279
0.0421046,0.0763907,0.196504,0.835022,3.06617,6.27522,7.30412,3.2241,0.850829,0.452826,0.455992,0.267034,0.31466,0.20568,0.219691,0.101031,0.724842,0.538939,0.269166,0.342565,0.277594,0.189621
0.056294,0.0330765,0.0939948,2.20117,4.4218,1.20159,0.371148,1.17429,0.457163,0.0646558,0.46775,0.355517,0.288933,0.303253,0.013796,0.0568728,0.0779285,0.0892489,0.127017,0.285406,0.31891,0.0678103
0.0451362,0.0305697,0.448359,2.95758,9.82632,6.14079,3.3275,2.72574,0.870432,0.867898,0.629353,0.222119,0.405517,0.50172,0.17007,0.0851875,0.521575,0.470749,0.111231,0.240956,0.136848,0.207194
0.00835182,0.0370411,0.223992,3.19247,7.82807,1.32575,7.97813,6.0447,0.682663,0.816051,0.645407,0.178336,0.208836,0.104448,0.243127,0.317227,0.0695753,0.13135,0.134281,0.15172,0.0622561,0.0827962
0.0634989,0.0878119,0.206185,2.71711,7.13459,3.65415,4.06339,3.8606,0.800659,0.0991119,0.569016,0.385131,0.262754,0.278735,0.0604052,0.0548728,0.0891349,0.207763,0.295069,0.27475,0.111949,0.0121669
0.0492091,0.0318203,0.0735385,0.943196,1.82823,0.585381,0.481512,1.3623,0.46727,1.06635,0.242701,0.201298,0.0267743,0.111148,0.0824632,0.285398,0.309698,0.0368614,0.172498,0.120805,0.208836,0.1517
0.0441253,0.0531336,0.222205,1.0224,2.11225,0.596821,5.1138,3.3164,1.56809,1.76147,0.17688,0.259909,0.208741,0.217062,0.209599,0.181891,0.870028,0.634349,0.0460027,0.24254,0.392906,0.480278
0.0627255,0.0338254,0.0321826,2.29427,6.02753,1.74297,5.77333,4.0642,0.292863,0.516724,0.145039,0.0273884,0.298289,0.215678,0.0732882,0.645135,1.41472,0.815121,0.0172239,0.236991,0.266031,0.172478
0.0306393,0.00669831,0.41345,2.72272,8.14969,4.16686,3.50743,4.91272,4.06262,1.94546,0.156576,0.0135233,0.00417138,0.0358073,0.0674088,0.507072,1.10511,0.578097,0.251186,0.203715,0.0632373,0.00246007
0.0723347,0.0295408,0.3491,2.76887,7.21795,4.57553,0.750268,3.01207,7.04041,4.01233,0.288156,0.0429547,0.335168,0.365748,0.102129,0.357697,0.690136,0.403808,0.0152461,0.00228598,0.212196,0.407996
0.0498029,0.0912504,0.0915227,2.30961,5.74927,5.82165,5.74161,1.38285,5.90076,4.31169,0.320188,0.142887,0.293947,0.233759,0.0403322,0.429266,0.360777,0.347082,0.56161,0.140892,0.203728,0.229659
0.0708385,0.03936,0.177974,0.823316,0.603792,1.27838,5.27073,2.79483,3.86058,2.97474,0.20939,0.083225,0.349762,0.543152,0.258395,0.595149,1.24302,0.509697,0.0150544,0.422063,0.357113,0.0680387
0.030683,0.0545569,0.119802,1.14893,2.21466,0.556686,3.46491,0.425708,2.75654,1.21886,0.308693,0.281908,0.222577,0.0763572,0.0164141,0.797113,2.0879,1.74365,0.370183,0.135665,0.101944,0.160986
0.0896786,0.0794389,0.116819,2.44046,6.70531,5.90674,2.74703,1.96242,0.91185,0.121664,0.232705,0.106917,0.249504,0.335843,0.257205,0.0651829,0.367744,0.111995,0.06274,0.126727,0.194582,0.0177942
0.0158425,0.0805702,0.282686,2.44674,5.62069,4.03339,3.92335,2.46131,1.30048,1.27163,0.228477,0.0463605,0.0839201,0.0215955,0.131745,0.0815381,0.598714,0.868246,0.209333,0.233965,0.290705,0.12458
0.0433055,0.00678437,0.381065,2.14629,7.21262,7.91537,6.05918,3.2659,0.0213122,0.607632,0.35973,0.209108,0.0181455,0.0816161,0.206971,0.103163,0.0174469,0.0510145,0.170901,0.250651,0.176848,0.0132523
0.111295,0.0406643,0.0223298,1.45817,1.99637,0.114977,1.03597,3.27037,3.32094,1.39259,0.233282,0.0316211,0.258796,0.230249,0.0383731,0.0218567,0.521447,0.772459,0.28786,0.0295477,0.0732123,0.124627
0.028597,0.068511,0.198413,0.0987225,1.38339,2.33464,0.421753,0.35128,4.58758,3.04376,0.0691361,0.164199,0.215718,0.386008,0.0231563,0.29431,1.49546,1.56037,0.508443,0.0354407,0.038017,0.315602
0.125029,0.0119266,0.0175877,1.65164,5.64181,7.22356,6.4333,2.43959,3.30174,2.82853,0.0295862,0.225818,0.0574779,0.256089,0.353089,0.137939,0.241864,0.307041,0.0978839,0.116742,0.0822064,0.0745641
0.116952,0.110305,0.159335,2.62933,4.59089,2.5711,3.43338,2.56604,1.15416,0.679,0.393448,0.272753,0.219795,0.155318,0.178567,0.170632,2.02468,2.59155,0.771838,0.0415631,0.0282382,0.178884
0.11791,0.00046665,0.204883,2.33126,7.74858,7.6369,2.75503,0.123719,0.927432,1.67034,0.576133,0.0496413,0.312671,0.376395,0.223312,0.0424118,1.20175,1.91497,0.927882,0.211409,0.138035,0.217935
0.0566704,0.0555045,0.344451,1.50267,2.94127,1.0655,4.06017,1.50111,2.35902,2.66147,0.637802,0.0571878,0.28715,0.262905,0.0299417,0.103059,0.00906261,0.183707,0.0868093,0.485419,0.449709,0.161007
0.11845,0.0976348,0.0727285,0.555805,3.31291,2.61828,2.99331,3.3279,0.0916271,0.589382,0.369748,0.321933,0.336437,0.00604106,0.0100714,0.170926,2.12236,3.00331,1.23899,0.323186,0.530129,0.214027
0.00940846,0.0331615,0.295785,0.568775,3.43329,5.71809,5.61234,5.40054,5.55217,2.84029,0.00244723,0.206046,0.0362182,0.0508312,0.196808,0.701786,2.41768,2.41879,0.506155,0.00262463,0.0296213,0.0985074
0.0215787,0.0696925,0.0725528,1.79459,3.03652,0.0742809,0.960424,3.60034,7.93131,4.78048,0.319514,0.117796,0.2301,0.0336878,0.0107233,0.213397,1.42445,1.67788,0.286637,0.184948,0.137605,0.235102
0.0788475,0.0841478,0.0958575,2.43241,7.79119,6.19224,1.57361,0.0281197,6.51124,4.38334,0.234714,0.112782,0.0271602,0.344511,0.230363,0.538884,3.07217,3.65566,1.04041,0.22795,0.413154,0.152499
0.0709943,0.0144388,0.123843,2.04657,3.94844,1.35478,6.21292,1.73595,3.58331,2.31596,0.0702433,0.391453,0.490149,0.418504,0.187113,0.443136,1.57102,1.88528,0.631297,0.658673,1.01504,0.464012
0.0847461,0.0175002,0.307194,1.14675,5.20355,4.13457,1.51932,1.14085,0.303394,0.952315,0.475683,0.238986,0.145165,0.348727,0.263912,0.43265,2.52905,2.98041,0.92388,0.0487774,0.0976379,0.204501
0.102017,0.024695,0.0743407,0.0543405,1.54307,3.02395,1.10299,0.928888,0.274317,1.21599,0.224495,0.079912,0.474611,0.311591,0.284041,0.759544,4.00454,4.16374,0.628634,0.47666,0.133684,0.154936
0.0458669,0.0516492,0.149381,0.967446,1.604,2.3197,4.99382,3.29941,2.06532,1.15303,0.191348,0.0137447,0.0526314,0.317696,0.438931,0.893127,1.83845,1.36462,0.130309,0.0254944,0.233338,0.0775614
0.00741447,0.0498718,0.122505,1.90484,6.93614,4.83717,2.81673,5.02813,4.97045,3.21836,0.566466,0.435643,0.605679,0.385557,0.437993,0.196742,3.28425,4.07504,1.0484,0.270384,0.283847,0.348074
0.02988,0.120168,0.105436,2.38422,4.59014,0.275702,3.85699,4.41212,5.18288,3.29155,0.640285,0.268251,0.339556,0.1202,0.24945,0.0911428,1.89888,2.21801,0.662789,0.0200026,0.0595204,0.0231036
0.0226851,0.0752307,0.0200331,1.69748,5.79468,6.01926,2.65645,1.08813,0.866136,0.339948,0.428498,0.546764,0.155083,0.0221252,0.124313,0.652192,3.41136,3.32218,0.349465,0.646323,0.567941,0.304053
0.0116767,0.0138499,0.280391,0.263328,0.204155,0.465093,2.71552,5.24007,6.38387,4.04193,0.172304,0.0697015,0.444332,0.121891,0.0148738,0.788673,2.95333,3.16238,1.13986,0.0973215,0.160582,0.225707
0.0346821,0.0366059,0.0845642,1.02196,1.49455,2.0569,4.711,4.05037,5.96004,4.98152,0.608794,0.283201,0.0274874,0.383469,0.302698,0.203722,1.62752,1.92805,0.617584,0.00139842,0.125955,0.00140409
0.0415052,0.0163665,0.461742,1.68315,6.60371,5.27534,0.0639682,0.315526,0.123003,0.19055,0.328886,0.197695,0.0688469,0.133061,0.21397,0.10831,2.37381,2.98419,0.503946,1.04665,0.771736,0.0470311
0.107854,0.115126,0.271088,2.32159,5.22542,2.7493,1.0329,3.24911,6.66258,5.37629,1.03605,0.290597,0.740756,0.878818,0.470856,0.754585,2.16808,2.18463,0.486467,0.295104,0.197221,0.72239
0.0517865,0.191624,0.128024,2.36411,6.46311,7.25414,5.28006,5.5866,9.3393,7.22427,1.3308,0.101401,0.0471947,0.159176,0.392758,0.476101,3.29846,3.5716,1.12933,0.37997,0.00823879,0.356063
0.0176529,0.0407452,0.0514875,1.06498,1.42257,0.940364,2.86238,5.09663,5.74975,3.5883,0.925173,0.525709,0.222114,0.0475538,0.237072,0.129153,2.44424,3.43844,1.35615,0.480807,0.0158096,0.293396
0.173208,0.0464174,0.201656,1.00232,0.963383,0.519348,0.905613,0.176343,2.25565,2.20824,0.162242,0.221577,0.156633,0.139119,0.258351,0.103089,0.976824,0.545943,1.18364,1.26211,0.476742,0.207884
0.0735858,0.0811876,0.0361425,2.08663,6.07648,6.32102,4.50207,4.88062,6.71922,4.38099,0.20164,0.117221,0.754838,0.829039,0.464423,0.97343,4.11554,4.61608,1.58141,0.217164,0.254986,0.224823
0.0507302,0.00543835,0.367059,2.5158,6.07882,4.71704,4.44922,4.61451,3.58052,1.83061,0.550614,0.344796,0.00757005,0.198012,0.025501,0.0562932,0.0124268,0.262322,0.325911,0.239643,0.542857,0.19917
0.0046736,0.0973757,0.212569,2.38314,7.34313,6.94313,4.03158,1.02501,2.21518,2.03443,0.931985,0.716532,0.621787,0.344814,0.375268,0.260662,3.89909,4.52053,0.949808,0.208648,0.956543,0.455641
0.0122871,0.113526,0.140705,1.54181,3.09864,0.477379,1.95528,2.2634,4.07227,3.51681,1.06119,0.535036,0.561654,0.0413992,0.164305,0.6124,2.97776,3.3905,1.139,0.0987588,0.655357,0.530679
0.0347941,0.0140588,0.133706,0.0336879,0.529401,0.567676,3.97952,3.11475,1.14798,1.06212,0.379535,0.172585,0.833791,0.960346,0.021592,0.141729,3.28754,4.31004,1.76045,0.235945,0.441791,0.0582046
0.0171622,0.142649,0.0956022,2.03492,5.26624,5.71163,5.61955,3.63409,0.0260007,0.357096,0.141277,0.280716,0.23321,0.343933,0.0978757,0.494206,5.11445,5.79882,1.76962,0.570409,0.0327825,0.896347
0.161215,0.012987,0.0281879,3.35376,7.79775,4.96705,1.9756,2.32052,0.303446,0.73817,0.115878,0.393573,0.365319,0.0804159,0.482409,0.493654,0.985619,1.80621,0.215099,1.17005,1.03032,0.215072
0.150447,0.0415302,0.48507,2.60882,8.5004,5.0099,2.32527,2.51893,0.817228,0.0158089,0.540457,0.301414,0.069244,0.330263,0.130976,1.13963,7.24533,8.91011,3.31212,0.759072,0.228706,0.476498
0.20363,0.163537,0.387648,1.61256,5.26639,1.40514,6.26102,6.13987,2.64136,0.837962,0.152339,0.268363,0.217872,0.0292805,0.326868,0.284713,2.60172,2.94818,0.510344,0.0266803,0.100089,0.59297
0.166656,0.154862,0.266033,0.411974,0.767301,1.40047,4.93106,3.15666,0.583228,0.367791,0.274638,0.43732,0.505036,0.318277,0.510177,0.484755,5.55997,6.38024,1.71863,0.401764,0.502166,0.0483885
0.00962698,0.0874118,0.21454,1.64677,4.69463,2.96251,0.0969835,1.11969,1.45982,0.255648,0.0881037,0.461273,0.81582,0.1935,0.271233,1.29019,5.4223,6.24042,2.44248,0.348993,0.414929,0.597524
0.0512862,0.143685,0.16602,3.65154,9.52576,4.72808,4.1777,4.40811,3.27497,1.94398,0.0717351,0.0632487,0.00273404,0.501724,0.202222,1.05718,4.40227,4.70983,1.82603,0.40343,0.437966,0.702417
0.133702,0.0168948,0.0109208,4.00238,10.0855,3.4987,6.64711,6.75114,6.2607,4.19508,0.152749,0.202335,0.145072,0.550891,0.733702,1.23755,5.2272,5.69692,1.45155,0.443318,0.204473,0.57961
0.0687079,0.0657641,0.409814,2.43888,8.18639,5.03957,3.29852,6.39917,6.00024,2.47408,0.348576,0.439662,1.53649,1.55951,0.81866,0.157147,0.927163,1.13501,0.386711,0.282355,0.71568,0.743465
0.0133336,0.0197473,0.240126,0.460489,1.31897,1.27918,1.66701,0.766712,0.0447074,0.619651,0.897812,1.08612,0.8489,0.897955,0.355357,1.62762,7.29837,7.87166,2.28271,0.215826,0.210919,0.413776
0.0393167,0.0248771,0.30339,1.52844,4.77047,0.242303,7.49057,7.7572,5.98053,3.81028,0.342222,0.438106,0.475866,0.619457,0.15565,0.400162,0.133107,1.0249,0.092763,0.790643,0.00754246,0.478936
0.0456226,0.0386723,0.283899,3.76198,11.1869,5.7447,6.20762,6.59163,3.30642,2.15228,0.592591,0.264153,0.863718,0.67407,0.393035,0.545236,3.6036,6.03099,2.44248,0.793618,0.811615,0.110422
0.0680166,0.106364,0.102255,4.64447,11.5322,6.00083,1.72333,0.979342,4.09318,1.97064,0.395767,0.10133,1.44501,1.11377,0.377059,1.59679,8.00839,8.58506,2.27812,0.1205,0.123529,0.702102
0.0503542,0.208709,0.0639993,3.54884,9.94669,9.7355,6.99015,6.26257,6.48678,4.41041,0.506132,0.35692,0.810184,0.95287,0.252787,0.948492,3.21944,3.28054,0.774266,0.35422,0.123751,0.140444
0.0547931,0.0653399,0.16975,1.01832,1.47524,2.88238,7.96649,5.53517,1.03181,0.815247,0.703383,0.903898,1.28697,1.47168,0.444659,1.83216,9.12998,10.526,2.87682,0.0332237,0.0498614,0.549548
0.157135,0.130483,0.126456,2.19929,4.07565,1.23108,7.42338,3.48854,3.09804,2.99797,1.12773,0.0855964,1.85209,2.08381,0.390682,1.1912,3.83339,4.66024,2.18089,0.557419,0.0594777,0.113512
0.0120723,0.102143,0.462674,4.41794,13.5261,12.0159,3.89545,1.07539,3.96672,4.81849,1.61207,0.0171551,0.786351,0.838974,0.872395,0.434556,6.87837,8.58932,2.80478,0.0254238,0.577953,0.952474
0.0603308,0.117181,0.697128,5.28184,12.9457,9.56149,8.80268,8.66521,4.4445,3.20257,2.02865,1.33169,2.19137,1.9357,0.778324,1.1625,8.46729,9.97812,2.63599,0.0558036,0.361398,0.0339376
0.157988,0.143727,0.0982891,4.98843,13.9904,15.6368,14.5851,10.9783,2.29297,0.311782,1.38866,1.0879,0.758788,0.380639,0.0975934,0.118536,2.80272,4.51965,2.04655,0.269915,0.0986768,0.214052
0.119242,0.0139703,0.0404917,1.75436,1.86221,0.771938,1.31193,1.42907,3.37989,2.6579,0.621372,0.0592611,2.47599,2.28733,0.96135,2.67655,13.8971,15.1787,3.88347,0.0559629,0.25176,0.443329
0.0122327,0.196536,0.345792,2.60335,2.91004,1.16022,5.92148,7.27731,2.15021,0.533599,1.34794,0.560074,0.348744,0.201483,0.261884,0.28561,2.93561,3.4421,1.39035,0.817476,0.114685,0.671295
0.0156554,0.244419,0.106373,5.44343,15.8412,18.3298,17.0484,8.43147,3.61766,4.18984,1.30318,0.391391,1.702,2.24062,1.01071,1.79861,12.0643,14.1531,3.58596,0.48056,0.533772,0.784101
0.290232,0.280244,1.09024,6.06584,14.1522,8.97418,7.00013,3.13026,5.01016,3.95139,2.03414,0.931378,0.92326,0.633116,0.00700847,2.59217,12.1075,13.132,3.41087,0.00598556,0.0675603,0.261452
0.532436,0.520032,0.418564,5.11211,17.107,13.8497,1.13623,0.165105,3.16404,0.93475,1.73586,0.464394,2.31575,2.35446,1.19611,0.50525,6.34863,7.14905,0.778309,1.20837,0.49786,0.486046
0.0587124,0.00419144,0.106966,2.3961,3.93311,5.24648,14.5388,5.79211,5.05277,2.39507,1.55612,0.711597,1.09016,1.2045,0.731736,1.80774,14.5391,17.7049,4.39915,1.51629,0.624058,0.60861
0.18185,0.110053,0.521067,1.51982,0.971709,0.861181,12.2059,14.6155,4.24651,0.502873,1.20741,0.808213,1.09874,1.43019,0.596055,1.10315,3.14725,4.30201,0.226369,1.99151,0.525735,0.0407143
0.0217276,0.273305,0.0670403,5.82402,17.9426,18.1943,9.96309,8.51569,8.48808,5.02998,2.10448,0.304164,2.61783,3.16161,1.03025,1.82007,10.8111,13.6925,4.38195,0.59623,1.10824,0.06641
0.119026,0.219531,0.114027,7.12524,15.442,2.13112,13.3911,8.51457,2.53466,4.9948,2.10249,0.597753,0.0556625,0.747027,0.705984,3.28924,16.3545,19.6565,6.32843,0.16248,0.334537,0.2134
0.0491278,0.00392658,0.603679,5.77668,21.0121,13.6764,13.488,16.2308,3.14467,1.32157,1.25559,1.17579,3.48124,4.2255,1.47806,0.405548,2.34793,3.03408,0.200558,0.716905,1.00934,0.994746
0.0351617,0.0647804,0.456955,2.38177,4.29307,6.14295,14.1792,6.39156,1.05665,1.32506,0.817711,0.609222,1.75024,1.18949,0.192565,1.82845,11.292,13.7882,4.49782,1.86531,2.02219,0.0189967
0.0949955,0.121433,0.330598,1.52391,0.220732,6.00079,6.88441,2.55741,2.3439,2.99303,0.135281,0.607854,3.73741,3.8702,0.440922,0.0652947,11.1736,15.3255,6.15423,0.599868,1.0659,1.32234
0.016598,0.0305506,0.633711,4.90981,20.0447,13.9201,10.6014,7.54776,5.17456,1.85104,0.71529,1.11865,4.25314,4.35671,0.754444,0.52456,1.93265,2.7265,0.820368,0.943247,0.777149,0.926505
0.0486514,0.23586,0.132438,7.49887,16.1317,1.91792,21.4906,9.97542,3.05405,1.03009,0.583424,0.747463,3.28449,3.21923,0.0258536,1.04873,7.77878,8.10649,0.887997,1.49355,0.0450651,0.246704
0.1788,0.163773,0.0236893,7.16689,23.6729,20.5598,1.82888,9.59919,3.41287,0.0678694,0.489947,0.975361,5.62814,6.17977,1.91838,1.04086,6.68873,8.91004,3.40545,0.286285,0.256224,0.114875
0.0890227,0.0642711,0.53605,3.33466,3.75315,0.807212,6.01078,7.06196,0.867946,1.03394,0.395391,0.425788,2.64687,2.84761,0.395744,0.635919,1.33053,1.50187,0.265723,0.744515,1.03869,0.403842
0.138014,0.0952701,0.248416,1.26252,2.25073,16.2999,28.6429,20.9602,4.7083,0.66493,0.940399,0.590167,6.96109,7.37022,1.42776,0.54595,3.33192,2.18901,2.12966,2.59371,0.234818,0.672543
0.0471885,0.115054,0.49672,5.08657,20.6507,15.5757,11.4954,13.4425,3.08662,5.05316,0.287735,0.698202,2.45371,1.78014,0.434765,1.47545,3.13609,4.46876,1.23355,1.17213,0.0422469,0.340934
0.0614003,0.115255,0.734283,7.59612,15.7467,3.96895,0.485331,8.25464,8.29606,2.38628,0.971533,1.9837,6.67583,7.03419,0.757103,1.69957,4.08741,6.16174,1.92428,1.38123,0.23926,0.89414
0.148067,0.250563,0.39708,7.76901,26.2603,32.9157,28.896,14.0279,5.49677,7.4917,2.49752,0.437043,0.774603,0.00711243,1.12716,1.99778,4.85144,5.30064,1.51561,0.0717867,1.00634,1.57003
0.138664,0.213993,0.028149,4.9302,4.67204,2.326,16.2695,7.92782,15.1899,11.9719,3.75016,0.548701,7.69814,7.58887,1.9698,1.18334,1.03095,4.60505,2.23352,0.177132,0.103778,0.283123
0.115167,0.114287,0.205486,0.615808,4.83098,13.9911,14.2174,6.71593,0.546977,2.83028,3.33372,1.11235,1.15698,1.57277,1.14418,0.149346,9.98899,13.7763,3.07717,3.0082,2.72655,2.12216
0.231708,0.54087,0.138248,5.31326,19.3817,25.3347,17.8996,1.4554,18.2633,9.68542,2.63547,3.50613,5.98804,6.07588,0.0317423,1.06977,7.18132,9.45897,0.800718,2.43977,0.553989,0.802314
0.259192,0.12701,1.09871,7.56754,13.6288,8.09005,18.7946,14.6016,10.1762,8.70363,2.6988,1.82382,2.89892,3.57019,0.316551,3.2492,4.65733,5.14644,3.77681,3.02117,2.57675,1.90241
0.229008,0.302159,0.932106,8.14577,28.8152,34.6131,29.1863,22.0112,10.2048,4.75355,4.59075,1.50041,2.48754,2.64754,1.445,3.8703,11.8146,12.7964,4.57181,0.335231,0.323085,0.347419
0.0872665,0.161795,0.356301,5.20419,6.88543,4.02663,6.30473,1.51616,11.6771,13.404,5.4545,1.6194,2.65289,3.14527,1.6715,2.42108,5.45411,5.14835,0.653493,0.434529,2.74808,1.66866
0.106665,0.00523792,0.436872,0.780828,8.92556,9.64918,13.4611,19.1921,0.690258,9.23692,5.89131,2.09841,0.504144,0.766505,2.00626,3.0283,1.59035,4.56063,3.2341,2.9953,1.60986,0.788959
0.21161,0.23086,0.197823,4.89375,18.9944,31.0098,32.1962,19.2679,9.29847,4.07042,3.68652,1.93128,3.3371,3.20459,1.17621,1.79926,5.89333,7.73681,3.64208,3.17602,0.262119,2.04936
0.320664,0.152179,0.277444,7.88046,14.3872,6.80938,6.20506,9.32636,14.6303,11.8915,0.359789,1.58002,2.05811,2.24753,0.597833,0.185214,3.00884,3.22813,3.32992,4.97915,2.11687,0.52158
0.0643608,0.149389,0.683046,8.03561,24.6116,15.7426,6.15891,3.99244,6.46208,4.37101,0.6647,1.86564,5.12232,5.6184,1.1168,1.02328,6.53325,7.09948,0.147774,2.58359,0.00720328,0.811899
0.26509,0.207135,0.31947,5.7911,16.5213,1.79639,24.1905,21.9016,13.5997,9.04566,1.27499,1.68266,5.4324,5.1047,0.0935128,0.0862512,8.19492,11.1688,2.73806,1.2107,0.312923,0.396716
0.0381664,0.129647,0.0154443,1.18032,4.43832,4.84977,21.5538,20.6401,17.922,12.7991,1.15057,1.73078,4.55741,4.49428,0.34172,0.937314,5.80313,8.52457,4.22812,1.7203,0.0754575,1.29416
0.0321888,0.141452,0.186858,3.51961,9.27104,7.70147,4.31953,3.33159,3.31648,2.90212,0.352751,1.12856,6.37308,6.95623,2.43474,0.0635926,1.38544,3.16507,0.707307,3.91594,0.665015,1.98844
0.0726388,0.166387,0.29841,7.05221,19.7627,6.45265,16.6698,16.8436,15.8357,12.4293,1.93914,1.12487,2.69312,2.67499,0.740075,2.39674,13.8195,16.7448,1.85899,5.46764,0.162388,2.89074
0.0580463,0.136667,0.272085,8.34424,23.79,6.14274,26.0965,25.1783,17.8918,12.529,1.62068,0.454552,5.66604,5.63094,0.884194,3.05953,12.2781,13.3748,0.198211,5.98834,0.984896,2.41367
0.359405,0.114366,0.5569,6.32354,17.9839,5.21307,16.5259,12.4929,0.981879,1.45514,0.727722,0.328269,0.551461,0.0156067,0.890144,0.356145,5.39736,7.29558,4.39561,3.60639,0.00554475,3.17941
0.00431329,0.132099,0.382555,2.47258,6.29997,1.88371,0.627467,9.48656,16.9875,11.9446,1.77849,0.853855,1.48012,2.80059,1.85015,1.52971,15.9084,19.0278,4.19896,0.0456878,1.09065,4.52089
0.0582749,0.0580995,0.109704,1.93705,6.10418,4.11269,2.40133,7.67068,12.926,9.04167,0.851245,1.16904,6.00571,8.24695,3.40796,0.834377,7.63546,9.31452,2.41437,0.960853,3.30562,4.27394
0.180395,0.0183953,0.454459,6.61452,17.2266,10.9418,0.87668,1.47631,4.4429,3.95359,1.47437,0.267504,4.49626,5.65591,1.20203,1.78905,10.1739,10.4725,1.87696,1.49205,0.925716,3.36637
0.11389,0.238282,0.528209,8.92145,24.2794,17.072,2.62901,4.68722,13.0742,10.6953,2.01555,1.10889,5.56954,6.51998,2.4051,0.912754,9.85093,12.441,2.98818,1.07742,1.63469,3.11413
0.174538,0.172071,0.486892,8.10589,21.319,13.2349,0.0693171,0.675322,3.38155,3.01131,0.805872,1.15317,6.87954,8.03069,2.21876,0.250385,0.322455,1.87863,1.48024,0.696578,2.05046,3.79768
0.16928,0.0268669,0.201856,4.55643,12.9188,8.56,1.01566,4.79332,9.36193,7.38494,0.995689,0.303917,1.64481,2.08353,0.449456,1.75679,6.34085,6.4057,1.68936,0.420503,2.46559,3.67392
0.0603131,0.00661338,0.0456957,0.928323,2.97961,3.63603,2.19927,3.05987,7.76207,6.7836,0.904837,1.75791,9.03469,8.7887,1.34472,0.777616,1.02736,1.42534,0.546482,0.029086,2.01152,3.19746
0.082863,0.1294,0.305046,5.96736,15.2815,9.06524,0.243383,1.1319,4.11673,3.72533,0.798612,0.362653,0.751168,1.12612,0.52016,0.525139,4.51662,5.95416,2.46234,0.308096,0.616354,1.6372
0.0112966,0.188283,0.60464,8.71902,24.4309,15.9462,0.446551,3.24258,9.89945,9.26507,1.14019,0.562126,7.68851,8.61031,2.38261,0.761115,4.2972,3.87279,0.189017,0.316844,0.753224,0.656537
0.00728134,0.229807,0.493687,8.68452,22.5002,12.9249,1.74119,2.03447,2.61636,2.57294,0.465159,1.29603,4.8615,4.76783,0.886172,0.467388,4.36028,7.88383,2.86012,0.524009,0.458177,0.835878
0.101725,0.254749,0.334452,5.89511,16.975,13.0249,1.09838,1.33414,9.2521,8.54342,1.32418,1.1804,8.4684,9.0185,3.1668,2.28842,17.0458,20.5062,5.71075,0.545744,1.64272,3.03406
0.027734,0.0358672,0.127985,1.252,2.24863,1.07314,0.54609,3.6735,10.664,9.24905,2.68948,0.395955,5.7648,7.61967,2.64984,0.26861,6.66126,8.04863,0.736227,1.48568,1.92194,4.09427
0.0487559,0.116283,0.302594,3.74879,9.58491,4.83577,1.85354,1.56106,0.193318,0.0154921,0.0302215,2.01083,5.39485,4.08983,0.580007,1.85367,12.6003,15.9438,4.74526,0.23934,1.7853,4.56567
0.0729145,0.179094,0.45125,7.96415,22.722,17.0017,1.11032,1.00978,9.83262,8.81044,0.9586,3.33056,8.68661,7.99813,2.748,2.95191,21.8389,26.5779,7.5935,1.40875,4.49764,6.29373
0.0167017,0.272891,0.498799,9.24438,23.6508,13.8357,1.73397,0.367576,7.97792,6.93517,1.62768,0.562165,2.17642,3.73444,1.5262,1.39273,6.00081,6.99882,1.51031,0.00579471,1.6588,4.94749
0.0669422,0.245587,0.245048,7.73738,20.7283,13.5275,1.32795,0.376455,3.87188,3.92911,1.45393,0.223036,7.77792,9.56354,3.24552,2.3918,16.298,19.6701,5.87715,0.782094,4.23802,5.82849
0.131929,0.0330944,0.234504,2.86116,6.27449,2.54386,1.7854,1.47639,12.1087,9.63021,1.01478,0.112582,1.76256,1.57338,1.13381,2.17119,18.7933,23.7875,7.74954,0.537313,3.17005,5.0836
0.0531294,0.0283408,0.239293,2.04056,4.2384,1.39353,5.16101,1.54302,8.42242,6.61637,0.844059,0.952938,7.76185,8.62429,1.92101,1.28031,1.82952,4.72046,1.88905,0.620079,3.80929,4.76135
0.18632,0.0545665,0.399292,6.14067,16.8114,9.73272,1.83612,2.97724,5.19742,4.42183,0.145926,0.788055,2.74055,3.11884,0.356653,2.67567,10.2287,10.0508,1.56345,0.300649,1.16111,3.0899
0.23322,0.0320978,0.461771,8.58412,21.975,13.8429,1.05706,3.70229,10.5211,8.03832,0.744363,1.87869,7.72137,7.85685,1.97303,0.0208974,6.24096,10.0656,3.9352,0.616811,2.09646,3.16495
0.0799934,0.16682,0.537856,8.37227,24.1307,19.9711,7.00022,1.06292,4.9007,4.92759,0.844699,2.18187,6.61314,5.94053,0.995857,0.750493,1.72436,4.90072,2.39983,0.657241,1.11756,1.43949
0.0994906,0.145817,0.329646,5.82804,14.9543,9.33297,0.667839,2.3602,6.63618,5.18967,0.167936,0.580664,6.10121,6.70994,1.59951,0.203602,2.80378,5.3596,1.9337,0.275995,1.7828,1.47815
0.0703034,0.0605489,0.0136785,1.04274,2.78378,0.169461,4.50289,0.160661,10.1893,9.02945,1.2319,1.87808,6.9683,7.90403,2.36064,1.19412,8.11613,11.1127,3.50011,1.52893,0.432927,0.659876
0.143432,0.211483,0.12049,4.91038,14.6535,13.303,4.0362,0.447744,1.50916,0.387406,0.218534,0.977969,1.72908,2.6458,0.0222914,0.112925,5.12034,7.77446,2.98755,0.0885036,2.25529,4.52055
0.0551894,0.175559,0.67852,8.3718,21.5516,11.2506,2.43346,1.38949,7.08642,4.34327,0.846079,0.186922,6.56012,7.97463,1.73654,0.341488,2.13492,4.08013,2.08097,0.176192,3.30647,5.06336
0.0123305,0.281592,0.675943,8.74258,23.0197,12.7187,1.21122,3.27264,11.432,10.2676,1.91515,1.99761,2.13269,0.872689,0.320788,1.61349,10.6559,12.9512,3.27084,0.837303,3.42417,6.40753
0.0151931,0.12917,0.338446,6.46658,15.6039,8.82683,0.601837,1.34507,1.9532,1.6758,0.399838,2.04729,7.4357,6.6643,0.703456,0.314321,6.99619,9.863,3.30469,0.144187,2.36043,4.99573
0.0844715,0.0863387,0.0490579,2.88568,10.0435,11.972,5.61467,3.61035,12.2978,9.91896,1.23855,0.0676036,1.768,1.34782,0.857542,0.55427,1.13589,3.09608,1.81528,1.08798,4.22935,5.77231
0.153478,0.14362,0.126936,1.38377,3.272,1.29562,2.04197,0.497408,8.0347,7.2375,1.66821,3.85412,9.27464,7.68814,1.32805,0.280955,1.33607,3.06972,0.702676,1.00683,3.02795,4.97472
0.0388287,0.0986528,0.198186,6.41926,17.036,15.2845,8.34163,1.9308,5.25973,4.49893,2.33574,4.89598,5.39631,1.94976,0.481371,1.02735,5.62808,7.64952,2.53581,0.859888,3.1954,5.15084
0.128321,0.161247,0.477994,9.31683,27.4877,23.3145,8.27624,2.08484,16.0071,15.0422,0.615364,3.70349,4.54393,8.08744,2.4477,0.958466,3.26454,1.79121,0.526581,0.434909,0.631156,2.84474
0.1858,0.206249,0.43949,8.9523,23.3511,11.0775,6.91209,5.87287,4.04346,2.74825,2.47762,3.83479,2.13478,4.81419,1.18766,0.108905,5.99866,9.85671,3.35429,0.0127311,2.26806,1.74607
0.240754,0.078623,0.28758,4.7559,10.6299,0.676491,8.07409,2.71666,15.1146,9.89326,1.20624,3.96142,8.21088,7.31381,1.96703,0.829936,11.5142,14.899,3.34079,1.82338,0.870013,0.345325
0.0503227,0.104758,0.163165,0.482186,3.60352,3.49919,0.375005,7.52762,21.0788,18.6014,3.42685,2.873,8.41678,9.14356,2.52225,0.740175,7.37617,11.4552,5.13892,0.233289,1.15136,1.90082
0.0244461,0.201652,0.327854,4.60804,9.63164,1.4366,7.75905,0.167476,3.27941,1.7998,0.628691,1.82636,3.93184,2.75825,0.135319,0.588473,0.692084,2.10012,2.06731,0.146873,2.18723,3.76282
0.0773571,0.154069,0.409107,7.20371,17.1793,7.60182,4.56517,4.29596,22.352,19.4025,2.07394,5.60174,10.1117,9.4527,3.54303,2.5591,1.8841,0.643564,0.198666,0.141415,2.37184,4.04851
0.103579,0.120607,0.358605,8.61572,22.4683,18.0807,3.2862,1.47822,12.8787,11.7985,4.20457,5.47305,2.822,0.225878,1.14226,1.1401,7.5546,8.92732,3.75226,0.875329,3.17875,6.86995
0.105489,0.232987,0.476729,7.56558,24.508,25.7764,13.9672,1.93951,8.97154,6.3886,2.27043,3.94768,4.51689,8.37214,2.11492,1.65174,2.88985,0.399264,1.09418,0.420351,3.69334,6.8094
0.223791,0.174548,0.262433,3.32021,7.94746,1.83897,0.943249,5.30956,25.1704,23.3751,1.5171,6.43415,2.34178,1.53617,1.26629,0.915833,9.27271,12.4146,3.77465,0.761633,2.61999,4.88645
0.130818,0.00755279,0.0503726,2.66607,9.10605,14.3803,12.6921,8.31699,7.93159,4.58032,1.567,5.337,9.27749,6.66541,0.768747,2.63647,14.3129,15.9725,4.11774,0.653361,5.26011,6.44153
0.175596,0.0998047,0.40556,6.82775,21.1071,17.0463,3.06059,5.85218,16.0671,12.7892,2.23737,1.84226,3.65002,1.57604,0.941131,0.10062,4.13643,5.4983,2.01667,0.854916,0.819091,4.00875
0.240678,0.0883353,0.493363,8.08385,19.0701,3.89414,9.27441,9.09033,21.0239,18.8043,3.77787,2.77348,8.02885,7.08755,1.61453,2.01665,10.5728,12.8644,4.11234,1.35391,3.33378,3.12264
0.0777957,0.284878,0.306785,6.87992,15.0144,3.82267,3.2064,3.89856,5.38971,2.74979,1.67778,4.25768,6.45307,4.2292,0.372424,1.10761,14.5046,21.3606,8.19253,0.495045,0.76972,1.15849
0.109425,0.128142,0.262601,4.21952,11.4047,11.2207,3.7954,6.31261,23.9599,21.4883,1.74711,3.98851,2.52974,6.67388,3.73556,0.445829,10.9852,16.0243,4.30596,1.42337,0.874217,1.38293
0.268453,0.139297,0.18915,0.508564,6.26194,14.7707,9.90329,3.50835,11.4319,9.08013,1.59513,1.69813,4.96405,7.99608,1.99401,0.840869,3.04676,4.90521,2.57666,1.26009,1.7878,2.80742
0.175824,0.0184073,0.231835,3.56277,9.0604,5.46901,2.98851,1.30878,8.68663,7.3695,0.702856,2.06134,5.21511,4.9521,2.63926,1.38302,5.79783,10.5633,3.66245,0.336781,0.939826,1.30069
0.0835057,0.180889,0.348985,8.10959,24.5948,27.0985,14.6392,10.7862,23.8734,20.8935,4.13579,0.720413,6.98895,9.46963,2.84116,2.10152,14.0955,19.9953,6.88294,1.5446,3.24536,4.16176
0.152088,0.222763,0.505231,8.88128,26.252,23.1973,9.20522,4.82105,4.41381,2.39444,0.839322,3.23494,2.47373,0.420086,0.432232,4.07147,16.306,18.6149,4.81801,0.668253,1.46654,4.88509
0.135336,0.0931887,0.356439,5.78462,13.0046,0.561148,12.392,10.7757,16.1463,12.5295,0.198516,6.56522,10.1691,7.98071,1.77234,0.151812,4.96653,8.49094,3.58246,0.556634,3.53981,4.44318
0.019313,0.0613025,0.0574568,1.33686,0.359906,10.5609,11.0917,7.28854,17.2951,14.8812,4.19039,5.67871,6.32463,3.79369,1.49328,1.76225,6.40023,6.27647,1.40208,0.691004,3.62396,5.28096
0.13245,0.171531,0.0543607,2.37807,5.69955,0.518885,6.4874,5.64188,3.49126,1.71566,2.27188,2.87006,4.16555,5.72074,0.747957,0.457297,11.3132,17.0865,7.23615,1.18943,3.26332,4.69926
0.0182612,0.136676,0.312695,4.93733,8.27316,6.811,9.93786,3.70608,17.3554,17.5094,2.151,1.37081,2.62654,3.96412,0.534297,1.3702,7.02915,12.8259,4.39756,0.579942,2.73162,3.97097
0.0924402,0.0660164,0.464097,7.29667,17.5755,7.93877,2.1937,3.08413,7.44527,4.98687,1.42579,1.17194,4.02976,3.63591,0.919221,0.851527,3.73626,8.38152,4.83437,0.498565,0.46877,1.57999
0.0802956,0.230958,0.413761,8.51853,26.6559,28.0743,10.0629,0.344612,5.51723,4.83327,3.13703,5.36299,0.234671,2.37481,0.67191,1.40551,4.44753,7.89084,4.56351,1.26267,2.36498,3.74148
0.0557284,0.0821254,0.605991,5.69743,19.2245,22.0612,13.0123,9.56755,18.3221,16.5185,7.22049,10.1573,11.7145,7.97078,3.15997,0.0332391,6.01083,9.21246,2.28752,1.35802,0.72818,0.0865754
0.131656,0.0744887,0.0125917,0.260666,2.35607,8.69574,7.70192,0.356728,0.160267,2.43349,5.54364,11.7397,12.6565,6.03943,1.02138,2.21245,6.6296,11.8551,5.34803,1.87106,2.0502,0.316669
0.0816087,0.0905903,0.240976,5.49295,19.4755,26.7688,19.8486,11.895,12.5975,9.18514,2.57007,9.00194,1.47718,6.77913,4.22092,0.429967,1.91627,0.201247,0.536148,0.683437,3.97769,3.38539
0.141878,0.163052,0.40916,7.08293,19.0644,11.2513,4.12057,1.684,9.16102,7.54669,3.56161,4.49568,5.34175,10.8537,2.85158,0.481018,10.9203,19.0513,8.42641,1.08294,0.824223,5.79465
0.211076,0.0377261,0.531834,6.62139,11.9106,7.41539,18.6408,6.51846,0.476398,1.62022,0.773291,1.33061,1.18614,0.535042,0.697047,2.7895,18.7178,24.9753,7.95316,0.279101,5.12585,5.90215
0.377399,0.153766,0.550879,5.61648,12.4314,2.34725,1.54553,0.692598,12.3975,13.7518,4.10098,1.39212,5.68742,8.862,2.6712,2.25215,13.0891,18.5537,7.14782,0.877368,1.61139,3.01462
0.226728,0.0268237,0.142539,3.34852,13.7579,20.1151,12.8069,1.36639,8.00132,3.5898,3.67273,7.09524,2.02627,3.67477,2.2032,1.83234,0.292563,5.09278,3.95088,0.914353,4.15917,7.47375
0.14658,0.0649883,0.218646,0.906356,3.15776,15.5381,13.2519,1.1067,1.68785,3.01233,5.9194,11.5761,13.6102,6.50372,0.263966,2.60091,2.12503,0.730557,1.44742,1.66683,2.42946,5.63598
0.0986886,0.211828,0.285856,6.11205,19.2006,16.7845,1.49661,10.4222,19.2763,14.5733,6.82611,10.7406,10.3946,5.57434,3.27969,5.16975,8.61394,5.72738,1.51363,1.22424,4.79829,5.85839
0.0809454,0.026652,0.780633,8.59535,30.1202,35.1724,20.3782,0.126179,16.2051,12.4526,2.0361,6.87774,0.77643,3.83589,0.915181,3.21177,3.42942,10.2214,4.56662,0.860792,0.0179693,3.46923
0.230898,0.0358634,0.37015,7.36605,19.5952,15.6403,7.67081,3.65045,3.14971,3.51166,3.11888,3.64867,1.97724,3.51583,0.81272,3.3948,23.8958,30.4078,10.875,1.0764,2.63513,3.27361
0.171271,0.167849,0.0844159,3.38551,2.26626,13.8955,20.6754,3.92501,11.6582,7.90074,0.393044,0.283642,4.35028,4.331,0.779985,3.93263,16.7183,18.6069,3.6776,1.61601,0.259046,1.89413
0.366692,0.0618942,0.0188968,0.198924,3.26918,11.4018,11.6951,4.3944,24.3409,19.4547,4.26106,2.23282,2.41883,3.63894,1.14185,0.889099,4.74935,3.27423,0.166814,0.392808,2.03481,1.87342
0.266787,0.125143,0.172608,2.42308,2.36296,9.35054,14.9948,10.7755,9.23576,3.62365,3.63346,7.44386,8.30768,5.49993,1.34193,3.35372,14.5006,17.6616,5.45298,0.330158,0.381607,2.81199
0.084934,0.203852,0.553976,5.50092,9.05726,8.48164,12.95,2.42307,6.19005,2.38017,2.10548,7.39966,11.2279,8.71184,3.25448,0.512162,14.075,24.5594,10.9725,0.0731292,2.64278,5.66694
0.171421,0.082622,0.504474,8.57513,23.7845,19.0222,4.80901,4.87632,15.7847,14.8885,5.18691,3.73661,0.81002,3.44387,1.65153,0.207796,12.6907,18.8162,5.22532,1.1794,3.08209,3.56884
0.48207,0.397399,0.953562,6.78118,26.379,33.8566,15.9283,1.02484,2.40304,1.71576,0.426379,1.46559,8.4102,11.213,4.27756,1.78741,3.49974,2.00097,0.27693,1.14623,4.17399,7.31082
0.0726622,0.279777,0.380684,2.94596,7.58012,9.12659,8.29637,4.27641,3.82655,5.46079,3.07814,3.94179,3.95584,3.72648,3.1202,0.102491,11.8247,14.4264,1.30154,3.32399,1.12612,4.66276
0.0213517,0.0120419,0.307001,3.16555,14.8518,24.8412,16.7186,2.13752,1.10146,0.153362,3.95527,7.39985,0.169701,4.92044,0.867273,1.98886,14.3602,19.4945,7.32204,0.218766,3.8203,4.45471
0.0492347,0.116238,0.277681,5.90517,19.8753,26.5223,21.7694,7.99071,3.179,1.99169,4.73087,9.49757,3.15523,3.91865,2.04367,2.50804,8.73777,9.95097,3.15793,0.716055,1.82002,4.62309
0.172505,0.0318837,0.224184,6.49626,12.6546,1.44976,11.9763,8.42745,12.2745,11.7258,6.54508,11.1303,12.3131,4.41051,0.18724,2.68851,5.66627,4.34262,1.57303,1.00243,4.09085,5.32967
0.237183,0.176449,0.252204,6.92338,11.4185,11.1397,24.0246,9.12072,2.81314,5.40909,4.57366,7.45133,8.72935,4.10719,1.09038,3.317,9.10257,8.70706,0.912715,0.527751,0.960787,0.272812
0.17451,0.242434,0.353475,6.26645,17.0959,11.6606,5.27571,8.56552,6.74406,1.60756,1.37446,0.626484,3.48096,3.09983,0.26656,0.744632,5.69106,13.2826,7.19684,0.51065,1.6855,0.358992
0.135048,0.00789165,0.0397305,2.36997,14.1,28.3167,20.5744,4.40913,6.16546,7.28406,0.414262,6.4502,8.03331,3.74728,1.17552,0.923936,7.64839,11.4462,3.57605,1.20875,4.18369,2.00324
0.0354845,0.198387,0.552154,4.00331,9.26748,1.98885,6.89664,2.71197,2.94277,0.408087,4.57809,10.926,2.92097,6.52733,4.6982,2.70835,3.34556,1.07877,1.85368,1.63226,0.635987,5.4587
0.198472,0.140297,0.503804,8.68651,29.3826,31.5822,10.0219,1.06639,8.17154,9.34733,8.69639,14.2382,2.59243,5.83355,1.16789,0.379334,5.35872,7.22007,0.313887,1.1868,3.27562,3.35197
0.360135,0.0941399,0.263125,8.42591,28.2858,35.4163,20.7717,6.9752,6.2629,4.01683,6.72078,16.1654,12.3451,4.95315,2.00139,2.79444,11.9132,13.9348,4.99344,0.445649,2.73626,4.47072
0.449435,0.0864681,0.0242023,5.37005,8.89292,0.490042,1.29445,5.41084,7.12145,7.53541,8.631,14.411,15.9793,10.562,3.75429,1.19199,2.67989,3.17037,2.40836,1.15398,2.44788,7.97748
0.108218,0.0311328,0.000495687,2.11276,1.99871,22.2355,28.394,16.2722,17.7999,15.4419,6.77429,8.43604,5.92092,1.30892,0.368333,2.74743,7.69071,9.14491,4.74913,0.77172,3.15559,3.58866
0.0599485,0.142472,0.109029,0.0797998,0.478486,4.23077,4.88427,6.13715,13.0808,8.15973,1.60489,1.10938,7.16199,10.4266,4.22843,2.78099,7.41229,6.14536,0.243336,1.7048,1.46761,4.10335
0.00297008,0.0845067,0.0780748,4.10446,1.76295,20.5597,29.5212,11.3411,3.93575,6.02864,1.1323,3.11082,4.77173,5.7583,2.7813,1.04112,1.18568,2.25923,1.14574,0.760632,2.82338,4.2795
0.314714,0.0792958,0.946962,7.47158,18.396,0.689931,9.60309,1.0241,8.79581,10.4422,1.49974,6.67296,0.670237,4.89194,1.29958,2.2915,7.00146,6.27487,0.192925,0.414428,0.864981,0.481955
0.185968,0.40169,0.0151949,10.0046,30.633,33.0012,17.7516,1.67226,12.251,11.4626,7.24068,10.1301,3.10589,4.04497,0.650336,0.154303,11.908,18.7275,7.9836,1.2277,2.57436,0.977503
0.25263,0.117688,0.440812,4.42481,19.0536,30.2737,17.2566,1.4674,2.52855,7.17221,5.41968,10.7115,11.0578,2.45038,1.1688,0.497623,6.03003,8.77704,1.17573,0.362622,3.58052,1.15367
0.188089,0.0532645,0.216141,0.836416,5.79383,6.72554,0.0487176,5.41091,5.67267,1.69986,3.00574,6.90521,6.88241,1.46791,1.59058,1.25624,2.08391,5.20164,2.46594,0.982788,0.846909,2.66871
0.0922539,0.041052,0.0663448,4.61303,19.7071,32.8352,22.3622,2.68704,4.71961,6.02338,4.08848,1.78017,2.43153,4.41912,1.86602,0.110922,11.097,15.5249,3.08436,3.18342,5.08285,6.93276
0.30489,0.0597052,0.0393311,5.59272,14.312,16.9084,15.512,12.2294,15.2175,13.8495,2.2461,4.34372,7.2617,4.24886,0.647421,3.30556,16.6693,23.5753,10.0473,1.43485,1.53683,1.9103
0.108748,0.273752,0.100888,6.56286,9.40458,11.2078,21.3517,5.99491,4.39519,2.10631,0.311246,3.74203,0.638055,6.50776,3.10294,2.28703,11.6041,14.1261,4.99171,0.0868744,3.27551,8.25042
0.0807002,0.214866,0.467694,7.13462,14.7517,7.2465,23.8824,13.693,10.692,7.64305,4.50093,6.99994,2.12225,9.40484,3.22533,3.3355,5.97282,5.04962,2.21588,0.304089,1.50318,4.24175
0.312719,0.518877,0.112379,5.4094,19.4661,23.5388,18.4883,5.17763,14.8851,13.6238,1.45339,8.59044,6.60208,1.60133,0.0766375,3.40915,13.0446,12.7217,1.61489,0.300028,3.69915,2.73451
0.143888,0.258686,0.101801,1.1111,3.47555,22.1174,23.016,0.695103,11.1391,8.94535,3.51445,4.63967,10.3384,11.0167,4.24755,2.12779,6.32212,16.0811,8.19459,0.00518683,0.713012,3.81495
0.0720993,0.280365,0.583938,6.74107,20.7966,14.2357,4.37768,1.09067,15.9763,18.9527,4.13205,1.56198,1.1734,4.48795,2.04962,1.23342,8.35486,15.6321,6.99963,0.876471,2.18145,2.48082
0.176877,0.252622,0.157922,8.20169,29.0254,37.8354,20.0054,4.54484,13.8222,6.82357,2.46387,8.03037,10.526,5.71071,0.121906,3.47406,7.67869,5.94375,0.29801,0.29286,2.37733,0.402139
0.022819,0.0859634,0.223464,5.55298,15.9707,20.8519,14.1643,3.18845,1.12365,2.49246,3.79813,12.4965,9.93923,5.74742,2.69637,0.389234,3.87213,5.14143,0.494998,0.385428,2.65116,1.56985
0.121975,0.247107,0.144834,3.01997,0.543202,13.7507,11.4626,9.66097,24.5604,19.4193,1.83546,13.5962,5.57195,0.0452415,2.59912,4.73738,14.4787,16.7717,4.90302,1.38933,0.215834,1.57159
0.145056,0.249601,0.458257,1.55353,0.314237,18.1113,27.5483,6.52835,15.896,13.1869,7.29262,11.7617,4.652,1.38043,1.70923,4.81222,12.0745,13.672,5.47098,1.57055,3.93666,6.18235
0.209643,0.0388046,0.281495,0.845826,2.83464,7.99768,4.2772,3.06619,7.53772,5.91283,4.6275,10.6458,10.9914,4.69226,0.678624,2.26177,5.59791,6.24739,3.62321,1.84636,0.60362,1.08188
0.340639,0.128154,0.287207,6.09711,8.77046,17.0831,34.0352,8.92199,18.1759,13.261,1.48213,6.2238,6.82052,1.64773,2.15605,3.88322,12.5295,12.7739,2.38715,2.18433,4.84923,6.51232
0.529433,0.0324969,1.03614,8.9235,25.9108,13.9351,2.96987,8.13139,24.62,20.4552,3.66771,3.51924,6.70534,8.51527,3.6425,0.898252,4.13952,7.4518,1.97356,1.11658,0.739489,4.72358
0.190299,0.0250198,0.555236,7.4893,26.6187,35.4733,25.336,8.96455,3.99804,7.7619,1.02026,10.37,11.4213,7.15044,1.29212,3.40301,4.65387,0.237409,2.87951,1.0785,5.70596,2.76358
0.052842,0.204245,0.188775,1.66063,7.73985,16.7099,11.0499,7.50685,15.4156,7.78476,5.86813,13.3828,6.07904,3.56287,1.34105,2.11943,1.29711,2.53649,2.82476,0.234515,0.721215,3.07753
0.0339313,0.15638,0.122103,2.51835,12.6098,20.2993,11.5131,4.39132,12.8795,12.6545,4.52169,15.6251,2.90973,9.38492,4.28835,1.74855,2.02969,0.210198,0.547445,0.623409,1.5813,1.45232
0.0433821,0.085501,0.215073,3.77753,15.3116,29.213,20.4175,0.517587,4.59296,2.30656,5.68545,15.8492,9.48658,1.26676,2.68855,3.36716,6.7899,5.87496,1.05789,1.47379,1.47941,1.63365
0.107901,0.0551365,0.0203224,4.33572,7.31962,1.58131,3.57344,3.94802,9.77908,11.2544,6.09506,11.578,13.69,8.17412,1.57217,3.24161,9.22357,12.0929,5.99356,1.30911,0.633379,0.54007
0.226807,0.308518,0.35408,7.27898,11.7167,15.6767,27.3327,7.79284,0.694738,1.29136,4.71402,4.83827,4.58268,5.37417,3.72946,1.02309,3.19607,5.36084,0.51669,1.90593,2.70264,3.10224
0.140169,0.332565,0.444274,8.69088,23.4821,7.50382,16.1165,10.3073,1.53649,2.87381,1.70288,2.98165,5.55037,2.54338,0.629428,1.35244,1.89223,1.71099,1.25898,0.323639,1.42879,3.77171
0.25081,0.114543,0.560382,3.34836,16.4429,30.0442,27.4814,15.6205,16.2208,15.0657,1.16399,7.98492,6.56748,0.545401,1.65092,0.405714,4.7796,8.20506,1.319,1.47648,1.85307,3.27867
0.369297,0.519958,0.715677,3.0521,7.62342,9.32974,19.3542,6.63919,0.517996,2.57549,1.38789,8.56334,1.45938,3.40563,0.593898,0.903121,8.41254,14.5293,5.96824,0.282817,3.61481,3.8088
0.07538,0.239076,0.415164,8.11685,26.0837,28.5513,18.3014,10.8729,6.15637,1.82203,3.38015,8.95457,4.67402,1.00191,1.41,2.57904,6.6587,5.91288,1.04505,2.07806,0.33558,5.02496
0.0373961,0.0927889,0.548427,6.01649,22.2571,34.108,21.5941,3.5582,7.52716,8.73543,0.652098,6.47323,8.96399,8.54418,4.38673,0.853954,4.69846,7.49458,3.71638,0.0422182,3.57399,2.1217
0.0858636,0.181001,0.288638,3.98327,8.24018,5.36445,0.10664,2.35865,1.04951,3.77321,1.32888,1.3616,4.62907,3.1496,0.318362,3.11007,8.85615,5.25936,1.77586,0.352626,1.3038,2.09911
0.242427,0.0201192,0.511069,3.33772,1.70447,19.2017,17.3329,0.223632,11.7823,15.926,1.67761,5.91649,8.19835,7.64832,2.01518,2.30323,1.78147,4.5421,1.0124,1.5789,3.51091,2.25839
0.0231339,0.216357,0.324733,2.57373,6.6181,5.75029,15.4026,8.83087,5.77699,1.91985,2.53813,10.1185,12.2861,10.1676,4.7909,4.81591,14.3375,13.2438,2.10504,1.89268,2.0669,3.79617
0.111164,0.293535,0.161701,2.93801,0.703251,17.5417,15.2989,0.422812,0.182324,1.60753,1.64948,9.9661,4.21374,1.25394,1.66565,3.5963,2.96009,1.87709,1.52965,1.15541,0.0987923,0.159532
0.191952,0.16805,1.05522,7.90434,19.6799,4.81211,26.5272,17.2436,19.0032,17.5044,1.37968,10.9687,0.669335,8.3118,3.63443,3.35792,14.1944,16.4293,5.89999,1.75792,4.3301,3.71987
0.229088,0.0966312,0.742501,9.81762,30.8691,28.2663,11.2187,2.74479,2.84816,2.08723,2.64115,8.68063,5.69425,2.10882,2.69182,2.76598,8.63814,9.93794,3.20042,1.04197,0.0884006,3.22586
0.0478518,0.0522608,0.336197,5.23317,19.6352,34.1078,30.3189,15.2552,14.0223,10.84,2.15802,3.22678,6.0779,2.60571,0.937202,2.36232,2.53001,1.24206,0.669524,0.684414,3.78059,3.91722
0.0863318,0.0920429,0.330117,0.405495,2.2153,0.532592,1.60905,0.0997777,13.9913,11.3134,2.12628,4.0926,2.78513,0.516825,0.535968,0.618361,3.23607,4.8844,2.3455,0.146852,1.33534,1.83398
0.123098,0.0626981,0.11625,2.0275,11.9693,26.9953,23.8236,3.98828,7.92904,7.58721,2.57248,12.3446,11.2911,3.73514,0.296159,0.792809,6.90078,7.81431,2.39362,0.657285,0.540423,4.21424
0.508075,0.108965,0.0108968,2.70245,8.18051,16.1417,9.91424,0.16818,12.0565,15.715,2.9531,15.7437,8.48661,3.35591,3.21363,1.69255,0.658513,3.43954,2.6928,0.524571,3.27154,2.84143
0.0874865,0.172207,0.442164,5.91897,8.7518,8.27162,11.356,5.08863,9.9134,2.67167,5.84587,16.158,4.3054,7.68491,3.37396,0.700216,2.88048,2.5348,1.95009,0.812341,0.405355,1.33158
0.272986,0.241762,1.00257,9.2491,20.8143,5.77353,22.2813,3.89462,2.54454,2.09737,5.98148,16.8332,8.23473,0.694997,0.531326,3.38553,11.8915,12.2892,4.87511,0.145731,0.827079,2.37036
0.030467,0.18058,0.504511,7.93309,25.8308,20.8692,1.50444,10.8154,13.6655,11.0979,2.62129,13.2066,13.0267,8.41725,3.62651,2.73174,1.09467,7.10681,4.13883,1.35925,1.96405,2.5983
0.00679844,0.110872,0.0569045,0.513434,7.22018,26.1323,30.0717,11.1195,2.24055,4.19361,3.45247,5.35033,7.27562,6.34208,3.35177,0.27585,4.95549,4.09253,1.31566,2.99404,2.01909,0.56514
0.0618388,0.127607,1.00261,4.56942,16.3083,6.09977,9.72812,11.8158,18.5203,15.0564,2.38788,2.98479,5.53553,3.82329,0.909566,0.167561,4.71886,5.6245,1.04323,1.19897,3.56738,3.09719
0.0456382,0.0191139,0.425435,6.6124,23.3651,33.4537,28.2861,4.6299,18.2038,11.6312,2.44709,8.05154,9.96298,6.57809,2.51717,1.17249,10.0264,12.3921,3.17854,0.279429,0.525164,2.75829
0.123368,0.0829352,0.183397,4.63163,14.5124,22.3153,16.7236,1.76121,16.4409,15.4158,0.58267,10.6947,4.68345,0.964775,1.58923,0.142684,0.495195,1.18158,2.04616,0.810508,3.42414,2.80843
0.110872,0.0932724,0.0121233,4.90642,6.45096,8.728,17.2724,3.77608,13.2597,14.0237,1.73424,11.9471,4.12903,1.7678,0.916352,1.49907,4.44104,5.44955,2.22101,0.136749,0.889204,2.25383
0.397637,0.270547,0.524097,5.45847,10.1438,11.5213,18.9333,8.59584,24.9956,14.0826,5.21837,10.7633,8.10988,0.709916,0.15948,0.14885,5.40189,6.14118,1.5596,0.252514,1.63744,2.77515
0.141656,0.160527,0.215446,2.5876,10.3684,9.59911,0.550129,5.33349,19.5003,15.1756,0.335384,7.56052,7.60758,1.93983,1.47067,0.0199385,1.3414,2.23515,0.984993,1.05871,0.343737,1.04861
0.0412876,0.336622,0.492896,4.12223,5.65526,15.1435,18.2597,0.52691,2.85968,0.884466,0.066118,1.50491,0.679703,2.82692,2.27736,1.27731,10.1662,12.0129,3.70234,0.20989,0.560495,0.192889
0.306755,0.249135,0.841817,8.82998,25.2947,9.99315,13.9892,7.26662,11.3142,14.0711,2.79082,4.43017,7.61949,6.13992,2.22618,1.81588,1.61341,4.52671,1.64156,0.522912,0.727399,1.05517
0.116092,0.156347,0.223474,8.00775,27.1728,34.2555,19.5036,3.19535,1.01896,1.75582,1.48283,7.34921,4.14427,2.05361,3.15921,0.678886,2.79452,2.20622,0.629048,0.648017,0.537333,1.2625
0.00462633,0.000182554,0.252932,3.17473,9.67925,21.5463,25.6222,9.42439,3.71577,0.621937,1.6832,7.56623,0.101285,6.86742,3.29928,2.53434,0.142878,2.82635,0.478792,0.555635,0.156211,0.679478
0.0836085,0.0625983,0.31319,0.374439,4.67087,14.192,15.0884,10.8732,15.4657,14.827,1.92325,6.33765,2.66533,2.69951,1.6449,1.63966,3.89217,3.27541,1.32146,0.641259,1.83956,1.37082
0.0216747,0.213464,0.234515,0.396227,4.87721,23.7453,28.5729,9.93047,0.366535,2.37861,0.883205,3.36649,6.28394,4.88115,1.72687,0.115008,6.89554,8.79763,2.88751,0.595737,0.727007,3.2882
0.0134368,0.111022,0.0951284,2.63155,4.24543,1.8608,3.50736,8.02916,7.91287,4.7349,0.346612,1.31899,2.67231,6.1943,3.78164,0.839397,1.64791,3.53276,1.86821,0.150341,1.85058,2.40223
0.0476714,0.466117,0.644606,7.32439,13.8349,11.2279,21.3797,4.17697,3.106,3.52371,2.88613,7.30962,5.98308,0.565364,0.876889,1.71701,0.73701,5.48525,4.08237,0.447376,0.427956,1.82706
0.13462,0.383396,0.643734,10.2507,27.1322,9.60643,8.49862,1.26918,1.83821,3.93872,3.12051,11.5312,10.4501,3.28602,0.123628,2.01897,7.58191,7.9955,1.37491,0.347992,2.49158,2.21501
0.220473,0.151486,0.39737,5.55726,20.1146,26.8374,12.4206,2.02108,3.18254,7.78547,2.8891,11.8738,4.96367,0.489691,1.09048,2.70939,6.4983,4.47568,0.825,1.0144,0.876867,0.520218
0.112591,0.159536,0.405525,1.507,1.98966,14.7687,22.7471,7.28872,3.01247,4.7431,3.14082,11.5724,4.95063,0.471302,0.178717,2.49373,9.31814,7.5134,0.46862,0.687628,0.963065,0.269573
0.20083,0.0839204,0.313292,5.3019,18.7949,18.6622,3.07461,3.23091,0.177819,0.579077,1.83537,7.9167,7.07267,3.85475,1.86025,1.32725,2.32615,2.80665,1.91201,0.90541,1.34877,0.636742
0.118197,0.00271906,0.148167,4.91449,16.2928,30.0895,29.3159,12.1491,5.50922,5.81953,0.714804,3.86448,5.89178,3.58717,0.355426,1.82992,6.12274,6.61429,2.38131,0.537678,0.0486436,0.811117
0.0330332,0.0450008,0.103733,4.67581,9.78944,8.95503,5.78176,0.840953,5.17538,2.14657,0.720913,2.81208,3.96206,3.80403,2.72027,2.15901,3.43357,3.93085,1.99611,0.847103,0.364763,1.14464
0.0604824,0.28279,0.310819,6.36239,11.121,12.8242,27.2948,17.2875,17.5104,12.3363,1.73531,8.29748,8.33707,5.77141,2.31752,0.394947,0.568044,0.261905,0.553903,0.074836,1.54698,1.31034
0.150715,0.306124,0.654298,5.75155,15.4653,0.33225,10.1232,4.86022,14.0787,9.49001,3.75409,11.2451,7.25434,0.847017,0.1637,2.1038,5.23412,4.48384,1.23764,0.264572,0.0854451,1.20962
0.00587732,0.0416805,0.0515859,0.393349,6.57664,17.7235,17.4396,2.59959,11.6493,11.8309,3.4,13.5595,3.93373,5.3813,2.23886,0.580892,5.30184,5.66335,0.282843,0.0554492,2.27767,2.72969
0.0187743,0.437156,0.747551,5.93364,14.432,5.73195,14.7254,1.06396,7.52797,10.3969,2.86184,11.7393,5.41774,3.58211,2.2194,0.0239459,0.193094,0.048788,0.646449,0.275174,0.107111,0.110677
0.0643308,0.261932,0.307344,8.69321,26.354,20.6443,1.4093,10.8102,19.3211,11.238,3.08766,7.73213,6.88814,1.15767,2.08521,2.33879,14.966,15.8481,4.37417,1.33714,2.69047,2.81956
0.0687589,0.00986772,0.0544586,5.16148,18.1612,28.929,20.8467,4.3403,21.2876,14.8139,0.89703,3.32904,2.89049,2.02052,0.0835159,3.73811,2.87868,2.00587,1.48534,0.813871,1.01985,0.557606
0.0648795,0.000760006,0.127336,2.34195,4.18765,8.00241,13.1431,5.08225,5.23183,2.37363,1.46382,2.49873,3.3644,0.825161,1.53656,2.31538,1.35934,1.13673,0.801697,0.124236,0.838718,0.301017
0.22458,0.0232482,0.378192,1.33141,0.733889,16.7028,22.1158,8.79222,2.05057,5.36624,0.0953613,6.65407,5.58113,0.696908,1.6911,0.0163474,5.07165,5.2715,0.588427,0.926941,1.24986,0.888697
0.115368,0.0979722,0.513307,0.225446,0.383344,13.7004,22.001,11.7691,5.49234,4.1243,2.12236,7.83691,2.24188,4.00524,1.9136,1.06382,0.560423,1.70459,1.47753,0.731544,0.694008,0.329874
0.0631131,0.21191,0.0822934,5.02859,8.10684,6.29627,17.4338,5.62747,7.16949,3.18485,2.03543,7.47434,2.62978,1.94262,0.104117,2.17418,4.27047,3.79027,1.78738,0.0573163,1.31472,2.09734
0.343474,0.390376,0.705926,9.7448,22.7424,2.61546,21.4436,0.0501485,17.6323,14.8976,1.36049,5.97894,5.96342,5.22136,2.79737,0.214366,0.704777,0.900011,0.49348,0.217599,0.388284,0.542941
0.209011,0.200172,0.665974,8.5595,25.6367,19.4988,6.22469,5.01825,0.0666738,3.93639,1.31498,1.92763,4.90097,5.62084,2.14314,1.68575,2.29061,0.459727,1.48598,0.0771618,1.26725,1.31439
0.014274,0.283216,0.328909,1.68585,9.4518,23.1461,19.1857,2.30595,11.3823,6.79463,0.0904379,3.35616,3.03022,1.77391,1.13291,1.33509,3.92098,1.54001,0.66652,0.272188,0.851787,2.24504
0.178727,0.326618,0.19481,3.08885,8.70451,2.57823,12.2461,0.535435,9.39541,6.69688,3.77757,7.40126,8.95485,6.33359,1.55719,0.82065,9.1343,10.498,2.35229,0.600493,0.671115,0.444585
0.207802,0.238835,0.294274,4.47686,15.3119,22.6152,11.7153,2.12855,1.94071,0.31281,3.24841,8.02323,5.81277,2.5149,1.28689,1.27171,3.59076,2.11922,0.184177,0.000633139,0.496376,0.738864
0.146739,0.066373,0.126821,4.00073,11.7021,23.2496,25.6176,11.3029,3.2699,7.81197,0.722652,7.86887,2.12092,2.26897,0.135287,3.3425,15.1019,13.76,1.53334,1.37002,0.291311,0.518099
0.0280064,0.122067,0.431916,5.77477,11.5338,0.657621,5.48539,4.82839,14.4138,11.5448,0.672472,4.59482,1.55983,1.94552,1.27294,0.715397,0.469523,1.46572,0.867991,0.096496,0.26202,0.0660872
0.145122,0.359791,0.879712,7.54028,17.9506,6.78236,29.2457,6.86159,17.3867,11.7819,0.123884,1.02295,3.26157,1.12143,1.59753,2.22613,4.20012,8.50877,2.40474,0.4724,0.44645,0.219573
0.151301,0.132602,0.450967,4.76727,13.6947,6.86584,1.22268,6.74045,16.9695,14.1561,5.46329,4.28638,2.04108,0.166159,1.18584,4.14864,14.9883,14.4668,3.59578,0.496235,0.739982,1.11162
0.16844,0.199383,0.215099,3.09035,4.45862,13.6875,23.4136,5.08182,11.9445,10.7145,5.29437,8.53986,7.86672,2.45276,0.432036,1.66664,6.25387,3.79522,0.638076,0.311834,1.13153,1.26978
0.174414,0.359717,1.01926,7.37844,20.7157,5.10702,8.72644,9.37488,26.2026,18.5552,1.29425,10.6659,7.44703,1.12259,0.603716,0.225269,3.35795,5.45069,2.06827,0.476306,0.295871,1.21433
0.0190613,0.00845014,0.613007,6.84729,21.7516,24.3062,10.4896,4.28106,13.1905,10.1975,5.19763,10.4231,4.64219,3.12175,1.50604,1.65382,4.36765,4.53987,1.34661,0.124443,1.16713,1.36149
0.171096,0.204743,0.216265,3.24341,10.7336,21.7201,17.9894,0.292968,5.78206,1.02737,2.61243,7.666,2.35664,3.0322,0.79385,0.179249,0.944423,2.78811,1.39693,0.88985,0.758908,1.17969
0.149606,0.0581192,0.150737,2.08674,3.27092,0.0569179,4.34309,0.591569,20.693,20.187,1.50104,5.3715,4.6255,2.91357,0.959582,1.47298,2.5201,0.292162,1.04753,1.1206,2.13575,2.01136
0.0321284,0.232384,0.371568,2.13873,3.53745,14.7644,23.0956,11.7794,11.322,6.54972,1.26266,0.57215,3.45615,6.07785,3.03107,1.15856,3.7602,4.21529,1.2847,0.210924,0.0509673,0.25162
0.0481021,0.113438,0.0442688,1.68912,3.19101,8.23995,13.0355,6.99716,0.177704,0.279403,3.57277,6.48668,3.52947,0.840629,0.935988,2.18873,6.22242,5.86577,1.84954,1.17962,1.85331,2.04286
0.183723,0.133253,0.824356,7.97843,19.2468,2.59181,23.048,15.463,15.3234,12.5273,6.01226,10.5466,10.6354,5.25225,2.06207,1.64778,2.38984,2.04434,0.682417,0.178582,0.489089,0.253424
0.141029,0.313717,1.14839,9.96321,26.6286,4.16157,16.4708,5.56114,4.5812,5.21374,3.91603,10.9899,8.28019,3.49653,1.97657,1.38812,5.38891,7.14926,2.39627,0.297505,0.586547,0.679472
0.0420074,0.026114,0.555616,5.34742,16.2548,18.1481,13.4007,8.6677,7.78148,7.32295,1.94928,9.29874,3.89734,0.407686,0.124684,0.715725,8.39298,10.8548,3.11539,0.363232,0.414413,1.06673
0.0348339,0.418111,0.178963,1.13581,1.54878,14.1287,16.4058,0.70218,2.93321,4.11182,2.04498,5.56571,1.7796,1.3204,0.428071,1.02497,2.25111,5.33852,2.41994,0.187449,0.517286,0.362543
0.10501,0.0521682,0.483456,3.74735,10.6176,4.20252,3.27324,0.0611831,0.515954,3.30088,0.603867,2.49074,2.97742,0.647447,1.14887,0.38195,3.63947,6.18916,2.54064,0.0258695,0.661924,1.52234
0.233777,0.453405,0.36736,2.94,10.7881,22.1071,15.7327,2.57908,12.9519,15.4191,4.69858,2.56216,0.57581,0.0788363,0.198673,0.525976,9.52943,12.5549,3.83289,0.559612,1.78177,2.25007
0.0239019,0.102667,0.0816864,4.93616,12.9575,20.096,19.8232,11.5297,7.33154,2.97902,3.02222,6.14776,5.63774,3.23204,1.76748,0.949242,2.12823,1.98487,0.321932,0.240212,0.157957,1.56212
0.0134363,0.329654,0.741473,7.70301,19.1001,2.26854,10.7465,1.53518,0.530143,0.386952,3.6728,7.74952,7.83774,2.83,0.537037,0.0449783,3.99564,4.02189,0.0554316,0.360911,0.666259,1.25735
0.0707772,0.476947,0.48369,6.83363,17.5448,5.19988,26.8631,16.1771,12.459,10.0077,3.72452,5.59621,2.73604,2.62491,2.26451,0.14277,0.547835,0.563798,0.306768,0.581564,0.805166,0.995803
0.0504949,0.0540036,0.238278,0.00811071,0.106563,1.56792,5.24839,4.71746,2.12522,4.27492,0.517999,2.38752,2.75146,6.14186,2.93798,1.53122,4.75033,5.85844,2.14614,0.621872,0.0460865,1.05167
0.0931591,0.296927,1.12275,6.6629,18.1627,4.67004,23.8669,12.8322,12.7196,11.349,3.09873,2.03179,1.93472,1.14475,0.144374,0.650021,5.60811,5.63666,0.834897,0.279219,0.259693,0.919328
0.0159011,0.285492,0.853586,8.14121,21.6719,7.14674,4.07902,1.09426,10.769,8.68119,2.64484,5.73308,0.0920451,5.0018,1.97504,2.78591,7.7238,5.76335,0.880969,0.183835,0.796757,0.506285
0.0222392,0.15286,0.0827326,4.60818,13.1299,20.0312,14.6921,0.401947,9.39297,8.31324,5.60007,7.65284,2.54437,4.46116,2.09762,2.4643,0.751234,3.48437,1.85053,0.0672102,0.342548,1.10785
0.131255,0.0606715,0.281099,2.46173,7.68647,19.6339,16.8969,3.99865,11.7207,13.5695,5.91158,8.81398,8.43348,2.6836,0.830653,0.252082,5.15846,7.59916,3.05092,0.0649199,0.474045,0.5026
0.149409,0.213761,0.155103,2.88703,7.10602,0.956253,0.310116,10.7079,14.5571,6.38424,2.87511,6.68453,6.93331,4.49262,1.15902,0.835165,1.2456,0.655798,0.0137226,0.69807,1.12857,0.126022
0.187857,0.245616,0.223436,0.476301,0.460579,18.282,26.5402,6.85693,7.16494,5.57824,1.36772,0.327472,0.710829,0.00763861,0.851079,1.02938,1.37228,4.21872,1.90817,0.38029,0.732751,0.00138474
0.139387,0.274308,0.205677,6.29435,17.3686,16.6516,10.7444,6.95397,5.27995,4.56095,0.399901,5.17576,5.96851,2.34477,0.960301,2.21903,6.74097,7.77424,2.35249,0.19128,0.850599,0.668509
0.166784,0.424643,1.04405,10.2,27.4828,2.67187,25.437,12.0923,4.71759,6.32042,5.61967,8.72331,4.32637,0.747155,0.357593,2.15165,6.58986,7.96594,3.56955,0.623162,0.296242,1.627
0.147141,0.347429,0.415683,7.83151,18.2489,0.755381,14.989,3.77349,3.9609,6.602,7.36521,11.9771,5.10447,0.886701,1.37615,2.32051,1.90362,0.637138,0.718033,1.12111,2.17609,3.36389
0.0833962,0.0112962,0.374033,0.485422,0.169226,8.20478,16.7076,9.1007,0.227479,0.341945,6.00524,12.6412,7.90877,1.84655,1.80184,0.899629,1.66182,2.56403,0.310541,1.46397,0.207877,1.07094
0.14785,0.241981,0.68503,3.72238,7.87552,11.2984,17.5572,1.02738,2.70217,3.32011,6.31562,10.6945,10.2163,4.12929,0.203196,0.34096,6.05074,6.94477,1.52447,0.140445,1.95199,2.91795
0.00794575,0.00676112,0.141061,3.7886,7.78159,2.49591,0.67981,4.54266,18.1635,17.1158,5.79832,5.33369,4.29978,0.465322,1.49268,2.63777,3.10207,1.06033,2.38676,0.537623,1.17252,2.19881
0.0917826,0.136255,0.191741,4.30796,12.6258,23.5438,17.8461,5.04403,14.4003,7.11657,0.500227,1.58763,5.70482,6.92731,2.97963,2.69809,6.36176,4.06085,0.00471253,0.517475,0.361586,0.720308
0.11666,0.111009,0.169744,7.66846,23.1979,27.893,21.0874,11.4523,4.48159,1.08951,2.44516,7.7793,8.25369,4.5543,1.06245,1.00921,1.48461,0.438533,0.513013,0.113937,1.14715,1.94858
0.237737,0.436953,0.691039,7.6083,20.6213,3.0579,14.2471,2.16989,18.0092,12.4879,3.25854,10.5852,2.95333,4.47559,2.28342,1.81182,6.59997,5.97463,0.605654,0.263367,0.352166,0.914582
0.0561606,0.209379,0.0537915,2.16901,1.22992,17.3353,28.8188,8.47563,16.4929,15.1498,6.93643,10.3351,2.94356,6.19264,3.15068,0.802185,7.08764,10.4787,5.16851,0.960577,0.0613975,0.299527
0.266816,0.150746,0.383622,6.25858,19.2372,10.7817,7.34085,7.797,0.485291,4.6056,5.41118,8.49494,5.72015,0.188083,0.784264,1.47923,0.720298,2.65381,0.132163,0.459831,0.913205,0.640717
0.0628001,0.47987,0.921297,8.61149,20.7862,4.69479,25.3081,5.93778,8.01646,3.82478,2.71318,5.86037,7.48717,5.26537,0.930969,1.21829,3.45409,3.74082,1.02627,0.43785,0.62221,0.138849
0.0844491,0.178637,0.127361,6.44933,11.9014,0.352189,2.60768,8.58487,15.5517,13.0177,3.44229,0.269894,1.22984,2.91188,2.92616,2.91315,0.618217,4.18736,0.755567,1.92536,2.43095,3.14606
0.117976,0.0308733,0.334673,2.92987,8.15964,18.2847,15.5421,0.145178,5.8093,5.42157,1.00283,5.26344,7.09544,3.6697,0.4189,1.08493,7.94494,10.2069,4.29803,1.14136,0.380101,0.666861
0.0495855,0.00402849,0.134721,2.45998,11.7471,24.0746,17.8468,1.58236,8.72219,4.24767,2.53224,7.13359,7.32094,2.8948,0.589425,1.55999,2.75848,1.72938,0.406102,0.299845,1.96133,1.80619
0.0643834,0.196678,0.331738,0.750421,3.84643,1.95056,1.93116,4.12711,2.27541,4.55769,2.2017,5.84912,0.99385,1.44842,1.42053,0.210781,4.92566,6.39164,2.72305,0.371228,0.0354916,2.92763
0.0395312,0.0380788,0.0592158,5.06994,17.7603,32.359,29.9692,9.87311,0.920935,0.401808,1.86219,3.1148,0.0210813,0.619867,0.866019,1.72598,5.69843,5.53128,1.29991,0.729502,3.25735,2.28869
0.487898,0.0710168,0.888111,10.0369,32.3274,28.1662,11.1694,4.61161,6.55364,10.6202,2.78771,0.519518,2.95678,4.18829,1.7662,0.645788,3.20426,6.72638,3.17358,0.936098,0.67938,1.30448
0.475012,0.217583,0.500365,9.18223,21.0104,5.21227,29.5846,13.1565,5.26061,7.93696,0.0606531,5.25948,0.39503,2.74043,0.624212,1.824,1.83647,5.1025,1.6939,0.772439,2.73852,3.23173
0.0929159,0.278302,0.122628,1.61937,1.62839,15.803,15.0644,3.04597,10.0151,2.58361,1.61414,8.78757,8.29806,4.74659,2.61199,1.01812,1.77424,4.70644,2.77137,0.97638,0.10284,1.4054
0.156391,0.210947,0.330403,3.52442,10.1358,3.89074,18.5707,14.0536,15.6624,14.3069,0.163218,10.7575,11.8389,7.18756,2.57382,0.355376,7.49852,8.43565,0.697463,1.7648,2.31535,1.92205
0.213778,0.188583,0.385527,4.55948,5.23055,16.2597,17.944,2.8968,6.5959,4.3571,1.40265,8.38721,4.99063,0.149581,0.408635,0.938232,0.749814,2.16716,2.60905,1.29231,0.785539,0.729463
0.00885048,0.0843995,0.153048,4.84457,8.26074,3.36135,0.998165,1.45167,9.28514,8.03611,1.91717,1.90534,4.22486,9.34434,5.03924,3.70849,4.02725,1.34219,0.41072,0.0638039,0.980623,0.99088
0.0600942,0.0140645,0.0720195,6.79985,23.3656,35.2208,21.1645,0.57641,2.61181,4.59952,1.81673,4.18451,5.27265,4.76688,1.84077,2.56326,5.83121,5.54469,2.51218,0.306074,1.3166,1.58881
0.117397,0.200085,0.579756,7.83269,27.2837,31.8404,21.6067,8.20981,2.81719,1.38875,3.40502,9.18486,0.66698,5.32805,1.27237,0.086503,0.0126156,0.404143,1.10625,0.121607,0.123171,0.0127874
0.123195,0.116127,0.33042,3.32842,5.84639,10.9833,18.1928,8.85412,15.7881,16.6816,1.8482,13.5203,3.98549,6.77764,3.36096,0.304811,4.16987,5.88749,2.82795,0.581792,1.38443,2.8786
0.00281964,0.182823,0.0171684,4.84012,19.937,33.9288,29.6646,12.9716,1.89917,2.32318,4.49393,15.9951,12.0308,1.1782,1.27406,1.25145,0.265381,2.21387,1.3353,0.145658,1.59489,3.47471
0.15185,0.331519,0.497368,8.23866,24.0153,11.6287,9.93748,11.2371,7.77776,1.58431,3.38158,13.6386,12.3899,4.44945,0.572242,2.09877,1.93771,5.6695,3.55434,0.307991,0.786479,0.551932
0.046746,0.310118,0.313207,6.77769,11.0077,14.316,25.2804,10.8866,15.4663,16.0394,0.125113,8.16618,4.02755,0.580213,0.465688,1.62835,1.09384,3.32656,0.254488,0.78379,2.1604,4.16174
0.0136119,0.0651991,0.193026,3.61895,3.84527,4.84108,0.754886,6.99693,3.20381,1.73443,0.37703,0.422559,3.91368,2.88895,1.34226,2.42233,5.63992,6.69199,2.45121,0.298613,1.30383,3.48835
0.0291419,0.134339,0.21228,2.24456,11.8064,25.9816,18.2236,1.94186,8.49067,9.88645,0.811223,5.62726,2.78023,1.7094,1.58719,2.54998,5.43602,5.10247,2.27881,0.777416,2.81033,3.05966
0.0500028,0.0679006,0.278102,0.705897,11.034,25.927,19.3152,4.6654,6.38767,4.86786,4.40597,9.74449,0.886109,5.71934,0.493454,4.36596,8.60865,8.62312,4.40275,1.81107,0.0735806,2.46235
0.13879,0.0639604,0.0311526,3.99258,13.0797,17.9237,6.62933,4.07487,0.175192,0.0278126,3.72228,12.8446,7.188,1.63285,2.49578,1.79243,4.75923,5.10701,0.0562529,2.15781,3.32517,4.10195
0.0918196,0.140372,0.428402,9.71124,33.8461,46.0933,32.5597,15.6571,18.6273,17.9904,0.490885,13.3274,13.6107,8.41927,1.4423,2.43798,1.19961,4.27872,1.71476,1.11925,0.811739,0.746166
0.0439733,0.348724,0.770223,8.63528,26.6431,20.7618,5.29877,3.93334,1.01146,3.8386,1.0438,8.33771,7.71558,4.20004,1.35967,1.22931,0.924259,2.31517,2.77993,0.337814,2.41373,1.55253
0.0333183,0.0439115,0.201784,2.83573,2.31612,26.1538,33.1839,14.903,3.70367,0.0967089,0.579553,0.645751,2.76415,4.82491,1.58634,3.43943,3.86747,1.29038,3.22158,0.27577,2.7636,0.560773
0.000906359,0.243201,0.353547,1.20573,14.3594,25.0169,12.391,0.449853,7.10683,8.39029,2.77805,2.91173,4.08898,5.28335,3.26292,0.152952,2.56031,3.79424,0.335755,0.27987,1.85705,0.796802
0.0405959,0.167546,0.151443,0.0512433,2.44629,16.1037,22.0936,8.24241,1.31192,0.457956,3.06973,7.11089,5.9283,2.3032,1.19013,3.55789,8.85848,8.14528,1.85422,1.47252,1.93486,0.254333
0.0827859,0.0466197,0.0488193,2.35468,16.0781,32.3856,19.2845,3.35589,2.07464,2.4671,2.30387,7.71613,4.57855,1.68445,1.44135,0.00804074,2.68688,6.8112,5.148,2.52603,2.52629,2.70279
0.0659171,0.0727371,0.0740489,1.29914,2.79466,1.71947,3.09338,0.740286,1.07435,3.41787,0.227492,4.99318,1.58422,4.27911,3.91912,2.39856,1.37495,2.52587,1.34644,2.33845,1.64327,2.86038
0.0500923,0.190413,0.262554,1.42833,14.345,33.6298,23.8688,0.145088,4.71011,4.8866,2.792,0.493435,0.745071,2.60772,2.01232,0.0402032,1.23151,1.41882,0.782462,1.07684,1.88592,2.35594
0.0790405,0.0319506,0.455261,1.01096,7.55648,14.9336,16.7844,12.0345,10.3941,10.1997,6.08083,5.43287,2.38718,1.37211,1.60257,1.76964,5.06612,8.22735,1.76259,0.551371,1.96299,0.0763372
0.0719126,0.0796923,0.00403237,1.55001,12.0475,28.758,26.0393,7.13,2.777,5.97742,7.17046,11.0992,5.45681,3.77341,3.44604,0.0597951,6.71009,11.4854,6.1296,0.163135,1.28687,0.272887
0.180856,0.0545871,0.231593,2.22202,14.148,29.9741,28.6517,11.5888,0.724816,3.44156,6.77486,13.1078,7.58577,2.62801,2.22546,1.99289,3.41937,1.27426,1.36964,0.411208,0.975964,0.292391
0.0817596,0.0984529,0.145249,0.700682,5.23552,14.9982,19.0665,9.70217,2.59971,4.46828,5.58549,12.0198,8.33991,0.981751,0.0241841,0.443514,0.547676,0.0873874,0.307446,0.0674014,0.617187,1.78793
0.00920134,0.0692572,0.00603497,2.43092,16.8707,36.2435,29.3126,6.21278,0.924772,0.609518,2.25129,7.35271,5.3224,2.91072,1.48582,3.24419,6.13572,3.77282,0.269031,1.0264,0.239347,0.970611
0.0478058,0.109181,0.0484147,0.535085,2.97182,3.14617,4.40271,6.29774,3.28462,5.93693,1.16815,0.291803,0.916564,2.95831,2.41272,0.669412,7.61381,12.2672,6.49319,0.750747,0.0748066,0.798833
0.0701096,0.00804497,0.0332701,1.76523,14.52,32.5013,21.8454,3.02787,3.43484,3.65803,5.48192,7.80228,4.01838,0.916003,1.50588,1.47476,4.58385,7.19207,1.06504,0.377338,1.82542,3.35558
0.0790964,0.105077,0.0688468,0.879015,8.42262,19.9687,16.2801,2.15685,6.83451,8.10907,8.54098,13.3096,8.59496,1.77321,1.51544,0.0180035,2.74951,3.13331,0.725265,0.891263,1.78228,3.33592
0.0579627,0.0637473,0.19184,1.84234,11.7231,22.7181,11.8879,5.09797,8.41538,7.67077,11.01,17.8977,12.378,4.24315,3.48693,2.44875,3.43516,6.08273,0.391502,1.83626,1.47232,1.26879
0.0914987,0.15178,0.290045,1.86159,14.032,32.9878,32.5265,12.6796,4.44253,5.43771,10.0237,18.1838,12.2185,3.53954,1.63256,1.10022,5.52837,9.36877,6.22052,2.48876,2.17189,1.15568
0.0230128,0.0737187,0.0571087,1.3706,6.11437,8.3179,2.7845,1.38899,2.9668,4.67189,7.20548,14.5412,9.29499,0.247425,1.51574,4.4184,7.21438,4.6974,0.374892,1.31781,2.51886,0.847728
0.0577853,0.0259167,0.13013,3.56629,18.7719,39.1842,38.6,18.2547,4.61162,0.425122,4.0357,8.077,3.30567,3.52743,2.64218,0.122559,0.35741,1.185,2.02822,0.646821,2.92609,0.285435
0.0160083,0.13638,0.0397224,0.985899,4.50773,10.5912,6.50371,1.56602,0.051392,0.270723,0.4894,0.688169,1.07439,3.64994,2.43773,2.34632,7.57212,5.8536,0.4826,0.48482,2.57389,1.15161
0.0211116,0.0932937,0.0566013,2.15369,14.9975,31.4941,28.1569,9.25743,4.61948,6.72682,4.83026,6.72619,4.63903,0.744885,1.62583,0.826079,8.69694,13.8789,6.19979,0.996973,2.59014,1.6929
0.221869,0.0925557,0.191082,1.91857,11.301,24.5949,14.656,5.8192,2.68234,4.71755,6.86012,11.8146,6.34179,2.94767,1.34813,4.2703,2.57561,2.13898,0.922851,0.928789,2.50605,0.217176
0.091346,0.0279157,0.223405,0.065297,7.52735,16.4307,10.1265,1.13121,5.78457,8.29125,8.22991,13.4749,7.0992,4.00972,3.7756,1.73472,0.0423739,3.61542,3.84728,2.94199,3.39442,0.317539
0.0323418,0.0343357,0.088988,0.0311882,11.2718,31.9608,24.4171,1.20946,9.61813,7.99949,7.41872,11.1398,6.54475,1.4856,2.02039,2.43356,1.39695,3.57195,1.21878,2.91021,2.39035,0.194914
0.0257389,0.00286108,0.325269,1.38552,5.37302,0.808018,10.1021,8.28024,1.83978,2.47231,4.27158,6.35014,4.74584,2.35903,1.96245,2.50233,8.44435,11.1821,4.32885,0.334666,1.76116,2.10812
0.0145027,0.0214883,0.446591,0.968741,14.3837,34.3325,28.9765,6.45025,0.50876,2.59505,1.26609,0.330904,1.64993,4.61134,3.91457,3.78064,7.42214,6.59216,2.10096,0.874133,1.33135,2.82081
0.191826,0.0576743,0.0121731,2.19504,0.616742,14.3595,21.8347,9.66466,0.753169,0.239777,2.21868,5.70437,2.91575,2.86553,1.41021,3.44493,5.87483,5.99329,3.16275,0.916053,1.86173,3.55466
0.0528418,0.0234094,0.239581,4.14711,17.7697,29.9049,26.1155,10.0562,2.35126,3.33466,4.72024,8.48459,5.67359,0.348285,1.15872,4.5724,8.13267,5.03496,1.80662,1.69177,0.698203,1.0617
0.0457578,0.154158,0.179812,0.967679,10.4446,28.7758,26.0272,4.82181,5.47411,6.36855,6.1415,9.02237,7.23048,3.89121,3.12203,0.0288726,2.91155,7.5044,3.73552,0.115016,0.501942,0.780897
0.121497,0.0912655,0.0764988,3.54343,11.0407,13.5137,11.5466,5.36529,5.48573,7.9088,4.87287,6.15663,5.5928,4.45048,3.31379,0.421216,3.9005,7.77746,4.84257,1.25632,0.0816977,2.12503
0.0504157,0.130947,0.344686,3.39072,15.9918,33.9282,23.8652,0.403153,1.05771,6.88751,2.51522,0.507764,1.39043,1.82448,2.49603,3.7623,1.7666,2.87475,3.05811,0.376843,1.33057,1.63776
0.0884226,0.147932,0.373842,0.717056,2.48112,5.03674,10.0117,4.38443,2.28449,5.93022,0.309902,6.89821,4.32755,2.27295,0.196424,3.40078,1.89334,4.94612,0.268489,0.0700901,1.64915,0.00765631
0.219459,0.101572,0.12215,3.01409,16.4607,31.0491,18.6734,0.956494,2.56583,2.44682,4.18871,13.6077,9.53309,4.51323,2.66287,2.80453,9.78438,11.0202,4.38926,0.126465,1.64825,0.36433
0.286617,0.0747429,0.561406,1.40285,4.15529,19.3736,27.5086,14.4949,2.75699,0.0828558,7.12559,16.6767,11.0808,2.92262,1.94823,1.58478,4.106,6.65932,4.90596,2.24839,1.9739,1.25562
0.137824,0.0198225,0.683453,0.883854,12.0093,20.2835,11.4058,2.30141,0.652883,2.86758,8.49677,17.1112,10.3535,0.579644,1.61719,2.34389,2.75785,3.86152,4.59212,3.37195,2.37951,2.13315
0.18096,0.105197,0.213179,0.47955,8.87349,29.8752,35.9204,17.6019,6.78955,5.40371,6.84615,12.5237,6.61625,3.78475,3.41264,2.67023,6.79472,6.23799,1.72279,0.92948,2.13675,2.56469
0.219068,0.163921,0.488559,0.315335,6.11964,5.54553,3.90056,8.665,10.5097,8.5771,4.96824,4.8016,2.23878,3.77695,1.62082,2.82754,4.30855,8.92491,2.09099,0.645857,2.47798,1.08059
0.161983,0.0976938,0.444023,1.48328,8.95353,31.4223,32.039,11.3864,3.19326,7.66296,1.37133,4.78959,3.1141,1.09141,1.11349,3.33909,1.56973,6.90678,3.37905,2.44231,4.22431,0.551039
0.230067,0.160682,0.0038784,3.52104,5.8971,7.22326,6.87468,9.17321,3.75072,5.51942,3.23327,13.3194,7.06701,2.57005,2.52296,0.52542,2.96869,6.61205,5.71648,0.633831,3.45123,0.719489
0.0147789,0.135665,0.0417665,1.41782,12.5269,25.3547,16.2247,0.249604,0.355252,4.75226,5.70232,19.5347,11.1414,3.64424,4.32454,0.581259,2.78265,5.03539,0.515226,0.0199509,2.55049,0.807616
0.143175,0.0287207,0.132465,3.94667,2.28393,18.939,19.706,3.85555,7.86597,2.73929,7.95951,21.3207,12.062,1.79849,3.79886,5.41419,8.54786,6.77437,0.576023,3.92745,2.6909,1.80473
0.0596665,0.0507049,0.0507045,5.84264,17.6046,16.1017,1.00508,9.15371,1.76681,2.38355,7.70068,17.2233,11.0449,1.73602,0.528238,4.88785,9.96483,10.8945,5.02831,1.01877,1.29604,2.5367
0.0447688,0.113905,0.328512,1.31352,8.91108,28.465,28.6245,3.8999,8.97767,7.22528,7.52888,11.2741,8.21622,4.34222,2.63518,2.03356,3.83357,3.3856,1.56761,0.512073,0.635351,1.08057
0.0940567,0.172285,0.346693,4.46766,11.8601,1.0439,14.8048,12.4277,6.87923,5.87246,4.12337,3.2337,3.00887,3.7069,2.02472,0.874688,7.06985,8.36337,0.377493,3.42531,2.09385,0.446278
0.0862697,0.104915,0.065466,5.10302,16.5112,29.9695,28.8472,9.86318,2.69774,7.01191,1.14127,5.85646,3.99028,0.406162,1.26598,3.23647,2.75741,6.04008,0.428512,1.92109,0.332756,0.958346
0.253004,0.251999,0.621927,0.889639,1.19623,14.3708,20.4735,7.7286,3.9338,8.46313,1.98132,13.34,9.3652,4.22688,2.8233,1.45499,1.43523,6.62001,6.9081,3.08671,0.586487,0.177322
0.193833,0.0345966,0.365034,1.99846,11.7522,21.068,19.4545,8.94584,0.348879,3.80519,4.4153,16.2798,12.3402,5.08771,1.26799,4.61407,3.46795,1.14373,0.176649,1.44745,0.180098,1.85979
0.179933,0.324545,0.448111,1.31832,5.58761,22.5429,21.9602,5.35884,4.0301,3.70103,4.46428,12.4952,7.98168,1.43193,0.585207,3.21489,3.0604,8.89075,4.87517,0.768401,0.723457,2.18741
0.117876,0.276278,0.630368,0.660911,6.18059,6.8837,0.605946,0.130376,1.09924,1.68917,3.34673,7.43713,4.18273,2.09982,3.50314,0.899542,9.58442,8.58823,1.93431,2.27325,2.52773,0.467502
0.217956,0.0457908,0.0190323,2.0433,4.77833,25.205,21.5156,3.72256,5.25829,6.0746,1.25998,0.655805,1.87224,3.87499,4.27003,2.04445,1.72699,5.00687,4.69141,0.793071,2.00955,2.90552
0.0217283,0.295994,0.63934,1.46059,6.41396,5.84798,19.0343,9.13796,4.28412,7.6563,0.473331,8.40511,6.05379,3.47255,5.31526,8.15211,8.78767,5.76851,3.09236,0.288445,1.54804,3.55732
0.0559934,0.121963,0.330006,2.35459,6.0063,22.8336,19.8161,6.4465,1.65991,7.62693,1.13101,13.625,9.13131,0.600058,1.55953,4.70615,7.36132,9.59855,7.34991,4.66355,3.13434,3.79368
0.0799683,0.036183,0.123466,5.95405,8.99065,15.4138,31.3877,11.3086,0.832487,3.98826,2.89779,14.6466,8.06577,3.05215,2.31971,0.647671,2.81731,4.43806,0.863914,2.80032,2.49641,1.38339
0.00108028,0.0315206,0.349185,3.34864,12.8818,15.8768,12.5122,12.9943,13.2206,8.92642,1.11838,10.3386,5.1295,4.42257,3.12781,0.522775,3.1141,5.20477,1.81044,0.144846,2.71223,0.614664
0.236731,0.0354517,0.0477664,3.93825,2.14803,22.6272,31.0387,7.23084,4.11341,1.9023,0.242182,2.9123,1.6776,1.43236,0.180005,3.6166,1.13313,3.04303,2.99933,3.87651,4.26083,0.237638
0.145762,0.0220685,0.0363245,7.67049,16.7633,5.97454,1.13135,10.8844,8.41472,2.57834,2.27546,6.71734,2.42811,3.13201,2.48001,0.323369,6.95765,11.308,5.39491,1.27926,2.77448,2.23426
0.180171,0.13913,0.385585,3.23519,10.902,25.5447,19.8939,4.39155,9.38048,4.46455,4.67106,15.8763,8.09853,4.24757,1.96106,5.28022,9.09736,5.37167,2.9459,2.46199,1.54673,2.97062
0.131333,0.346569,0.307727,3.78414,9.19526,6.64368,13.0523,2.45462,0.236575,7.30253,5.63126,22.0801,13.4985,1.53404,0.506124,3.32224,3.29678,2.3085,0.211018,3.02425,3.01399,1.92942
0.0458092,0.0534482,0.526924,5.9953,15.9328,20.2354,5.16589,12.504,4.35027,7.80075,5.79509,22.9326,14.3215,2.12638,2.23388,0.313708,4.11691,2.82496,2.19433,3.29278,2.0362,1.73785
0.18852,0.334032,0.97765,2.60598,3.18502,18.5751,25.4222,6.85591,5.49962,7.16252,4.9383,19.12,13.3114,5.44852,5.73814,3.35114,6.26968,11.6308,3.86178,1.91724,0.355243,2.75715
0.159534,0.153251,0.446014,0.222087,6.95437,6.91018,6.58664,14.6269,10.3061,5.20295,2.33484,9.88531,7.37494,4.31842,6.27314,7.19726,0.850629,5.75219,0.40452,1.9016,0.488989,1.82515
0.197749,0.0632699,0.565617,0.540065,3.83869,23.322,32.9622,17.0487,6.11919,3.59736,1.17129,1.17661,0.702349,0.819749,2.60034,3.84096,1.18148,1.78044,2.56926,2.04444,0.202924,0.977439
0.144924,0.340358,1.16481,2.12575,2.84914,3.50123,13.8134,10.8457,5.57779,1.68291,4.80062,11.5829,8.29381,3.02613,1.23726,0.592094,0.395493,0.861404,3.38958,3.8742,2.12529,1.92763
0.0210422,0.00885371,0.550432,4.5902,1.44514,17.5565,26.6156,17.5554,9.50706,5.387,6.86445,19.6083,13.7761,5.63174,2.71584,1.46844,6.1464,9.61592,5.8533,1.7307,1.57945,2.08093
0.19675,0.272479,0.52354,4.02131,8.5426,9.2218,17.0043,4.21938,0.803381,4.99239,5.83694,22.5489,14.6226,3.17363,0.702007,4.14699,8.55406,6.93818,3.11314,1.05967,0.713336,0.26134
0.0839691,0.0634151,0.571414,1.94796,3.53242,11.3203,11.3094,9.66388,3.04125,5.61478,5.14935,20.7984,12.4911,0.833718,0.850158,0.417543,1.81236,2.25438,1.29703,2.71816,2.76216,2.71743
0.0440685,0.263791,0.229564,7.89069,10.6973,13.9654,19.8628,1.89482,4.77473,8.64772,3.35127,13.9189,6.64948,4.31718,1.77538,4.94114,6.17386,2.17049,0.338616,2.30519,3.29931,1.72924
0.112915,0.0395907,0.225348,6.16335,13.8798,3.31324,8.98089,0.478326,10.5109,7.63023,0.00981368,4.26201,0.609984,3.76433,1.3245,3.72233,9.3668,12.168,8.51148,2.43507,2.1816,0.184209
0.15019,0.0772235,0.379302,2.04027,0.307225,18.1068,20.1661,3.19543,0.919529,1.1327,3.47415,5.50454,3.54586,0.15278,1.37642,0.161101,1.85939,5.32534,2.56744,1.38467,2.85115,1.37086
0.0770447,0.205204,0.156521,7.87157,15.3179,5.31596,22.116,5.41565,4.80005,0.841338,5.38989,13.546,7.91786,2.38175,4.56168,5.28342,3.97396,0.555859,5.0086,5.43657,3.41556,0.266516
0.120775,0.109448,0.802275,5.70692,11.4806,17.9918,17.7646,5.50276,2.88242,3.77073,4.54212,16.3154,9.38833,3.7088,7.658,8.49682,1.57147,3.21141,1.27923,0.256656,1.47435,3.08234
0.263261,0.14335,0.987133,0.519403,3.77799,15.2837,26.3766,3.68,3.38369,4.91891,2.91561,13.9623,8.30258,1.32615,4.14069,3.21155,6.55433,11.7528,4.37405,1.18808,2.14747,4.92334
0.0741787,0.0451829,0.161517,4.05156,10.2163,10.2562,8.99589,4.65799,2.56681,6.60845,0.812591,7.28445,5.86497,2.68218,0.364186,0.804546,6.57956,7.46673,0.280943,4.11093,2.39301,3.56873
0.29976,0.342789,1.09045,3.47903,4.27108,19.5241,21.9857,2.92341,12.5412,7.83337,3.6093,2.35689,0.344149,4.23406,2.082,2.21279,2.28452,3.35193,4.92767,2.25218,0.798075,0.418257
0.162417,0.337527,1.05136,2.20448,1.67626,1.96401,5.37034,2.91633,7.36144,7.25298,6.89418,11.8307,6.22118,3.10483,1.50981,4.71575,8.04803,3.92597,3.12773,2.76213,0.774678,1.94754
0.0259936,0.371869,0.0598763,1.92801,0.5,15.3793,12.9145,7.75074,4.32565,3.52458,7.90055,17.0992,10.8095,0.342957,1.076,1.34575,3.79885,7.39337,0.393836,3.67307,1.71927,1.35753
0.329969,0.394195,0.83299,1.13866,2.15791,10.5482,21.721,15.0997,8.95051,2.90398,7.70129,18.1709,12.6215,4.41274,0.471116,5.13148,0.713873,7.62194,3.91789,0.0128973,0.389636,0.157226
0.113287,0.116191,0.524446,6.38894,6.00389,6.44811,3.59473,7.82963,3.68282,2.74502,4.05566,14.4074,11.4882,5.60511,0.925432,3.09541,1.4171,2.0594,0.570521,2.65785,1.53277,1.15535
0.162826,0.156858,0.274634,6.95961,11.8858,13.7481,34.0475,24.0672,8.46382,2.8157,0.0768572,6.6712,5.60681,2.798,0.414403,2.2835,5.14969,5.52581,1.69383,3.09778,0.821741,0.200799
0.142892,0.0839805,0.324371,0.0890525,4.12057,2.16051,3.70131,3.32167,6.32704,8.67831,5.50731,4.96098,3.78895,2.62032,4.77717,6.48449,8.77251,8.30754,2.92112,0.832846,2.06185,3.23309
0.0519553,0.0612197,0.0618659,8.31514,12.9135,12.1909,32.2874,23.8265,14.156,7.83832,8.14032,14.1508,10.0587,4.64305,6.6342,9.12396,9.04975,8.22888,7.79182,6.14982,2.94057,3.57658
0.074417,0.0224966,0.0666364,8.7562,15.596,2.85861,10.1739,4.87702,8.89515,5.47585,10.9181,21.1705,14.2222,3.98125,4.82828,4.42645,0.0707923,3.32834,1.30112,0.398475,2.15659,3.19157
0.238791,0.120557,0.421587,0.669701,1.8334,12.9291,20.4759,15.7489,6.09509,1.5653,11.0951,24.1259,15.4034,0.976674,1.37921,0.176789,6.88334,7.87234,3.99356,0.772262,2.19456,0.49472
0.21389,0.109191,0.309901,6.92564,12.7423,9.19682,14.8126,8.41087,8.20357,0.310059,9.50898,22.3622,12.4441,2.81947,1.14685,1.6897,4.56781,6.87445,3.70722,4.11331,3.5833,2.02806
0.219788,0.197273,0.553081,6.6559,11.2222,7.56831,2.75687,3.7098,3.2176,1.86663,4.74184,15.0945,7.83925,3.60622,2.31164,3.40274,1.28599,4.7154,4.46792,0.165735,2.46461,1.26482
0.338117,0.419114,0.943762,1.73672,0.154763,16.1863,18.7911,7.13645,7.01803,4.6129,0.213253,4.56077,2.10545,1.32582,2.12682,1.88489,0.863002,4.07107,5.23105,2.23767,1.74951,0.0284056
0.0113354,0.193418,0.0210078,2.12906,5.59904,3.20113,14.0194,7.26904,4.22387,6.06986,4.22875,5.81793,3.19302,2.03721,1.18938,5.80501,0.342365,7.11966,5.69703,4.06648,2.61874,1.41235
0.280815,0.243184,1.01038,3.05289,2.72188,16.2814,20.7859,3.26308,15.2907,9.0125,8.59366,15.4086,8.60236,4.06292,1.37906,3.04711,3.23642,5.05065,1.7561,3.7617,1.89905,1.61873
0.290943,0.343601,1.1603,3.98813,1.91316,12.6091,24.0092,11.8462,4.8339,6.13566,10.5369,19.9708,11.1775,2.83484,0.616451,1.08466,5.27511,7.04241,0.366291,2.94732,0.0989189,0.68661
0.0611136,0.0274581,0.0639626,4.38056,6.37935,7.52792,15.0476,0.629923,6.38119,0.939674,8.53503,18.2003,11.7828,0.979558,3.42612,6.32827,5.12798,3.91349,3.24887,2.09341,0.851287,1.21133
0.331396,0.1217,1.17962,0.69674,4.38637,13.0902,23.4301,8.58829,1.03087,0.432757,6.7719,13.1857,8.96009,3.71614,6.04391,9.58501,12.4997,10.575,2.16322,2.03732,0.37759,0.465989
0.0617839,0.191692,0.947935,6.45959,8.36362,1.26268,3.57926,2.51195,5.30548,0.747733,0.442351,4.4207,4.03132,4.67898,5.26944,4.12786,5.67874,4.20497,3.69985,5.39315,2.21279,0.192887
0.0752358,0.132058,0.000330201,9.66187,15.1736,10.1356,20.3325,6.0738,1.11159,2.68128,3.34289,3.46967,2.07577,2.26718,2.46234,0.252444,0.24463,2.84407,2.68302,1.29832,1.46144,1.31463
0.173401,0.00123648,0.326339,3.01509,5.54439,6.13084,13.7748,10.6211,12.1766,9.1543,5.98244,10.0361,7.39796,1.85951,0.12367,1.91335,1.33017,3.10322,2.71017,3.87715,1.27799,0.418014
0.197833,0.554458,0.410945,7.85393,12.6821,5.37208,12.5306,5.30378,9.57768,8.61863,8.2024,13.9245,9.68662,4.6307,2.47502,1.59405,4.18949,10.3212,2.9634,4.39169,3.33435,1.34034
0.285247,0.0333263,0.613061,10.9631,16.6079,9.16461,26.9347,16.2765,3.35483,4.10512,7.82555,12.6023,10.212,5.51007,4.07459,3.19958,6.55267,5.69662,0.860333,1.76051,2.9797,1.77512
0.288726,0.151385,0.901476,3.93024,4.19635,5.19155,7.4827,9.66865,5.60118,2.06059,3.69177,5.71004,3.68641,0.141148,2.49835,5.53498,2.58778,0.125421,2.74949,1.62413,1.42718,1.90414
0.341533,0.182053,0.0776429,4.76453,8.78776,13.8495,30.9349,15.0037,1.77016,0.0557683,0.238916,0.249821,0.625928,3.07555,0.334555,4.67549,0.416568,2.89384,0.855594,2.09736,2.21998,2.49649
0.00975254,0.0213231,0.558189,7.01731,9.10992,1.02044,0.173557,14.3689,12.2563,0.256462,5.14853,7.36976,5.52624,3.67406,0.915959,0.1121,7.14434,10.5698,8.35195,5.84441,3.60139,2.04067
0.542053,0.355372,2.02347,9.4515,10.522,15.5599,25.8117,36.3668,40.0354,21.0564,9.87693,13.5707,8.58357,2.32746,1.58548,6.50994,2.75965,3.14021,3.27432,1.34459,1.04755,0.544754
0.0290025,0.347954,1.87755,8.24632,10.7588,15.116,9.14027,8.96799,9.65539,5.29511,9.24599,14.1974,8.20379,2.29502,5.21257,5.08476,0.165938,0.785217,2.94255,1.0317,1.16506,2.19077
0.368884,0.627177,0.958682,5.76813,5.50507,7.35675,24.7628,40.6941,20.798,3.12002,5.80569,11.9641,7.01904,4.42925,4.79969,4.64063,6.56279,3.94314,1.41696,2.9275,2.02044,0.301268
0.410007,0.659351,3.30165,16.1154,15.9205,17.0955,9.6012,66.7042,46.7738,0.568898,6.32851,10.4074,5.97595,2.64206,5.56676,3.57466,2.27343,4.53999,3.33834,0.704948,0.783192,3.43642
0.520766,0.429652,0.385004,2.30993,5.95654,0.69653,18.3776,55.3418,38.6865,1.13734,6.55529,5.92652,2.30709,1.16412,2.9714,3.04006,2.48524,2.38031,0.745491,1.98352,0.460208,4.92218
0.350077,0.780759,2.1936,8.2886,5.19208,12.6133,14.9457,7.01323,10.5801,1.80702,0.747686,3.17051,1.0203,4.15812,7.26398,4.04449,0.0788383,0.817466,2.41071,1.99096,0.111535,1.38704
0.286428,0.147766,0.327062,1.97053,3.98998,4.61315,26.4436,69.1696,54.8114,6.60248,8.78613,12.4041,6.03336,2.31093,5.38669,8.49039,7.98174,5.65222,1.63516,0.320087,0.155333,0.890556
0.469601,0.313419,2.11523,3.1829,2.01389,7.1839,26.6502,35.0392,20.2149,0.885904,9.29427,14.9054,8.4727,2.4116,9.29561,12.5336,9.60667,6.19797,0.145986,3.23948,1.66476,1.52597
0.359422,0.0664984,0.146364,4.81127,6.42438,6.9646,25.7762,53.147,50.551,13.5349,4.60136,13.5574,9.54463,3.63078,1.88303,8.73316,6.64482,2.33932,0.446787,0.737175,1.01042,2.69799
0.174942,0.355956,2.45599,8.3899,6.56584,6.31859,20.1327,34.5267,27.6047,8.3932,4.65499,10.1347,8.84759,4.18035,4.81623,10.5315,1.85661,3.61467,0.32034,0.959051,1.30285,1.71318
0.203696,0.206004,0.988087,2.65918,5.48583,7.93826,21.3175,41.4549,39.6913,5.90145,5.25538,5.57455,5.62817,4.3905,2.13229,11.3817,2.887,3.78948,2.28118,4.79075,2.94729,0.974637
0.39598,0.318756,1.8333,12.081,13.256,2.52597,4.32707,14.7901,10.6327,0.839978,3.56339,3.48542,2.08604,1.23046,12.4276,20.0965,6.91554,3.62633,1.6471,1.28652,2.41877,0.324088
0.479649,0.561831,1.94835,8.17395,9.06409,12.2808,23.6381,46.7751,42.7017,8.36361,2.05135,2.77321,4.18026,2.7619,10.6036,15.1669,4.73935,4.39061,6.35137,3.00839,1.45225,0.206126
0.125685,0.160667,0.0201913,1.35173,0.82954,8.75182,6.33484,19.4967,21.6375,2.07141,4.03157,5.24664,4.10399,2.07086,5.71124,8.57556,5.75166,4.58562,3.51304,0.985538,2.63334,0.257589
0.486131,0.490106,1.6506,8.66506,10.2955,10.6185,21.2713,45.0616,43.8739,13.2834,3.25555,6.93664,5.30975,2.81663,5.15277,8.75016,8.12583,4.87399,1.32334,0.696901,1.20574,1.5623
0.0981612,0.576575,1.47537,11.3592,13.6434,18.0281,11.5746,30.8472,40.4863,13.3163,5.04208,6.89905,3.4987,1.09529,2.91864,9.74803,8.25774,2.83577,0.71492,0.336515,2.21951,0.723819
0.169216,0.0539805,0.109411,4.05275,7.16175,0.365574,11.6152,27.1535,21.8034,0.740069,2.48405,1.80901,0.594805,4.02485,0.317753,6.68235,3.79442,2.4912,6.00556,5.00798,2.50182,0.894791
0.164564,0.507119,1.59525,9.17665,9.16459,17.8822,13.2462,34.312,38.6799,4.06543,0.704101,2.0926,1.86541,4.34606,3.53263,1.88276,2.95952,5.60861,7.33029,5.30844,1.98299,0.0420309
0.402015,0.251209,1.63621,13.0481,18.5147,8.26485,4.02839,10.7208,8.30039,3.01342,1.91282,5.33928,3.41549,2.63086,5.26151,5.76543,4.90993,3.06148,1.14988,1.22255,0.664423,0.890497
0.484578,0.550708,0.417221,2.95335,8.12497,10.3026,6.69778,41.3282,40.18,5.3626,3.87486,7.71517,5.45534,1.11249,0.756879,0.0126943,0.503908,0.184891,0.510928,1.29008,1.08264,0.872245
0.201578,0.439056,1.449,7.09412,9.49551,9.45208,14.193,25.7139,18.9516,0.277657,4.4464,6.99362,2.84488,4.34569,1.94484,1.85733,0.908786,0.453522,1.29372,1.91844,0.481321,0.0167606
0.081408,0.106578,0.0109898,8.32374,14.6622,2.46705,5.20313,17.6007,19.373,6.59399,3.93564,7.79244,5.31361,0.710414,1.81813,4.8368,0.78684,4.83712,2.81669,1.33177,0.520769,0.722127
0.183471,0.2334,0.729265,3.43477,6.09959,9.46003,26.6058,35.7673,28.3777,9.01882,2.79121,3.79839,2.52046,1.41217,2.71277,2.21129,2.8086,5.39717,1.80259,1.03099,0.53267,0.82051
0.327448,0.610577,0.102957,2.18298,6.65343,3.26159,5.78399,13.4007,12.2546,5.98005,2.37556,0.491261,1.06925,2.07157,0.639768,1.62495,1.76728,0.613591,3.2282,1.41396,0.610075,0.0814374
0.4202,0.0138719,0.139005,6.47062,10.8639,12.8278,23.699,3.85296,4.99749,4.60278,0.389872,4.52487,1.6718,2.22668,0.857464,1.94619,1.55687,0.951802,1.22945,0.12111,1.22701,1.3657
0.277892,0.149503,0.971254,5.37346,4.25143,6.90415,12.0938,5.70213,0.583768,1.51877,2.97186,10.2559,6.55383,0.704609,1.04254,1.08111,4.39651,3.52614,1.67456,3.46421,1.72121,0.254912
0.555948,0.0894629,1.61981,1.89039,1.34549,13.4083,25.7764,11.202,0.0455414,0.401863,5.62467,12.7793,8.36872,2.61435,3.75067,2.85479,3.32441,6.60884,2.17305,0.140137,1.2787,0.535754
0.190507,0.390381,0.267916,1.88063,1.75405,11.246,16.8398,7.62673,3.55428,3.21318,7.08897,13.3845,9.00053,4.02234,5.2473,6.0762,3.24967,0.0801057,0.911382,1.06936,0.841223,0.592771
0.042232,0.606869,1.10869,4.50152,3.8582,11.4899,27.8126,33.0343,22.9626,9.78806,8.27219,12.0089,7.55614,2.33597,2.24173,2.31524,3.2646,2.76319,1.54767,3.44048,2.04985,1.16377
0.159818,0.575761,1.22563,5.19263,5.11068,13.9158,8.37322,18.6112,19.501,7.16799,5.4874,7.26607,3.86478,0.12882,0.359157,0.392995,1.97808,3.99329,0.747361,0.0451651,0.357338,0.262942
0.471651,0.20135,0.0339687,3.54963,6.92389,1.99222,6.3155,15.4641,11.9293,1.06167,2.82762,2.27233,0.603314,3.28192,2.95463,1.47642,1.30352,4.19156,4.21258,2.27969,0.00697473,2.25426
0.010324,0.362657,0.864437,1.46247,0.205724,14.6691,11.1864,19.7157,15.9508,2.25501,1.02524,2.33686,2.80726,3.47298,2.63159,0.129902,0.937065,0.0495284,0.981514,1.85539,0.20053,0.509222
0.248103,0.0920226,1.25489,8.68375,13.9313,12.5951,12.1331,6.11632,0.979107,1.04009,2.25109,5.48687,3.81338,0.911481,1.07433,2.04735,3.49276,3.7321,2.10612,0.463861,0.288432,0.906049
0.413387,0.0926031,0.374425,10.062,16.9099,7.41901,17.0875,7.37858,10.4443,0.445787,4.06056,7.41613,3.59326,1.83177,0.704411,4.3643,5.05038,3.3442,1.11824,1.82129,2.13643,2.3691
0.260579,0.0625791,0.255343,0.875281,1.01508,13.9682,25.852,13.7614,0.680896,3.15659,4.17456,8.00442,3.5529,3.19921,0.21826,4.89986,4.73373,4.5058,3.15552,0.470769,1.90039,1.63039
0.0955957,0.0553551,0.410485,10.4656,18.242,0.56167,13.1955,1.18204,8.40459,4.06649,2.39538,6.49373,4.77471,0.82321,0.610999,3.27332,0.922594,0.0820069,0.103829,0.116264,1.62712,1.77642
0.276501,0.194661,0.240853,12.4331,19.5121,8.6123,25.1312,8.9427,10.5584,21.2357,11.3678,1.34823,2.34144,1.96271,1.24999,2.70766,0.603832,2.50555,5.36351,5.32967,2.76385,0.499009
0.174512,0.248193,0.541502,4.87297,7.17546,2.31176,0.410401,16.3269,42.4261,32.2816,5.79733,0.811212,0.216907,1.81125,3.01425,3.47293,2.902,2.88639,1.85185,0.116265,0.953965,1.36369
0.333374,0.0133566,0.0437233,3.6978,1.30191,16.4094,20.9134,1.09602,31.3906,31.3973,6.21497,1.69145,1.39642,3.27303,2.57124,0.968675,2.86215,5.65732,4.74344,1.19214,0.133722,1.3465
0.553801,0.321532,0.787668,7.62364,9.25456,3.6424,7.25279,11.794,32.2549,29.008,5.7331,3.05487,1.53352,0.997146,0.534149,1.92833,2.62667,8.83552,5.31862,1.73424,2.40419,1.31727
0.570855,0.19786,1.0209,5.82757,11.7865,15.9608,12.1935,1.56529,22.8632,25.0916,6.55868,1.64301,2.2898,0.934168,1.24143,1.13305,5.7667,13.0597,6.75512,0.776675,1.7314,1.65045
0.584497,0.516227,0.205265,2.12325,9.48977,19.9446,19.7948,21.7423,37.5649,29.4677,6.1577,1.10065,2.66416,3.49996,2.94698,0.198809,7.45743,10.3496,2.35813,1.27427,1.29287,0.901053
0.0497313,0.767545,0.513672,1.46805,2.22047,0.269761,5.41411,2.11975,23.7386,23.1236,3.06861,1.49058,1.68796,3.16494,2.70713,1.91301,2.84866,6.43071,2.90319,0.317103,1.46045,5.52589
0.399902,0.812024,1.00129,6.80218,10.0945,18.0533,24.1247,19.696,15.7512,7.42504,1.18516,1.32796,0.155949,0.760212,2.56207,4.4866,1.07621,3.23611,3.07128,1.56437,3.44886,4.77626
0.155614,0.163883,0.0756316,8.0215,18.7606,13.5945,1.32187,0.853822,26.669,26.6365,2.77942,3.93236,2.88085,2.30654,0.884234,4.39386,4.45422,2.25434,0.384168,0.928612,3.05108,5.98708
0.590038,0.041858,0.963316,4.81735,13.1857,6.33767,23.8613,3.35244,30.9235,18.496,3.00303,4.61153,5.44316,4.19179,0.356297,2.72028,3.93419,3.78954,1.49699,0.269938,3.11762,6.02548
0.330099,0.227764,0.839377,1.61844,0.0741249,6.44764,6.78349,16.1496,28.5022,13.5456,0.864543,4.15819,2.65326,1.22698,0.205762,1.50084,0.885502,0.0237329,0.731478,1.27,0.516774,1.50195
0.054859,0.0881326,0.22835,4.50313,5.49604,9.32898,15.3574,5.97961,6.43382,5.73883,3.20188,4.81915,0.101516,3.11555,2.17838,1.92176,1.47351,2.47922,0.38576,1.35072,1.55713,0.40305
0.687871,0.51243,0.74554,1.98013,6.30099,16.8827,12.6808,4.69442,6.98414,2.56924,2.41804,4.814,4.34369,0.0821405,1.83817,1.59685,0.306325,1.86592,2.44827,2.23182,1.867,1.49873
0.237708,0.276224,0.081151,10.6552,20.9655,5.99043,3.20265,1.35324,3.97035,3.5336,1.24678,2.29161,1.63741,1.17361,0.877211,1.37653,2.06938,2.00664,2.17336,1.50255,1.00772,1.16209
0.222392,0.30453,0.138748,12.7403,21.2954,6.3083,17.8377,11.1606,27.1277,21.2696,1.94317,1.30479,2.99296,2.62513,0.205495,2.35952,3.06633,0.821427,1.19674,0.164806,0.415479,0.369102
0.064446,0.366877,0.196981,5.62994,6.36441,3.98706,12.1443,27.6364,42.0832,22.6851,2.04983,1.27342,1.8652,3.71114,2.65644,0.811282,2.9348,3.34491,1.71409,1.14609,1.23548,0.376896
0.600287,0.0222066,0.103407,3.07888,5.82874,9.19977,19.4642,0.358055,22.5999,17.6492,0.95899,5.51543,4.3361,0.0118819,2.71472,1.89629,1.74256,2.49476,0.327276,1.17369,1.49012,0.180088
0.103079,0.0413265,0.794885,6.42533,5.65376,10.5068,19.6052,11.4596,3.90991,3.84782,0.357704,5.62605,3.23281,0.205386,2.12214,3.74245,2.03075,0.779291,0.427475,0.0470231,0.805737,0.288848
0.33456,0.23881,1.04903,4.51948,3.5295,8.2223,18.8344,21.7474,10.8859,1.61663,3.60988,5.04126,1.92089,1.55447,1.75921,2.44877,0.632743,0.306255,1.51198,1.82063,1.22958,1.60799
0.0512711,0.315095,0.401918,2.16196,5.56909,17.4555,21.7907,17.1862,17.6037,10.359,4.4014,6.61257,5.06799,2.27372,0.585981,0.978648,1.46855,1.04868,0.180266,0.361014,0.360787,1.34487
0.204492,0.190298,0.934038,0.604631,5.95362,4.24285,9.03672,14.5915,7.73838,1.66299,3.09425,5.03891,3.80114,2.03649,0.369274,0.780911,1.17309,0.733381,0.958332,0.98177,0.0786855,0.41932
0.312912,0.372377,1.4609,3.82284,1.82652,12.9406,17.4255,7.91856,9.78448,5.35267,1.93747,2.24577,1.4784,0.775636,0.068415,1.69395,1.0663,0.232893,0.680322,0.705097,0.707038,0.550346
0.0139641,0.0917217,0.487953,5.15868,10.0909,12.0187,5.36263,0.98118,11.0218,14.3676,3.48036,0.432915,0.1005,0.27249,0.354871,0.358232,1.24483,3.26595,1.30733,0.419232,0.172797,0.449802
0.0984042,0.320076,0.340179,2.48937,5.55298,8.26494,12.404,4.77864,10.8702,5.93008,2.60432,1.82585,1.14559,1.79247,1.55179,1.07519,3.74032,3.95167,0.412772,1.47773,0.865124,0.680096
0.326785,0.0397456,1.05293,5.65402,9.14257,17.1749,17.8416,1.53531,5.05588,4.86918,4.03428,2.46916,1.55851,1.10561,0.75966,1.47216,2.89561,2.75762,0.627272,0.617281,0.244277,0.474095
0.0574976,0.0446796,0.583402,10.4264,18.3468,2.47508,6.31249,4.60779,5.651,0.198998,1.69729,2.75349,1.19531,0.740202,0.364509,0.84677,0.513755,2.12668,2.53633,0.663289,0.140557,0.418422
0.233181,0.0584694,0.406193,6.49287,8.45214,14.3425,25.6895,3.37846,9.7056,4.11206,1.33283,4.5753,4.12938,0.976973,2.37275,0.517659,0.0703408,0.350046,0.62535,1.27237,1.25426,0.351696
0.142565,0.0776114,0.266213,2.87817,9.34486,7.11193,0.846692,1.86476,2.353,1.25154,1.11332,0.16482,0.94628,2.61806,4.26178,4.23608,1.05867,1.68868,1.85573,1.31175,0.23439,0.230733
0.178385,0.0289952,0.292247,10.0709,15.7303,7.96855,17.876,5.46291,9.39763,8.94256,1.72634,5.1151,3.67196,2.47961,0.279089,1.35391,0.751171,0.862519,0.738143,0.899846,0.942404,1.76318
0.00328837,0.122025,1.1619,10.0041,9.22524,6.43588,13.7622,22.0821,20.7161,2.77242,0.00972761,6.37433,5.0419,1.19325,5.5818,10.5987,6.67579,2.61586,0.549623,0.686883,0.0048583,5.32942
0.233418,0.324191,1.3408,3.75982,1.60902,7.65809,17.8426,19.0078,10.9512,0.327705,1.97808,7.43773,4.80741,0.608301,4.47117,7.29194,1.29646,1.99124,0.702334,0.972692,0.533009,5.11678
0.150525,0.106139,0.0665798,4.0117,1.94085,13.6373,16.3137,11.5254,11.5823,3.98458,2.45199,5.13852,3.97413,1.0004,8.12973,11.5213,3.95071,1.90509,0.518518,1.17237,2.13018,0.953502
0.224969,0.549346,1.322,7.44042,4.54102,1.29754,2.25976,11.3832,10.0767,1.01027,0.728481,3.72257,4.06402,2.17668,7.25612,13.8578,6.18471,0.733231,0.337637,0.969092,0.18145,2.61967
0.224475,0.371509,1.51164,8.13267,12.3218,19.825,23.4944,17.5458,14.2668,7.88338,1.71961,7.20694,4.09341,0.252286,8.31298,15.0625,6.73815,0.289373,1.02402,0.567861,2.5866,1.02146
0.0690309,0.308058,0.395724,4.5662,10.5081,11.8538,4.08637,14.5362,16.5246,4.7091,0.999987,6.12377,3.05114,1.21524,5.53091,11.2369,6.70805,1.32338,0.46125,1.40198,1.55703,5.22939
0.0990895,0.39972,0.947567,4.36049,4.20629,13.1469,21.8589,10.8131,1.25993,3.64148,2.32144,7.69309,3.84032,1.21442,0.626834,1.52571,1.33929,0.88384,1.01134,3.46827,2.89535,3.29433
0.175516,0.101148,1.32585,12.7519,22.2251,22.7362,8.59401,22.0012,20.2232,1.38672,1.05087,7.34057,4.44274,0.758182,1.91503,2.84664,0.43744,0.731845,1.10751,1.90369,0.459968,0.331361
0.187914,0.0438795,0.536713,11.029,19.4825,0.588427,12.5896,2.56329,8.91107,0.573425,0.469879,5.01086,4.00849,1.69967,2.62296,5.09428,1.40789,0.177628,1.19644,1.43829,0.107631,1.12533
0.199293,0.309053,0.162224,0.286554,1.68586,16.6824,12.0318,21.5278,23.8657,3.70749,1.85308,2.60362,2.2388,0.385146,5.93866,10.0982,5.60403,2.22411,1.04103,0.228872,0.497791,3.92765
0.133757,0.0367207,0.463505,9.28497,18.8754,9.36791,0.711433,10.2428,9.80785,0.298385,1.20393,0.78225,0.530484,0.347754,7.87697,12.972,7.23378,2.55797,0.548191,0.835517,1.55643,0.784533
0.0303499,0.116879,0.625415,10.9351,13.826,10.4113,10.9562,16.5204,15.6638,3.38855,1.88583,0.134692,0.529326,0.918034,3.30092,3.7596,1.92641,0.464487,0.0713072,0.719967,0.931679,0.755395
0.129354,0.161672,0.929723,3.87643,2.19712,12.3983,19.5641,26.6945,19.2525,5.42723,1.23894,3.35651,2.13248,1.69645,9.89779,9.97155,3.0499,1.06745,0.341531,0.15401,0.406749,5.20159
0.03829,0.00675669,0.202871,7.5498,11.9448,6.18932,21.7699,14.5032,5.5525,4.07717,1.99238,7.83928,4.02047,3.15079,5.08096,0.813047,3.30878,2.6599,0.193692,1.66541,3.42298,2.96618
0.1504,0.539392,1.32032,10.5888,7.45527,15.3635,14.8394,3.72734,4.05181,0.15146,3.44281,8.88369,4.54498,1.82125,1.39132,0.726511,1.34781,3.55158,2.23139,0.399669,2.19166,3.79923
0.0317976,0.33875,0.282274,1.61914,1.81536,2.23739,5.29039,8.43751,11.8622,3.95469,2.64044,7.84528,4.21151,1.71595,2.76865,1.69153,1.03051,1.22923,1.46192,2.12598,1.10392,0.0576259
0.0341328,0.029894,0.293433,2.18778,0.0344604,17.7905,26.2702,14.7601,5.30323,1.55295,2.87379,7.28295,4.633,0.140999,0.95919,1.86777,1.28414,0.733667,0.0590883,0.634212,0.469065,0.182144
0.0901624,0.40454,0.839253,4.44688,2.23261,9.62081,0.871517,1.46388,6.59921,5.13528,1.60363,3.29078,2.10624,0.0579051,0.302469,0.895326,1.97876,1.6229,0.0884091,0.78808,0.773949,0.503906
0.260083,0.158875,1.14321,5.65941,8.89438,17.3256,18.2816,5.26151,2.67766,4.86519,2.79404,1.40426,1.10438,2.32197,4.48289,5.17098,3.89775,2.7122,1.93474,1.35678,1.10469,0.430682
0.220021,0.0177495,0.469346,4.36965,14.203,20.7547,11.5471,0.123604,2.06516,3.54629,1.26334,2.60743,1.29278,1.00796,2.28485,3.31506,2.46465,1.37483,1.30215,0.607949,0.591659,1.27036
0.523569,0.12209,0.64591,1.63893,0.053683,5.41725,4.88045,2.39009,0.236623,0.403364,0.690346,5.15344,2.83426,0.760923,0.0782197,1.5895,0.547497,0.712431,0.609257,0.144712,0.471274,0.384175
0.354155,0.0432754,0.956903,8.24327,18.1065,25.7845,23.7892,15.6533,12.2497,7.08272,0.633687,6.0496,5.60605,2.01934,3.00069,5.73392,1.3534,1.39316,0.757951,0.547584,0.19209,0.756061
0.313074,0.136653,0.157693,8.1395,17.0143,10.4356,2.69123,0.543434,4.12877,3.10359,1.1514,4.59126,3.42835,1.82474,2.61997,7.23177,2.28689,2.6321,1.48436,0.219275,1.10077,1.01069
0.51959,0.405839,0.0193367,0.807048,3.36566,20.1493,27.3962,16.1486,4.97278,0.54323,0.257352,2.42129,1.74907,0.788185,1.883,4.0172,0.436664,2.03485,0.200401,0.894979,0.0181318,0.713662
0.167767,0.0315712,0.742887,7.74662,18.7776,21.5146,11.6255,4.06341,8.44501,2.77357,0.568227,1.65292,1.50925,1.70849,2.53469,1.80213,0.18548,0.300794,1.30165,1.36232,0.232585,0.680593
0.0832134,0.0221201,0.782622,8.64861,10.7212,9.58226,23.6245,15.5216,2.46259,3.99011,0.045486,5.23451,4.28995,2.24069,2.0572,2.05309,2.11899,0.813368,0.868305,0.605323,0.0551821,0.877838
0.043669,0.221603,0.518968,3.33308,4.94744,23.4817,14.1986,13.3192,12.4524,0.853085,1.63735,7.52604,4.80954,0.841977,0.257092,0.773387,2.16907,2.35072,0.280731,0.93082,0.061048,0.350412
0.0070617,0.324033,0.416189,3.72124,8.48009,0.83756,7.14941,3.1592,3.37577,5.4888,1.06707,7.26148,4.1741,0.365465,1.66551,1.68405,0.788315,1.51734,0.372202,0.598016,0.30862,0.214063
0.0200658,0.00509286,0.947026,6.05762,0.572194,23.9146,18.1314,9.72726,13.821,7.18692,1.50569,4.46771,2.99549,1.34593,3.44929,4.95182,3.86789,1.24619,0.0525576,0.476603,0.050778,0.350722
0.332651,0.0143218,1.54934,5.58225,0.712729,12.162,12.889,9.83405,7.73388,4.34904,1.12738,0.345099,0.455593,0.968299,2.90786,3.3023,2.18657,1.46885,0.814774,2.03731,0.828573,0.0109811
0.440119,0.263035,1.01623,3.68023,9.37514,20.3574,14.4135,8.09384,9.87377,0.712738,5.51861,7.67545,4.228,0.158317,1.48036,3.6751,3.46259,2.7708,0.250193,1.92578,0.897708,0.415334
0.0538114,0.256002,0.376056,1.5475,8.06467,23.6393,24.1549,15.5665,7.39882,1.43443,4.30531,10.8319,5.90242,1.70534,1.96081,5.94573,3.7247,1.85393,1.23502,0.384247,0.0483951,0.27162
0.197734,0.224542,1.67819,9.43637,11.9484,14.2457,9.55735,9.26332,8.23152,1.92933,4.53443,12.2241,5.29861,2.472,3.10334,7.70849,3.65786,0.136841,0.793433,1.87991,1.05964,0.720082
0.0377648,0.0393421,0.640406,7.51645,20.9975,35.4678,51.383,51.4681,23.0412,2.21986,1.69455,8.57579,7.37791,2.1658,3.42711,0.84933,0.0157468,1.51391,0.184395,0.515217,3.08035,5.1778
0.0607166,0.199588,0.785457,0.750466,4.95889,3.11032,21.2432,29.4176,4.51123,5.70728,4.09125,7.55619,4.71797,6.28243,6.63862,1.58379,2.10624,2.83034,1.76888,3.03352,6.32147,5.71919
0.0334717,0.0984357,0.639548,1.80369,13.0446,25.8005,20.4489,9.88967,10.5874,8.80572,3.64697,0.563874,2.45063,7.39843,8.30338,3.49624,0.870561,2.43156,2.24098,0.342414,5.69524,5.00657
0.756538,0.185393,0.323636,8.42898,20.4804,19.7735,3.9302,19.3606,8.59911,2.48419,4.33922,5.14818,3.60984,5.829,7.75062,1.44223,1.48147,1.15429,1.15483,0.953664,2.2519,2.31448
0.529709,0.0664717,1.71132,10.0837,6.0817,10.4126,6.97145,24.5546,8.56021,0.208385,2.53003,7.25872,6.4658,0.295933,0.113696,1.96493,0.101486,1.98927,0.916379,0.545258,4.88873,5.97355
0.0922351,0.0538708,0.280085,4.72724,15.2048,28.4741,42.7658,39.1127,14.0485,1.38315,8.45198,14.8886,8.72998,0.417508,1.13171,3.90814,0.192137,4.20617,3.28268,0.852032,3.68363,5.4311
0.00496914,0.337852,1.14689,9.55931,11.8088,0.953907,16.4955,28.1819,14.924,0.974312,4.11349,12.5905,9.15905,6.30219,8.05476,4.10979,2.09365,3.94487,1.27089,0.221703,0.954373,1.23252
0.0991157,0.252517,0.0433828,2.8446,4.61344,25.0775,26.794,7.42477,1.6169,2.30226,0.370349,6.46852,4.59456,1.22363,0.228691,2.97477,0.916697,0.960477,3.4061,1.61788,2.83883,3.30049
0.0938222,0.0087711,0.575175,2.09307,2.91898,7.82631,15.4346,35.6221,20.6313,5.2492,0.24589,3.01242,0.119828,3.71241,0.0507062,5.91661,4.77141,1.80056,0.47926,1.10228,1.47486,0.499468
0.0943015,0.0096521,0.745327,1.50979,8.44852,22.1719,6.98233,14.8043,11.7683,5.53933,3.97971,4.12358,3.65625,1.7769,1.57181,5.37398,5.44691,3.47188,0.0885595,2.22714,1.68531,1.27627
0.122334,0.168128,0.876615,2.42536,2.96762,19.4353,4.30233,21.1845,8.42798,6.00782,5.91435,8.60723,5.50946,0.583225,0.71324,1.31946,2.0838,3.28711,0.482938,1.12916,1.10023,0.956473
0.156597,0.485797,2.31935,11.8747,18.7745,10.0968,20.9087,35.1584,11.8836,3.39024,5.66529,10.783,7.68733,0.0714142,2.22645,1.6081,0.569144,0.53415,1.75362,1.83309,1.09805,0.512511
0.147157,0.200848,1.8117,2.02064,10.6383,29.0596,20.425,7.37498,13.1189,4.50135,3.62387,7.7343,4.50739,3.02795,3.92285,2.71885,0.683238,0.952055,1.31607,1.67575,0.04267,0.563453
0.225698,0.135878,1.18051,1.38239,6.19151,9.06772,44.3414,45.9793,15.1395,1.49931,1.6953,1.56737,0.653429,2.26114,0.432619,0.910676,2.8848,3.23354,0.693649,2.4794,1.84613,1.51371
0.19528,0.164648,2.39962,11.6664,22.9334,25.2548,8.39759,8.68638,6.73859,1.65333,2.32298,3.02634,0.437568,2.23784,2.95532,3.95499,5.03905,4.74494,2.76352,1.32041,0.660181,1.15928
0.205422,0.172215,2.33904,0.38954,10.4221,20.9559,25.619,26.6497,18.5811,5.75987,4.03478,8.71016,5.10065,1.02056,2.22508,3.0287,2.81362,1.65145,1.6791,1.5604,0.041031,0.487229
0.366657,0.0842818,4.05006,5.28898,5.95621,23.5177,28.6148,12.6206,3.01883,4.97696,7.30791,13.2352,8.76584,0.872676,3.83826,2.88826,0.462227,0.452421,1.83526,2.15103,1.35552,0.912037
0.71561,0.195199,4.57545,12.3232,21.4296,47.8284,54.6634,28.4751,8.41724,2.3199,6.21895,9.85337,7.07993,0.0461363,3.11472,3.73506,1.40448,3.59868,1.29961,1.20442,0.785733,0.00546396
0.666087,0.293389,1.16966,1.08553,7.77748,18.8298,8.94341,10.6406,3.25932,5.1251,3.32392,4.07946,3.03054,2.53779,0.0125972,5.04947,1.65019,4.56584,5.12931,2.44708,0.351433,0.668477
0.265796,0.162388,0.767588,1.55084,17.3546,58.0437,47.3165,9.25929,4.15281,4.29004,0.576152,2.97938,1.08789,1.90035,1.19839,3.8603,0.0961854,1.53194,0.074971,1.21333,2.32535,2.18818
0.153427,0.404069,2.73837,2.7379,2.10913,1.81018,2.55148,5.70055,3.61554,1.08065,4.12479,10.5832,5.82387,0.218049,2.3169,3.61932,1.73685,0.828252,1.30379,1.9469,1.12767,1.47774
0.0336041,0.30936,3.72459,9.19201,8.55277,37.7896,24.5282,0.105383,0.446157,0.917159,5.6657,14.5796,9.9324,2.73311,3.42113,4.42197,3.89143,2.75633,1.73979,0.799148,1.44845,0.815603
0.0575692,0.387901,0.799803,5.76041,16.6024,20.7783,5.38026,3.96291,1.13732,1.39263,5.02561,13.9358,11.0567,4.81224,5.2047,5.76783,5.85793,5.91541,4.05392,1.87989,0.269361,0.391352
0.419451,0.231763,4.16433,0.0500921,4.6116,14.5297,21.0495,3.17398,0.324891,4.67573,6.85279,13.5564,11.0941,3.93986,3.37548,3.86292,5.04805,3.44852,1.72885,3.0802,2.48722,4.91131
0.130961,0.530208,1.87737,0.645629,0.66738,3.26604,7.57161,2.12442,0.572224,6.34872,6.37319,7.56557,4.49627,1.34085,0.431127,0.978623,0.584041,0.673405,2.80909,1.68845,0.821539,1.47389
0.205083,0.185382,1.51829,8.94163,11.1242,25.7307,36.3804,7.32007,4.4045,5.14555,1.75748,2.84589,3.2221,3.71549,1.53969,0.173785,6.94982,8.63528,1.30867,0.0308232,1.66444,0.175216
0.0939054,0.692371,3.48119,12.3379,17.2616,4.44075,5.75242,7.57405,9.63886,6.02707,2.94397,12.2963,9.48936,2.70454,0.470236,1.92213,4.01091,9.65471,2.49916,3.27873,2.5776,1.35786
0.492863,0.92602,1.3487,2.33503,0.439023,19.043,27.0004,8.12968,0.421857,1.33451,5.25313,16.2855,11.9045,1.69962,0.386225,1.19739,5.04473,6.0711,0.153739,2.06599,0.0505492,0.634324
0.220348,0.277902,1.80671,9.98404,7.41411,22.0237,35.0318,21.0213,9.94495,0.83616,3.92694,15.1479,10.9917,1.99956,1.49356,1.52313,0.23898,0.674784,1.59086,1.55286,1.11179,0.264959
0.153793,0.682248,2.46098,2.53959,10.5212,8.54664,3.92208,3.89698,2.18612,1.2876,2.98529,8.99437,5.2787,0.759088,0.846636,0.952464,1.61028,3.25749,1.21761,2.8837,0.35001,1.87719
0.453355,0.229226,4.72043,10.0868,8.40866,16.7227,26.5203,20.0109,8.82598,0.802535,0.744991,0.158756,0.317315,1.85868,4.66615,3.20343,3.58866,5.81293,0.396812,1.90159,0.600592,1.30269
0.122105,0.30939,3.86673,8.94672,2.51854,17.3703,19.2028,0.442093,5.0861,0.767937,2.36723,7.48504,4.52125,0.315347,1.41209,2.74143,2.1709,5.61701,3.10418,1.03111,0.167733,2.17027
0.396275,0.363929,1.23823,3.90501,9.8526,11.8124,13.5902,12.8611,6.46959,0.84403,4.48143,11.6448,7.15624,0.00216876,2.74182,4.37706,0.243479,2.63195,3.15322,3.25066,1.91023,3.30387
0.229623,0.203721,0.955592,6.27032,13.7568,25.0887,18.3596,5.51109,8.51148,1.764,6.08505,16.106,9.69295,0.526236,3.09054,3.83815,2.89397,1.86174,0.459187,1.74701,0.204489,1.80382
0.221023,0.307072,2.95066,6.34882,3.6103,6.72995,12.4295,9.56942,3.69694,1.13519,5.92276,16.1547,9.78713,0.273476,2.58426,3.87463,6.35858,7.45787,5.40398,3.07845,1.88195,0.715448
0.167675,0.197547,4.72296,10.0928,12.1102,26.6471,27.2644,0.580555,10.2569,2.11953,3.88958,9.63186,5.57065,0.295462,0.974724,1.75809,4.98583,6.89309,4.89871,3.4323,1.27089,3.55134
0.368595,0.407466,2.94005,3.02264,9.42863,9.70495,10.611,1.16036,4.06052,0.445829,2.28625,3.57439,1.90406,0.189848,0.38761,0.785683,0.520995,1.80836,1.07974,0.181967,0.54142,0.515082
0.424253,0.163995,2.65278,9.43634,8.37632,0.550125,1.1454,8.11254,9.09867,3.32079,2.65986,3.9025,1.00013,0.712227,0.922299,1.84273,4.12238,4.91881,3.94762,3.33613,0.819628,2.85705
0.0710875,0.0504502,0.234569,1.59764,1.35994,7.07681,7.44491,8.65925,5.50071,0.118247,6.22991,14.5208,8.51067,0.465401,2.10499,3.83744,7.45154,9.48716,6.00185,2.17861,0.0670279,2.28433
0.44695,0.654601,1.19246,7.56875,10.6507,14.5814,23.5146,24.5339,13.7546,3.44046,8.02689,23.6116,17.3805,1.5692,3.63702,6.05675,8.63861,10.1241,3.79982,1.21971,0.126061,0.214476
0.294043,0.890231,1.05975,3.92763,11.8689,30.6699,35.6775,11.3364,1.15162,2.15049,5.03945,17.7223,11.5989,0.512024,3.90276,5.65727,4.1963,4.27212,0.0490528,3.76739,1.22083,3.16285
0.175025,0.275121,2.74476,6.71692,9.67204,24.6703,21.7933,7.18491,10.3778,0.399338,2.74964,5.67844,1.68741,0.753808,3.826,5.78355,0.31829,1.76969,0.810597,1.09665,0.577725,0.837626
0.0810716,0.0802,3.07245,6.13254,5.3856,13.5822,15.3546,0.463281,3.84585,0.643301,0.966595,3.02129,1.40833,0.711495,2.84122,5.55719,0.870681,4.36793,0.562756,2.31897,0.414232,0.0856611
0.215215,0.71246,1.37648,1.59281,13.0237,47.2844,51.23,6.80993,7.80984,0.244186,4.97173,11.2727,6.48364,0.45744,3.35058,4.91392,0.674467,3.098,1.65422,3.5049,1.11031,1.43049
0.129062,0.142322,1.97903,7.51744,11.8064,20.9707,24.2761,13.2758,6.19195,2.27309,7.06096,17.2723,10.9575,0.908127,1.71929,3.96232,3.80268,3.27858,2.34109,1.05031,0.829734,1.52242
0.11389,0.30506,0.670961,4.19385,2.07196,34.9605,39.7633,3.74205,8.19536,1.69124,6.69068,16.854,10.4548,0.888641,1.4408,2.91032,6.54953,7.39333,0.0231833,3.43384,1.15841,1.13825
0.101213,0.138102,3.3425,5.42473,11.1621,34.9412,38.3323,15.6343,5.55071,2.33402,4.50577,12.0007,7.6021,0.221066,0.00579597,1.54216,6.13188,7.47754,0.512554,4.32387,1.60804,0.130282
0.0621568,0.229259,1.17668,5.413,1.54088,30.2711,33.171,1.86043,7.46589,1.47229,1.94037,5.56747,3.77228,0.163093,0.766187,0.856468,1.13967,3.38891,1.55278,0.671848,0.362318,1.21871
0.139939,0.0785592,0.206537,5.93471,1.32675,29.8612,38.5921,18.6182,7.64347,1.40273,2.19192,3.3626,1.63824,0.445688,1.33407,2.38989,0.650318,0.930541,2.56774,2.95407,0.471749,5.36086
0.107178,0.15238,1.70839,1.34112,5.91931,23.1726,22.0921,1.7188,5.46206,2.53837,5.73361,13.0995,8.79242,0.923369,2.1332,3.13004,1.60669,1.41202,0.936829,2.70173,0.758876,5.28383
0.341546,0.447977,2.10762,9.40721,5.95709,20.5786,29.5496,17.4372,10.872,3.31954,7.14002,16.9412,9.69281,0.580189,2.83488,6.50482,8.85899,8.70541,4.71896,1.95364,0.0583844,1.91815
0.366391,0.111586,0.878508,3.70708,8.16219,7.83313,7.63918,1.68831,4.97009,4.86536,5.58603,18.1994,11.5819,0.423851,2.64038,6.54915,8.27329,8.84706,6.55477,4.17041,1.49128,1.12573
0.480168,0.132876,2.37779,5.87781,8.91079,27.4008,35.4572,19.4083,6.83294,0.802037,5.96457,15.5497,11.4753,1.62101,4.27268,7.68779,6.22194,4.67068,2.67448,0.53507,0.0306251,2.47951
0.630176,0.291072,1.68736,7.4372,4.49534,20.3546,25.5387,2.46486,2.12733,2.08464,2.92684,4.79364,1.20693,0.994775,3.80004,6.44777,1.07828,1.04843,1.00205,2.61651,0.960043,0.767436
0.50282,0.658909,1.63957,2.88797,8.09244,5.17354,5.28445,9.86412,4.65771,2.9749,2.9825,3.15467,1.45887,0.846102,3.38661,4.45654,3.71404,9.7348,8.25644,5.2009,1.53214,2.12641
0.0819516,0.417896,3.19371,9.85053,12.8268,29.8577,34.6974,6.91029,1.54601,4.32869,7.2704,14.3947,9.3202,0.405366,1.85819,2.85861,2.58922,8.13239,5.50557,1.87243,0.024506,1.62277
0.188124,0.392205,2.51359,4.33531,0.585075,23.5173,31.3743,4.95971,4.99276,1.19642,7.18755,17.9105,10.5011,0.290049,1.78435,1.85425,0.0265637,1.87328,6.41054,4.57228,0.600061,0.018907
0.15724,0.212263,2.50735,0.13964,7.2514,2.53959,11.5042,15.452,9.57871,2.43442,6.4107,17.8068,12.8634,1.9888,0.0260773,0.809782,3.65848,4.08831,2.18857,2.17258,0.814425,1.3273
0.0985414,0.0552811,3.61821,12.628,16.2477,7.5708,6.8179,9.94527,0.395038,2.78394,4.89872,11.4779,7.84144,0.781318,0.234465,0.272851,5.47539,9.34452,3.79975,0.144163,0.77595,0.982864
0.462836,0.142682,0.726614,4.17109,8.03716,12.715,25.5522,1.19398,17.246,6.41826,1.78621,3.18571,1.21865,0.29592,1.45483,2.62503,3.82625,8.22904,0.476605,4.3047,1.53322,0.521792
0.0114426,0.149352,0.821919,0.203877,4.8684,31.4226,38.5424,7.70139,6.9293,2.21448,2.22072,6.14396,4.71663,0.921547,3.43333,5.59729,0.867314,1.82783,1.15019,1.54885,0.0522004,1.46135
0.0513453,0.27976,1.24413,4.25609,7.62386,1.63007,5.89118,15.6463,11.2463,2.06401,6.61158,14.6922,8.57485,0.0949379,3.92448,6.5234,4.2943,2.20807,1.5884,3.56655,1.31249,1.02307
0.486699,0.0686451,3.16188,12.9568,10.586,14.5412,19.9703,4.47454,1.62211,1.54574,8.55876,19.9066,12.4441,0.416591,4.60662,6.95257,7.47685,5.9267,1.43849,4.68553,0.752627,1.08333
0.0405253,0.150948,1.07222,2.91586,9.59698,6.22946,4.95789,13.261,10.3622,1.29055,6.12753,17.3245,10.8344,0.702127,2.60903,5.98854,7.48815,5.90036,0.815846,1.28523,0.30904,0.515295
0.166123,0.0553574,0.942332,3.3932,3.58184,1.77248,0.239361,3.61393,4.79545,0.931128,4.81493,12.5853,8.60678,1.6648,2.30805,5.0014,2.43714,1.00385,3.85533,4.29214,1.14422,0.903503
0.297603,0.433416,1.91702,4.24663,8.70207,0.653537,8.07658,12.8626,12.4932,2.82829,3.29147,4.41357,2.77513,0.101581,4.10049,6.06051,0.458848,3.7861,2.42364,4.53933,1.18061,0.347342
0.0330663,0.156008,3.08434,11.0463,9.54068,8.80483,14.2136,0.899446,2.19941,1.46734,3.37421,8.58493,5.65868,0.857596,2.97603,4.77746,3.18079,7.45428,2.18385,0.586821,1.01239,0.0449259
0.334049,0.384998,0.515481,1.31042,5.27516,5.11933,3.25598,7.28538,6.05073,0.0537779,7.5139,16.1788,10.5854,1.20745,1.65573,2.50136,2.84913,6.51724,5.27258,3.28219,0.236997,2.08384
0.335779,0.342843,1.96814,5.68537,1.63624,11.2392,8.87295,8.9682,11.6692,3.46814,5.89396,16.7406,10.6084,0.0197229,0.542536,0.769195,1.29478,1.82304,2.81191,1.84445,0.733596,1.6485
0.439303,0.293973,0.652901,4.46438,7.80642,3.49878,2.1992,6.93174,7.07933,0.746085,5.29169,15.7143,9.3036,0.431124,2.5616,2.77927,2.05448,4.61779,3.66533,2.76812,0.749159,0.961859
0.0632922,0.148968,1.71964,6.00603,7.91648,8.03678,0.420621,14.8908,13.8813,3.54452,5.53631,12.1425,7.37768,0.705886,3.25172,4.53978,2.43502,6.54594,5.09722,4.04607,1.20364,0.479656
0.261216,0.106548,0.433979,1.1209,2.92995,10.5616,14.4396,9.12603,5.83597,3.13412,0.854909,2.84353,3.0484,2.13171,1.72254,4.20132,1.46592,5.02366,2.06763,0.115666,0.421752,0.543717
0.391631,0.0201178,1.38827,6.55843,7.93191,12.1005,11.3763,7.21189,11.2895,1.60181,3.76959,8.41331,4.83759,0.437012,2.93026,5.49363,2.23708,0.512763,4.0176,4.72495,1.43049,1.18965
0.179762,0.309603,0.268812,4.1677,5.19229,2.05853,2.86881,1.87446,0.831481,1.5436,4.69519,13.6206,9.7074,1.77091,3.63621,6.76256,6.34146,6.06216,6.23265,4.92821,2.01964,0.399386
0.0908039,0.192311,1.94385,4.39565,3.6799,4.37542,8.56965,5.33621,8.8035,0.345963,5.91887,15.6902,10.9688,1.00168,4.4868,8.78039,9.66301,8.52055,2.62835,0.750538,0.111599,1.23547
0.172506,0.0114574,2.3669,6.78449,15.4724,32.3895,31.2317,12.1735,2.54339,0.0470133,7.09807,15.5539,8.17477,0.772181,3.97973,7.33861,6.82064,5.02869,2.53424,5.47203,0.472906,1.86172
0.318584,0.262545,0.510345,7.14302,12.0285,1.43208,6.89297,6.03539,7.0719,0.397104,4.95401,11.1686,5.32843,0.464961,1.80858,3.81582,2.469,0.768663,2.9583,4.72888,0.917062,0.298059
0.598636,0.363979,0.180369,7.28882,1.06507,34.3719,41.9489,17.8093,6.30846,1.11069,1.04871,0.435773,1.49226,1.00258,0.0492343,0.151625,2.53092,3.62394,0.42567,0.383927,0.28004,2.19029
0.136298,0.195656,1.45657,1.22059,0.44542,1.88767,3.73151,10.707,5.17315,1.09303,3.02017,7.18541,2.81678,1.02118,0.261015,0.811656,4.27427,5.96214,0.582602,3.59092,1.69828,0.66623
0.204097,0.218123,1.11032,8.78071,7.18977,20.417,28.6809,16.4317,13.3161,4.94316,3.31719,11.0997,8.47191,1.63602,0.213952,0.463146,4.64551,5.9843,0.942138,1.12602,0.610277,1.21232
0.136585,0.0957614,0.936929,9.9746,13.1838,3.87563,13.8561,10.7159,6.16912,1.3641,5.49184,15.0302,11.6281,2.11469,0.440677,0.303253,1.31095,1.44667,3.05417,3.12075,0.150695,0.971889
0.221036,0.395194,0.323956,4.31275,13.9423,24.0718,21.3496,16.9169,15.6661,5.13022,7.74936,15.2555,7.90614,0.612423,1.12365,1.91705,3.28198,4.87678,1.64901,3.85253,0.897488,0.471195
0.0788053,0.0070994,0.494129,1.11189,0.239998,12.8336,16.705,7.15611,5.27861,3.49046,4.23287,8.49899,3.34372,1.18846,3.20684,5.30762,1.93501,6.77277,3.85795,1.96501,1.35026,0.786389
0.00250692,0.359299,0.274708,7.51707,12.3835,5.8135,5.21638,16.3368,16.1702,3.53408,2.30887,0.705211,1.19146,1.35877,4.65477,5.64688,2.4599,7.51672,7.73809,6.72991,2.39868,0.799333
0.423285,0.0349052,1.84901,10.6868,18.9386,23.4028,16.9169,3.13919,2.68923,2.91798,1.74595,5.50188,2.26495,1.79448,2.93335,3.88543,0.582248,1.81808,3.59163,4.1696,0.470561,2.35174
0.108016,0.175155,0.801803,3.35542,13.1273,17.446,2.77642,16.3625,12.1652,0.691446,1.65517,10.0234,6.99376,0.0179324,1.73262,3.33202,5.3294,5.66514,3.79038,1.53356,0.615682,1.22187
0.275497,0.23392,0.108066,0.810121,5.17879,25.1902,28.7211,3.70753,4.14566,1.09753,6.33932,15.5691,10.5025,1.90482,1.12118,3.21838,6.68376,8.11611,6.88468,6.02753,3.53356,0.843565
0.0541014,0.490633,0.555362,6.39029,10.9901,20.8471,18.3193,7.05513,10.5338,0.559904,7.44906,14.3259,8.75342,0.771103,1.85561,3.92182,6.3502,6.98105,4.60453,3.23729,2.0911,2.14996
0.167193,0.150737,1.17135,8.42085,9.15473,8.79581,12.703,6.13757,10.4854,3.65955,0.365066,5.24328,2.37785,2.31055,2.83897,3.13256,2.01057,0.973621,1.00248,1.92384,0.34867,1.58546
0.0424781,0.0320927,0.809236,1.8423,1.74237,20.1168,26.0975,0.509174,7.04822,1.69372,1.54447,0.387886,1.21848,2.18656,2.55977,1.25886,4.04717,6.86531,4.75802,1.87894,1.65691,1.83696
0.0592882,0.202838,0.806197,3.57697,1.92467,0.749557,5.65471,16.988,15.8357,5.144,0.17248,2.33525,0.955626,1.81154,1.43466,2.03278,6.58175,8.37736,1.9379,1.58739,0.680442,2.14525
0.0854194,0.168262,0.707714,6.51786,2.00631,22.3135,24.724,1.36651,5.33806,0.104586,2.12539,7.61223,3.92952,1.92875,4.8322,7.40421,7.82381,5.86947,1.26821,4.20772,1.31906,0.714635
0.0830925,0.0432027,0.433241,3.60003,1.0407,13.6057,23.8617,25.3409,18.677,5.8289,7.15746,14.8313,9.34746,0.510356,6.34291,8.54078,3.03137,0.633741,2.48192,2.7115,0.942425,1.81302
0.112885,0.0960047,0.118909,2.43679,0.866669,10.8264,12.9992,4.43448,0.673742,2.03713,4.0613,11.5382,8.65957,2.68216,2.0487,5.1982,1.18144,4.83369,1.95416,4.4194,2.03854,0.346257
0.0617181,0.173919,0.432631,6.60756,2.87254,19.054,23.6563,15.4285,11.6387,4.47653,0.0653502,3.90401,3.08125,0.436432,2.3427,4.13112,3.62781,8.15886,1.38588,5.93381,2.38299,0.979403
0.168901,0.479064,0.945561,4.90805,4.66741,1.89854,2.21701,3.04618,0.296958,3.17486,2.72832,2.41418,1.20916,3.37523,4.76926,5.56129,2.19059,5.89294,0.324292,3.00757,1.49784,3.05343
0.0637555,0.375131,0.576704,1.21004,0.0875054,16.1474,20.275,11.4118,6.27517,0.681182,0.916193,0.537166,2.53216,1.12943,4.0915,6.62742,3.39476,0.105906,2.49675,3.11121,0.0108874,0.526504
0.0119396,0.00886047,0.467985,6.9326,10.5594,1.22559,1.63548,11.1044,6.12775,1.34676,5.12368,8.59359,2.68071,1.88237,2.294,4.50517,6.39666,6.20807,1.9389,5.31211,0.67547,1.51608
0.313019,0.239509,0.930664,7.97657,16.1746,25.1282,25.2639,12.5956,1.69469,1.90009,6.18514,12.7194,5.53777,0.456713,0.550997,0.0255671,6.51623,9.97759,3.25388,0.83242,0.487407,3.47024
0.208411,0.287507,0.744307,4.97747,8.41019,15.2528,10.1046,11.0962,13.8509,2.38872,1.24279,7.75906,7.92773,2.2374,3.6927,5.07444,1.93936,5.84532,4.09416,2.65759,2.1337,0.323759
0.163917,0.0163946,0.409493,2.37783,7.15884,15.6931,18.3992,9.16711,0.339742,1.92809,1.62837,5.41537,5.67462,2.07796,2.45388,5.46945,3.77174,1.61435,0.213473,0.502927,0.506643,1.38835
0.200954,0.326804,0.746583,8.51646,18.5986,29.4903,24.7971,4.27,16.0566,5.36474,3.34098,5.0857,0.902621,1.52478,2.71237,4.88467,7.29533,7.54172,5.01115,3.30926,0.601313,3.70515
0.0467813,0.188344,0.625222,10.1563,17.7477,8.22995,1.22662,1.4113,0.118027,0.361974,0.00819303,1.88102,3.26802,1.7628,2.06132,5.17006,9.19541,10.0137,6.77747,4.17418,0.388206,0.587458
0.404205,0.0992031,0.449573,6.51304,6.2353,20.3212,27.7392,3.74302,16.4668,4.84405,5.53264,8.80878,2.55529,1.81568,2.58908,6.22362,5.95491,5.11723,2.0915,0.301535,0.373674,0.403831
0.278268,0.19545,0.113804,2.29123,4.89946,13.1876,19.1323,10.7714,0.196795,2.60109,3.90689,7.74091,2.86127,2.20542,4.20017,7.65374,1.00013,3.90615,5.99919,6.12935,1.5957,1.83002
0.323471,0.0211013,0.392062,9.53693,11.8254,9.89555,12.9823,8.98543,12.5085,2.33108,0.415749,6.00669,5.84841,1.62945,5.20115,6.67237,3.67904,9.36319,7.12949,5.14155,1.41788,2.93562
0.182845,0.0180431,0.313497,10.4821,13.6073,11.7252,25.3704,13.519,1.91242,2.62871,2.91584,8.48955,6.63941,2.71494,2.73065,3.07262,4.80846,8.57908,2.37945,0.239916,0.363156,1.0159
0.0175736,0.0746696,0.0495738,4.64732,12.1217,12.1531,0.154441,10.6202,6.01673,1.81944,5.59372,6.67999,2.61191,0.600868,1.40538,0.954761,2.28049,3.0008,2.38788,4.5201,2.25641,0.575857
0.0196092,0.0195878,0.530936,3.5246,3.43874,21.8449,21.1162,10.1202,4.96724,0.145116,1.45157,2.73168,2.81162,2.48311,1.92446,1.61259,2.58155,5.08976,4.55727,3.56413,1.34694,3.35215
0.137466,0.108379,0.906699,7.44631,7.91659,1.21206,4.5143,3.79599,0.0250188,3.77744,4.38979,5.12909,2.74147,0.17896,0.716916,0.831059,6.20225,9.36662,1.94307,0.844028,1.68652,1.76497
0.256382,0.176914,0.835034,5.53844,12.5313,22.4452,21.4272,13.3975,9.76527,4.04393,0.642116,2.01223,0.413486,2.85147,0.198582,1.38769,5.19363,8.2376,0.435279,2.77167,0.912539,0.103657
0.0730928,0.0597663,0.129686,0.400659,7.34778,18.0548,12.8288,0.0466454,3.4625,3.37189,0.782462,5.68553,2.72054,1.08394,2.2607,4.50912,0.0818646,2.72252,1.3379,0.822116,0.874616,3.47565
0.282798,0.181253,1.1251,3.3886,2.94049,12.1373,20.8901,17.8272,13.5607,6.08997,6.00914,10.7243,7.15132,3.14031,5.99532,8.5354,7.38022,4.88918,1.92261,4.51205,1.76511,0.242844
0.0239118,0.601078,1.05407,4.04704,6.43914,22.0516,28.6866,10.5032,0.0794972,0.0814008,2.69625,5.94128,5.13669,2.64303,5.39451,8.90919,10.87,9.69215,1.00287,3.22895,1.79204,0.744041
0.127367,0.0292115,0.626217,1.44989,0.923181,6.33559,15.7951,24.3452,18.497,6.91019,3.54965,2.3522,1.80348,1.49703,3.14917,6.52856,8.0822,7.88935,4.73704,3.37519,3.13471,1.05031
0.0931733,0.282575,0.425495,3.29158,8.95667,27.6057,30.1042,4.83675,1.42944,3.77814,1.2765,0.583089,2.53543,2.63911,0.219999,2.36635,1.40237,1.27638,5.43501,6.17639,1.61361,0.664778
0.208618,0.227454,0.931297,6.22233,8.45394,12.065,10.4115,6.37326,10.3847,3.29016,2.31611,0.166867,0.297983,0.444271,0.72322,0.699053,5.04524,6.99964,0.0231899,3.03026,0.236606,1.791
0.060946,0.149007,0.643389,4.1956,1.87305,22.1277,17.934,6.59633,5.40592,3.72735,4.93896,6.35803,0.938273,3.01685,2.07462,0.171233,7.0946,10.2303,5.35504,2.1798,1.05799,0.234042
0.054784,0.0726462,0.119043,2.40004,10.5143,25.783,29.599,10.8437,0.648515,1.80008,4.49553,8.63663,4.92594,1.35791,0.611251,0.570112,3.78395,5.99074,5.6377,4.5262,0.231787,3.52904
0.0100144,0.0810578,0.431973,8.99291,13.8838,0.34592,3.78776,9.29534,8.32073,0.545622,1.10342,3.46057,5.96392,3.82907,1.87234,1.65645,0.604817,1.97569,0.198302,1.44814,0.000440989,3.41989
0.0461448,0.0650994,0.437778,9.88318,10.6359,16.6209,24.057,5.10977,2.85613,3.93259,0.181378,1.58503,2.01186,0.167283,3.99958,6.09372,3.1672,8.84612,5.21401,2.21345,1.90691,0.547206
0.182427,0.0379961,0.39972,4.10359,4.0188,1.70239,4.76569,10.7547,12.7451,3.73337,3.91328,3.92496,1.70834,2.88444,5.15267,7.95,3.91623,10.204,4.03935,0.832699,1.65768,2.97299
0.181911,0.119258,0.135318,5.33594,5.32182,14.6868,16.2521,2.26717,4.42566,3.8201,1.02474,0.672736,0.668437,0.364561,3.8598,5.99971,0.699567,4.18257,0.957205,2.97607,0.385059,2.67442
0.0473902,0.0392302,0.373913,11.4575,16.9363,0.222376,5.36489,6.13928,13.7426,5.71408,5.26706,5.99228,0.245288,2.62231,1.70911,3.25045,4.23529,4.19663,4.35414,3.56012,0.16258,0.778218
0.102424,0.276478,0.821537,10.5703,22.1279,23.9398,14.5139,5.29768,2.99253,0.284554,2.24026,3.97838,1.65057,0.877692,0.682163,2.93818,8.24394,9.22536,2.78013,0.756992,0.190918,1.36289
0.172675,0.0734445,0.415814,3.65004,12.1702,22.2146,15.8028,7.94485,11.7076,5.26189,1.73318,2.05417,4.98229,2.38436,1.87306,4.12736,7.42809,7.43878,1.84421,5.86201,0.904869,0.362857
0.267599,0.157159,0.450218,3.88108,5.71571,6.23683,8.1363,8.1495,2.20373,2.23771,2.98336,7.42951,5.66477,1.99624,2.33375,3.98884,2.90479,1.53376,3.01706,4.67493,0.864973,3.69041
0.377325,0.264207,0.979804,8.86656,18.5945,27.1761,23.831,11.1451,5.31713,0.72874,5.37046,7.01873,1.19517,2.27635,1.25073,0.273729,4.07311,5.7377,1.81792,0.0824592,0.878148,0.614286
0.0587423,0.0652,0.430971,8.35592,15.4063,7.21859,6.2441,11.6981,3.85735,2.43649,0.738405,1.15514,2.07946,2.74972,1.46118,4.57199,8.58197,8.84675,0.295416,3.97904,1.87874,0.692988
0.105971,0.286788,0.49202,3.3049,4.73121,22.1344,38.1168,14.7113,3.03813,4.2472,4.35945,3.49346,0.221429,2.06913,4.73666,7.05262,7.17228,6.09826,0.178023,2.91989,1.79395,3.82206
0.169527,0.246704,0.913518,2.80961,2.65847,16.5451,23.9562,1.46144,7.74706,1.37059,1.70453,0.177892,0.83866,3.01601,4.46042,5.53016,1.99344,0.0397494,1.15254,0.929966,1.20339,1.24934
0.0321559,0.122986,0.587032,6.33347,1.21844,20.2959,20.4191,1.22575,7.25352,5.63176,0.20184,4.44675,3.87288,1.1833,1.13519,2.18297,3.8111,6.55444,0.461548,1.77588,0.706235,0.74763
0.0939104,0.109679,0.0966914,4.04452,2.92379,17.4942,22.2578,4.40467,14.4091,5.62648,7.0829,11.3793,7.93236,3.34281,0.58558,2.60638,4.10044,8.50198,3.76446,1.06637,0.596862,2.05962
0.14058,0.126552,0.481676,1.3515,3.32138,7.50371,0.77202,10.0179,9.21827,3.38894,2.7878,6.3103,3.71688,0.18638,2.39604,3.62352,1.91915,5.30949,4.45566,3.25442,1.09332,1.09774
0.252518,0.112514,1.19206,5.15288,0.633729,15.543,12.2894,11.2776,17.2159,7.94651,2.89394,0.00343905,0.674426,3.08817,4.49184,5.20387,3.73263,2.22102,0.00472085,0.634884,0.358007,0.948953
0.0314906,0.00527149,0.885633,3.22764,4.81893,18.4289,16.4422,10.1511,5.5524,0.376553,1.6826,1.26146,0.233426,1.17376,1.56926,3.11737,6.84979,8.09285,5.57919,3.76107,1.89327,0.905608
0.298986,0.398796,0.416323,2.53963,3.36827,11.6187,13.5558,5.64763,10.775,4.9701,3.00812,1.72946,2.23131,2.54936,1.33353,0.485103,4.70043,7.86127,6.50632,5.37404,2.86599,3.16798
0.161581,0.00113037,0.178633,7.15636,5.04237,17.9028,21.3863,8.88506,2.29159,3.18471,5.30943,6.7367,2.60688,1.68107,3.47596,4.21563,0.395484,2.01827,1.53609,1.19254,1.18578,1.27503
0.0536193,0.230427,0.934818,6.34713,8.50728,10.6935,12.7752,3.64674,1.83479,0.59738,6.23128,11.2082,7.75739,2.54367,1.79048,3.52073,2.96673,3.08955,3.20568,2.55221,0.259452,0.54271
0.157698,0.376635,0.950766,0.882521,3.03432,23.5086,31.9374,15.9066,3.39934,3.25451,0.757777,6.35912,6.57205,2.5359,0.137528,2.65674,6.24408,6.64539,4.27245,2.70977,0.119238,2.35089
0.139637,0.0563653,0.00700645,5.79669,10.3107,0.475021,3.10373,4.02715,6.72266,3.73154,1.97664,5.5353,2.61302,1.79931,1.62086,2.92424,4.86154,4.66078,1.80537,0.558553,0.17462,1.31671
0.085585,0.281375,0.691628,9.50859,21.8795,32.9455,33.528,20.4309,8.44594,0.467012,5.81559,7.38174,1.62831,2.0498,3.01047,4.40211,1.87962,0.924973,2.14239,1.53274,0.974904,0.113666
0.185386,0.234282,0.559189,8.21353,16.506,23.8345,21.6242,1.14918,9.92484,4.38958,0.462525,1.03096,1.52582,1.329,3.06409,4.44989,2.24795,5.27043,1.15364,0.526953,0.415482,1.97078
0.0579486,0.0371664,0.0600684,2.52422,1.3116,9.56807,14.1338,12.244,11.4728,4.09654,5.59164,7.58595,1.27605,1.83212,1.90764,2.81734,3.78183,6.56596,0.254451,2.64326,0.712468,0.170223
0.0243414,0.328346,0.440811,5.68494,13.9372,28.4538,27.9981,1.86835,8.86562,2.6605,2.21209,7.03264,5.57858,1.21761,0.290411,0.656213,2.89875,3.56388,0.349259,1.96194,0.801474,1.50551
0.326644,0.117259,0.771952,11.2971,19.0918,11.4646,6.08313,1.90289,10.8077,4.98695,0.544023,6.50439,8.04687,2.93767,1.62935,2.44972,0.808898,1.8364,0.899507,1.9313,0.156617,0.154441
0.239714,0.329939,0.365605,10.0499,13.2609,14.7806,20.9381,4.52585,6.24832,1.38188,5.21688,11.0671,5.44007,0.42733,1.73048,1.74487,3.74409,5.62563,1.48647,4.40842,0.846266,1.08917
0.0546062,0.222055,0.177747,2.81565,5.9747,6.11781,13.6804,1.7272,5.45512,2.27565,5.51811,9.46443,2.00223,2.70958,1.13256,0.727802,3.41853,5.57135,0.225565,2.30412,0.202652,2.09317
0.117623,0.278063,0.429987,5.53305,1.36934,17.1036,11.207,10.1373,5.22626,2.6404,1.05189,0.0647975,1.27816,0.0113917,0.878837,1.91114,0.258302,1.60746,1.56241,1.18621,1.1018,0.222865
0.0604302,0.0942562,0.517058,8.64553,8.79071,10.8011,13.726,2.8875,3.1891,2.64184,2.50648,3.49351,0.557186,2.2717,1.89456,4.28476,3.6594,2.40448,1.329,2.74253,1.29691,1.43644
0.229012,0.0320485,0.140535,4.97028,12.6233,16.7553,8.65174,7.04428,6.16158,0.452958,0.00280487,3.50809,3.29081,0.126059,3.2164,5.67048,5.40198,4.48187,1.06571,0.941055,0.889347,1.25625
0.0276551,0.0353497,0.385529,0.60694,6.96905,17.6719,13.6747,8.75448,11.3117,6.49856,2.73043,9.35472,7.83527,2.91895,2.86235,3.97232,3.86423,2.85067,1.54215,1.02551,0.119032,0.0281679
0.163203,0.247947,1.00085,3.96755,1.30842,5.20278,11.9122,0.047841,7.75146,2.66839,7.1492,13.4597,7.7315,1.0732,0.0242962,0.270983,0.022592,0.558383,0.065088,0.405797,0.123617,0.727731
0.180495,0.342448,0.911866,3.06227,5.16071,18.7955,26.6097,18.3728,12.4063,4.91519,3.19411,7.94963,3.59109,1.83119,1.68258,1.40031,2.51881,3.3745,2.5392,1.60708,0.631748,0.00138917
0.0275845,0.0686613,0.00718308,0.382269,1.09004,1.64247,1.43067,4.33299,9.0352,6.23522,2.25092,1.5822,1.26478,1.13191,0.647739,1.02274,3.19292,3.9977,2.7311,1.55669,0.260747,0.728542
0.22609,0.219944,1.05928,3.89311,8.10981,24.9809,33.0263,19.7096,8.97654,1.9131,1.89827,1.69389,1.6552,1.39098,0.457996,0.37396,1.82949,2.21694,0.230143,0.696875,0.680861,0.496014
0.25433,0.13685,1.20011,4.56606,4.73464,12.9291,19.9596,11.3752,6.35019,5.06853,0.998719,2.41741,1.20955,1.28248,0.186537,1.14556,0.200099,0.854645,2.48145,2.91967,1.43779,0.393076
0.0636094,0.00905213,0.464995,1.19299,7.31205,21.7326,19.126,9.80642,4.08846,2.10703,7.28444,11.8925,7.53676,1.51763,2.25297,2.93421,0.669325,3.08403,2.7493,2.2804,1.05009,0.973493
0.0916407,0.151558,0.148312,4.99552,15.3442,28.2899,24.146,4.11097,1.66828,1.05973,6.06874,13.0521,9.19432,2.52899,3.1636,4.00591,0.303978,2.54128,0.334819,0.449309,0.531938,0.910149
0.00644121,0.075867,0.359246,9.46202,11.9718,3.1656,7.69882,5.25974,2.8706,3.18656,0.103182,6.95993,4.59876,0.108601,1.7933,3.20178,0.57123,0.666358,1.42877,1.99511,0.0153943,0.484533
0.00258378,0.0759009,0.3111,7.3414,5.43093,17.47,17.4162,5.55972,9.89654,2.7955,2.18058,5.51647,2.02698,1.84952,0.0207138,1.3066,1.10268,0.845549,1.02799,1.00101,0.0405029,1.45938
0.0859092,0.090763,0.218508,0.395216,1.63234,0.676365,5.31951,8.38488,5.05432,0.801875,4.08659,5.16608,2.73658,0.432736,0.25287,0.190872,2.00148,2.31592,0.0854972,0.895309,0.421452,0.323264
0.0217006,0.0414548,0.111009,8.40236,11.885,10.2248,16.331,6.13778,13.2283,5.07623,1.89648,2.76173,0.103238,1.88668,0.584351,0.669229,2.81338,3.03449,0.15987,0.807137,0.126848,0.0708831
0.177113,0.29616,0.28459,10.9786,17.7896,3.2896,2.21501,6.17635,6.26263,1.48553,5.52938,9.75272,4.9653,0.0116678,0.98701,0.895281,0.642547,0.79183,0.761723,0.664454,0.225996,0.175679
0.0501075,0.153936,0.207852,6.74199,14.7285,21.2694,18.6331,1.98284,11.068,4.07908,2.22961,8.84702,7.80836,2.16717,0.24555,0.306972,1.48943,1.63056,0.611276,1.42845,0.482176,0.216144
0.18599,0.231155,0.07552,0.359215,4.41496,18.6916,20.3112,4.46001,4.86603,2.72464,2.27159,8.12041,6.44914,0.957729,1.59566,2.58491,2.98066,2.85039,0.81675,0.244139,0.597481,0.733695
0.208621,0.0351356,0.835785,7.08764,10.6346,11.0188,9.02994,3.4351,6.97989,1.12994,5.75065,10.4622,3.84905,1.22748,1.91225,3.67139,2.60039,2.08163,2.21222,1.885,0.213456,1.14893
0.142354,0.208502,0.902599,8.45609,18.2851,32.0665,34.6383,14.0666,0.507072,1.67432,2.43595,5.85586,2.58902,0.239118,1.53236,2.73814,0.853498,0.506981,0.915932,1.79572,0.156924,0.685866
0.0798452,0.00958593,0.237779,5.41044,12.8613,17.5359,20.0212,15.1664,3.97511,1.24768,2.11997,2.71483,0.822374,1.60154,0.90663,0.86761,0.649069,1.5993,0.407059,0.24888,0.27613,0.428574
0.0363535,0.354268,0.732817,0.20399,0.543197,10.687,16.2579,9.57199,5.44624,1.17257,2.08104,5.56873,2.53531,0.416051,0.0720804,0.297937,0.562099,1.22956,1.02334,1.14177,0.608454,0.66363
0.0630802,0.435766,0.970319,4.58204,6.07707,15.621,22.3624,12.0626,1.33114,1.05411,1.55515,6.77343,6.60997,1.49196,0.662518,1.05506,0.441199,1.7058,2.03975,1.65442,0.82119,0.438615
0.0104299,0.114212,0.300262,4.6003,4.01917,1.94689,0.496712,4.30523,9.54505,4.05483,4.82738,11.5571,7.96918,1.4216,0.679775,1.369,0.694085,0.088741,0.089402,0.132909,0.000471297,0.0694088
0.0114647,0.248899,0.138892,1.31432,0.578621,12.0835,12.1932,2.61987,0.356889,0.310696,5.42283,11.4519,5.41718,0.648687,0.600952,0.389515,0.919852,1.45132,1.28819,0.751058,0.270731,0.285734
0.022198,0.226083,0.660146,3.41949,1.10465,2.35558,2.99604,9.94619,12.8056,4.40717,0.943258,4.22628,2.13586,0.890062,0.83993,1.33747,0.761803,1.6879,0.688636,0.0298631,0.0226956,0.410335
0.042995,0.153594,0.752595,4.28367,0.873171,14.7285,11.6373,0.714761,2.02784,3.04602,1.33378,0.346292,0.947504,0.792279,1.60088,2.41332,0.796619,0.263259,0.618033,0.819972,0.0199908,0.444489
0.0120259,0.123494,0.374007,0.561196,4.53545,10.3181,2.76679,9.87286,9.30641,1.70246,0.464504,1.66027,0.705784,1.31412,1.54767,1.91766,1.04107,0.433852,0.790316,0.704839,0.0698698,0.143433
0.138636,0.102817,0.0881654,4.49553,7.43387,4.65892,11.8742,3.17008,0.929526,2.8329,1.63058,6.73968,5.07309,0.838384,0.417181,0.92053,1.07159,0.842496,0.139142,0.699961,0.446526,0.587143
0.0862457,0.120012,0.644457,7.2306,6.0337,13.3682,14.5722,3.32403,4.40614,1.26836,5.77966,11.2485,7.57533,1.93379,0.308229,0.628084,1.32045,1.23116,0.621206,1.46521,0.577481,0.40633
0.0733023,0.0842883,0.881058,4.38886,3.93126,4.5828,7.4751,0.393524,3.0785,0.383537,4.44315,9.33412,5.67798,0.253235,0.801418,1.27958,0.947204,0.417482,0.659855,1.05631,0.56549,0.0202211
0.114577,0.0959712,0.487398,2.44996,3.35528,16.4328,24.2534,4.32413,1.70824,2.88357,0.18605,4.66651,2.68591,1.03129,1.41101,1.5039,0.290196,0.397958,0.419707,0.445041,0.244969,0.517888
0.104113,0.133925,0.208136,8.22412,14.2585,2.19059,9.4205,10.9041,7.92143,2.01649,1.14756,2.83315,1.20993,0.566814,0.967731,0.910296,0.511809,1.2282,0.230055,1.06219,0.407304,0.263747
0.123532,0.235506,0.586089,9.05934,18.7678,24.1354,19.6061,5.03128,0.584002,2.64452,1.55463,0.0410722,0.0810064,0.900022,0.4613,0.339853,0.87024,0.963319,0.16692,0.641483,0.13149,0.441814
0.047017,0.207694,0.371285,4.97997,10.5648,17.3325,20.8142,16.2596,10.9219,4.56693,3.66567,7.09388,3.71223,0.343159,1.09368,1.25291,0.885276,0.80089,0.680951,0.331263,0.068941,0.0880941
0.0397889,0.124469,0.306473,2.01525,6.07846,10.2134,5.08834,1.3904,0.569186,0.168394,4.90014,10.4514,6.64433,1.17311,0.614084,1.15816,0.478915,0.199033,0.558397,0.466678,0.064493,0.184349
0.0999144,0.211574,0.659784,7.7518,15.9521,18.9171,15.1988,11.2822,10.1006,4.89551,1.8497,7.83665,6.42053,1.28021,0.142458,0.527789,0.271464,0.766948,0.478496,0.362575,0.271856,0.654854
0.0116858,0.0770659,0.44573,9.2043,15.2636,5.29733,1.26701,0.397521,1.39991,2.03988,2.38292,5.99748,3.61234,0.392566,0.428803,0.6374,0.121237,0.925719,0.968688,0.788331,0.46779,0.173673
0.120809,0.14217,0.115187,5.24417,7.47238,7.94778,13.4747,6.92675,5.26598,1.70303,2.87911,5.3016,1.8631,0.640393,1.04036,1.36841,0.270365,0.472882,0.130009,0.0418137,0.202568,0.293674
0.0054484,0.271418,0.476958,1.66072,1.57047,4.1749,1.41823,5.30463,1.46601,2.2167,0.633887,0.877429,0.427113,0.300535,1.20276,1.99978,0.900356,0.335351,0.811516,0.950357,0.262394,0.485541
0.0764308,0.0611476,0.656579,6.99195,5.16136,13.8627,18.3959,7.2696,0.830628,1.32227,3.54286,7.49073,2.93059,0.730982,0.630836,1.54839,1.28319,1.15064,1.18985,1.00713,0.00860912,0.205066
0.00547124,0.0460647,0.553324,6.71043,7.48997,7.31949,7.57108,6.26264,5.41203,0.501464,2.69683,8.25448,5.55331,0.695737,0.273795,0.592353,1.02692,1.1603,0.556432,0.13999,0.077049,0.0635967
0.0170264,0.0583734,0.0478751,1.86628,8.54986,18.5772,19.6116,8.35092,1.59157,2.2009,2.12681,7.45571,6.77406,1.57889,0.225665,0.38957,0.410165,0.542227,0.519043,0.884675,0.359545,0.666706
0.117035,0.162607,0.544208,2.89476,2.68785,18.956,18.8346,1.70915,8.92514,2.60893,3.50049,7.84539,4.47373,0.0819201,0.481044,0.743078,0.611186,0.494614,0.847825,0.868923,0.449325,0.107609
0.133571,0.2886,0.696994,3.92357,2.79177,2.00522,4.22917,1.34067,2.13089,1.45246,2.96239,5.53076,1.87604,0.876645,0.382408,0.414291,0.897214,0.795745,0.0603922,0.0750222,0.140892,0.0624046
0.0942817,0.225284,0.490099,1.47869,3.36293,17.5765,21.906,0.386892,10.1364,3.7797,0.594474,1.22503,0.626254,0.364722,0.384982,0.58673,0.907773,0.902494,0.021477,0.515842,0.275141,0.266651
0.02683,0.0824516,0.294079,2.66611,2.28159,6.52758,12.4282,7.72329,1.76799,0.538296,3.50784,6.04016,2.61041,0.669612,0.447241,1.29218,1.00103,0.614933,0.0992709,0.202936,0.131995,0.445988
0.249843,0.181641,0.913245,4.44835,6.18901,12.1052,10.9969,4.65853,9.69074,2.86609,1.88014,6.42599,4.20257,0.0863975,1.29871,2.24793,0.80151,0.0452871,0.46708,0.57461,0.022252,0.335436
0.295879,0.224299,0.860215,2.69299,2.56162,11.3776,18.2575,9.40882,0.383798,2.37073,2.02321,8.35308,6.2432,1.31798,1.41449,2.18227,0.267802,0.821429,0.216796,0.607574,0.079405,0.0841998
0.150986,0.010298,0.14649,1.59869,6.75439,7.8359,0.278563,7.64432,5.2632,0.413652,4.56912,8.90466,5.48313,0.843127,0.923798,1.3635,0.21735,1.15353,0.620038,0.492626,0.484446,0.621509
0.116219,0.167092,0.593422,5.89932,14.3967,20.9225,16.1204,6.41664,1.27162,1.64385,2.52541,3.9368,2.08003,0.585406,0.00545869,0.584619,0.0492434,0.642406,1.15592,1.16985,0.392606,0.180521
0.108492,0.132278,0.800549,7.44291,11.1438,5.40757,2.39008,2.9826,0.211266,2.34601,2.70058,2.4359,1.43753,0.838503,0.184793,0.278205,0.293886,0.271327,0.41273,0.785019,0.434168,0.00808003
0.0896619,0.0242772,0.422484,4.03034,0.494656,14.7795,16.4784,8.50328,4.89997,0.84334,1.98711,4.52387,2.91643,0.0973892,0.345438,0.541391,1.03035,1.27306,0.64667,0.164585,0.059834,0.409298
0.121866,0.218176,0.0158358,3.23308,9.3788,12.1385,6.22291,1.12264,3.27324,3.41738,0.454299,6.03773,3.89537,0.709284,0.889691,0.69196,1.30073,1.44265,0.980296,0.617597,0.176095,0.157266
0.0580108,0.0436161,0.262189,9.08678,14.6186,2.49251,15.3166,12.7607,9.15758,3.36472,4.22861,9.39801,5.64064,0.383487,0.233663,0.478501,0.196068,0.569749,0.44685,0.344913,0.0984864,0.233282
0.0561632,0.0991464,0.216288,9.50628,12.9815,8.0123,15.5081,1.58537,3.18794,1.68077,4.46175,8.67987,5.92827,1.50711,1.29987,1.55722,0.883467,0.453881,0.322692,0.11627,0.0377939,0.0483245
0.139392,0.0125621,0.161223,4.02889,7.97004,8.07548,9.67593,12.4826,10.5588,4.52949,0.00400169,2.50301,2.22548,0.597472,1.38237,2.187,1.95266,1.61693,0.839134,0.262239,0.0352073,0.0333854
0.0911372,0.0142604,0.225929,3.78619,2.62803,16.1442,22.6138,5.04872,1.94079,0.279339,1.5636,2.51067,1.91541,1.07688,0.61328,1.74366,1.79355,1.59788,0.479385,0.285286,0.211561,0.438236
0.14901,0.0190713,0.607601,8.64444,13.1979,0.460455,7.51508,3.17043,7.89768,3.68881,0.296443,3.94752,3.61951,0.760907,0.568028,1.1351,0.982236,0.516116,0.527841,0.806873,0.302889,0.0138971
0.00973833,0.215674,0.50085,8.14148,17.0548,21.3896,16.6353,2.09429,1.20423,1.65558,2.63995,7.03656,4.42492,0.295805,0.480913,0.690608,0.0705564,0.625647,0.452598,0.32909,0.311159,0.277284
0.00469536,0.0107181,0.0274826,3.26126,10.4135,19.7537,18.7177,2.63891,4.5472,1.13077,5.01714,10.0898,4.94073,0.514031,0.767671,0.715596,0.905454,1.71678,0.207032,0.504368,0.0344223,0.549218
0.133064,0.169938,0.685732,2.64633,2.2921,4.47934,2.21597,5.71424,2.60273,1.98568,2.82515,7.52128,5.02585,0.911218,0.670306,1.07286,0.679518,1.4738,0.414743,1.18847,0.129614,0.22059
0.151302,0.230601,0.930382,6.07242,11.0352,19.4672,18.345,2.84301,0.207657,1.80261,0.586696,1.02672,2.33556,1.06713,0.399084,0.805638,0.188853,0.529629,0.520807,0.880547,0.0677815,0.212839
0.00170095,0.0827962,0.493838,5.65931,9.56755,7.13243,8.4846,11.1308,5.63903,0.352466,0.167748,1.72423,1.10575,0.259255,0.068795,0.180037,0.429908,0.732435,0.0244892,0.307308,0.198946,0.566481
0.169759,0.198702,0.367803,1.87604,2.59412,10.5007,12.4526,1.22211,2.62223,2.82437,0.545206,4.20349,4.36907,1.253,0.629869,1.02766,0.990028,1.77618,0.109001,0.738687,0.228596,0.071455
0.220514,0.326855,0.790627,2.61314,1.99604,7.33639,11.1902,9.73503,8.65198,3.32569,3.90111,9.43373,6.17748,0.423859,1.19606,1.513,0.681768,1.79136,0.367135,0.316953,0.168595,0.0154638
0.132148,0.179238,0.563678,4.51106,0.801627,11.2697,10.0815,2.66182,3.12306,2.03297,5.51268,10.9399,5.20077,0.813082,1.08577,1.17465,0.0995884,0.692152,0.504099,0.220395,0.081836,0.273022
0.059771,0.0258056,0.153778,2.17572,1.98188,15.1854,14.9314,9.01233,10.1223,4.24933,1.34178,5.32468,3.27125,0.352437,0.558609,0.976097,1.45447,1.20728,0.28669,0.173937,0.060131,0.107873
0.123814,0.0642368,0.263959,2.41904,2.25849,2.65179,7.03774,6.74937,2.75476,0.529307,0.982656,0.686376,1.80068,0.901405,0.499314,1.3544,2.13669,2.20979,1.10933,0.554189,0.226371,0.362021
0.0174221,0.149462,0.673252,5.1795,0.414757,18.1135,21.3838,12.3853,9.40186,3.76753,0.0414385,1.77576,0.859363,0.634773,0.88132,2.11791,2.37602,2.29995,1.64032,1.08298,0.129766,0.120709
0.225756,0.0609998,0.707214,2.91577,1.50742,9.36753,3.84364,5.00524,1.2364,3.14905,1.0714,6.94189,5.55721,1.16298,1.46613,2.2918,1.29528,0.684225,0.662656,0.503965,0.055731,0.339733
0.192392,0.068557,0.448272,2.23614,4.38296,10.0345,21.0967,13.2304,5.25053,1.11365,5.68893,11.6307,7.46316,1.48089,1.44668,1.63788,0.258547,1.45106,1.1309,0.841237,0.416847,0.549027
0.0774317,0.0712304,0.330418,6.93024,9.15425,10.6693,18.085,0.935982,2.21593,2.36754,4.62743,9.38486,5.70621,0.0206655,0.189029,0.0103269,1.79126,2.8755,2.20538,1.61443,0.75768,0.0703338
0.19081,0.159073,0.893555,7.15088,10.5062,8.6284,8.58001,5.89752,0.435717,2.53786,0.663726,3.03845,1.67704,1.12703,0.841023,0.773296,2.06171,2.55859,1.4861,0.951246,0.727467,0.419508
0.417009,0.0543449,0.929194,2.45482,4.13027,19.4124,24.2503,1.90559,5.66339,0.717454,0.702092,0.100093,0.150482,0.160062,0.751532,0.948956,0.951284,0.845686,0.0383962,0.329075,0.21073,0.662374
0.00902005,0.0190213,0.234874,4.06227,8.9166,0.980692,9.97615,5.04675,3.27818,4.33482,1.34514,2.38246,1.51941,1.27661,0.563263,0.27792,0.69027,1.4628,1.26673,0.916054,0.0992733,0.199017
0.12656,0.187131,0.47309,8.92664,19.8671,25.1419,15.6629,5.737,10.6513,2.66666,3.74431,8.73377,4.88023,0.543531,0.142445,0.360424,1.91829,3.14676,1.21521,0.187958,0.0448316,0.0679457
0.0728347,0.272071,0.612972,9.05563,17.9377,22.436,20.0397,8.46805,3.63761,3.34957,6.57476,12.4162,7.8865,1.3722,1.06467,1.56534,1.30399,2.86818,0.394772,0.691177,0.180145,0.422426
0.0151338,0.011022,0.105502,4.069,4.44715,4.84326,2.00463,12.0492,13.0547,5.41911,1.73149,7.78047,6.35819,1.81358,2.47459,3.35516,0.733994,0.774785,0.000446735,0.0824065,0.120195,0.0981445
0.129639,0.126942,0.511797,3.65833,10.4215,20.9669,18.2268,5.46243,1.66556,1.33446,0.58037,1.63513,1.53804,0.233197,2.0714,3.46045,2.30417,1.51882,0.0894213,1.11171,0.322552,0.157775
0.0588709,0.060592,0.684674,9.73203,17.138,9.38357,4.0758,9.70988,11.2499,4.96216,0.814664,0.79847,2.3842,1.68395,0.79272,2.53023,3.6249,3.32815,0.247857,1.89122,0.638112,0.241343
0.129968,0.0475311,0.294112,10.23,14.3082,7.93705,16.2628,5.17479,0.111831,1.33844,1.2396,4.84553,4.27954,0.21936,0.411185,1.08334,2.96221,3.26461,0.302579,1.06324,0.446871,0.541528
0.0892805,0.10634,0.163827,4.57194,7.17278,4.10712,8.25174,5.95846,7.34165,3.04655,5.62152,11.6806,4.91402,1.64287,0.550429,0.350557,1.02768,1.12888,1.14657,0.922757,0.0441478,0.76454
0.0332594,0.0272934,0.534757,3.833,0.694094,13.121,17.4493,9.6774,0.860153,2.906,5.10329,12.3731,6.59241,0.117756,1.01491,1.13586,0.742785,1.73349,1.01126,2.17748,0.323575,0.230012
0.101055,0.0858445,0.656427,8.6755,8.9274,12.1694,18.2341,6.85944,1.34805,0.159389,0.526591,4.88617,5.90992,1.9136,1.02506,1.40996,2.4142,4.09695,0.552669,1.32574,0.00214779,0.812642
0.141737,0.0044359,0.542426,7.5411,13.4925,10.5044,11.5208,13.4621,5.48467,0.859454,0.0136944,0.551065,1.80292,0.956493,0.446806,0.288413,2.69492,3.91413,1.65582,0.243001,0.370963,0.872766
0.151384,0.0754038,0.0363434,2.1927,11.1268,27.1143,28.9557,11.2372,2.28988,3.11884,0.334015,1.46512,3.51344,1.55085,0.806449,1.97545,1.68322,1.35201,1.24954,0.919598,0.587292,0.19117
0.00386055,0.292051,0.605187,3.0164,1.32807,10.9281,6.99331,7.8792,9.35141,2.06244,2.84118,8.33222,7.0835,1.72519,2.25926,3.61947,0.118095,2.2198,0.731189,0.0858978,0.395924,0.710406
0.311857,0.23349,1.02121,5.15196,7.1246,16.4418,22.2246,7.64014,4.40028,3.48237,6.35766,13.8387,6.81499,0.730313,2.86381,3.46173,1.57007,4.64032,2.46203,0.975115,0.106384,0.736033
0.0341279,0.236988,0.407024,3.25018,7.3019,20.2347,22.5424,1.33998,13.1202,4.88633,4.30645,9.69876,4.7045,1.37831,1.70491,2.146,1.52828,4.15332,1.77885,0.284889,0.163619,0.0286197
0.176685,0.0270993,0.51971,0.579676,0.195032,3.45377,3.57187,2.34658,3.82359,0.860927,0.777389,2.42981,3.06996,0.589316,0.555469,1.50391,0.189021,1.51846,0.429618,1.4814,0.737311,0.35269
0.185095,0.295238,1.16027,3.61536,4.1905,18.0874,22.1485,3.12174,14.3503,5.49566,0.386032,0.0552877,1.31284,1.88193,0.911919,2.66486,2.34758,2.19056,2.81355,2.60795,0.726712,0.131865
0.0670309,0.456177,0.918369,3.57138,1.13622,3.97975,12.6587,10.2349,2.02922,2.50297,1.32242,3.64725,3.27624,0.124186,2.39322,4.62607,5.0521,4.83741,2.86843,1.53834,0.480817,0.538878
0.0761522,0.012575,0.066277,0.288147,7.16074,19.7786,12.7854,8.69369,12.0011,3.80573,4.87619,12.0341,8.83586,2.97682,3.58419,4.89909,5.25093,4.62038,0.659831,1.32197,0.531071,0.260226
0.321385,0.0528268,0.593568,4.71854,10.5023,17.1107,17.0498,9.07294,0.839113,3.42264,7.711,13.5441,8.82569,1.6218,1.26675,1.99974,2.38364,1.86418,1.32614,2.87257,1.31184,0.385153
0.0689559,0.105888,0.885724,6.90823,5.35695,8.50036,6.19773,7.04826,5.80083,0.641505,1.02436,6.18192,3.45649,1.34053,1.29631,1.17395,1.82432,2.13759,1.93078,1.54151,0.874239,0.933061
0.0308139,0.0797887,0.652095,3.60381,3.00898,19.3289,17.7602,7.36903,2.27693,2.85258,1.90819,0.993611,0.172817,1.86892,2.03979,2.40501,4.34997,4.87459,1.28969,0.507495,0.638936,1.00703
0.0399687,0.00629562,0.312851,3.37705,9.71016,5.33655,1.81605,0.0419029,0.94785,3.79187,1.96711,0.641298,0.602571,0.739592,0.33013,1.77172,4.42945,4.98121,0.474875,1.28964,0.502367,0.98047
0.103741,0.095324,0.038929,9.41533,12.9964,10.4522,22.1429,13.4717,7.31846,0.0563369,0.398687,5.68395,2.0227,2.56978,1.02191,0.521612,1.86127,2.2911,0.940111,0.366226,0.789808,1.54355
0.117218,0.0438464,0.452945,9.72876,12.4793,4.07267,7.39357,2.10563,5.02621,4.48695,8.06989,13.9583,8.14034,0.562911,0.491948,1.41456,0.523545,1.78569,1.02409,2.06207,1.05782,0.855123
0.101477,0.228773,0.499276,3.43537,6.88045,16.9896,24.2084,19.699,13.0578,4.79706,5.04892,12.2173,9.672,3.37555,3.41481,4.21091,1.75979,5.11245,0.528098,1.49959,0.807158,0.645672
0.0924492,0.113175,0.0840531,4.40714,4.69711,15.3967,21.9151,3.71969,2.75677,1.57242,0.120371,4.76546,3.89172,1.11672,3.85399,4.78317,2.32651,6.37057,3.45033,1.05569,0.193354,1.21339
0.0392338,0.0875323,0.327051,6.67445,12.7085,10.4757,7.94309,7.92017,8.63549,5.03403,2.36259,4.23222,0.755422,2.04043,1.3089,2.5964,0.915116,2.92125,2.3571,1.87591,0.328555,0.102054
0.000334427,0.103949,0.0890453,4.56722,14.7929,30.9282,31.6813,10.8986,1.68842,1.32054,3.80783,4.50195,0.311431,1.41782,0.67271,0.095722,1.39255,1.9601,0.0410337,1.33351,0.288717,0.0475838
0.0479438,0.00572533,0.133622,2.69175,8.60874,14.5137,14.7847,4.94313,4.35049,3.95528,2.27754,3.41252,0.476387,1.61305,1.37766,1.6286,3.31724,5.32816,1.3132,0.95448,0.593026,0.582803
0.00891661,0.10971,0.2591,0.982333,1.51706,17.4695,20.967,7.11648,4.73709,3.93464,6.14367,11.0826,3.72205,1.82496,0.178042,0.285518,4.28579,6.12866,2.0735,0.141545,0.0653748,0.79854
0.0132347,0.0247374,0.143654,1.33817,7.37928,23.2203,27.2628,9.97983,0.153694,0.753375,2.65556,9.39874,7.43766,1.44437,1.14002,2.01818,3.03707,3.53373,1.98121,0.963787,0.174008,1.12427
0.165107,0.117567,0.153948,3.88148,7.61654,0.323753,0.842034,1.81695,4.96532,4.12563,0.910906,6.96499,8.48143,3.11923,1.56556,2.76455,0.113288,1.53723,0.388829,1.61005,0.0703705,0.261053
0.173569,0.277686,0.203525,4.75346,7.00089,14.2126,21.7187,5.86509,3.57614,3.56738,3.77101,7.67556,3.83621,0.176719,0.933573,0.508752,3.76283,5.44721,0.759542,1.74045,0.158603,1.86294
0.243151,0.00864203,0.0900815,3.1598,6.73476,1.61996,9.305,3.98676,1.99839,1.40462,2.7401,2.66992,2.0218,2.5411,0.848827,2.15265,4.59027,5.85276,1.1149,1.48803,0.39838,1.96822
0.0405659,0.0992709,0.226621,0.589307,6.99341,20.4581,15.4086,1.92878,4.89429,4.69464,4.05931,7.90821,4.35199,0.299045,1.7329,2.40133,3.12514,3.50689,0.717988,0.899912,0.709919,0.665013
0.0431054,0.131134,0.256834,1.44751,0.0218343,11.3225,10.6955,0.36515,1.39691,2.63651,6.36116,11.6034,4.20746,2.5632,1.10763,0.138485,0.458906,0.77711,0.0391692,0.586471,1.03226,1.98302
0.0954052,0.0206447,0.0456952,2.59037,9.50106,16.826,13.8619,4.90604,4.45156,2.68136,1.42108,7.77668,4.85627,1.20183,0.974565,2.40408,3.9552,4.71599,0.637128,1.72721,1.36096,1.90054
0.0144839,0.076268,0.025208,3.26333,13.9235,26.6948,18.7917,2.79288,4.39244,5.70362,1.81435,8.8654,7.64774,2.59619,1.97147,2.42624,5.10858,6.31142,1.07511,2.01335,1.52532,0.231969
0.156276,0.0131931,0.166404,3.12197,8.7127,3.04744,7.22804,5.68723,0.64757,0.915517,5.77602,9.6155,6.5848,2.48859,0.0771838,0.295255,2.69657,3.90408,0.0543386,2.35394,1.32522,1.55653
0.147844,0.181752,0.275402,2.09453,1.17203,19.8615,27.7049,9.88941,4.61998,4.88343,1.34891,0.088334,1.73999,2.05845,2.58593,2.72047,1.33929,0.690119,1.32091,1.72009,1.03179,1.3786
0.0178321,0.119569,0.00325918,0.21246,2.28494,11.0909,10.7077,3.02676,4.37392,5.38944,7.13175,10.5881,7.36167,2.88898,1.76307,1.97139,3.50931,4.29574,1.89573,0.277528,0.34161,1.07139
0.0636637,0.0797705,0.31687,2.40482,2.98035,14.9478,25.2796,10.5302,1.98303,1.57404,4.07073,10.1219,6.07192,0.335083,0.755843,0.0761332,3.81018,5.58376,1.37733,0.84796,0.537938,0.0600943
0.174002,0.0368101,0.476619,3.45457,5.50841,16.1588,28.2626,12.2446,5.56423,5.74881,0.842608,7.64963,3.56643,2.83405,2.908,2.13921,2.17787,4.15047,0.380602,1.53906,1.06798,0.24199
0.0682398,0.0196114,0.391595,2.65898,9.77732,11.4524,5.98909,0.123779,3.68188,2.70672,4.95553,10.2327,5.88984,0.372498,1.67725,1.58108,0.132371,0.428407,0.900055,1.82842,1.18574,2.21082
0.0789592,0.223584,0.0970063,2.04,10.4624,28.347,29.5255,9.83568,2.55589,3.70017,5.8991,8.6727,6.25698,3.39414,2.21569,1.01991,2.33813,3.75738,2.54967,1.95204,1.7019,1.29566
0.0436525,0.0417763,0.121901,0.572813,2.8149,10.1047,14.4964,9.1221,6.8328,5.94481,3.85111,3.05634,0.197212,1.67914,2.38361,2.17059,2.81767,5.03638,2.60701,1.66263,2.13074,1.23724
0.104159,0.095731,0.266487,1.02861,7.17642,20.0432,15.3147,0.995784,3.64722,0.912184,4.88002,9.99296,7.32351,3.06818,0.0310893,0.633077,2.70005,4.06971,1.66278,0.260592,0.717662,2.93552
0.0205438,0.0129378,0.100335,2.14879,9.90894,20.9382,19.0549,7.12799,4.98357,4.95627,1.21563,8.50045,8.53898,3.62467,2.41537,2.05214,0.944741,0.472812,0.402211,0.849223,1.14398,1.91012
0.228033,0.116525,0.385161,4.08467,8.33374,1.7204,4.36173,4.65361,7.23313,3.04813,1.62574,7.87544,5.13253,0.580066,2.22919,2.75519,1.66888,3.61995,2.47416,2.01883,0.363257,1.27456
0.235221,0.0992419,0.345535,4.44681,5.50561,13.5343,17.5831,2.6659,0.490473,2.31314,7.93115,12.1331,3.42507,2.81747,0.395506,0.330315,3.86395,5.85258,3.58517,1.91084,0.363213,3.2451
0.0808012,0.00372745,0.325677,1.4208,4.43398,3.33175,2.4639,0.04962,6.22753,5.53144,1.19819,5.19047,3.70044,0.298352,1.79483,2.29527,3.82087,4.56725,2.62672,1.86224,0.270048,0.805147
0.0552225,0.16866,0.217742,0.66593,3.15766,19.6574,21.3968,4.0273,4.33173,2.76812,3.47496,5.32099,0.553579,2.18395,1.49912,2.16978,0.809165,0.842131,1.37784,1.32966,0.163304,0.0355217
0.00155186,0.259181,0.30402,2.20237,3.73909,4.8108,3.62942,3.34691,0.985254,1.88057,4.18889,8.3747,4.79411,0.467324,0.316774,0.290496,2.33545,3.12082,1.08894,0.206896,0.294108,1.3307
0.123408,0.0960091,0.229676,3.97898,12.2905,22.8837,23.3616,7.11582,6.29119,3.41773,0.229733,7.23366,9.38098,2.64014,2.26373,3.22935,3.92866,4.33105,1.96855,0.870892,0.252295,1.00889
0.110486,0.0442304,0.0845609,3.15105,13.1585,26.3696,22.0058,3.57899,3.31391,1.43553,5.99535,13.536,8.54186,0.30377,2.48772,2.54766,3.02819,3.62797,2.77104,2.02075,0.227914,2.28526
0.06759,0.13378,0.267713,2.18108,5.56106,1.61442,8.10996,1.93924,4.4806,3.59487,5.3723,11.3026,3.05972,3.38977,0.439645,0.822474,0.787727,1.51394,2.07112,2.30791,0.42149,0.529515
0.110385,0.123988,0.104665,2.02012,1.26775,22.907,31.1349,9.66859,5.78165,5.43747,2.64231,2.96211,0.718619,1.01758,2.53241,3.66277,2.04926,1.1595,1.0693,2.68254,0.652519,1.85393
0.0302179,0.000806957,0.00235302,1.71027,5.20074,10.772,13.7881,7.04423,0.382463,1.5968,5.63519,5.43923,0.910001,3.71021,2.76489,2.22403,2.9894,3.40795,0.538082,0.778505,1.395,3.38543
0.105836,0.1179,0.22308,4.09118,5.4567,14.5175,24.2213,6.99399,5.00044,2.37904,0.399853,4.27759,1.83397,3.30135,0.250138,1.13491,2.8161,4.61674,1.67766,0.376896,0.767169,0.475246
0.123988,0.367895,0.595481,3.1253,6.7259,12.498,26.6596,9.90732,4.46563,4.35589,2.07795,10.2404,8.67854,2.13968,2.15718,2.39292,1.81644,3.69322,2.43108,2.29607,2.69899,2.98126
0.272585,0.0786837,0.176282,3.68469,10.8271,13.8257,7.32192,0.514246,1.16173,1.11334,7.10395,15.8579,11.3961,4.32184,2.02345,0.83978,0.350994,0.163896,1.45487,2.21773,1.27177,2.55616
0.317413,0.0373202,0.360156,1.57502,8.67144,24.5091,22.1663,1.2863,7.66802,5.72257,7.6624,11.7197,6.53294,0.93459,1.00004,1.80917,2.51842,4.31247,0.158151,2.7348,2.37704,0.199992
0.0513641,0.0461756,0.264,1.47495,1.78048,1.01149,2.62285,1.4705,4.916,4.77028,3.75442,0.888386,1.12849,2.24857,2.2455,2.18543,3.56427,5.97635,0.684714,1.55325,0.574854,1.40779
0.0783786,0.207197,0.118781,0.890051,9.47482,23.1584,14.3947,4.5179,5.91351,2.47835,1.96874,2.46544,1.38332,0.225109,0.588212,0.0415985,2.60736,3.54862,0.732698,0.898521,0.780844,1.80234
0.0369387,0.0794541,0.287706,2.43163,10.6501,15.4309,7.64673,3.38732,7.01827,5.76028,1.57356,3.68667,1.98562,1.57944,1.81318,1.86922,0.818452,1.57465,0.550671,0.80668,0.441291,1.11706
0.144519,0.060466,0.0793616,5.00307,7.58376,8.81117,14.1421,1.39431,0.669678,2.19078,5.35061,11.8468,6.57187,0.0881534,1.53645,1.61601,3.66198,5.67595,0.878916,1.74617,0.984189,0.406383
0.197188,0.160602,0.658674,2.07421,2.32125,14.5573,19.2081,2.96555,5.00218,4.21484,9.09386,16.8427,12.2858,4.45216,1.90038,0.947541,3.1549,4.29545,0.0541807,2.16572,1.05558,0.156519
0.0169817,0.0362107,0.170452,0.134173,1.70012,8.02886,12.1389,7.32205,5.64622,4.95434,2.58863,9.41415,7.39793,2.05251,2.38322,3.2287,2.45863,2.19158,0.311891,2.8155,2.75407,3.68997
0.222574,0.187223,0.597232,0.80073,0.757145,23.0172,34.0348,13.7874,0.693522,1.45145,3.01081,0.138406,0.510434,3.44739,0.271956,1.76528,0.210564,0.550992,1.14572,0.343855,0.0629844,0.898405
0.157312,0.0168074,0.0547712,4.62997,8.15224,0.107155,3.21058,3.51591,6.57243,5.71783,3.66921,0.149238,4.4531,5.184,3.01679,1.4505,1.96442,2.4691,0.598401,0.700487,3.52383,2.76226
0.270179,0.1636,0.0626077,3.63378,13.693,29.5706,31.7176,14.4546,6.28785,4.80739,2.41477,5.10493,2.67793,0.659162,2.00185,2.84402,3.76935,4.91811,1.01596,2.3522,0.79895,3.58287
0.0246505,0.0166341,0.497075,1.31356,9.57301,22.9427,21.9873,5.32493,2.10438,0.2306,5.4703,12.9364,4.34282,4.55062,1.08527,1.62395,4.41739,5.48706,0.522079,1.50743,2.25561,2.819
0.108732,0.0135529,0.182702,3.28332,3.39198,7.09181,8.30442,1.88288,5.36903,3.12553,9.80947,16.1915,7.52064,2.26741,3.68542,1.72036,1.22662,1.23789,1.91085,3.70043,1.45734,0.0419622
0.0884637,0.0914076,0.288236,0.174058,5.18983,23.9485,25.6698,6.19724,2.30389,0.506985,3.37366,4.96556,8.43519,1.95947,2.87696,3.28985,4.17962,4.60612,2.38192,0.616305,1.21204,3.49961
0.105335,0.0143582,0.315991,4.25792,7.93749,8.43813,12.6363,8.82286,2.65788,5.04401,4.60685,5.58155,3.96852,1.6938,0.681004,0.682162,6.44917,8.97244,3.76818,1.10719,0.335562,0.227038
0.0507132,0.439078,0.816187,2.52666,4.47359,13.8625,17.5866,3.23821,5.67379,6.94617,0.433359,0.240154,2.781,0.848336,3.59656,2.69343,3.8631,6.34806,1.45566,0.992108,0.411999,0.604874
0.283786,0.0146099,0.0882193,4.36678,8.09582,5.72454,16.0646,7.93365,2.12209,3.46607,1.06177,6.38978,5.66208,1.14729,3.93082,3.3767,2.00138,1.36761,1.90564,2.68244,0.806945,0.981991
0.0143399,0.069925,0.62895,3.69199,10.2784,18.5813,15.2738,5.83966,5.95524,1.96122,12.5735,17.8233,5.31953,3.7477,1.19823,0.228868,5.11504,7.09792,3.93997,1.9093,0.479068,2.52995
0.112709,0.0415812,0.336366,2.25082,2.65189,17.52,14.9118,2.39097,5.19081,2.21259,0.0942089,8.85613,5.59836,0.603809,2.63296,2.40435,4.69088,7.38107,3.70936,2.50999,1.11073,1.93561
0.00480309,0.0302141,0.319267,0.969172,4.47924,9.97581,15.6141,10.9679,2.20388,0.50572,3.30102,8.42639,9.06868,6.05199,4.45988,2.40191,1.04056,2.90635,2.21878,0.893946,2.11644,1.07668
0.0899121,0.0218159,0.373232,1.21226,11.4173,27.4204,20.5668,2.24898,4.45102,7.31201,0.218777,6.36506,7.13214,5.20178,1.46622,0.826763,0.837647,1.6458,0.340937,1.41098,0.858659,2.36128
0.101627,0.0143435,0.516644,5.8183,13.0437,10.1967,2.59539,5.24395,3.54997,7.23943,7.13469,3.42173,1.35794,1.91839,3.06752,2.65127,2.53842,4.57392,2.04848,2.28729,4.00153,4.22666
0.185574,0.187826,0.61538,2.74007,4.55085,15.8548,23.4538,4.46373,0.161157,0.102456,8.86428,12.2796,9.06586,5.94611,3.43223,1.05996,3.38046,5.94437,3.6435,0.798034,0.120891,0.531832
0.150191,0.158151,0.542035,0.58961,0.361933,15.1266,22.6545,10.8709,7.1497,4.49713,4.68681,11.8134,8.47069,3.17217,0.502415,2.48297,4.54685,5.19624,3.25249,3.54362,3.9625,3.56066
0.133838,0.093161,1.01603,1.50497,2.18216,11.576,13.2321,0.379059,4.50108,2.52757,2.82374,9.69473,5.04845,1.16881,2.06491,3.08798,1.71491,0.59685,1.44239,1.13852,0.0784876,1.18549
0.0467203,0.100964,0.0567314,4.30311,4.78044,20.8867,38.0396,19.9684,5.71136,4.3189,1.723,9.66825,5.86903,1.23816,1.49428,0.622142,3.82737,6.63055,2.15457,1.2775,1.99129,0.0146527
0.0483564,0.0213977,0.0562388,4.57293,10.7337,4.7247,4.79655,5.63107,6.35176,6.54659,8.23072,11.2789,6.78738,0.543825,0.121024,2.76979,8.58776,10.4101,3.69996,0.639623,0.818538,1.07697
0.059473,0.0488887,0.859341,0.318367,10.768,28.7602,30.3039,11.5873,0.699448,1.7638,0.907847,0.0684221,0.0595264,1.45169,0.0975185,3.15541,6.1815,6.79583,3.26856,1.81402,1.2499,0.392272
0.0602752,0.0703595,0.366646,3.64045,9.20487,16.3885,13.4008,2.88026,3.5304,5.55219,7.67826,11.0926,7.71059,4.01319,1.89078,0.701529,2.34663,2.88675,0.507051,1.8979,0.243288,2.39505
0.0224655,0.14277,0.0127842,1.82656,1.12137,13.5262,12.0117,1.44501,6.62448,5.95891,0.985543,10.1435,8.43434,1.39226,1.46076,4.03884,9.28978,10.874,2.13369,3.27833,3.43732,1.34968
0.168229,0.142503,0.966175,3.48329,9.43531,19.812,10.7509,5.6323,3.05973,1.00488,2.71642,9.65062,4.1383,5.36602,2.17066,2.52299,7.98765,9.6084,2.09909,0.57949,0.241793,0.955642
0.124755,0.175581,0.912014,1.26566,5.18893,0.829918,2.11117,5.34,7.68263,4.28687,5.95885,12.7092,4.61616,5.3177,3.74444,1.6624,0.128766,1.37943,0.492591,1.49814,3.58818,5.03883
0.0990647,0.257629,0.700583,3.98866,5.32379,14.335,15.538,4.04088,7.39503,1.40961,8.09378,11.7324,6.40459,1.38513,2.33539,3.8756,5.40328,5.39281,0.598893,3.09611,1.50582,0.208367
0.0588925,0.0260946,0.459632,5.79122,9.74859,2.88187,3.64086,3.81681,2.61281,3.93184,7.11313,4.04062,3.51023,5.94274,1.89794,1.66613,6.03242,7.60292,1.03818,0.837951,3.44388,3.1819
0.150142,0.0386515,0.700534,1.57201,5.10361,23.7261,28.0726,8.38008,6.16476,7.15826,1.0293,5.97551,3.31709,3.33916,4.2998,1.98155,3.32049,6.06393,0.757643,3.76175,2.29487,2.6293
0.199159,0.051752,0.0570261,0.969324,1.19057,13.5192,17.4489,5.73546,3.52413,5.25367,6.13687,10.3077,8.81791,1.0587,3.41878,2.40635,1.59892,2.82782,0.0470038,0.608918,2.43357,1.44208
0.0471026,0.154975,0.736027,0.525727,5.90353,20.2394,29.0493,15.7641,1.61694,0.0630605,0.694016,9.65362,8.26885,1.1475,0.167737,0.230346,1.38911,2.40284,1.55127,1.45571,1.17883,0.148419
0.0160928,0.15309,0.915929,5.81794,14.9575,29.7497,30.2778,7.64277,7.38931,1.69727,14.0512,18.4606,6.55097,1.16594,4.03675,2.09202,5.28246,7.88733,1.96331,1.85237,1.12247,1.96122
0.0829752,0.142192,0.204291,3.2182,8.97451,3.38968,7.3449,7.94692,3.63926,2.14905,3.11983,3.95505,4.44799,2.79044,4.69689,2.12399,6.81073,10.1735,2.01591,2.53374,0.73926,2.25901
0.348521,0.186162,1.08892,0.78698,1.08612,19.8873,25.5755,2.43214,7.37353,5.77495,2.7216,0.935668,3.88141,4.0388,0.910616,0.989768,4.09237,4.76297,0.463413,2.07829,1.21362,2.11368
0.0399514,0.000441689,0.94179,4.20987,2.9651,10.3136,17.1114,5.03603,6.22771,7.58209,6.67244,5.17148,1.52105,0.65541,3.54569,2.99838,3.43282,6.68326,4.20975,3.56867,1.50364,0.0936042
0.122886,0.103226,0.090132,2.85577,1.18594,13.0482,8.07837,7.16048,3.47103,4.68397,5.8963,3.4952,9.17932,7.08362,5.43143,1.33183,9.83692,13.9881,5.19885,0.429019,2.8769,5.05523
0.0935481,0.0372474,0.21329,5.46376,6.70842,13.7247,26.0954,10.0519,4.63102,1.32414,12.6293,18.2202,11.8511,6.28017,2.13429,1.60633,7.36965,9.3226,2.58487,0.785869,1.25722,1.10784
0.0307691,0.100538,1.01852,0.0810673,8.54543,12.1074,0.206524,5.58408,3.09023,2.16697,3.09454,12.0149,6.60676,1.31276,2.35634,2.35324,0.815969,2.01629,1.3818,2.91491,4.7797,2.20463
0.320334,0.153217,0.623647,3.8755,12.6559,25.7698,24.5252,8.66667,0.633924,2.43411,4.21923,6.97474,1.18813,6.11188,4.44037,0.286453,7.75305,10.6337,4.38027,0.240894,0.880297,2.09877
0.0460105,0.0284666,0.713912,3.5117,6.49408,4.34189,1.97576,5.79865,7.34133,7.60474,4.62972,0.925355,1.35302,3.00679,1.45218,2.43487,7.5662,9.68153,4.72873,3.35086,4.06059,1.79601
0.19146,0.272851,0.986945,3.37823,7.79387,22.338,25.3547,10.9582,4.78014,5.73353,5.90816,2.63406,0.790817,0.664786,0.920124,2.18055,2.35995,2.82364,2.05514,0.0509116,0.880019,0.909789
0.0900394,0.0369496,0.641925,0.23659,6.91789,12.8968,0.0255307,11.2914,5.84951,0.912192,4.39129,9.18378,5.16194,0.26947,0.614271,0.430593,2.71189,3.51175,1.1375,1.03482,1.67025,2.57096
0.122887,0.231835,0.827666,2.41469,6.02843,11.1937,22.7514,10.9841,6.85848,6.5501,9.34446,16.8665,10.4352,0.131236,0.203653,2.26859,4.62944,5.94625,2.64079,1.16842,1.30301,0.93691
0.316322,0.269933,0.578744,7.96758,8.94655,13.9748,16.9271,1.62377,0.976426,2.56774,4.27837,12.5889,7.03793,3.48207,2.08144,1.82155,5.48104,7.51116,4.38215,2.25425,1.40228,1.50429
0.105066,0.119834,0.929801,0.129644,6.10467,10.1861,4.28484,1.2599,2.74646,4.41307,0.779875,6.51199,2.41864,4.08278,2.8086,0.478379,4.02306,5.72989,2.92136,1.19664,0.541444,0.636753
0.0561773,0.143226,0.309738,0.815665,4.96646,26.5257,31.2166,11.0415,5.38974,4.72628,2.35551,4.74936,2.31608,0.571856,0.989418,2.65307,0.854772,0.185232,0.753381,3.21688,4.18494,3.54416
0.0631011,0.250463,1.04747,2.17396,0.0406669,7.43824,20.4405,15.1558,2.92521,2.5794,5.57097,2.92363,3.45385,7.13979,3.0546,1.68947,6.3198,8.02699,2.42205,0.993755,1.83439,1.68326
0.136726,0.0872384,0.852925,5.32314,13.1247,25.7623,26.8638,12.3603,6.18067,7.2245,10.6772,11.7864,1.53758,6.34948,4.99776,0.83888,8.39399,11.4976,3.83585,1.35177,4.36706,2.46049
0.133341,0.0825664,0.104579,3.94357,12.2976,24.6472,28.3666,15.1884,6.47854,6.55779,1.10304,11.8727,9.63827,1.50457,2.58561,2.17387,3.51721,5.34514,3.00523,3.74647,2.7588,1.94119
0.154539,0.235051,1.3383,0.0817525,3.84237,5.08825,13.2944,8.23301,2.57738,0.971006,6.44096,12.14,10.9961,6.60044,2.82967,0.774037,5.43025,6.65134,0.716157,0.626785,3.04961,3.48977
0.0916117,0.0487797,0.585184,5.70564,3.55258,17.2026,17.876,1.52333,4.37861,2.09721,1.77749,6.88819,7.2309,4.76888,5.83523,1.5507,9.66338,12.8702,2.75289,3.59746,2.53699,1.78903
0.0043939,0.0377562,0.109437,0.17311,0.174635,0.902954,5.34894,5.15172,2.58738,0.178467,12.6563,12.8519,2.97737,0.565925,3.29632,1.73161,5.20744,7.54399,1.7737,0.255698,1.91543,2.19039
0.0964174,0.151979,0.664935,5.89901,3.39819,15.9693,10.4934,7.44152,0.612137,7.19145,7.34705,2.88835,0.847141,0.118492,0.599366,0.204692,2.98812,2.77768,0.291361,0.499002,0.966683,0.424108
0.202586,0.320135,1.23386,0.152912,3.80965,2.65359,3.39979,1.05197,5.64618,8.59444,1.09327,5.72773,2.57018,1.15707,4.46373,2.06853,6.21603,8.74035,1.70693,1.53059,0.100097,2.6116
0.294047,0.1702,0.352425,3.76483,13.0556,23.108,13.4608,4.61498,6.39591,5.44268,9.92746,12.0011,8.36691,6.04412,5.30845,2.16163,3.70433,6.68156,1.24838,2.8052,1.02143,0.406211
0.102188,0.151918,1.08313,5.33419,12.4923,22.8966,22.6691,10.2592,5.22756,1.51423,5.3371,6.51599,11.4594,6.12288,0.957923,1.39325,1.77786,2.42992,0.232578,0.906826,2.37924,2.45377
0.224049,0.218296,1.1657,2.77317,2.05799,9.30408,13.8815,2.02787,7.71634,1.2669,13.9162,18.2516,8.21646,0.195374,2.48062,2.28766,0.169684,0.769951,0.841861,2.42658,1.79082,2.43081
0.205357,0.0525623,0.33352,0.688469,5.54456,28.0188,40.6157,20.588,0.434321,0.957307,0.0836135,7.64017,1.76157,7.21008,4.63013,0.689838,2.39527,4.06938,1.58534,1.85696,4.30326,2.06527
0.135364,0.0332161,0.967536,0.0218454,5.28097,6.02878,0.63806,2.61821,3.79047,6.68798,3.76091,1.86414,1.61085,5.35877,1.99499,2.23107,5.7624,7.05459,1.52125,0.305164,2.102,0.0792416
0.0637337,0.00971904,0.841585,8.19962,9.49279,16.9002,33.9526,14.5094,4.41185,7.50883,8.52964,7.38587,1.71071,0.783108,1.03618,2.24946,5.3134,6.01866,0.37361,4.12354,4.3468,3.36128
0.218357,0.162694,0.883571,1.96296,5.41153,8.5618,13.3083,1.00848,2.82989,2.92301,3.94653,3.33384,1.68307,4.40697,2.18702,0.121922,0.367491,0.849537,1.25208,0.0188956,1.38083,1.33714
0.062916,0.0345952,0.545658,0.439326,6.58821,16.4803,10.8246,2.54579,6.39181,3.23226,5.9683,13.9868,8.17695,1.84337,1.15435,3.00212,7.83549,9.26785,3.57811,1.72761,2.14395,0.984402
0.101119,0.339788,1.48952,3.73805,7.21316,20.3323,16.7285,3.55057,7.80702,4.17833,8.95095,16.5591,9.72631,1.02547,1.39248,2.19843,8.64435,10.1668,3.16143,0.607472,1.02208,0.00856302
0.124916,0.141778,0.693864,4.06318,8.19095,5.62564,8.07574,12.5514,4.50898,0.756426,3.42194,8.74505,5.00756,1.4458,1.96439,1.64328,0.0524983,0.828456,0.676599,1.57335,1.04441,2.06092
0.0884136,0.234858,0.434509,3.84455,13.1529,24.6208,16.0016,2.88597,7.14426,4.88629,1.5919,1.22983,0.607251,0.485196,0.108289,2.56756,6.77996,7.54885,3.31791,0.956035,0.547188,0.245919
0.139394,0.100021,1.61147,0.943375,6.6862,11.0767,12.0615,8.3895,1.15603,2.54308,0.195887,0.531565,1.70895,5.36563,3.37891,1.16779,7.00412,8.73875,3.70038,2.40034,3.41795,1.82651
0.0849461,0.00944519,0.443441,6.40791,7.09984,13.6809,23.9176,8.74257,1.98466,4.93612,3.78742,2.46568,0.148428,6.17862,4.72356,1.64463,1.35529,2.97314,1.5851,0.461953,1.11064,1.77938
0.121231,0.0278016,0.0616704,2.5136,1.3707,11.5008,15.1418,3.30655,5.82506,8.13103,12.2705,15.2275,7.42769,0.210174,1.25871,1.7008,2.81497,3.02264,0.628069,1.80726,3.64888,2.17812
0.0364394,0.168772,1.03997,4.82366,3.43018,13.7757,28.93,19.9743,6.13508,4.61014,1.07972,12.1582,11.9592,7.0821,4.16529,0.680107,3.26524,4.68945,2.1389,2.22298,2.31155,0.23805
0.169181,0.327214,1.43241,0.709053,0.0766057,17.3593,22.2293,2.73048,4.61725,0.198537,6.40981,10.4937,7.99125,6.03918,5.44355,2.68947,1.39939,3.36479,1.97741,0.556324,2.87895,3.40739
0.147609,0.0062045,0.292293,3.37637,8.70746,9.50913,12.522,12.4624,8.07094,0.570277,3.79583,2.75744,2.83433,0.487346,2.69621,1.67323,1.58127,3.02526,2.17465,2.87728,2.41402,0.956316
0.119449,0.194912,1.21692,6.93563,16.2159,29.3927,23.0358,1.22582,1.74491,3.99135,12.3406,8.45612,0.474273,2.20055,1.92562,1.13318,0.82696,0.624678,0.739315,0.195995,1.31809,0.694241
0.0980555,0.114527,1.36516,1.76508,4.69865,13.8551,14.9899,4.74842,4.34299,7.41322,10.4672,8.21708,2.22308,2.50263,4.28139,1.91456,2.13125,3.596,0.988186,0.934903,1.2773,0.0782471
0.127691,0.0565189,0.137861,1.95779,0.791287,15.4912,10.6561,4.47085,1.99528,8.41787,0.946681,8.42026,6.6882,3.62965,3.25367,0.380762,5.50686,6.74041,2.43106,0.408426,0.206633,1.75766
0.0513099,0.149425,0.8615,2.47631,3.04179,20.9753,30.4701,16.0365,2.26713,3.42374,9.99296,13.0813,9.26617,4.43591,0.691709,1.80325,3.4869,3.96891,2.30958,1.9452,0.693776,0.903421
0.0552641,0.0706778,1.05469,7.49975,8.9287,1.70982,0.1332,4.92756,3.81642,0.550137,4.58047,5.60376,7.9201,0.626982,2.43731,1.51332,2.02785,3.05421,0.194081,0.367471,1.83808,1.11901
0.210201,0.218209,0.696951,2.57835,4.43829,15.3559,27.1988,14.1255,6.4466,0.200606,11.5917,13.7385,2.94306,5.13117,3.02192,0.986194,6.15348,7.52417,1.60154,2.07873,1.37407,1.26226
0.256852,0.0960304,0.972709,0.242994,5.72513,4.85437,2.38823,3.39697,2.13752,3.30766,2.19111,2.98172,0.636679,5.92049,2.08467,1.60967,3.47245,4.24663,1.29081,0.773005,2.64787,1.68978
0.0681103,0.244527,1.47351,5.72872,11.4805,22.9859,22.9201,9.49994,6.21863,6.29404,1.268,2.02107,0.825621,0.116402,0.108168,0.422082,1.59711,2.14369,0.574253,0.979736,1.5186,0.353313
0.0370592,0.00374847,0.392725,2.34986,0.591698,6.97294,3.37334,11.2272,0.347762,4.79937,6.3156,7.63811,0.755247,4.07115,1.09668,1.62651,4.15838,4.73943,0.60486,2.36561,2.59017,2.15674
0.153992,0.0890936,0.702482,3.56472,9.02725,19.8664,19.4513,5.64521,1.53716,0.581375,1.95567,5.8702,5.18073,2.52258,1.45225,1.60384,2.79873,3.29678,0.559944,0.110627,1.31241,0.990491
0.104715,0.018367,1.39335,1.98185,7.82191,20.3095,9.02423,5.23136,2.09881,4.51159,5.42096,12.7411,8.24162,0.63426,2.13862,0.561953,0.0293889,0.36941,0.206003,1.41592,1.31492,0.0943975
0.0659992,0.0438116,0.52571,6.26161,9.66069,3.06311,8.44233,1.46871,4.42816,2.89483,7.75019,12.435,6.31398,0.273353,1.41259,1.70981,1.60273,1.32527,0.534584,0.0284805,0.58245,0.0180611
0.0982256,0.150164,0.15818,4.76163,5.1208,17.3715,26.2624,8.04747,2.24785,1.29379,0.889639,2.94122,2.06737,0.364345,0.150002,1.04946,1.19756,1.49655,0.606339,0.530752,0.637915,1.24193
0.0546617,0.175584,1.23125,3.05049,0.441262,3.03899,12.7874,13.3103,7.64249,2.92797,0.668928,0.631367,1.30353,3.67344,3.18744,0.689864,1.4757,2.08883,0.153902,0.557445,0.0277322,0.540783
0.102334,0.190617,1.3223,2.3729,4.25843,20.5777,28.958,12.0414,0.577581,0.021165,2.33895,2.55518,1.07204,4.66996,3.62345,1.25112,1.32074,2.19514,0.0562191,1.62244,1.97581,0.730521
0.00612009,0.0843159,0.481473,1.56231,3.71245,10.3336,23.6836,14.7637,5.33974,6.0226,3.61033,3.84036,3.64516,0.556126,0.583256,0.151809,0.27422,0.0996292,0.538212,0.0739205,0.785237,0.566852
0.0968484,0.194752,1.06122,6.69744,13.5489,18.8106,18.226,7.73775,3.22494,7.23934,12.0261,14.56,8.93468,4.81669,3.33796,1.02612,2.08201,3.13445,1.24949,1.19594,2.14834,1.36762
0.0408141,0.0105531,1.28123,1.21192,8.45896,22.2698,17.5799,1.87289,1.89122,3.4861,1.45078,7.66573,8.123,4.64617,3.46775,1.03706,2.64854,3.65066,0.807142,1.20182,1.15669,0.65301
0.0652369,0.0152798,0.22231,2.4326,4.69484,2.04318,9.01677,5.15639,2.61736,1.50307,5.44179,7.38754,3.63744,1.21735,1.18407,0.129139,0.5871,0.558427,0.181742,0.154042,1.10682,1.21233
0.0980242,0.0123951,0.662402,4.68241,0.554041,15.5497,9.13854,8.42752,7.48259,0.104492,3.03956,1.33054,1.33396,1.51736,1.46555,0.800112,1.97384,2.69343,1.13162,1.03113,0.986545,0.398007
0.0959178,0.106206,1.23655,5.06989,6.85928,3.81211,2.63869,4.46044,0.728394,4.36998,8.34432,4.86557,0.212672,1.61088,2.31194,0.666504,2.20009,3.0914,1.41144,0.43587,0.0115239,0.304555
0.0739994,0.286086,0.577814,2.28505,2.71374,12.9193,12.0111,5.78687,7.76048,6.81897,9.8778,8.22116,2.93808,1.7255,1.45761,0.362049,0.769267,0.842271,0.396956,0.132706,0.435787,0.106666
0.166241,0.205015,1.1795,0.48728,4.07486,5.1964,11.6162,3.63377,2.80508,5.13571,0.757085,7.16872,6.81537,2.94109,0.379593,0.906922,0.668072,1.17546,0.320809,0.128717,0.561479,0.96937
0.169514,0.336085,1.08596,6.59402,13.0715,19.7312,16.3459,2.16025,2.71823,0.81695,5.79788,9.31856,6.07605,0.921023,0.614696,0.0882062,1.22676,1.65924,0.795309,0.595961,0.287568,0.548228
0.274998,0.183496,0.528049,0.229756,5.94925,22.1935,30.2055,14.3609,2.64581,1.22945,1.5302,5.16635,3.54129,2.84605,1.22232,0.857403,0.680413,0.811241,0.615035,0.0658565,1.04591,0.594859
0.152734,0.0171926,0.932328,2.3764,2.56286,5.63222,7.81391,4.59282,3.05425,0.134326,7.46069,9.03491,1.09737,4.20441,1.59926,0.726328,0.570951,0.637798,0.735924,1.05161,0.745513,0.606982
0.048765,0.144619,1.08694,3.14927,3.66626,24.118,32.6671,15.1124,0.511609,2.90697,1.29395,1.41921,1.17648,0.913793,1.10492,0.39556,0.107917,0.187999,0.143663,0.295796,1.11306,1.01152
0.0168226,0.0193796,0.751314,5.02064,9.5445,9.72807,4.53141,3.10569,5.93017,3.51503,1.63327,3.79447,0.117029,2.40971,0.171236,1.13547,0.788748,0.697306,0.296801,0.502756,0.708995,0.516563
0.085682,0.145987,0.246199,5.44313,6.92958,10.5122,16.5548,4.13992,1.28091,1.36467,1.62399,5.08626,2.5781,2.3105,1.59308,0.344332,1.05877,1.33074,0.650496,0.668445,0.822002,0.794293
0.143126,0.304355,1.4742,1.12681,1.75908,7.03568,8.05574,3.79942,5.21531,1.65689,1.61279,5.68157,4.79218,0.70336,1.86437,0.518733,0.996702,1.33322,0.69245,0.200319,0.256095,0.269908
0.248452,0.00273864,1.0907,3.92039,7.79294,10.9764,1.96211,5.07936,2.57969,4.65564,2.76975,8.58396,5.16212,0.250125,1.19005,0.93435,0.360183,0.194475,0.109727,0.410309,0.242564,0.360863
0.101203,0.140054,0.600149,0.268238,2.76665,13.3042,9.12088,3.08858,0.711194,2.6221,6.06729,8.27186,3.19729,0.155877,0.510838,0.224562,1.49792,1.69448,0.438708,0.194909,0.176893,0.0317261
0.0665878,0.0866022,1.20231,5.66191,8.58912,6.35087,1.43422,4.9141,1.42226,1.00263,3.07045,0.00772638,1.93641,1.99626,2.22105,0.815894,1.07339,1.57466,0.484874,0.110719,0.459623,0.60898
0.140791,0.0280995,0.897961,0.944254,7.85682,21.8924,19.0804,5.79086,3.57987,1.5801,2.1336,0.744067,1.22688,2.89856,2.01579,0.735648,0.104659,0.199839,0.224757,0.047274,0.0317866,0.498576
0.16206,0.0216655,0.0530524,2.68341,8.33364,8.891,5.55184,3.53886,1.24953,1.40983,3.01455,3.16341,0.947543,0.909753,0.0974027,0.234327,0.699088,0.903885,0.0385606,0.62333,0.855004,0.288631
0.153901,0.0290478,0.91178,5.92327,6.04342,13.5488,26.879,15.1789,4.91581,4.85597,2.11134,4.27246,5.03807,2.41785,1.56749,0.592204,0.709858,1.09968,0.197314,0.0426449,0.276375,0.249197
0.104109,0.240379,1.13847,2.5245,2.85406,11.5321,14.3135,4.80722,2.52361,5.01526,8.92717,10.4181,5.88842,3.25876,2.07425,0.425177,0.328164,0.530624,0.0792232,0.521636,0.729904,0.596586
0.107591,0.0425866,0.384854,0.509823,0.792626,9.47735,19.3843,12.3198,2.58906,2.27521,2.47732,3.44345,3.83302,0.96025,0.267412,0.366337,0.000720843,0.124183,0.0100541,0.283013,0.462176,0.406066
0.133412,0.161178,1.38143,0.429329,0.918531,14.4011,19.4268,4.49209,2.03465,1.59157,3.80817,4.33065,1.18005,1.06391,0.834078,0.595767,0.0352956,0.327325,0.0627384,0.152355,0.368844,0.349785
0.0452233,0.137556,0.915917,6.8864,11.428,6.04102,0.620211,0.0100833,1.81015,0.362812,1.60751,0.93389,1.08883,1.01461,1.02877,0.171097,0.334455,0.494931,0.0509183,0.348242,0.379647,0.136922
0.0419932,0.140337,0.472033,1.04116,9.5186,21.2946,13.6536,2.31801,1.27355,3.74295,4.13735,1.36305,0.536754,0.709255,0.582576,0.475017,0.806726,0.790249,0.145315,0.191392,0.0205892,0.324087
0.0172273,0.0941425,0.962855,1.08281,3.33421,10.8932,14.0399,8.6919,4.4722,4.91441,6.99714,7.26708,3.54387,1.19286,0.354906,0.386172,0.546904,0.541268,0.0372277,0.199527,0.171055,0.0114411
0.121816,0.0333086,0.995056,4.69379,0.871108,11.2388,6.09492,5.73086,3.95311,2.55637,0.178731,5.49206,4.55066,0.728323,0.0264531,0.186545,0.278321,0.320445,0.158613,0.15294,0.318997,0.277242
0.0215925,0.0867291,0.668757,2.93833,7.04756,15.1228,17.0225,8.43432,2.72645,0.788176,2.63315,5.50123,2.85066,1.26294,0.731065,0.527477,0.929887,1.08733,0.350618,0.167901,0.0743675,0.435301
0.121033,0.0034248,0.397935,4.67511,6.54065,2.6826,6.31407,0.00845538,3.27151,1.31968,0.258202,3.29321,1.35933,2.45156,1.33904,0.180942,0.857817,0.951581,0.156137,0.0133369,0.428346,0.144556
0.176661,0.272297,1.47963,0.666029,1.95003,9.93644,16.941,6.40155,0.377938,0.165694,3.55472,4.19598,1.02647,0.849125,0.780842,0.412316,0.0906263,0.0263942,0.175098,0.431581,0.325011,0.0516285
0.0110384,0.0173683,0.551457,4.8604,7.86152,6.32466,9.32927,7.97914,0.49552,2.4209,1.28982,1.00151,0.647092,1.49959,0.313972,0.559004,0.811577,0.865127,0.371879,0.0343212,0.327777,0.517534
0.0684647,0.111455,0.422261,2.05386,6.62527,18.409,20.8077,6.60775,2.73358,2.00771,2.20017,4.19147,1.0142,1.89253,1.22488,0.0357464,0.820756,1.07446,0.459973,0.324092,0.307987,0.235452
0.0168365,0.013932,1.11757,4.45354,2.48671,4.83202,0.485595,6.13292,2.20426,0.851174,0.344688,3.58164,3.10601,0.417732,1.20597,0.516076,0.261904,0.516925,0.173582,0.200314,0.308127,0.203913
0.0133709,0.145001,0.726702,1.51391,3.97672,15.2297,15.1557,2.63935,3.6376,2.42527,2.38313,4.65034,3.62266,0.620196,0.306873,0.478038,0.327307,0.151538,0.122356,0.0358299,0.205255,0.0267479
0.0428055,0.00830615,0.122693,1.5102,8.20796,18.0593,15.6505,1.95238,3.59289,2.55019,1.1252,4.82937,2.68323,0.468463,0.513726,0.102752,0.339637,0.478956,0.305993,0.2165,0.0967755,0.334333
0.0714527,0.00265582,0.939033,6.37748,8.55742,0.297543,0.0702744,5.36451,2.6901,0.693081,3.46604,4.22484,1.6649,0.950844,1.32334,0.525904,0.401759,0.706428,0.421283,0.191912,0.0289782,0.078423
0.217892,0.241155,1.09769,0.973161,0.116026,13.9279,21.7809,7.19198,3.25942,1.02079,2.95977,1.80271,0.838466,1.50395,1.06641,0.22712,0.420848,0.634699,0.252447,0.0623292,0.106117,0.0736704
0.0779048,0.100257,0.127132,0.590181,1.25481,3.56088,11.8543,8.85584,0.394376,0.520764,1.48311,0.644488,0.447366,0.703484,0.0555408,0.331384,0.240694,0.228745,0.127825,0.135022,0.0436997,0.357386
0.243228,0.0756767,1.26904,2.04149,2.37944,12.2827,16.829,6.58784,0.676212,2.13103,2.85065,3.51692,2.55026,1.35143,1.09074,0.473591,0.275928,0.602661,0.310072,0.207992,0.396325,0.272894
0.0388043,0.0529052,0.827623,5.93359,6.98671,5.36134,11.2988,2.77554,3.06627,4.0004,1.33436,3.65863,4.18992,2.36275,1.22527,0.0498675,0.897068,1.16293,0.494076,0.000476731,0.0607388,0.0273249
0.00110551,0.0507339,0.214413,1.81647,8.22186,13.3818,11.2015,5.22511,2.2301,3.0066,6.36033,7.14032,3.35442,0.905957,0.242493,0.344476,0.68964,0.792229,0.400152,0.363074,0.447689,0.430084
0.057994,0.109366,0.741602,0.967145,6.15615,14.8974,7.11004,4.54068,3.75994,0.572193,1.89566,1.10531,1.10204,1.09459,0.697595,0.310136,0.0352248,0.222392,0.0278476,0.0481627,0.196371,0.143545
0.0455811,0.0402225,1.0833,4.97709,5.886,1.1267,6.47827,5.00751,3.6448,1.28386,1.72987,1.37393,0.205966,1.42283,0.984152,0.0644561,0.802013,1.05342,0.268499,0.283854,0.322625,0.0974378
0.163662,0.136204,0.405227,0.80615,3.91456,13.8372,9.64137,2.98418,1.40349,0.203474,2.42581,1.57271,0.572345,0.710835,0.541735,0.362438,1.03895,1.17186,0.425421,0.152591,0.293527,0.0369291
0.0342075,0.151231,0.534428,3.78277,7.11477,6.77206,3.41337,0.0255814,2.17081,3.75422,2.72426,1.05802,1.69741,0.16994,0.0528633,0.255248,0.378029,0.404569,0.246948,0.0575707,0.0467103,0.0976173
0.222803,0.146804,1.49301,1.02417,1.54034,9.65271,14.6561,3.54448,1.56651,3.95,5.57207,6.61673,3.11053,0.011465,0.376846,0.0478267,0.387379,0.415715,0.00814864,0.232162,0.216714,0.238051
0.0593394,0.0279187,0.239424,4.44667,6.48578,7.30298,17.7031,9.39926,1.0357,0.843399,0.0293794,3.95322,2.95298,0.613221,0.635151,0.223919,0.621126,0.721767,0.116863,0.218445,0.173665,0.0454119
0.0555927,0.0585327,0.46597,3.64863,7.34686,10.8144,11.2402,6.22716,3.29838,1.50335,1.82057,3.17159,1.11277,1.37305,0.810513,0.160284,0.512291,0.699637,0.167855,0.126839,0.0747451,0.258788
0.0479105,0.109889,1.08561,3.53908,0.729288,16.8307,23.9018,11.942,3.21674,0.751292,1.02877,0.376893,0.231639,0.801165,0.374494,0.0497294,0.292831,0.417303,0.0832835,0.165619,0.316915,0.330161
0.107982,0.0835063,0.702723,1.24114,0.605483,0.58042,1.00792,3.26019,2.20119,1.6709,2.55668,1.0982,0.130732,0.982864,0.609432,0.113148,0.0550069,0.0372168,0.0854423,0.309445,0.184657,0.00877723
0.00179127,0.00522125,0.398934,0.323062,6.7765,17.8864,16.6059,5.00248,2.53358,3.08278,2.52839,3.29176,0.687737,1.86876,1.01698,0.015829,0.421592,0.662263,0.119926,0.0530202,0.303816,0.38224
0.187268,0.0422468,1.05735,6.2064,11.1784,13.317,8.54339,0.116333,0.0422118,1.50015,2.1355,5.04678,2.57138,0.657565,0.761815,0.214256,0.799658,1.16657,0.211561,0.439882,0.343886,0.0660385
0.0807417,0.207461,1.1121,0.0459487,2.50782,3.94462,2.43976,4.31611,0.035176,1.76025,1.4192,4.00808,3.39416,1.15805,0.0786618,0.222026,0.621642,0.848835,0.117814,0.0407375,0.296641,0.114914
0.0755392,0.116955,0.562772,0.626683,0.268365,10.521,11.4579,1.39946,2.03095,2.55558,0.534268,2.38095,2.69421,1.64714,0.861003,0.0364836,0.335262,0.436949,0.249061,0.261301,0.342241,0.00455008
0.134008,0.185219,1.08362,3.14534,2.73339,1.67713,3.52313,6.80078,2.58276,0.444734,0.933767,2.16175,0.879627,0.624172,1.01619,0.272856,1.13876,1.56917,0.476985,0.239845,0.248046,0.0894996
0.0290797,0.0819096,0.748057,5.15818,4.55095,10.453,15.0322,5.22491,2.63093,1.46692,1.32734,0.58546,0.58242,0.144622,0.468297,0.277704,0.984099,1.44368,0.298245,0.134911,0.173073,0.23906
0.0217208,0.131826,0.0897563,3.2769,6.45918,0.753676,3.33679,1.91648,2.89014,1.40904,3.26127,4.50417,1.78212,0.400435,0.512667,0.0566535,0.0405214,0.165279,0.129263,0.397884,0.189744,0.0105939
0.13995,0.0939763,0.99351,1.11667,5.82837,16.9505,19.4752,9.88086,1.47821,0.649346,0.838228,4.08763,2.69439,0.787012,1.06813,0.391619,0.745052,1.0808,0.541491,0.249779,0.038893,0.194509
0.07634,0.111351,1.06411,4.67489,9.34548,13.5999,7.31212,1.32414,1.8485,3.53168,2.61437,4.15036,3.08591,1.26339,0.856761,0.324916,0.86455,1.35196,0.584332,0.13218,0.0364199,0.273155
0.0131426,0.0432044,0.0203471,0.619631,0.245402,8.02976,15.8033,8.92295,0.966882,3.21393,1.31636,2.45578,3.04747,0.908269,0.0900104,0.0130844,0.4605,0.796426,0.339058,0.0800759,0.0319215,0.0942968
0.105836,0.204202,1.02736,3.92612,7.90262,17.3329,14.5918,0.388925,0.738449,0.396688,4.63434,4.13829,0.835173,1.24732,1.27678,0.573011,0.191394,0.130368,0.0648779,0.292802,0.408599,0.30083
0.131238,0.146392,1.14745,1.2184,3.57863,4.705,1.28804,1.29034,3.4477,1.28188,2.7093,2.36818,1.73903,2.27013,1.40382,0.380933,0.134012,0.383173,0.331477,0.117269,0.110664,0.0844806
0.203943,0.0920812,0.135581,3.58317,5.44099,9.94774,15.5478,1.54053,3.0937,0.0988126,0.182539,3.15434,2.74279,0.930859,0.488924,0.043149,0.605366,0.975327,0.597814,0.570995,0.638208,0.286374
0.030767,0.0243655,0.743798,5.44347,7.09715,6.88575,18.7143,11.7199,3.73402,3.1761,4.67688,5.42232,2.10774,1.18941,1.08497,0.561963,1.21546,1.53004,0.666328,0.00641825,0.208297,0.113655
0.0338861,0.101934,0.958346,2.98319,1.10147,10.3153,9.6642,0.576902,3.69642,4.68961,3.22027,1.68738,1.53825,1.85299,1.48262,0.506911,0.984425,1.0752,0.362032,0.277411,0.43212,0.228131
0.173433,0.0196635,0.466548,0.0640814,1.05261,15,24.2105,12.249,0.99006,2.28447,5.50962,6.08178,2.70535,0.352905,0.573028,0.118735,0.429306,0.56803,0.266344,0.257837,0.456588,0.261082
0.23124,0.0420075,1.07778,0.999014,3.26901,3.74326,1.69725,1.27593,1.81815,0.987589,1.26426,1.09637,1.87377,0.916238,0.649061,0.779149,1.96806,2.31455,0.813206,0.0963739,0.224166,0.0144876
0.158056,0.190084,1.03669,6.05204,12.9111,19.9212,15.8645,2.36165,3.34034,0.783968,1.26494,0.781656,0.892743,1.12506,1.12078,0.635943,1.83342,2.38383,1.01123,0.50064,0.545077,0.162804
0.0204804,0.0287653,0.56468,0.891222,6.77162,10.4358,3.13991,4.18875,1.49402,2.61618,5.83779,6.46066,2.8003,0.518415,0.771755,0.18321,0.0563643,0.320358,0.326686,0.237645,0.0176975,0.0957911
0.0596756,0.353403,1.00874,0.723465,0.10156,7.61094,5.45093,5.03286,5.27387,4.92595,3.60053,2.09699,2.5865,0.37654,0.0148477,0.88752,1.64913,1.85431,0.340672,0.476693,0.421125,0.447516
0.022859,0.0393267,0.999783,4.38077,0.635586,11.2304,7.63934,3.65383,3.63859,2.66253,4.59414,5.52413,2.56178,0.0321323,0.340055,0.443727,1.79497,2.39972,0.774691,0.114868,0.200041,0.250096
0.00701568,0.0618259,0.370095,3.57256,5.11049,1.41647,1.32287,5.14533,4.10613,0.148409,0.350747,3.33524,2.67606,1.54364,0.881164,0.463263,0.39392,1.0206,0.422849,0.216624,0.104266,0.163011
0.0971211,0.0857854,0.311149,5.32877,6.20346,11.3163,18.6935,4.94765,3.69172,1.5219,2.98503,2.70901,1.94157,2.44028,0.5895,0.824858,0.568802,0.333692,0.0689334,0.163493,0.340969,0.586493
0.196618,0.150256,1.43373,1.0796,3.73064,1.94325,2.24244,1.26335,0.635237,0.690301,5.30113,5.14816,0.858247,0.818055,0.260787,0.17394,0.845335,1.06509,0.0503217,0.686854,0.371667,0.011469
0.0918955,0.0678392,0.594508,3.72237,8.95853,20.5726,27.5314,14.0239,1.27887,4.45101,1.32634,3.42716,4.04942,2.31976,0.618558,0.717842,0.374087,1.20019,0.174644,0.185784,0.499507,0.488242
0.135398,0.124328,0.588986,1.95419,4.91301,13.3355,12.206,0.154335,4.6162,3.33092,2.84992,4.81891,4.90464,3.10891,1.01295,0.474851,0.931546,1.75779,0.43237,0.708749,0.678308,0.000173683
0.0737185,0.0797624,1.22622,5.11209,7.7595,13.1878,18.6827,11.2766,1.24062,0.414735,0.899439,4.95575,3.35569,0.706203,0.622614,0.391873,1.31006,1.60787,0.443201,0.325433,0.81384,0.352926
0.0119421,0.0321556,0.587388,0.30654,7.17104,20.9933,17.9,0.263096,6.2625,2.038,4.07589,6.05022,1.24089,1.72772,0.212104,0.902036,0.352813,0.0819862,0.00496886,0.172672,0.556254,0.309927
0.0744313,0.174294,0.456239,1.57904,6.93533,6.83597,4.24045,1.69864,2.37887,1.54128,1.55691,1.00766,0.673791,2.07763,1.0093,0.175251,2.00384,2.79967,0.521563,0.858214,0.718798,0.398764
0.0501941,0.0884773,0.976456,7.09677,7.22207,11.6636,14.9374,1.37004,4.29932,1.12006,2.08689,4.14625,1.30913,0.450251,1.16099,0.825622,2.76335,3.60368,0.842586,0.204074,0.52994,0.532636
0.0106561,0.252987,0.857173,1.49593,0.559974,11.0451,23.014,13.1835,2.18622,3.35012,1.18245,3.65034,2.30524,0.416985,0.58006,1.1181,1.14228,1.14242,0.0361554,0.822088,0.552203,0.13028
0.0810362,0.00884994,0.134199,2.17027,0.644929,8.62519,7.08062,1.09902,0.363271,1.8968,0.871525,5.14107,4.35874,0.248137,0.564424,0.330257,1.49149,2.39121,1.0245,0.141147,0.439751,0.312299
0.385346,0.10474,1.60978,1.50795,0.615283,13.6437,25.3547,12.0627,1.81693,3.03074,2.71687,7.08806,3.85923,1.44873,2.13631,1.13703,3.1152,3.89025,1.20147,0.0309765,0.00851624,0.545335
0.156506,0.125744,0.76312,6.30776,11.0834,6.76737,2.98885,4.67256,5.51909,4.089,3.91734,4.51449,1.0883,2.19658,2.14579,1.5255,2.11838,2.39848,0.696456,0.269993,0.286707,0.584131
0.14248,0.0376578,0.347674,3.12831,11.5394,22.3678,17.699,3.58127,0.309096,1.56453,4.06963,3.62519,1.54177,0.546764,0.154374,0.285225,0.452963,0.564034,0.418039,0.752331,0.871758,0.405959
0.0390341,0.0910704,1.03313,2.47408,2.65147,7.8787,1.47452,10.1471,6.92578,1.94446,0.431176,3.36356,1.73071,2.89461,2.71142,1.28233,1.78977,2.07791,1.12675,0.400555,0.0847292,0.323712
0.0762899,0.0923827,0.977023,3.88664,0.500837,12.1323,9.54618,1.41009,1.2334,2.06357,2.68625,5.17282,1.56631,3.51717,3.00919,1.27148,1.28812,1.66938,1.08981,1.05492,1.26331,0.841519
0.0513176,0.132558,0.123808,0.81308,7.32818,16.6965,8.39208,5.37446,3.87522,2.93125,1.58791,4.86853,4.25621,0.220252,0.29813,0.0965648,0.729562,1.44114,0.848962,0.319999,0.650942,0.380558
0.0255199,0.0757306,0.773776,6.85108,9.88462,0.518962,3.02424,2.52213,2.60563,7.0046,9.35135,10.1435,6.29417,4.28597,2.95984,0.998989,1.09901,1.78717,0.435588,0.427648,1.23089,0.870958
0.0628915,0.286249,1.57763,0.14231,2.94109,13.6392,23.7367,9.48902,2.45915,4.54794,4.0007,0.141441,3.30026,4.21423,3.64236,1.40566,0.477684,0.667092,0.332237,1.20011,1.32517,0.240509
0.107157,0.0176978,0.277157,2.53075,5.39107,0.612274,6.9309,4.05276,2.10599,1.46042,0.742388,2.241,2.55175,0.0853087,0.680956,0.316891,1.46529,2.40189,1.31115,0.0632581,0.901802,0.13545
0.201579,0.387771,0.953589,3.88294,6.62365,20.4223,31.9515,19.7565,6.82295,0.943033,5.91129,7.5423,5.42962,3.4737,2.49502,0.928148,3.53215,5.07178,2.15935,1.39217,1.5549,0.36081
0.0218578,0.00330654,1.05663,5.84371,4.4136,12.7418,18.3721,4.9969,0.324272,3.21629,5.04634,2.23028,4.22767,2.56526,3.32789,1.46924,2.35062,3.47883,1.42404,0.0348998,0.44788,0.376994
0.0690398,0.0680452,0.347421,2.16669,8.45214,15.0314,18.1178,12.5466,6.33444,6.53867,10.4985,10.9547,4.12779,1.01781,1.2938,0.103891,0.845979,1.40196,0.172681,0.886224,1.09335,1.1738
0.30105,0.248792,0.983355,0.58779,9.30188,25.7787,21.1144,2.22181,1.39513,6.08576,1.9286,4.35222,4.13652,0.744379,1.21047,1.31319,3.73074,5.76391,1.93349,0.40668,0.305175,0.315779
0.289757,0.0905416,1.12352,6.9308,10.8417,9.08586,8.13564,3.89974,1.203,1.3563,3.74983,2.11665,1.5683,0.443352,2.70696,1.06155,3.64787,5.15579,2.05156,0.583334,0.299961,0.686135
0.0724526,0.145656,0.699543,0.773368,0.531519,14.4312,10.5693,4.29868,1.83481,1.40713,8.85674,8.02006,3.36648,3.2828,2.00766,0.375315,0.36197,0.439106,0.97778,0.996336,0.244365,1.72041
0.0731368,0.0389932,1.20099,3.94316,6.24835,15.3065,23.0367,14.1548,4.2153,2.43841,5.99135,1.80574,6.73207,4.13475,0.253893,1.2483,2.18227,3.20049,0.0828477,1.47636,0.123914,0.808106
0.184404,0.343542,1.4541,1.43341,0.975223,5.70867,4.21831,3.26164,1.71401,5.46125,7.795,10.2199,5.82508,0.0540563,1.78337,0.815171,2.2233,3.31371,0.306375,0.731311,1.09882,1.09101
0.0577511,0.18092,0.165743,5.35739,7.4606,11.9534,23.7629,13.0591,7.26578,7.14919,0.361392,7.9191,2.51746,5.50083,2.52309,0.676616,0.988943,1.67937,0.607888,1.18246,1.19578,0.758846
0.00312358,0.0491318,0.799264,6.31105,11.3704,8.5225,7.28052,6.16475,0.575251,3.90692,8.04049,7.73148,0.296584,4.69152,1.28532,1.72615,1.02431,0.960963,0.584025,0.981938,2.09698,1.13825
0.108995,0.0519517,1.20753,3.04886,5.27077,22.098,20.8967,6.99676,4.63615,0.62944,7.63743,5.65618,0.0122198,1.50856,1.22531,0.926619,0.968377,1.05573,0.785507,0.461224,1.29308,0.71345
0.0663289,0.00964166,0.580247,0.564161,0.662764,0.135409,3.74888,6.06974,2.71865,3.77908,1.98812,0.31997,0.325869,3.29339,0.946205,1.71093,1.40922,0.397977,0.888333,1.72101,1.41378,0.873995
0.00075339,0.0585286,0.459355,0.187477,4.16348,8.88923,6.28825,0.747355,0.608317,0.600219,2.54574,2.23118,0.0218058,0.121092,1.39272,2.17744,0.812172,0.0561385,1.00814,1.35146,0.352817,0.225937
0.000281757,0.00378278,0.030776,3.59847,8.50542,4.69229,2.17724,0.529879,5.13971,4.18124,0.0351972,1.25245,2.55368,2.53874,0.94382,0.342124,0.517312,0.99924,1.02956,1.09262,0.250414,0.262189
0.0264628,0.0538482,0.286737,3.29435,8.99744,2.61111,7.73429,4.60147,2.47763,3.26438,3.46062,3.2339,1.14111,0.13637,1.24209,1.86626,1.39111,1.19688,0.742044,0.503242,0.0559895,0.515269
0.0269183,0.0525991,0.183059,2.2763,6.82647,2.62618,5.49904,5.35317,3.58268,2.22942,0.420012,0.790098,1.70251,2.4461,2.15609,1.95271,0.959558,0.48745,0.0621408,0.278909,0.549457,0.948982
0.00411652,0.0252329,0.151146,1.23344,2.77557,2.3227,1.4488,0.810161,5.20732,5.36374,3.04667,1.58041,0.986764,1.05453,0.198737,0.0365258,0.120383,0.536774,0.89298,0.972072,0.939754,1.03218
0.056215,0.0788578,0.148443,1.15604,3.22651,0.00488597,5.52186,3.44116,0.902705,1.53022,2.67629,3.49726,2.95339,2.39817,2.25001,2.19501,1.79486,1.56709,1.43695,1.43255,1.33315,1.16718
0.0336563,0.0313234,0.1639,2.78624,7.60815,2.67772,5.8989,5.811,4.61464,3.94234,2.63709,2.73333,2.55217,2.17986,1.9604,1.77671,1.58688,1.54703,1.45073,1.27022,1.01144,1.05907
0.0623586,0.0218177,0.411372,2.82798,9.14769,5.93112,2.29117,4.48251,5.00564,4.26067,3.10923,2.50997,1.51612,1.2802,0.817217,0.280587,0.409748,0.655107,0.836746,1.21015,1.3098,1.2719
0.0616407,0.00430742,0.221771,3.11748,7.86114,5.87841,2.77372,1.99716,0.825169,0.659819,1.45196,2.21927,2.87956,2.74468,2.35342,2.17625,1.40919,0.915779,0.0720731,0.436319,0.692192,1.11395
0.0692519,0.00244234,0.271141,1.59929,3.46153,3.41531,6.08922,6.98772,5.93018,5.10448,3.74961,2.31308,0.740326,0.316655,0.920547,1.60349,1.83494,1.91276,0.860499,0.240227,0.507192,0.992611
0.0315709,0.0287259,0.145726,0.592735,0.885286,2.28577,6.16482,4.87774,3.75513,2.704,0.371032,0.152778,1.68714,2.58244,1.15963,0.778372,0.535842,1.47581,1.20193,1.09573,0.0995359,0.649717
0.023767,0.0603794,0.120828,2.05615,5.83135,3.69198,0.989715,0.451502,2.13701,3.03159,4.89933,4.90409,1.16558,0.927621,2.1188,2.01448,0.246375,0.225714,0.949258,1.51467,0.305462,0.449631
0.0641227,0.0821571,0.281948,3.1558,8.59346,7.25461,4.39918,4.29753,5.86805,4.99978,1.04315,0.890694,2.56649,2.15489,0.611839,1.48092,1.60711,1.54366,0.41949,1.51336,0.456691,0.140639
0.0546431,0.072862,0.157681,3.74108,8.42668,7.12437,7.74907,6.69007,2.66421,0.0858507,4.08273,3.58535,0.653278,1.56882,1.39944,1.20441,1.17976,2.11492,0.215986,1.4576,0.716134,0.485504
0.0161449,0.0301287,0.245522,1.94195,6.24792,7.51327,7.15298,2.98057,3.50241,3.50208,1.18877,0.284653,1.763,1.63326,1.69315,2.69046,0.151028,1.21505,0.0096272,0.782274,0.666995,0.577091
0.00326054,0.0323037,0.220169,0.127063,0.78372,1.07518,3.19438,3.61672,5.53775,2.81468,4.15036,3.40299,1.84037,2.13527,0.229403,0.221837,0.462618,0.0821764,0.123747,0.311105,0.492983,1.13021
0.0494223,0.0920611,0.182873,0.942803,3.66259,6.39582,8.63979,5.17725,0.528393,0.0628088,1.65923,2.1533,0.522539,1.30959,1.06719,1.38956,1.14396,1.63471,0.407271,1.26343,0.199308,1.17727
0.0770897,0.0945717,0.0482449,3.60102,7.17566,5.05466,6.24836,3.97149,4.64473,3.41228,4.11909,4.41958,1.41142,2.5562,1.41522,2.37087,0.630576,1.90195,0.387877,1.60444,0.288542,1.51267
0.0768588,0.0861321,0.194192,3.33785,9.79217,8.82307,4.72532,1.14531,4.24447,4.04145,0.461886,1.23666,0.439399,0.867036,0.651373,0.3032,0.917371,1.33717,0.693642,1.87623,0.0439592,1.34342
0.0629641,0.0859855,0.0765369,2.78631,7.52381,3.06192,4.61311,2.98594,1.62114,0.784808,3.64077,3.18445,2.36151,3.15254,1.02388,2.2136,0.360399,0.516439,1.09119,1.23792,0.405182,1.13513
0.0333099,0.0322336,0.0718941,1.56207,3.09968,2.64787,10.4401,5.57063,5.16943,5.23994,0.881558,2.01724,0.870902,0.473899,1.54461,1.97522,1.07302,2.26231,1.095,0.809901,0.118979,0.799934
0.0350418,0.00174465,0.106947,0.718651,0.229707,0.568623,3.59071,3.08237,2.33626,2.36243,2.38836,1.87615,2.37032,3.06089,0.554156,0.138703,1.37044,2.25832,0.585497,0.435192,0.633291,0.650277
0.02328,0.00897512,0.244405,2.03803,6.82834,6.61853,2.16909,1.14349,3.81672,3.19135,1.23844,2.64528,2.2123,1.33966,1.64904,3.16804,2.56361,1.50558,0.401783,1.23314,0.598,0.470586
0.0180959,0.0683817,0.0212135,3.70323,9.44694,4.04996,6.28704,3.25087,5.11399,4.21048,1.74827,1.44363,1.72291,2.7864,1.74993,0.432812,1.64359,1.57247,1.35028,1.80639,0.915916,0.286702
0.0189496,0.118051,0.387473,2.71013,7.13869,1.79091,12.5017,7.08704,0.583741,1.66317,2.13227,2.20272,2.73951,2.40021,0.159906,1.07766,1.97026,2.62099,1.98178,1.69294,0.468792,0.296522
0.0214108,0.0285387,0.245843,2.62784,7.81296,6.93977,1.08424,4.87622,5.07007,2.82242,0.0922493,0.0285248,1.42041,2.20666,2.52423,2.00523,0.977565,1.44136,1.49508,1.40991,0.362212,1.00895
0.0107873,0.0616878,0.112944,0.0461266,0.0035729,0.333504,3.35056,1.55401,4.92637,5.55722,2.96534,2.07126,3.30276,3.39399,1.98634,2.80099,2.70667,1.02246,0.587814,0.60245,0.385538,0.814031
0.0381967,0.0537738,0.119362,1.48693,5.4182,1.80294,7.95765,7.09387,1.21536,0.841517,1.91061,1.33998,0.808046,0.875029,1.40166,2.81586,3.47585,2.23968,0.775737,0.452152,1.02742,1.90958
0.0243071,0.00846774,0.411563,2.6713,6.28366,2.78307,11.4012,7.65953,6.37033,6.70959,3.29122,1.86719,3.71687,4.10489,3.04408,2.34866,1.93087,2.32229,1.8937,1.41078,1.46534,1.12899
0.0589709,0.077071,0.0973724,3.65088,11.2479,10.6903,1.88343,3.14836,4.22397,3.71543,3.03269,1.94202,0.203722,0.636402,0.462083,0.132652,0.55611,1.6939,2.18671,2.11125,1.37053,1.34345
0.124333,0.00781285,0.543583,2.23655,6.58867,5.72736,5.46164,5.00151,3.54531,4.00724,2.0621,0.761236,3.35224,4.00382,2.47993,0.956905,1.11876,1.08099,1.51078,2.3571,1.73007,1.06118
0.0715684,0.0372879,0.0148729,1.89936,1.69906,1.13414,7.55255,9.59414,6.82226,4.86377,3.90479,3.16351,0.529012,1.76627,2.25838,3.56959,3.35716,1.88073,0.613441,1.48542,1.10783,1.13329
0.0389284,0.002754,0.197161,1.44372,0.501253,7.09422,11.1137,5.98858,2.19265,0.315973,0.512348,0.201063,3.19935,3.98748,1.00895,0.090351,0.976669,2.15367,0.795868,0.283433,0.50523,0.475033
0.0397871,0.0457621,0.358068,1.71592,7.61931,9.72565,5.35522,2.75301,3.73733,2.64028,4.07691,4.44852,1.44826,3.47573,2.68733,1.72756,1.38926,2.19256,1.39224,1.18829,0.160437,0.215863
0.0598335,0.0611569,0.126989,3.92517,9.29129,8.881,8.35039,7.25308,6.16272,4.20183,0.870011,0.00162824,2.43118,2.74382,0.880176,2.46955,1.6273,0.621474,1.47585,2.61412,1.11105,0.254834
0.0360581,0.122454,0.283794,3.50938,6.38253,2.7096,6.24709,7.43298,2.52379,1.18533,4.56513,5.18858,2.62181,4.13449,1.45037,0.732135,1.32122,2.35548,1.02412,2.85432,1.28792,0.97073
0.0169964,0.002814,0.294561,1.28111,7.12103,12.5825,11.5189,3.31514,5.15499,6.14226,3.61558,1.65483,1.41136,1.70988,1.84926,3.15476,0.028522,1.80417,1.082,2.71282,1.67793,1.06118
0.0134463,0.0205639,0.181558,0.925576,0.118701,4.68686,6.49334,4.0384,5.28163,4.21669,4.96703,6.33423,2.53738,4.33904,0.390265,0.110137,3.06677,1.98051,0.514305,1.13893,1.19042,2.08794
0.0125712,0.110698,0.377268,2.60128,5.60076,9.12583,13.1434,8.01746,1.27349,4.05436,3.63014,1.79156,0.430445,0.440505,0.944043,1.15406,4.16509,2.59272,0.047967,0.480293,0.7589,1.3657
0.100441,0.201066,0.490346,2.59159,4.81141,0.367906,4.59943,5.23085,5.25288,3.70198,7.08832,7.07298,2.83038,4.68024,1.40925,3.9912,0.688601,1.88931,0.867841,2.8011,0.182293,2.50598
0.0353284,0.0713938,0.334905,4.14221,12.2156,14.8207,8.83051,0.988856,3.16974,0.0967582,3.31764,1.60026,0.356889,0.447692,0.63228,1.58173,0.0190902,1.33852,1.7897,3.58389,0.053193,1.57327
0.0737538,0.109299,0.280414,2.11944,6.131,0.017958,8.31083,4.35888,2.23947,0.529629,8.02059,6.07559,3.4687,5.03501,0.764574,4.90988,4.57644,1.41421,2.04665,3.39548,0.483543,2.39304
0.0338696,0.0380595,0.101392,1.37052,1.56103,7.02471,15.7566,7.57966,4.7934,3.11302,2.50171,2.60446,2.34149,1.57773,1.643,0.141912,4.14764,3.01759,1.79468,2.03406,0.0522883,0.542163
0.105557,0.0230367,0.387563,0.887682,1.2177,5.51833,2.06465,5.74559,1.67829,6.26549,9.92645,6.98954,2.50942,4.44023,1.28012,1.47642,0.533188,1.34921,0.36329,0.505491,0.854943,1.56832
0.0677522,0.0560442,0.150103,3.06352,9.83571,12.2931,5.49097,1.14031,4.09943,3.22168,0.907053,1.75122,2.76706,2.38361,0.891699,1.50513,1.20118,1.43153,0.956883,2.42025,0.995498,0.546856
0.127607,0.0247129,0.591829,2.405,8.97911,2.97366,9.86527,6.36515,5.18629,8.6774,8.67859,5.05893,2.75354,4.67486,3.0381,2.92289,1.45549,0.160943,2.34737,3.8181,1.53826,0.203979
0.0940103,0.0578673,0.364988,4.72522,7.04421,6.97327,18.5558,9.72365,0.960923,1.16856,0.756894,1.35754,4.22045,4.1114,0.682818,1.21022,2.64497,2.86755,3.21449,3.78066,0.893219,1.59329
0.0249412,0.00358849,0.418568,0.527781,8.65124,12.4287,1.48108,5.92656,6.79617,7.71876,6.94538,3.63234,2.28357,3.89951,3.14874,2.38199,1.55966,2.47087,3.11901,2.86806,0.102076,2.25744
0.0266879,0.0345583,0.425727,1.39731,1.29597,5.43884,1.35035,0.483769,3.49183,0.884285,1.89637,0.866598,5.23319,5.43082,2.50767,3.12228,4.0773,2.45817,0.858725,0.447208,1.32746,3.00639
0.000889132,0.0919493,0.0388894,2.06735,6.27749,1.66912,10.3533,9.47954,2.33528,1.13084,2.02131,1.76505,1.08434,1.59495,0.877924,3.13336,4.3376,2.27784,1.4869,1.87896,2.36548,3.71039
0.0771369,0.0887435,0.329931,3.16404,5.21398,9.23968,19.6097,11.7163,5.80608,1.59908,3.09955,1.11556,4.36811,5.6033,3.21005,1.07644,0.661029,2.30661,3.66713,3.83146,3.38181,3.08628
0.053117,0.0230817,0.445906,2.35825,12.5456,16.2442,4.9584,3.19284,4.57431,5.30979,2.84302,0.0683459,0.199501,0.200061,0.456293,0.41959,0.474027,1.60307,3.49367,4.03199,3.10995,4.16099
0.00039988,0.0723224,0.147583,3.8287,5.98914,2.29736,3.58342,5.50854,3.03312,0.119631,3.74238,1.64817,5.15829,5.90496,2.51805,1.25512,4.15514,1.76258,1.44241,3.00209,2.88773,2.44855
0.0318624,0.1258,0.795923,0.0854234,0.690202,0.202645,9.29001,11.5467,8.48475,9.45003,6.79766,2.94378,0.419165,0.328045,2.42017,7.46513,8.86992,4.17378,0.234097,1.02275,1.55801,3.10167
0.143026,0.0394969,0.609129,0.215325,2.47621,15.385,20.9139,9.99367,2.65801,2.02972,3.22087,1.90621,4.99798,5.74998,1.22646,2.37092,2.10322,1.69095,2.28493,1.38901,0.475474,0.860613
0.0220858,0.0536864,0.354899,3.30727,11.2542,15.737,7.62149,1.46586,5.65248,8.76719,7.89256,3.88383,1.00349,2.13634,2.81674,3.45212,0.70151,1.37443,2.50635,3.22437,0.553166,2.13522
0.118209,0.0928706,0.65099,2.7404,7.67613,7.05105,8.34181,8.62642,5.98886,2.52054,2.22778,3.21489,3.56461,5.16038,0.36077,0.867111,3.26749,0.829316,2.25841,4.03682,1.21577,0.928643
0.15033,0.0430672,0.263776,3.86455,5.25255,0.75395,7.57207,9.55322,0.872411,3.8959,8.70224,6.28231,1.8465,3.44659,0.921594,2.78117,5.99196,3.53157,1.81431,3.1577,1.42638,0.425209
0.0818983,0.0566001,0.0117263,1.87028,9.74641,20.4365,19.9711,5.90765,4.14326,1.55084,2.17959,3.73443,3.35981,4.67606,1.15646,3.76168,1.2867,1.21899,0.044812,0.805921,1.38462,3.16257
0.0195565,0.0163524,0.731418,0.819428,3.56925,11.0013,9.61044,3.27471,5.11453,3.24024,6.48955,6.84126,2.44291,4.30165,0.686489,1.48722,0.95972,1.36572,1.52029,1.78845,1.04778,2.98795
0.228774,0.0322786,0.71284,0.310081,3.84794,7.74942,12.9253,8.25493,0.207256,1.20225,2.38226,4.8174,1.8098,3.29826,0.842337,1.55411,0.948355,1.69558,1.31844,3.00685,1.13906,4.81269
0.284834,0.0615323,0.409335,5.27027,5.16282,2.24134,5.20956,7.61718,5.9814,6.85498,5.31998,7.37916,3.12478,5.20479,1.25959,2.7936,1.26512,2.4758,2.13586,4.33712,0.757797,5.00592
0.0531089,0.056927,0.661211,1.54855,12.6679,23.0611,18.4854,5.06997,4.07813,4.15161,3.09929,4.79149,1.07067,2.53647,1.0424,1.03239,0.450031,1.53935,1.57681,3.40295,1.26314,4.74083
0.0276644,0.125898,0.450921,4.28362,5.68727,4.36216,9.63658,2.84513,4.76194,5.51451,5.16767,7.82944,3.22255,5.34214,0.625196,4.03043,4.09731,1.63732,0.486505,1.01499,2.06429,5.77729
0.0916845,0.00404195,0.321502,0.424227,1.27476,7.17181,17.13,8.74358,5.1389,3.11079,5.90803,5.8246,0.222407,1.87498,1.87963,2.0041,6.42481,3.61617,0.682549,1.59379,3.13789,3.794
0.0230765,0.0687362,0.353443,1.17621,2.93225,9.0326,2.84694,8.29302,0.690381,0.376153,5.91942,7.74074,3.83093,6.33254,1.60603,2.49832,1.64794,1.60922,0.861025,2.93694,3.04257,5.22072
0.00639711,0.0313609,0.369253,1.4476,10.8345,20.6107,15.2579,5.32196,3.94754,0.737873,7.14434,4.88605,0.617282,0.474835,1.74766,1.70297,0.599825,0.946259,1.4989,3.53618,2.62664,1.23168
0.21778,0.0276417,0.430915,5.13036,8.76728,1.42011,11.5422,4.49895,5.0642,4.87543,7.25067,6.89766,3.74958,6.86187,4.36236,6.99779,6.48112,0.816338,3.16183,3.76555,2.21123,2.44813
0.0827646,0.149509,0.982621,1.4516,5.13385,8.19013,21.0757,11.516,0.523157,5.64592,6.93307,4.04289,2.07114,1.22837,0.920409,6.53729,9.89021,5.09543,1.22402,1.1379,0.249717,1.8013
0.180077,0.00759354,0.996954,3.77822,13.1988,17.2803,0.842214,9.56531,7.21535,7.32871,9.52839,6.40659,3.92086,6.33063,2.95487,0.660601,2.38191,0.414152,0.0921989,1.15941,1.06314,0.517447
0.0111148,0.173196,0.681925,0.792722,4.66788,14.4993,11.8347,3.21858,5.67667,8.45944,5.71261,2.69986,2.30376,2.20264,1.70802,0.848611,0.264069,0.333035,1.82382,2.78095,2.54152,4.22961
0.0923902,0.0954299,0.772859,0.246714,3.31526,2.17944,11.3227,7.95586,2.44445,5.25362,9.45267,6.01907,3.4182,5.59601,1.81139,2.09005,3.23549,0.397527,1.79712,2.34752,3.05586,3.46523
0.0973188,0.0619537,0.212341,3.58096,4.71713,12.3528,24.2304,14.0542,7.70189,7.03521,2.03105,0.0716719,2.43727,3.35258,3.18756,5.93829,7.33671,4.5206,2.40898,2.01303,3.24384,5.41988
0.0733445,0.10866,0.0373507,3.0012,15.4879,20.7279,3.55307,7.28159,3.56788,2.69011,8.00865,4.27666,3.48587,4.20171,0.155483,0.36074,1.08306,0.463706,0.52527,0.262226,2.71055,5.19399
0.0520636,0.0784204,0.906014,1.84782,2.7426,6.57326,7.04859,0.789421,2.52375,0.0126271,3.84009,2.84102,2.27009,3.65021,2.43466,1.2443,0.841957,0.949201,0.273482,0.420028,3.06971,5.80577
0.112211,0.108126,0.539187,3.0704,2.72062,3.24368,10.3392,10.6426,6.12072,0.493043,5.08052,2.37437,3.10984,3.25907,1.20338,3.77334,3.92817,2.97372,2.36872,2.34557,2.11976,6.90211
0.0300081,0.0163707,0.77988,3.0667,1.61055,19.2837,26.3828,12.7226,4.31274,7.13466,8.75442,4.51703,3.16557,4.49967,1.32367,1.23586,0.304988,2.3197,2.05923,1.92112,1.98866,4.89187
0.0157508,0.0347823,0.793677,0.337632,11.0366,19.8293,5.64215,3.29323,3.15381,2.51425,1.16344,0.419117,2.26754,2.0857,1.27068,2.72783,1.25723,0.517798,1.40791,1.50764,1.77412,5.74409
0.0814276,0.0938254,0.396256,5.23314,6.53,2.54038,3.00614,3.50845,7.48414,11.191,11.7639,6.57715,2.76136,4.27568,0.129963,2.42753,5.09525,1.54439,0.123047,0.359197,1.6955,2.32663
0.106273,0.128817,0.749376,2.36177,5.16808,3.42488,9.25504,9.21618,0.711304,2.77671,3.58816,2.01221,1.83036,1.40256,0.183376,4.52435,9.00513,4.85083,1.16453,0.862862,1.4377,3.97958
0.0699724,0.00795258,0.0515138,1.74617,11.1885,27.0383,29.2868,11.2429,4.7755,9.47638,11.9573,7.79789,2.68096,4.73443,0.977511,5.42097,3.50112,1.08308,2.18094,1.55332,0.80644,0.1985
0.00638936,0.0581532,0.0590304,1.67351,4.34763,15.1044,6.53744,2.14899,2.78682,1.41176,6.83022,3.28754,0.600663,0.857091,1.5583,2.61699,2.14958,0.566894,0.647854,1.23726,0.590951,1.20552
0.199159,0.0241641,0.561692,3.39917,3.13069,0.74931,2.82048,4.17589,0.261982,3.37137,10.4856,9.1,2.2922,4.26651,1.58297,7.23145,6.47866,0.517207,0.482445,0.284587,1.34353,3.13098
0.130369,0.247625,0.990103,1.35339,2.93193,0.427729,7.98904,8.58888,3.08766,1.50221,8.59967,4.96571,0.711051,0.394227,1.24838,3.72679,9.13716,5.19276,0.636899,0.0631195,1.3198,1.98135
0.028867,0.00883678,0.928451,5.19012,16.4434,30.4727,28.6605,10.3683,4.28794,4.4824,7.49499,9.53123,1.78269,4.45427,0.839023,1.8231,2.55161,0.056451,1.03397,0.579837,2.03402,4.09855
0.101109,0.265134,1.04776,1.38902,0.764052,11.1616,9.09957,1.60539,1.74142,3.31884,8.09778,5.27102,0.104184,0.746612,1.05233,0.514,1.38592,0.973756,0.484314,0.829026,2.19344,3.65309
0.00119553,0.00261182,0.737629,3.10469,5.8307,1.4609,7.62226,5.11183,7.08372,8.40596,6.20886,10.2048,1.10008,4.06043,2.24813,3.64673,1.68834,1.61427,0.793055,0.401658,2.471,4.79429
0.0400497,0.0513524,0.0957923,1.74065,3.67651,9.3474,4.59619,9.438,1.67943,3.99932,5.70047,5.4506,0.268767,0.745529,0.844266,2.61558,4.4723,3.5152,1.30954,0.494787,2.42218,5.52143
0.0264004,0.0899915,0.131755,1.65265,12.437,28.6645,26.9928,9.96602,5.23005,5.98582,6.17489,9.9999,1.11894,4.58681,3.1094,1.64473,1.17896,0.859846,0.322798,0.411949,2.11232,4.10464
0.202782,0.0896706,0.703438,3.00321,4.04641,7.61254,9.24898,1.13483,4.9131,1.83474,3.21973,5.40593,0.0205539,1.98728,1.09806,2.75019,2.31301,0.0230399,0.0958282,0.749285,1.9674,5.64398
0.0150399,0.0560996,0.596485,5.13086,9.2197,0.388112,12.4007,7.62545,0.356374,0.83601,8.39652,9.08352,1.4512,3.80425,2.07606,4.44444,5.82665,3.17537,0.229857,0.967578,1.2978,2.2144
0.0542882,0.00628272,0.800524,0.642564,10.9397,16.5167,2.09369,11.7086,4.67655,1.28646,1.31692,5.58588,0.633084,2.34329,2.1588,1.08028,0.170922,1.45247,1.32131,0.400929,1.34059,4.38092
0.0256226,0.153117,1.03199,3.55372,3.85732,24.2911,26.1194,11.278,7.26881,8.1245,10.2883,8.14621,0.324823,2.21436,0.0340015,1.20878,3.02763,1.49265,0.989386,1.16881,0.716118,0.00813055
0.119006,0.0950451,0.760294,3.754,0.613912,8.79326,7.67938,1.25967,2.93887,5.76723,1.0165,5.40094,0.216225,1.98399,0.893713,3.49,5.19822,0.540058,0.0801191,1.02621,0.762825,2.27632
0.02132,0.00660186,0.817779,0.314459,2.15691,7.81271,18.2931,7.89845,0.848867,6.8737,11.2578,5.98987,0.878999,2.15447,0.716607,5.84479,8.90227,5.00802,1.00383,0.168976,0.160079,0.100809
0.151777,0.0579436,0.0836479,1.00375,13.2243,19.6109,6.01456,8.08475,8.478,2.74013,3.13163,6.11845,1.42716,2.67907,1.4672,4.29885,3.23319,0.524254,0.520455,0.0540735,0.618412,1.10698
0.248457,0.129925,0.803673,0.656154,2.76942,18.938,27.5448,29.2129,18.8097,3.78122,7.78971,1.88209,5.92243,2.60614,3.82322,8.76497,6.86168,1.73529,0.522453,0.72229,0.0726523,2.82435
0.0124483,0.171844,0.921559,0.813037,5.10835,11.6471,3.89909,11.6157,7.4114,0.0649029,5.23333,2.55675,3.58553,2.18881,2.38983,0.424853,3.03936,0.19596,0.267157,1.75767,1.21497,0.144232
0.0505632,0.298236,1.43275,5.94399,9.82236,14.3064,28.0961,47.3582,36.0324,4.38472,4.21529,0.277141,2.09766,1.56623,1.43855,4.6683,5.99633,2.30178,1.30037,1.57104,0.70787,0.595305
0.143272,0.0947168,0.430997,3.37311,3.79233,15.8878,3.43614,0.428747,6.8453,2.08514,7.23155,0.877937,3.97583,1.93217,1.51424,2.30236,1.759,1.03573,0.225305,0.153511,0.407011,2.76749
0.378477,0.0531083,1.60873,3.41931,5.45862,17.8627,8.81937,28.5499,30.8315,7.16561,1.59914,4.15462,2.36865,1.11778,2.9675,4.51943,3.41934,1.44084,0.635474,1.16229,0.191103,1.49527
0.0523797,0.127995,0.66055,6.62025,11.8799,12.1713,3.35964,36.2401,28.9172,4.1056,13.1613,10.8987,2.42593,2.73484,1.88146,0.714184,0.127243,0.75314,0.569574,1.46019,0.147543,2.03345
0.129705,0.281647,0.563434,8.77882,19.3611,23.9403,24.0098,15.3894,2.00855,4.97109,7.90366,8.65168,4.68667,1.85975,2.76577,2.46051,0.205109,0.804017,0.960208,1.58109,0.37743,1.4077
0.0459664,0.0725215,0.914845,8.22048,3.95328,14.5527,4.97087,41.7173,27.0603,3.02839,6.73233,2.32746,1.58826,2.86341,3.51094,4.90768,3.81864,1.62252,0.529441,0.444056,0.132993,4.58757
0.0667189,0.071421,0.182159,2.74101,0.0806549,14.3514,6.12825,27.496,27.4362,0.0360786,9.73767,5.26141,0.781984,0.528581,1.52218,0.25308,1.43161,0.257175,0.0506732,1.03343,1.30384,2.20472
0.0119482,0.322469,1.76004,12.2657,16.8417,7.65839,11.7376,24.4108,14.7559,1.5599,6.34661,4.63632,0.564991,1.29666,1.41071,4.09996,4.24315,1.18878,1.44771,1.71864,0.743377,2.82496
0.173503,0.194468,0.226417,7.33541,18.8122,27.4469,13.0994,34.422,42.4545,4.65072,12.3008,7.58497,1.47562,0.452906,1.00809,1.07407,0.674361,0.0873187,1.10804,1.95021,1.41228,1.9376
0.183762,0.21083,0.338965,4.4795,0.724625,12.3541,4.92844,4.11121,1.83199,2.91733,2.53483,4.57104,0.0740583,1.81023,0.359376,4.36702,5.86476,2.51236,1.19715,1.30511,1.34427,1.17868
0.249524,0.0551389,1.25836,7.74641,2.0025,11.3729,22.9727,49.5668,44.8174,6.05621,10.5328,7.56326,2.14317,1.14538,3.19889,0.832549,2.74339,0.599003,0.823,0.131894,1.14227,2.60654
0.044892,0.328605,0.076044,6.84715,9.83213,2.57958,12.1683,30.9106,17.0785,4.55599,0.707959,6.68991,1.27327,2.31613,6.06204,9.37864,6.22759,2.2011,0.237371,0.803921,0.76817,2.21651
0.239307,0.177928,1.54536,6.59406,14.4178,23.0384,31.0259,33.5891,19.7692,0.998504,9.59955,10.487,3.1087,0.732025,3.59417,5.26063,2.10058,0.462838,1.94412,2.15335,0.435467,2.89519
1.13521,0.0708846,0.909779,1.61411,6.34869,11.8931,19.5431,44.6732,34.0661,0.476645,0.711406,1.92593,1.95525,2.5824,5.0587,7.26612,5.79466,2.47579,1.34943,1.4162,0.348734,0.188018
0.734083,1.03377,1.23154,8.23422,3.49476,7.2372,15.5009,30.4868,22.2135,1.9942,3.33516,4.64531,0.722024,0.268919,3.8115,2.44335,2.10776,0.671514,0.956062,0.773846,0.942492,5.26819
0.081815,0.050292,0.00396253,0.898194,3.69814,5.33331,1.3707,3.32132,5.46813,0.522467,3.35439,5.38376,0.501658,1.32218,1.67764,1.50269,0.4724,0.682465,0.655192,0.655982,0.738105,1.11075
0.135487,0.0551141,0.14977,5.70853,3.36131,16.6885,35.7982,48.6477,32.6411,4.24546,5.1886,9.18075,2.86572,1.01816,6.6673,8.19208,3.12254,1.4822,2.80759,2.13586,0.867454,2.83769
0.276667,0.433347,2.48433,10.2112,17.9704,16.9524,15.6173,31.1273,24.3064,1.70573,5.61243,0.816305,1.80242,1.23527,1.80231,3.27056,1.33342,0.635856,0.301421,1.43157,0.898771,1.08883
0.1511,0.115231,0.453367,1.8603,5.98137,9.10757,6.73103,3.03524,1.28799,1.07347,3.22913,5.32288,1.31888,1.11469,4.58638,5.03292,1.39955,0.786002,0.713009,0.468988,0.73542,1.65697
0.020055,0.255037,0.477617,8.71693,20.1108,14.3712,9.69828,27.66,20.6478,5.60289,8.4626,3.40336,0.071845,0.129945,4.41437,4.48459,0.205143,1.73575,2.35188,1.73355,0.175452,0.979457
0.891591,0.798454,0.800207,13.7572,14.4637,12.3193,34.0078,45.1307,32.8748,5.82774,6.60652,8.36598,3.8145,0.723576,0.232129,1.61049,2.90566,1.8456,1.95449,1.53831,0.78108,0.418266
0.154284,0.237178,0.247403,4.26788,13.8853,17.315,2.27558,9.94068,1.71554,7.27872,4.30617,0.905666,1.78041,0.138897,3.86413,7.02245,4.63874,1.5283,0.337633,0.731633,0.996328,2.08719
0.0884816,0.0553506,1.06105,6.10187,7.40669,6.25012,7.39801,43.1556,42.7202,6.26135,7.76799,4.85586,1.17835,0.368153,3.78771,5.29608,2.18722,0.58828,2.11936,1.7438,0.91225,1.33845
0.155591,0.500004,0.0316266,7.49578,17.0192,13.1763,0.741879,1.96216,5.33576,3.91333,0.00458279,1.60505,1.49509,0.809449,2.0726,1.85861,0.727218,0.451534,0.240981,1.50056,2.17219,1.00812
0.124607,0.292282,1.59485,11.462,11.0211,16.1652,13.2431,41.7041,51.278,8.13911,8.14287,2.43928,0.995143,0.736472,1.48347,5.23393,5.3702,2.06051,0.0424722,0.347985,0.776616,2.70558
0.114939,0.118811,0.834908,1.29528,11.387,16.2312,2.41474,8.93293,3.00592,2.76735,1.96169,0.829086,0.995654,1.7449,1.2291,0.923265,1.41664,0.484429,0.921572,0.9427,0.174681,1.14006
0.110224,0.484723,0.067987,1.15143,0.692807,2.78873,9.32418,45.4519,42.0755,3.88774,6.59407,3.19056,1.44038,0.0993682,0.187377,0.555917,0.0215426,0.916814,0.264324,0.949775,0.760775,1.51539
0.058624,0.19727,2.0651,8.57789,12.3338,11.3845,4.66167,25.9831,16.4314,3.76544,6.71327,3.46401,1.46634,0.680408,3.19871,6.82772,4.11171,0.387997,0.160848,0.906729,0.350252,1.68362
0.727245,0.329575,0.345093,5.14556,0.120772,17.1859,28.6955,40.5005,29.1069,1.8773,4.58488,3.64721,2.72717,0.818179,4.35871,6.25222,0.804921,0.355878,1.80104,1.57818,0.11804,1.94919
0.161165,0.169119,0.0551864,2.95309,2.1531,8.80465,11.793,32.8702,30.8325,0.26934,9.98506,7.53546,4.18613,1.64915,2.38511,5.51854,3.00678,0.496173,0.419918,0.404081,0.539992,0.690503
0.252499,0.214071,0.767396,6.62893,5.17426,2.25984,9.87873,21.5805,15.3259,1.11975,0.589804,0.112692,0.236035,0.332247,1.66711,3.67931,2.33784,0.706596,0.196558,0.528763,0.478264,0.768568
0.488871,0.34108,1.91427,5.0958,7.66211,7.97763,13.7476,44.8085,44.9928,6.07465,8.06693,5.01576,2.14272,0.690938,0.649326,1.172,0.891394,0.480539,1.50929,1.56559,0.416174,0.622887
0.131768,0.226369,1.25191,6.57179,15.7893,23.8513,20.2814,10.3331,3.20113,1.7871,0.561057,2.02179,0.666632,0.0398753,0.752428,0.718503,0.0568774,0.369376,1.57747,1.74145,0.228753,1.86448
0.104791,0.0808681,0.0304855,7.53011,10.9737,3.7403,8.65207,50.0464,44.058,7.233,6.50276,5.93814,2.44019,1.45288,2.30797,2.16066,1.36023,0.597334,0.340655,0.250502,0.767799,0.246326
0.0388814,0.0128934,1.23614,10.0793,12.4035,1.3555,16.1732,39.1791,29.3482,0.957637,2.16454,0.719544,0.363735,0.540885,1.34507,0.818634,0.386161,0.0129423,0.0813702,0.44151,0.248363,1.68223
0.203346,0.256113,0.348575,2.6043,10.5343,15.103,1.63573,27.0663,24.4177,4.99694,5.82301,6.79821,2.42939,0.413726,0.244551,1.81331,2.05476,0.532693,0.592686,0.46796,0.324535,0.168205
0.00266549,0.0546603,0.35106,2.26322,3.32496,21.0572,9.4854,35.3335,34.4772,2.56635,2.18098,1.34862,2.62487,0.87068,1.21993,1.0504,0.0693833,0.134417,0.756637,1.05086,0.703501,0.61765
0.3819,0.521196,0.521296,1.19954,2.79288,5.84242,3.04593,4.09412,6.6656,1.2191,4.74721,8.60347,6.76091,1.87939,0.387991,2.00365,3.11995,1.34523,0.623748,1.58625,1.20501,0.050506
0.0188173,0.0987412,0.102469,0.978546,0.396069,6.34431,5.28845,18.0664,27.1556,9.78115,1.28957,3.05855,3.83465,2.51955,1.14317,5.92247,5.7835,0.997619,0.822503,0.450605,0.0256231,0.59948
0.20945,0.354005,1.18466,3.02769,5.86576,15.4655,3.45177,12.4009,32.1365,14.0098,5.47712,6.22394,3.51988,2.07474,1.05767,1.35569,1.13215,0.249247,0.191562,0.903943,0.959902,0.0516556
0.0588047,0.0242544,1.13039,2.68194,4.44894,19.6762,15.9376,23.4472,43.4214,14.3438,4.02467,0.984468,0.601895,0.861313,0.21823,4.3276,7.04341,2.45817,0.63028,0.0669745,0.251639,1.10617
0.122759,0.188075,0.635838,2.80437,2.36308,2.18961,2.12479,21.614,41.5224,19.8684,4.07407,5.95106,3.03907,1.10352,0.677958,5.38802,12.4227,6.9757,1.19681,0.919845,0.217159,0.0656248
0.546979,0.275101,1.27253,0.101963,2.41834,5.47547,8.78464,20.3113,42.2185,27.8348,3.13919,1.03517,0.882546,0.757122,0.249838,5.74354,11.0199,7.12722,1.22986,0.202065,0.0955845,0.644615
0.135004,0.199421,0.355927,3.98036,15.6318,20.3242,6.70161,15.6016,35.1655,22.0854,3.74451,4.98898,0.148414,0.664905,1.85488,2.21436,4.45943,3.16685,0.0283179,0.0904863,0.767486,1.38228
0.318566,0.158637,0.688614,4.60064,7.21036,9.12587,13.7603,1.88323,4.80695,6.87589,1.04355,1.96263,6.16803,5.41403,1.6449,2.45616,12.0892,13.1346,3.30007,0.214729,0.129293,0.130188
0.0169658,0.108751,0.517428,3.70888,11.9819,9.36166,0.241645,9.85113,28.6773,17.7303,3.69241,4.46293,0.862327,1.76804,1.9522,2.31676,9.55235,11.7647,3.12982,0.626089,0.410965,0.917364
0.197274,0.0380658,0.217973,3.14848,10.009,15.4255,8.36144,10.0422,33.498,28.2087,4.02935,2.11158,7.18064,6.33818,2.54436,1.17067,0.732732,1.78362,0.794667,0.928993,1.01831,1.07448
0.241314,0.170259,1.14767,1.46193,5.36317,12.7261,7.19046,3.1012,11.5481,12.7712,5.40997,2.51762,0.99089,0.249717,0.19337,1.6987,13.6717,16.6396,4.69766,0.59835,0.0494716,0.613389
0.0730901,0.15839,0.947128,0.041298,1.08139,10.9598,14.7491,2.0416,15.925,16.0502,4.79912,3.21482,6.13903,4.61813,0.471421,0.728893,7.49983,10.6187,3.08163,1.03243,0.00980033,0.572192
0.142468,0.197664,0.47442,4.64267,8.80659,5.98035,0.394186,8.54403,31.6119,26.0938,4.78498,0.769107,0.828782,0.116913,0.210133,1.75724,8.60615,9.05165,2.62822,0.327602,0.270965,1.22619
0.268936,0.175563,1.04003,1.15826,11.8072,19.6427,13.3496,15.3613,27.019,14.2402,3.33251,4.88999,6.30775,5.6871,2.04045,3.70056,11.8755,11.723,2.91883,0.245787,0.822847,0.678904
0.199723,0.442492,0.128935,4.19289,2.95577,9.563,5.84436,5.87635,5.41541,2.13535,0.196446,0.979562,1.36686,1.35252,0.276248,2.56168,9.55048,7.1079,0.149685,0.759194,0.308381,0.250636
0.0015098,0.170726,0.258132,1.83777,8.61906,15.5803,11.238,8.51089,22.1474,9.98255,4.5953,5.89173,6.56028,6.15574,2.8188,3.33314,7.68492,6.4232,1.14346,0.116043,0.262425,0.430888
0.126654,0.0979125,0.0618627,1.23217,2.61578,2.5383,4.36928,4.70597,26.8559,23.5286,4.731,0.658806,3.06355,2.68198,0.805885,2.00132,11.6178,11.2199,2.30714,0.0200437,0.880372,0.849544
0.0121382,0.186713,0.735678,3.16235,3.58077,17.4667,12.4304,5.24387,17.7639,17.5903,6.33541,2.73798,0.945137,1.00013,0.574917,1.01855,5.81261,8.3507,2.19037,0.957431,0.584167,0.325969
0.252961,0.106502,0.695973,1.27993,4.53006,13.3423,3.81635,10.2885,5.33949,2.8639,2.34007,0.35362,0.515708,0.702665,1.31271,0.491114,4.09325,4.90425,1.33173,0.502656,1.26868,0.867876
0.212906,0.0125524,0.995884,4.88511,1.7141,9.19062,11.1814,6.33955,24.8051,16.5505,4.73896,5.5021,4.08888,1.7571,0.537714,3.8759,10.8246,8.27833,1.04676,1.16025,2.46269,1.31437
0.199521,0.15284,0.997063,1.4518,4.15417,1.7764,2.13691,24.8727,44.272,19.8165,2.86493,1.2658,1.67413,1.31712,0.628891,3.11753,10.6368,7.22994,0.324205,0.39408,0.925966,0.0274997
0.0411273,0.134747,0.766746,5.91878,15.2828,20.6382,12.0931,15.8839,31.9043,17.9347,2.40932,2.07227,0.874648,0.465688,0.157794,4.23694,5.93626,2.62134,0.0742108,0.268672,0.00258546,0.151701
0.155947,0.103216,0.507377,4.75552,5.82584,7.27726,6.31259,15.3719,25.9969,12.3247,2.07659,4.54438,4.24962,1.65637,0.514384,1.82057,2.37126,0.446589,0.467957,0.878192,1.20923,0.256474
0.0711846,0.0243809,0.0994158,3.81678,10.8263,11.0533,8.40414,21.5391,27.6908,9.06135,1.88494,5.95391,4.70435,2.69584,0.235299,1.2657,3.09975,1.02667,0.729591,0.570379,0.137827,0.76811
0.199979,0.090861,0.367247,1.8461,7.49909,11.393,7.00797,10.4919,16.2038,7.59572,1.35325,3.03363,1.43268,1.09608,1.34295,1.64588,3.43152,1.46595,0.335582,1.33874,0.734005,0.104285
0.0578403,0.308797,1.02353,4.11985,10.1874,17.939,15.7986,16.0072,13.5577,0.64412,1.66669,6.41755,3.86766,1.90791,2.2666,3.19878,2.27191,0.969973,0.503147,0.919618,0.925047,0.22451
0.0334654,0.0794116,0.361577,5.1207,5.75663,8.80453,0.863907,36.1413,39.9314,10.8494,1.76596,2.44689,2.32476,1.35054,2.02919,2.35395,0.882208,0.0786776,0.369133,0.913227,0.209433,0.409714
0.437716,0.487858,1.31589,10.9874,17.4937,9.93429,3.7077,10.1777,15.7166,6.98105,3.50291,5.43467,2.70752,0.464595,2.40844,4.7171,1.65113,0.512789,0.0923486,0.139761,0.0973096,0.396676
0.111222,0.0943863,0.534025,5.22794,14.8478,17.5278,4.26855,20.3184,19.5122,3.13328,0.791131,3.35736,3.82591,0.830009,3.79476,8.47709,5.73954,0.391312,0.445797,1.11139,0.155013,0.375111
0.0171855,0.0852498,0.134,4.83677,2.99988,10.1655,14.2911,15.5125,8.69752,4.30703,4.90611,3.40974,2.71995,0.403116,1.66597,1.16568,0.46806,1.55414,0.810357,0.718932,0.278509,0.176072
0.165698,0.222504,0.791925,3.53112,1.36779,9.76712,7.11203,15.1023,23.6159,10.124,1.85954,3.54088,1.37085,0.319916,2.3568,6.73626,5.23465,0.309078,2.20751,1.78966,0.408845,0.680595
0.105929,0.0427338,0.700695,7.41554,9.23575,3.16957,2.28913,22.1351,27.7921,5.22786,3.82842,0.184442,0.882941,0.117454,1.351,5.71349,5.2951,0.755907,0.365659,1.03265,0.524197,0.811765
0.0178828,0.255715,0.0403541,6.70488,16.7475,18.1102,7.80821,3.14338,2.12103,1.37742,2.1474,3.2256,0.415399,1.39656,1.48483,0.462662,1.21325,2.36187,2.94624,2.82491,0.826257,0.908651
0.0813231,0.0451252,1.0739,8.92585,8.98331,10.4762,12.4569,11.4459,18.75,4.12612,2.46195,1.42946,1.45255,0.637055,1.94769,3.24501,1.98818,0.0896166,0.502472,0.02277,0.464745,0.998425
0.0544795,0.0775411,0.855422,0.0891557,8.46567,11.6795,6.89845,12.1577,14.0148,5.53994,2.66367,1.4175,0.890385,2.31219,4.39935,6.61109,3.85829,0.76119,0.739254,0.251264,0.294,0.612221
0.0815248,0.0928482,0.676428,0.370477,2.07174,5.45577,0.311942,13.588,15.8992,5.64545,0.371717,0.267683,0.300967,0.182398,3.84005,7.79654,3.69605,0.0705425,0.231978,0.435373,2.05343,2.76092
0.275086,0.19342,1.31534,6.55635,12.7462,16.2201,12.8395,14.275,15.7106,6.62193,2.33278,1.31369,0.0515541,1.66439,4.58956,14.4656,9.91311,0.83122,1.49136,1.64689,0.544133,1.27166
0.34013,0.184683,0.0470605,6.39805,6.20418,9.56181,14.3862,12.386,9.80042,1.91779,0.570663,1.3972,0.0548192,0.0835834,8.27929,18.272,8.75451,0.913145,0.700037,1.4442,1.05579,0.400198
0.12341,0.0321726,0.234361,5.27744,11.5466,8.6293,2.26524,15.1195,16.3364,7.30585,3.40651,1.61156,0.497692,1.37823,11.9353,23.1205,11.3218,2.09954,1.37774,0.202394,1.13873,1.64308
0.140413,0.0612155,0.263003,2.60382,9.43879,11.828,6.29657,5.60632,5.29234,2.21888,2.87936,3.33835,2.31693,0.0153385,9.30967,22.3104,12.5671,0.651164,1.03413,0.783065,0.791342,1.67035
0.176522,0.236005,0.867837,1.88225,4.6413,14.1665,8.36311,12.2936,13.1665,3.19549,2.15168,2.19438,1.79782,2.10753,9.20508,21.1657,12.8914,2.28101,0.270599,0.267916,0.548903,1.11442
0.0250487,0.0864527,0.840033,1.44236,0.466489,12.1442,11.1722,4.10765,8.70606,3.92941,3.6163,4.60952,3.68934,2.22173,9.10267,18.9304,9.51233,0.954426,0.497943,0.980956,0.929994,0.359953
0.00616626,0.296976,1.28104,8.35171,12.1837,3.36665,1.76913,20.5036,22.908,5.5396,0.0759606,0.67063,0.869654,1.88814,12.1971,18.2094,4.51011,4.00797,2.49289,1.03863,0.806625,0.175876
0.413951,0.288489,0.176266,5.60474,14.7417,16.235,4.68646,11.8877,12.3398,4.64229,4.98969,3.22237,0.0688427,0.729817,12.5268,20.7589,8.26826,0.72919,0.440577,0.591109,0.782964,1.74115
0.0410794,0.1352,0.237561,4.87803,2.61391,10.2807,19.1308,33.8398,28.4289,3.00674,1.75739,0.0889973,0.287408,0.024162,10.6779,19.0357,8.62086,0.442473,1.1363,1.13793,0.447884,0.542143
0.434528,0.411949,1.01743,4.09173,1.9953,10.1233,16.6823,31.8053,24.1337,4.47814,4.27692,3.87554,1.34323,0.320002,7.76097,11.7139,3.44724,1.3266,0.13676,0.026026,0.457377,2.01956
0.00572089,0.0730391,0.281663,3.08144,1.23931,4.41888,10.5237,19.3268,11.2062,3.3675,2.47278,0.764564,0.77455,1.02334,2.49127,0.0991495,0.939146,1.14796,0.879284,0.445344,0.884227,1.32447
0.175375,0.183548,0.146406,1.36119,7.62026,12.4265,21.6994,47.0323,39.2092,7.89571,4.11426,5.00685,1.55889,0.954576,7.60872,6.25554,0.30538,0.167281,1.7915,1.00921,0.609129,1.12633
0.0888183,0.0932454,0.242846,2.20656,1.23975,10.4098,18.7358,25.869,16.9007,4.17582,3.09083,2.36714,1.61075,0.260756,0.149416,2.93057,3.19457,1.02585,0.66519,0.00863414,0.823545,4.5417
0.0827392,0.168825,2.14152,3.78509,2.18643,7.45935,11.442,7.82121,5.14914,6.15236,3.68868,3.68188,1.86226,0.0515892,8.50145,11.9404,4.18093,0.0341378,0.403748,0.138327,0.284192,0.194342
0.185772,0.108142,1.90883,7.17688,12.4695,13.2675,0.52508,13.3792,7.58947,0.322831,2.47967,2.34355,1.22122,0.1663,4.79645,7.97156,4.17234,0.599103,0.16724,0.0301405,0.196203,0.585363
0.0663481,0.25161,2.06397,1.4219,3.00051,12.3939,2.53983,18.7545,6.68313,0.914752,1.4383,2.50008,2.16676,2.41454,2.40626,1.45601,0.0705277,0.620351,0.276589,0.0562872,0.803829,0.316554
0.216723,0.0646106,1.02286,3.32109,8.45869,11.0663,1.27219,9.23907,2.13688,0.471491,1.93264,2.20234,1.78555,1.09859,0.819817,2.26343,2.04318,1.10378,0.731047,1.06694,1.33875,1.38041
0.322082,0.0192749,0.0966599,1.18492,1.21026,7.10028,19.7753,15.8179,2.64229,1.74627,0.308723,3.22349,2.44744,1.46772,1.67855,1.63907,0.501514,0.181099,0.352845,0.389531,0.0942172,1.21419
0.0949305,0.0160224,0.842608,4.74891,12.5837,21.0514,20.4329,12.0503,7.30427,3.48539,1.32015,2.24682,1.07313,0.342011,1.07347,3.40354,2.79407,0.0178305,0.802888,0.786557,1.43781,1.35685
0.281843,0.177891,1.16889,2.24836,1.74356,13.0892,15.7626,2.77693,3.90809,3.19908,0.953818,2.98219,1.95835,0.732623,1.58483,2.98916,1.37274,0.167166,1.51071,1.9794,1.19878,0.717958
0.0818518,0.246472,0.965237,5.00251,12.5118,12.7871,2.31642,12.7376,9.77144,4.80865,0.903419,0.694998,0.0673711,0.455181,0.201387,1.17524,1.49969,0.643666,0.922671,1.12254,0.348551,0.902523
0.0154487,0.0796586,2.61477,4.24292,0.291604,3.0049,11.9009,9.88856,6.71187,4.01734,1.2251,2.0212,0.862637,0.355557,3.03251,2.4797,1.04263,1.45059,0.0241874,0.43339,0.115958,0.703479
0.506126,0.0359069,2.1556,5.91422,2.35676,9.66893,19.2428,13.5809,2.35316,1.03737,0.272143,0.788907,0.487082,0.0145236,0.66512,1.40164,0.787389,0.139298,1.22002,1.05332,0.837314,0.83524
0.205454,0.246342,2.55899,7.10547,0.878031,17.0766,23.1472,11.6349,2.39825,1.16469,3.21218,0.533862,0.874515,1.46382,0.994368,2.86921,0.144958,2.1384,2.81632,0.469207,1.35057,1.00473
0.450513,0.391885,1.85721,5.89535,3.74918,1.46933,31.3847,30.1453,3.67468,0.61593,0.453075,3.63485,16.5675,19.1517,3.48844,3.80917,0.765194,0.350226,3.39416,5.1815,2.83836,0.27629
0.120253,0.134562,1.16526,3.72092,3.42985,6.64562,21.2983,18.589,8.63031,7.61972,5.60437,0.894337,16.4065,19.4556,3.21836,2.58136,0.521032,0.276286,1.32708,3.57873,2.78704,1.34645
0.153073,0.137025,0.661691,3.76656,3.3719,6.84641,24.2582,19.1146,0.993124,2.89046,4.09887,0.499851,0.923231,1.971,0.981569,0.406131,0.0552546,0.5459,0.0931512,0.311278,0.2375,0.414781
0.263245,0.448089,2.20963,3.67014,1.44714,20.9137,46.4787,33.2792,4.35232,0.314524,1.31421,1.77253,17.6883,25.4442,9.23561,1.81056,2.7742,0.185375,1.59617,2.25804,1.22396,0.0622717
0.325013,0.115561,2.5382,8.05124,3.89921,0.269548,10.6353,12.435,1.69423,4.5441,5.74117,0.136666,24.5238,36.9309,12.7231,4.19182,4.26424,2.2709,3.39231,7.18275,3.79244,0.26663
0.125043,0.000634551,2.78396,6.96953,1.79013,5.20553,22.9714,16.1398,1.20493,1.60606,0.819825,1.81891,23.9981,34.2533,10.5383,2.802,0.659629,0.161405,3.66111,9.76764,6.12422,0.623605
0.157682,0.418311,3.15971,6.7245,5.66413,9.576,41.9656,39.7542,7.3103,5.58307,4.57832,2.36142,12.5337,19.3179,7.12639,0.632171,0.986063,0.355645,3.43193,8.37167,5.6162,0.0867437
0.0320592,0.221409,2.27423,6.13323,6.21179,7.70571,4.52323,2.15966,1.17153,5.1657,3.12718,0.336251,2.15643,5.77881,1.27562,2.22332,1.45604,0.24591,0.512844,0.519097,1.62436,1.69714
0.141888,0.0866068,1.36852,2.46187,1.11947,5.63892,19.2913,18.9258,3.03918,5.03519,4.35803,1.91616,4.70237,11.9894,6.25885,3.11147,3.31945,1.33526,0.616827,7.86739,10.1838,3.15333
0.00051032,0.144073,0.0589655,1.17503,3.91933,5.88102,14.0737,15.3503,1.55523,5.31033,2.91787,1.67949,9.57555,28.5621,18.3187,0.978158,2.96207,1.92356,0.13595,2.82603,6.98637,2.5896
0.0863313,0.188639,1.26604,4.32687,5.07878,3.19444,19.4956,16.2191,0.990181,1.89365,4.69076,1.07162,8.56736,26.6301,20.6727,1.03475,6.18252,1.58999,0.751699,3.72086,9.67017,7.63588
0.0964432,0.184402,1.93864,5.65503,3.73544,3.82809,14.429,13.5439,0.655056,4.3469,1.59003,0.591128,0.287943,4.5768,9.85118,4.37965,2.8456,2.95007,0.650053,1.10237,2.06338,0.599582
0.0254928,0.00284216,1.04169,4.75572,4.1804,10.0372,41.7034,46.0079,12.0104,0.282616,2.93732,1.30138,3.06613,5.44483,3.15699,1.37373,2.23959,1.63824,0.182528,1.00669,4.36772,3.85405
0.166311,0.0485884,0.546833,2.3126,1.18238,3.91449,15.2801,19.8359,7.60694,0.973157,1.61443,0.849802,0.244512,0.0547534,1.5331,2.76533,2.26999,1.98344,0.676637,0.962965,0.827283,0.407025
0.0163902,0.0278019,1.53298,5.71939,4.53044,5.72465,18.4902,16.6247,2.6072,1.10776,0.36737,1.60335,3.18141,5.90066,3.83306,0.45789,0.0500848,0.864225,0.995099,1.82123,1.09357,0.592614
0.108552,0.13679,0.813816,1.68961,0.315934,1.99964,11.8754,13.0693,2.27515,1.0984,0.456126,0.262263,0.669978,3.72057,2.07179,1.02327,0.20487,1.01757,0.240644,0.126064,0.741275,0.918018
0.0246712,0.0201995,0.198494,0.462799,1.41736,4.1086,4.14092,1.64983,0.40354,0.454699,0.72934,0.771585,1.47576,2.54796,0.43432,2.65408,1.32695,0.2234,0.401965,1.2493,0.761228,0.703445
0.112778,0.0640978,0.481236,2.59737,1.89855,1.53334,9.70374,9.72282,0.762209,0.858767,0.0261937,1.11839,3.49817,3.30892,0.620324,0.179963,0.650254,0.166092,0.288411,0.0478716,0.165851,0.0407103
0.0688545,0.0248729,0.497995,1.18984,0.339354,0.545024,2.52441,1.06736,0.722104,0.259092,0.364231,1.36995,1.32311,1.11426,0.660945,0.71422,0.648552,0.818472,0.259007,0.516021,0.378634,0.029211
0.0666322,0.0328061,0.2495,0.0231038,0.439593,0.195293,6.56602,11.0223,5.81311,1.04301,0.767333,0.339386,4.54161,8.63632,5.0954,0.727471,0.618928,1.13107,1.18889,1.13416,0.0715547,0.760115
0.0566191,0.040849,0.141342,0.0615305,1.80712,2.80343,0.261983,0.994027,1.15289,1.17133,0.469346,0.15788,4.93917,8.4404,2.89338,1.21004,0.411864,0.526922,0.47719,0.190644,0.128956,0.225499
0.0138003,0.0338402,0.285505,1.54943,1.97881,1.45395,7.37885,9.31747,4.82834,0.976809,0.535812,1.16625,5.11919,6.57256,1.45452,1.08682,0.195814,0.286988,0.751245,0.803626,0.0975925,0.19889
0.0792104,0.0090674,0.446601,0.068794,1.39926,0.28841,2.27623,2.26061,0.0351704,0.686671,0.310578,0.183742,0.550255,0.22108,1.12851,2.08323,2.07076,1.36137,0.190641,0.318063,0.459117,1.32094
0.0107832,0.0498582,0.261208,1.58545,2.97793,3.83374,7.88186,12.47,8.31881,1.29187,0.212767,0.729595,2.90559,3.2138,1.59049,1.52725,0.894417,0.132276,0.659859,1.48913,0.265971,1.46836
0.00159532,0.00726336,0.415122,0.496656,0.56034,0.725594,0.258092,0.253738,0.9593,0.414612,0.393214,1.12788,3.2292,2.57719,0.798973,1.52827,0.784978,0.0635604,0.162377,0.768931,0.406725,0.349894
0.0423935,0.0439249,0.201179,0.146203,0.633341,0.0963486,1.32873,6.49171,6.65049,1.91762,0.0698495,0.125985,0.0330405,0.468954,2.09476,2.32049,0.0931269,1.22138,1.42387,1.73025,0.865729,0.619461
0.0687955,0.0117584,0.0436865,0.859541,1.14071,0.764989,1.23821,0.677981,1.8401,1.09149,0.999973,0.247665,1.81351,3.07687,0.64777,1.11449,0.425382,0.378217,0.209669,0.0631781,0.0535087,0.0726363
0.0443847,0.0501695,0.0187101,0.677496,2.30522,4.30047,4.08778,0.308945,1.91817,0.378183,1.06968,0.894849,3.12197,5.87311,3.03447,0.272327,0.135008,0.129892,0.416,1.23076,0.791569,0.0936465
0.105128,0.0866671,0.198964,0.285946,0.533523,0.912377,0.124842,2.26933,1.66626,0.442206,2.44207,0.892346,5.22961,4.69955,3.27437,1.89538,0.541168,1.39589,0.0422091,0.0425756,0.82,0.160126
0.0600955,0.21476,0.992936,1.7935,1.7641,0.0156194,3.36389,1.9755,1.58242,2.05352,0.765466,0.0425235,3.15065,4.18931,2.69328,1.11573,2.22264,3.24915,1.34121,1.05334,1.13633,1.70885
0.171561,0.807613,4.8252,7.14124,7.52442,12.0322,12.9548,4.33768,5.27989,5.73322,2.17365,1.35384,0.799942,2.38519,4.03691,2.4751,0.163126,0.229721,0.0841752,0.00253832,0.594526,0.509407
0.0272928,0.127311,1.48615,0.979711,2.8777,2.56421,0.581583,7.11448,12.6153,7.53817,0.37465,1.41492,0.113719,1.08886,0.0524582,0.501294,1.2331,1.54944,0.69973,0.39142,0.00488278,0.343866
0.188228,0.125331,0.903274,0.684788,1.94234,4.02194,6.58224,0.287982,0.678465,0.512276,0.356724,2.06103,1.05168,3.86862,3.97389,0.224292,1.54806,0.849323,0.102652,0.406227,0.730426,0.291592
0.0533513,0.0888215,1.16424,3.24298,10.5741,12.4187,1.73902,8.8464,3.46524,1.1688,1.90432,0.404505,0.614243,2.95396,1.08838,1.30594,1.96645,1.77025,1.5401,1.46258,0.575219,0.0518416
0.0179891,0.0459147,1.2663,1.51478,0.570849,19.5437,21.9109,5.31837,1.02735,1.77458,4.72234,5.92563,4.6211,4.77009,2.17218,0.198723,0.479546,0.61144,0.117822,1.0664,0.812732,0.292013
0.00333747,0.201092,0.414568,3.04466,0.830193,12.1573,9.61634,7.03177,9.27367,3.31646,4.19095,9.79148,8.43832,5.973,2.5947,0.729923,2.67973,2.64357,0.372021,0.938548,0.830827,0.788378
0.0112096,0.0145618,0.566527,0.278372,4.78435,23.5574,24.5694,2.504,2.12408,0.869114,4.00286,11.1821,8.75101,3.59866,1.26683,0.0573645,2.61517,4.06953,1.76296,0.384938,0.186238,0.0240207
0.196033,0.0564019,0.998217,1.08581,5.50201,27.4277,32.5638,10.0051,0.264533,1.16937,3.09817,11.4818,8.70831,1.63181,1.39803,1.04286,0.803961,0.759962,0.0433836,0.348473,0.343234,0.114569
0.211512,0.126608,2.3161,2.7469,1.87692,7.48295,7.87825,1.0216,2.46004,0.549899,2.10785,5.6592,3.05142,1.06617,0.515609,0.799472,1.52077,3.00365,0.561276,0.0286257,1.49431,1.95682
0.219473,0.451734,2.2264,3.74392,4.06968,32.1142,40.0889,13.4039,0.121878,0.0285769,3.35844,6.81804,4.68885,0.567318,0.688649,0.671802,3.00094,5.08396,1.50122,1.41424,0.885351,0.376318
0.45901,0.367127,0.185291,0.44842,2.24393,15.8046,20.5235,9.32828,1.6116,1.80502,2.87796,12.2909,8.10745,0.0343764,1.30447,1.72927,1.88919,4.84901,1.63483,1.3526,1.08233,0.428548
0.48898,0.302217,2.67837,4.36067,1.90277,20.9054,25.0688,7.34969,0.141395,0.677043,3.83703,10.5743,6.5177,2.37968,4.88514,3.50331,0.518611,3.34332,1.83439,0.716888,1.11493,1.37691
0.0493823,0.117576,4.16129,5.18227,6.20089,28.8424,38.9544,19.2282,5.26959,1.49734,0.414285,3.87514,4.42317,2.37371,1.42345,0.128057,0.0682109,0.791784,0.20455,0.00762492,0.1464,0.392142
0.174434,0.213042,3.58632,5.72742,2.40509,0.153028,2.56206,4.99536,3.9227,0.747689,0.858356,0.833272,0.409056,0.899566,0.404632,1.03406,1.01339,0.604425,0.33444,0.67213,0.135932,0.21501
0.195162,0.154792,1.93506,4.16874,3.27042,28.278,36.6783,18.1153,5.62672,1.78404,1.4664,6.01966,5.33091,0.225995,0.592894,0.27652,0.288221,0.781726,1.01162,1.93582,1.84338,0.47505
0.0350829,0.0967584,0.635753,0.258611,2.80351,20.7802,22.3358,2.00346,8.34777,2.32495,1.71462,7.01812,6.53211,2.05411,0.51787,1.01593,0.094958,0.82635,0.453215,0.651851,0.379918,0.498262
0.104637,0.15658,1.91999,3.14494,0.67649,4.08367,4.52804,2.22203,1.66337,0.111147,0.3507,2.88702,4.03553,3.18977,2.11598,1.31313,0.550316,0.315149,0.00505817,0.0746912,0.292524,0.557985
0.106066,0.04698,3.916,5.4,8.05031,29.9206,29.3856,1.78219,9.8618,2.21305,1.99287,3.56729,0.694055,1.42958,0.958305,1.06581,3.20564,3.98014,1.61607,0.393799,0.0870183,0.326518
0.707348,0.0210646,4.10876,6.18477,1.14589,14.093,16.94,6.37225,0.429183,0.138607,2.34218,7.01408,4.96935,0.356103,0.506132,0.119164,3.58942,5.42228,1.9103,0.0339692,0.536424,0.228365
0.0447072,0.462834,2.61924,5.35299,0.657509,22.3089,23.1831,2.3775,8.99313,1.56124,2.93996,8.24282,5.55066,1.02772,1.40801,0.777757,2.62137,3.5371,0.815724,0.0690234,0.0211257,2.17593
0.152483,0.133399,0.391006,0.258368,4.28018,25.5671,31.8489,12.1091,0.546096,1.03505,4.44406,11.7259,7.19804,0.622694,0.283902,1.32127,2.22889,1.76298,0.596114,0.436811,0.640747,0.920543
0.46969,0.119268,2.3593,4.3291,0.523143,10.371,9.44978,4.68118,6.84228,1.93216,5.54827,14.365,7.98308,1.22309,1.45424,0.0234347,3.53998,4.29107,1.13918,0.575632,0.680899,1.79109
0.199192,0.277012,4.10339,3.36338,3.88143,26.3423,33.6476,14.5114,4.06182,1.3287,6.17668,14.3125,6.65034,2.87935,1.70853,0.385735,1.92449,3.21284,1.06187,0.43799,0.394375,1.37991
0.0641184,0.384861,3.05073,5.66474,4.6955,3.64779,4.51886,1.22034,2.62495,0.111956,3.69422,11.1632,5.57899,2.33439,2.24672,0.772944,0.283091,0.0853631,0.355466,0.717343,1.14946,1.97831
0.268144,0.0211723,0.0927728,0.227887,8.8064,30.0346,27.2175,4.82272,1.07143,0.547103,2.67263,7.40722,4.03206,0.503658,0.975236,0.187384,2.71016,3.48868,1.60755,0.381205,0.718512,2.90145
0.11025,0.0145035,1.85752,2.6981,0.0756753,0.00969227,5.00688,5.70785,0.142763,2.14635,1.18967,2.15081,1.02596,0.325654,0.417837,0.643305,2.04831,2.72243,0.960238,0.110503,0.426696,0.34419
0.121636,0.39812,3.45472,7.09828,4.35051,28.3961,22.19,1.5929,1.92639,2.11657,1.23258,2.53551,1.3746,1.49587,2.78681,2.30689,2.02457,1.25087,0.348188,0.400475,0.457225,1.95293
0.0257459,0.396772,3.72477,5.47723,1.24982,2.61347,4.89461,5.0848,1.68163,1.31413,1.09309,5.57775,3.68689,1.48403,2.128,0.24386,2.56963,3.49552,1.89642,0.159635,0.274749,0.429444
0.0958841,0.289382,1.91312,2.4191,3.46284,20.0886,21.427,3.80241,3.93927,5.97313,2.85103,11.825,9.0388,1.65208,1.0063,0.777019,0.956433,1.79857,0.967486,0.439015,0.501381,0.2508
0.0546559,0.0468853,0.887858,2.80852,0.645934,16.3886,20.9819,8.84997,3.74587,0.866095,2.08912,10.4156,8.8868,0.78707,1.41833,0.779184,1.83952,2.18721,0.702783,0.414709,0.884552,0.0377193
0.388823,0.0806989,1.99248,3.76354,2.93788,0.139697,3.0852,1.16516,0.893773,0.401,0.352255,1.83965,2.82416,1.82366,1.15415,0.820508,2.21698,3.08633,1.36824,0.34914,0.109771,0.578763
0.306172,0.334502,2.27594,0.610486,1.45724,20.0179,35.3657,14.7002,2.40041,2.82282,0.901468,6.25761,6.11731,1.88738,0.4964,1.31287,0.263242,3.65141,3.68123,1.98353,1.83404,0.722964
0.381349,0.209494,0.351928,2.83882,1.38272,31.1056,42.6016,10.3684,2.45552,0.49918,0.221623,2.35526,2.56347,1.12905,2.96908,0.0390261,1.72374,0.695679,1.64133,0.526005,1.35671,1.48982
0.35264,0.387454,3.27108,7.64055,4.60254,13.079,17.7093,3.98917,1.4074,3.55978,0.0566706,4.17542,2.38391,0.31913,2.2343,1.05948,0.748511,1.01805,0.54665,0.726199,0.652909,0.709268
0.153671,0.761316,4.93342,6.38806,8.06123,33.3843,27.1031,0.279868,3.14066,0.120496,1.57815,1.06164,0.32646,1.05249,1.26245,1.25886,2.17179,1.89679,0.0342217,0.954575,2.21913,2.44517
0.0405648,0.444091,4.19596,5.61427,10.3466,29.2094,29.213,9.01017,1.86886,1.43447,0.939983,0.614454,0.177984,6.04404,5.93625,1.64789,0.0623454,0.419195,0.376845,0.680744,0.621043,0.820179
0.0269044,0.413692,0.634294,2.16419,9.82337,36.9134,29.7153,1.37439,5.04896,1.48702,3.45014,2.7315,1.18945,1.97268,0.468515,0.125419,0.0680815,1.35922,0.181551,2.1161,3.43487,4.35023
0.845167,0.167941,4.499,7.19747,5.52363,6.72472,10.06,7.02943,0.827206,1.21768,3.24419,4.27484,0.0674991,3.31155,1.06943,0.443997,4.99178,5.19096,1.23055,0.757065,1.58868,1.89411
0.00942367,0.19927,4.61545,2.55075,4.75575,31.5707,34.0424,6.84802,4.99575,3.39105,2.23528,3.95263,1.50789,8.85419,6.67644,0.87664,2.57201,2.85365,1.43738,1.46819,2.10295,1.79226
0.123687,0.0134801,0.656886,2.75802,10.025,16.8171,7.37423,2.68089,2.06095,4.53715,0.0808678,4.63108,2.69341,0.280863,1.76702,2.61461,5.71168,6.36403,2.12799,0.0900435,1.05589,0.505264
0.131327,0.345005,3.15712,4.41039,8.3438,28.9828,37.0871,14.3913,2.0063,2.41975,0.78677,4.9623,4.77537,0.620134,1.8256,1.28244,1.34358,2.47006,0.985935,2.23314,3.0394,0.818219
0.235652,0.42736,3.39766,4.90285,1.22447,5.83477,7.01023,1.88756,9.2149,6.66202,3.7687,6.59205,6.48173,5.30039,3.88736,0.148193,0.186593,1.91282,1.28173,0.872756,1.7628,1.41209
0.0834861,0.199672,1.41955,0.45649,4.0858,15.3149,23.9589,16.0136,8.01139,5.17892,1.38427,5.07229,2.74215,2.24468,2.4775,0.320444,1.5345,4.07755,2.60599,0.405858,1.41055,1.30298
0.292278,0.132395,1.26722,0.322735,8.60405,27.6073,28.3768,4.50128,4.19522,2.02985,1.08647,3.77521,0.458172,3.14095,1.67946,0.438277,0.418231,1.97856,1.72682,0.272689,0.317441,1.10035
0.18992,0.268114,2.60668,6.38124,11.377,29.9949,36.1714,10.9315,5.76831,4.53297,2.93239,4.95097,3.39438,1.43874,1.0305,0.698265,0.930793,2.57943,1.53403,0.180169,0.698628,1.80962
0.0540978,0.310656,2.88126,2.47313,5.49622,18.7688,27.2873,17.7409,4.33565,0.604469,0.528333,2.12629,1.64786,3.05363,3.75586,0.803099,2.73395,5.03328,2.84868,0.566929,0.253646,0.467959
0.0935353,0.311793,2.20873,4.93175,1.00917,17.0416,26.3829,9.14782,6.8783,5.13899,1.08302,3.11122,4.69003,4.58037,2.89604,0.322622,1.11175,2.55077,1.1916,1.50379,3.14541,2.25805
0.665881,0.65165,1.87654,3.50448,9.33426,34.2186,39.9692,10.709,6.43063,4.68771,0.172501,5.32036,6.43372,2.37379,0.0132079,1.07883,0.31223,0.932118,0.783191,3.04289,3.85381,0.773154
0.420761,0.16293,1.19588,0.484569,6.09219,2.08371,10.72,11.294,1.91579,0.0846761,2.2126,2.88564,0.425601,5.15862,4.68435,0.617211,2.738,4.45614,1.30095,2.02371,4.48092,2.23167
0.377081,0.213244,0.438271,4.39621,1.23524,29.2175,29.9877,4.20934,14.3372,6.6054,0.462525,1.16092,4.72564,7.31804,2.76327,0.100623,1.94528,2.70668,1.12178,1.27735,2.42413,1.05571
0.111274,0.436662,1.53244,4.73101,7.8739,5.0002,3.90643,8.50393,8.79509,4.06977,0.929698,1.50969,2.79653,3.26049,2.35663,0.382603,2.2537,2.73684,0.543639,1.19298,3.17323,2.64019
0.214215,0.449077,2.22468,2.78673,9.89974,30.6965,16.8506,11.218,10.407,2.34954,0.591858,1.74744,2.44678,7.96083,3.864,0.796006,0.881606,2.74731,0.404484,4.02889,4.28396,1.02637
0.296451,0.194174,1.62163,1.53166,3.33756,8.01158,3.8069,3.20946,10.1839,7.01875,1.09135,3.30726,3.58407,11.2294,6.46284,0.0444475,0.74954,2.02839,1.0793,2.44585,3.79124,0.476925
0.12724,0.0688955,0.271808,0.992067,9.25033,22.9333,13.0887,6.50565,2.19522,2.29457,0.881405,3.06784,0.833854,2.94853,1.28715,1.19411,0.0416764,1.10462,0.930866,0.441773,1.44147,0.250226
0.307208,0.276631,2.01418,6.85395,10.3795,7.79798,10.5257,8.07945,4.67803,5.77065,2.97866,3.69105,3.63672,3.50624,1.76525,0.654922,1.20229,2.23039,1.43352,2.48611,0.771745,3.28693
0.037739,0.536793,3.53639,0.00174461,7.08901,5.49658,13.3939,2.37201,1.38744,3.11545,3.25526,5.34789,3.1447,6.39754,6.90139,3.38072,10.5901,15.9201,6.49189,0.0340931,2.80113,5.33556
0.124433,0.0732824,0.574655,0.24949,1.08912,16.5098,27.4155,11.0488,6.75768,6.16595,1.24002,4.64333,1.11163,1.22846,1.37478,0.553437,11.9458,18.4782,7.00122,1.23908,4.76319,3.78217
0.00304367,0.375208,2.27927,1.74564,3.61423,3.99928,3.59375,9.94979,12.24,7.96131,2.9577,5.00572,3.40148,0.616369,0.433778,2.18482,7.93704,11.1115,3.82581,3.45994,2.63594,2.90995
0.148051,0.319922,1.61698,6.29286,4.60673,19.4095,31.2475,14.1037,3.79347,2.50675,0.182563,3.05961,0.749981,6.4396,5.82944,1.37775,1.52158,1.30917,0.0474687,3.36084,7.56054,7.15376
0.32952,0.325429,1.18025,2.97456,5.91731,7.08631,4.75669,13.4924,14.5326,6.18174,0.704926,0.56746,4.45563,10.9281,6.8943,1.75058,7.63575,9.99245,2.91632,0.939565,1.38761,1.2348
0.060858,0.0892917,0.96893,1.24911,16.6749,30.5317,13.5778,1.32361,10.0039,11.4712,2.74733,1.91979,7.73994,11.0351,6.02022,3.22129,11.98,14.4107,4.85577,1.03023,4.00722,5.21924
0.217104,0.505017,3.03602,7.3474,4.20994,6.71029,9.81233,5.11385,1.71364,4.26011,3.03253,4.54945,4.74445,3.39854,1.53796,0.214244,3.3381,5.30679,2.39091,3.99201,5.43408,1.0371
0.485281,0.238519,3.21345,2.72417,2.92022,7.87682,14.5978,10.5248,4.38666,5.83958,2.97623,5.06986,0.200069,6.00912,5.03628,2.17691,3.77774,4.98591,2.02665,4.15382,6.8487,2.05975
0.229122,0.352639,1.18435,3.9976,0.718118,9.68979,6.29875,4.30287,10.5648,9.80134,0.681029,2.42604,4.5714,9.46084,4.2735,2.37185,10.1054,11.5633,3.61539,1.8588,3.65002,2.90683
0.0220673,0.565157,4.39614,2.21651,12.3792,28.2843,30.7709,16.993,5.99019,3.8389,2.60176,1.80894,0.461772,6.94195,9.27963,5.46446,6.62671,7.41606,2.29946,0.0956749,0.211352,1.6295
0.320633,0.331353,4.10344,10.7247,17.6798,19.4465,4.46778,10.0263,8.81896,4.40407,0.152344,0.114779,3.32984,6.12347,4.98826,1.55459,2.272,2.79216,0.60287,0.513666,2.70621,3.76832
0.0890584,0.314341,0.906625,4.26534,13.4129,3.34673,7.34588,5.08729,9.52967,8.92509,1.61023,0.869238,0.620052,3.69441,1.32671,0.644825,5.81701,6.77437,1.94506,0.972196,0.934578,2.38185
0.137257,0.0339287,2.43602,2.84281,7.04011,11.9319,12.6389,3.34851,0.544631,2.09755,0.0782326,0.650431,0.0606765,7.28892,9.13695,3.50849,2.71881,3.84609,1.33956,0.817301,0.614031,2.92466
0.11832,0.179155,1.43459,3.91043,4.06284,7.7147,21.2285,11.8286,6.30399,6.22279,0.709044,0.942019,2.92501,4.72051,1.49759,0.371783,1.18329,1.34822,1.79007,3.88112,6.66272,5.73682
0.00254624,0.0701466,0.0681804,2.47825,2.14207,6.5369,5.94989,4.18533,12.2136,7.72463,0.304252,0.0635135,1.48834,4.05944,4.7496,2.05502,1.655,1.7508,0.766687,2.69492,2.75354,1.10655
0.147957,0.0180504,0.19073,3.82779,8.67142,6.77441,25.0751,14.6424,0.406276,1.01984,0.317202,0.523044,3.00747,9.97224,9.85898,3.11136,0.0477317,0.678777,0.31834,1.46491,4.39586,3.71083
0.0495626,0.27662,0.0115932,5.086,13.0723,9.7743,4.80277,8.51461,13.6022,9.34624,0.582994,2.38965,8.39404,11.6595,4.7049,0.0156343,1.4547,2.38569,0.529355,3.27153,4.03271,0.0453613
0.0690164,0.179604,0.0863068,4.60935,12.6286,14.6511,16.805,16.4437,12.1233,6.70165,0.0165356,1.20111,1.73245,6.08319,5.80505,1.14886,1.8406,2.27057,1.21833,4.38373,7.62666,3.51766
0.357516,0.224261,0.309418,2.5214,7.4524,2.51668,13.8669,20.2335,11.2525,4.81664,1.55503,2.68706,7.04672,8.65303,4.91779,2.28689,3.49147,3.46847,1.1117,2.0762,3.2461,0.521313
0.0921994,0.0333852,0.0943757,0.54894,0.632821,2.92519,8.56229,2.73485,12.9076,12.6585,4.7698,4.30126,6.01768,8.40131,4.91816,1.60587,2.74581,0.290302,0.540585,0.653259,0.0370244,0.419919
0.0219875,0.200372,0.0227703,2.32413,5.14211,7.36228,26.0393,18.4459,2.69346,5.74951,2.31148,4.17063,0.548826,0.684799,2.94592,1.46834,3.82907,2.17109,0.266565,1.1306,0.352222,1.33358
0.00565239,0.341201,0.549756,5.82064,10.6914,3.89946,6.93126,10.367,3.32195,7.29361,0.0147514,4.1659,1.95435,0.910951,1.97147,0.231088,0.851351,1.05675,0.292515,0.413238,1.06954,0.781552
0.00597517,0.0169074,1.19756,3.24312,14.1507,18.3269,17.0838,5.75849,12.6203,12.8994,4.36138,4.47791,5.54993,1.55732,1.34727,1.00202,2.38729,1.31714,0.264668,0.610799,1.64374,0.989758
0.126478,0.0715843,1.24017,5.98116,13.4756,13.0926,4.02362,15.8759,10.315,4.84286,1.38748,2.49386,2.38264,2.93195,3.39019,1.68783,3.72194,2.97683,0.502268,3.22344,3.34601,0.846661
0.227763,0.124202,0.970957,1.55041,5.78899,4.84741,5.95061,9.27101,10.7188,7.41433,1.14322,0.421541,6.29941,11.5381,7.33246,1.67028,0.466421,1.79581,1.11073,3.15496,5.95562,6.20615
0.116138,0.125626,0.652426,0.664813,1.04986,3.65892,2.13491,13.1027,17.0921,11.7203,2.08784,2.78497,6.17262,6.01219,1.74307,1.0048,0.699968,0.6222,0.813431,0.647487,0.893152,0.307934
0.19769,0.0763746,1.34528,0.856147,7.5011,14.6019,24.7498,18.9536,0.455074,5.23693,4.21155,4.56446,1.31948,4.57518,1.05867,1.6651,2.38628,1.83608,0.668983,0.975136,3.30616,2.86134
0.145599,0.144442,1.45512,7.32906,11.8131,3.61077,3.02621,2.47323,9.79212,7.13191,2.70042,6.11522,1.60204,12.5541,7.61937,2.06134,3.04336,1.0587,1.01102,1.28021,0.888214,2.25783
0.074468,0.747715,0.148089,0.246124,5.50311,9.08649,37.9422,28.421,0.720214,3.79098,5.28226,9.62238,4.88279,2.52835,7.93463,7.05484,9.44791,15.7547,8.34937,2.64684,5.40762,4.52463
0.162937,0.129078,2.33147,5.63071,3.87009,7.16534,9.61703,0.0470251,1.72524,0.60101,2.80668,6.42119,9.36079,4.82282,2.42349,0.681211,18.1201,23.4057,5.94309,3.01481,3.14075,3.84895
0.229714,0.301723,5.56264,8.52562,3.4286,5.10459,18.5458,17.4765,0.472852,3.8918,0.526104,2.3308,1.2381,2.95921,3.90553,2.40922,8.13281,11.7743,4.09729,0.923625,2.37563,5.91302
0.342595,0.364564,5.91266,6.36412,2.46639,8.67376,1.8632,10.5032,5.615,1.14099,3.18037,4.66099,1.7893,6.17212,3.31293,0.177742,4.92517,4.9361,1.29377,2.21563,3.12034,1.2915
0.101187,0.163269,1.81259,5.03754,7.87251,6.6629,3.76162,1.55547,2.61551,3.76974,6.57197,8.56673,3.37317,5.92844,2.81463,2.98713,7.05471,9.54719,4.14282,1.02856,1.80999,0.903922
0.242809,0.450307,3.49908,7.36812,11.634,13.4863,3.21298,17.9825,11.4826,4.5919,3.79302,12.7918,9.95223,2.36192,2.21336,1.4232,3.81102,5.23925,1.99821,2.72895,2.03738,1.72347
0.146036,0.544705,7.11119,7.31233,3.2509,5.74515,10.2047,11.5688,0.167113,2.95796,5.82084,16.0701,21.8275,20.3588,11.332,2.45178,0.397893,1.27953,0.648179,1.62151,4.41299,6.37067
0.227587,1.08372,7.01913,12.0527,3.67765,11.884,5.17314,9.8751,7.06606,1.72238,4.78142,10.9438,12.7205,8.76454,0.528347,3.15957,1.04029,1.33763,1.0054,2.61137,5.03424,4.78065
0.100584,0.371129,2.88174,4.50074,0.969096,0.799827,13.9259,13.706,5.32425,7.75384,2.22162,5.48018,4.05826,7.5848,8.67753,0.536131,5.40493,4.59533,1.70825,0.133786,2.20129,6.18265
0.162701,0.561644,3.59897,6.81201,1.55705,14.0894,16.4064,7.35571,7.83296,4.85527,0.894365,2.64985,3.96425,3.48838,3.40802,2.973,2.78478,1.91852,0.175061,0.0587208,2.68712,6.5592
0.615009,0.711452,7.08672,6.61497,4.52482,2.98655,12.1551,15.1982,5.35201,0.281963,1.01573,4.0907,3.32566,2.02398,0.612785,2.40646,4.56067,4.22032,1.14486,0.403775,2.98554,6.46871
0.0283022,0.548844,4.47343,10.2308,11.9667,13.3558,17.8274,15.0337,7.82773,3.38892,2.26626,4.77077,1.5043,0.54461,2.31173,0.507156,6.5491,6.63611,1.67001,0.321765,2.25306,4.78713
0.00987882,0.437168,1.03979,5.39607,10.686,8.70721,4.75952,3.77202,4.53159,2.47298,2.19547,2.96609,0.919512,4.69559,3.84835,1.32613,2.82452,4.23333,1.53784,0.529361,2.1607,3.24831
0.405354,0.25974,3.67927,0.00540116,8.85407,1.39245,12.7493,10.4764,0.407444,1.32975,0.0960333,2.28259,4.86144,5.28041,3.53492,2.07841,2.96722,3.07396,0.900824,0.791161,2.48437,0.874828
0.175259,0.110225,1.80859,6.99241,10.8931,5.87062,1.00989,1.05855,0.672716,0.922166,1.45338,2.83222,1.57615,0.655025,1.25486,1.30795,6.55325,6.44883,0.533849,2.08293,0.858193,1.41176
0.146144,0.126938,0.409931,2.0858,6.79755,6.19773,7.84536,7.99623,0.664646,1.27143,1.64445,5.95619,5.19906,0.355264,3.07061,2.55611,3.21754,4.14701,1.79996,0.926981,1.84888,0.379688
0.219465,0.0868136,0.233067,2.30691,3.80317,0.852615,7.32014,7.08963,2.21054,0.205251,3.00451,5.92682,0.795924,3.3906,1.15494,0.225806,0.725928,1.47863,1.02688,1.36815,2.99725,5.08015
0.11697,0.213039,0.0663104,0.953324,0.979855,2.2831,4.88264,3.01359,0.109196,0.669963,1.9241,3.10891,2.78843,5.03345,0.392037,1.80622,3.26623,3.33241,0.533144,0.0566144,2.36193,1.91965
0.0481714,0.239843,0.910446,1.68179,3.2297,2.71467,2.61306,4.45097,0.587185,1.36658,0.27663,1.96481,1.31116,3.79239,5.53431,1.36738,2.45376,1.84833,0.673182,1.59748,0.251415,0.813708
0.329931,0.219554,0.584466,1.3646,3.5548,2.34667,5.84678,1.24051,0.996759,0.539297,2.31874,0.350691,3.56206,1.6585,1.27152,2.03593,0.125254,1.49223,0.15435,0.842798,0.572934,2.54213
0.204954,0.197963,0.538625,4.02656,6.60794,1.70517,0.56864,3.80636,1.74672,0.262169,2.01409,4.54752,7.40216,7.86048,3.27744,0.380786,3.75538,6.45194,2.0413,0.207528,2.50029,3.46628
0.0276109,0.236862,1.51317,0.180532,5.56517,6.22317,1.46091,1.76294,1.48141,0.139375,1.80317,7.60251,8.25292,3.31366,0.23356,1.6086,6.24416,6.83471,2.3087,0.697423,2.28423,4.17013
0.023275,0.0190955,0.459652,1.65387,3.88167,5.0522,0.957588,3.33127,1.63797,0.135601,4.7767,8.8752,1.02433,8.1593,2.78736,1.47904,2.32599,1.54594,0.284841,2.06713,1.68176,1.31982
0.0285808,0.0456924,0.538298,1.23543,0.532753,1.8523,2.8033,5.07216,2.28441,0.80909,4.37835,11.1004,4.91373,3.69133,0.406674,1.31342,2.8846,3.12321,0.320147,0.280177,0.79333,2.41353
0.249048,0.143822,1.89753,2.72695,1.01768,1.34299,2.57856,1.66149,0.196156,3.16861,2.19437,1.14837,4.09832,9.61825,7.17263,3.94924,5.03219,5.7226,2.25167,0.690702,1.21589,1.75011
0.297708,0.0719457,1.94691,1.2341,0.876813,1.77643,1.08137,3.23487,3.23551,2.74996,2.6242,0.451534,0.724917,1.07962,1.84046,0.907561,3.86376,4.10022,1.26838,0.670516,0.0563284,0.572568
0.0180526,0.146351,0.296537,1.73161,5.85,6.60524,2.37788,0.273008,1.12987,0.662089,0.660789,1.44247,4.54585,4.70179,2.91034,2.58907,0.444732,0.96136,0.0913967,0.150876,0.72186,2.82726
0.103148,0.0947808,1.0999,3.90311,6.41397,5.71436,2.06989,0.98282,1.26734,2.13853,4.29711,6.01812,2.74693,3.56746,5.31285,2.47318,0.373155,0.426805,1.07189,0.90747,0.811537,2.0869
0.236936,0.234835,1.29215,1.30513,7.99334,3.93443,2.64947,0.116488,1.11269,3.34925,4.14275,7.47195,5.28886,11.1348,2.01993,0.510008,6.61964,10.6167,6.47954,2.21649,1.2756,1.20254
0.23143,0.147049,0.555344,7.77168,11.5494,4.20736,16.733,10.3183,3.96786,1.52353,6.89841,17.2385,9.90027,6.60304,5.9669,0.873945,7.51888,12.1677,2.75337,1.65237,0.719854,6.27204
0.871862,0.209451,3.93617,1.68993,6.05702,1.08884,3.14151,2.65634,5.04422,1.2642,3.82312,13.2985,11.3718,1.89882,0.696414,0.998913,2.87369,7.07681,3.72706,0.752379,0.280196,1.07495
0.024619,0.353266,3.74885,7.00472,7.08832,10.7301,11.6614,8.21667,9.48079,7.02572,1.45809,2.60262,2.68473,0.141281,4.5009,2.84837,2.76149,2.17202,0.439058,1.90836,4.31611,2.95737
0.277504,0.383465,1.76864,3.21136,2.18381,2.42544,4.01029,2.52381,5.06971,6.71065,4.49069,4.07373,5.50195,0.287722,4.58522,0.277193,5.0808,7.56076,3.77555,0.197429,2.5226,8.25359
0.142604,0.0275876,0.555622,2.33104,4.07771,3.95982,5.54166,5.34329,1.12914,1.60683,3.56604,5.16667,8.21888,7.07035,0.536405,2.40916,5.30522,6.07832,0.893785,0.567481,1.08888,3.63719
0.318044,0.130241,2.80389,1.4501,4.97486,4.7387,3.18137,6.78191,1.91886,1.36982,2.63296,6.26136,9.39656,5.44177,1.37005,2.10257,3.54401,5.30306,3.01756,1.39474,2.22207,0.608213
0.126684,0.606914,2.73808,6.06558,7.55707,4.82473,1.12862,1.41459,3.46457,4.23642,0.513906,4.83365,0.233958,0.182676,3.62217,1.14861,0.39184,1.24475,0.0800522,0.552693,0.52817,1.37273
0.0881308,0.0400616,0.184689,2.8679,6.99529,7.82623,6.16074,3.89817,2.63333,2.281,5.25729,9.91991,5.60368,1.48777,2.49892,0.0949537,6.73065,9.20712,2.6306,0.765093,1.20596,3.4902
0.0860762,0.558092,3.01742,0.921243,3.63742,0.424137,4.19421,1.45977,0.24787,1.4707,4.6051,9.02814,6.41193,0.72798,2.86868,0.938851,6.07188,9.0154,2.45408,1.20934,3.27409,6.5046
0.0269913,0.369614,1.02866,2.91306,2.52288,5.82278,9.17128,2.47238,0.424288,0.652566,1.34905,2.36227,3.48352,4.73173,0.0996327,1.18097,2.44162,3.56419,2.28152,0.936971,3.83537,4.70625
0.121961,0.446998,2.18288,3.11541,2.902,2.08602,0.745852,0.645112,0.998949,0.8003,0.731501,2.82172,3.7622,2.37726,1.40779,0.986609,6.0553,8.57378,2.79828,0.178967,2.71633,6.8158
0.246902,0.584126,2.26716,2.80773,0.236995,5.58896,6.75516,2.44531,0.639393,2.22285,0.99044,1.5119,3.92334,7.85108,4.59619,0.252459,10.4252,11.5252,1.55996,2.86999,3.46783,5.35428
0.08664,0.0145301,0.103295,0.109045,0.396318,2.67635,1.70811,2.65629,2.57819,0.681773,0.524205,2.03919,0.657821,1.62444,4.95689,1.62054,2.78028,1.90453,0.0899645,1.24722,0.758301,0.239751
0.107134,0.167725,1.36106,1.67524,0.690709,3.31579,1.70746,0.7508,0.577511,1.52521,0.118156,0.430532,3.46964,0.810265,5.02335,3.45411,11.1146,13.218,3.24905,0.0876937,2.00584,0.591065
0.0583255,0.115369,1.57519,2.67499,1.97077,3.53893,3.4875,0.438818,0.529864,0.780374,1.1882,4.52519,4.89269,0.866361,0.268715,2.75028,3.18932,0.231574,1.13915,0.593179,3.1472,3.85049
0.0914789,0.247993,1.58871,1.59488,0.675229,2.22174,2.71388,2.09916,1.49134,1.28378,1.22539,4.5626,2.7086,2.4887,2.43336,5.65089,16.4228,12.8782,0.62914,1.44243,0.622404,0.532438
0.0694411,0.0823952,0.584246,1.37223,1.60996,0.416385,0.440966,1.57068,1.313,0.319463,2.1083,4.17664,0.628845,1.12926,1.99619,5.65099,11.5753,4.78149,1.9969,0.271091,2.04928,1.08091
0.226782,0.0202434,0.787664,1.51868,0.43332,3.19428,5.57857,4.28188,2.74582,1.69309,2.19482,4.21751,4.10284,1.13392,1.50033,6.85458,15.0532,10.6907,0.441779,0.48569,3.43066,6.49004
0.226425,0.00208092,1.78435,2.45692,0.838479,1.2851,0.603919,0.708766,1.00723,0.579305,1.21325,1.5837,4.32439,7.18686,5.77311,2.63365,0.526435,0.300635,0.362058,1.77009,3.32842,3.01299
0.175394,0.256248,1.97183,2.79885,1.25631,2.60502,4.34662,2.18218,0.571381,1.66249,0.432791,0.784565,0.530829,1.42328,4.34979,0.384045,12.6812,16.6894,5.54857,1.57201,1.66083,1.60571
0.135805,0.180379,1.24519,2.11729,0.557003,3.75813,3.29007,1.00585,0.816034,0.194309,1.0664,3.3815,5.31946,1.30325,4.14424,6.20601,15.6728,17.2085,3.56439,0.529682,0.678443,2.24573
0.044964,0.0464427,0.352766,0.712446,1.19818,1.74853,1.35342,0.155309,1.03739,1.09382,1.44447,4.02952,5.92377,4.41443,0.953493,3.1151,7.10516,5.63647,1.84429,1.36789,0.517552,0.742714
0.264338,0.571918,2.15642,2.94798,0.290856,4.33843,4.70639,0.476373,1.33241,0.863375,2.57147,3.38061,3.20601,0.581836,4.02672,1.33879,12.7185,19.9204,7.23831,0.402162,1.02902,1.95034
0.103975,0.537901,2.81611,3.30007,0.830063,0.867209,0.169791,2.16707,1.13441,0.531411,2.55486,8.75664,8.15178,1.04983,7.15793,0.314059,23.4488,29.7412,8.99293,0.746259,1.1049,3.55618
0.201326,0.296628,1.39821,2.14416,2.37211,4.44186,1.82971,3.84744,3.76095,2.08025,3.86126,7.48268,8.69488,7.94059,6.33787,1.72745,7.27056,17.8459,10.262,1.27838,1.10787,5.13491
0.258616,0.122619,0.667613,1.55587,1.90598,2.16542,3.45761,3.44609,0.87803,0.612776,1.58933,3.12152,0.916713,2.93999,0.0810203,3.53248,10.9945,14.5639,5.87789,0.861304,0.449432,0.781753
0.0232492,0.0081116,1.9222,2.13151,0.341452,3.03077,5.43562,3.67247,0.797574,0.696664,0.45961,0.698611,2.5114,2.84745,0.142359,2.04007,6.99103,10.2241,4.97948,0.505426,0.452254,1.31491
0.454523,0.154068,2.59356,2.3556,0.0651269,2.9523,5.55534,4.2467,1.50876,4.7052,1.97914,0.722498,3.49272,5.31942,4.35272,1.60581,5.49067,10.5431,6.50935,1.85726,0.629455,6.21671
0.10291,0.966091,3.05103,5.01577,5.65847,4.01832,6.28344,9.38355,6.11904,2.39404,1.22622,1.83016,2.95697,1.66276,4.81962,2.6606,20.5817,21.588,5.21074,0.122966,0.220648,0.167692
0.389323,0.247765,2.69391,4.57274,6.8254,12.1237,9.14576,2.15958,6.08103,3.26935,0.0127645,2.47578,0.770383,1.18782,5.14489,0.698415,6.20439,0.647426,1.58614,0.176097,0.640258,0.608998
0.31204,0.737419,4.89963,5.3581,0.306306,0.676333,0.431933,2.23098,7.93352,6.88137,2.19087,1.64438,1.10156,3.49147,2.11633,0.178748,2.157,2.69049,1.69074,0.590179,2.19207,2.58159
0.281509,0.361807,4.07047,6.96455,2.84852,2.91755,3.64688,4.98304,7.4199,5.40231,3.60949,2.14474,1.17714,5.48006,6.35275,3.97837,6.54378,5.3217,0.645623,1.45985,2.6404,3.56759
0.0224742,0.0750602,0.943691,1.28854,1.88836,8.64831,12.2827,6.71138,0.319876,1.72037,1.88795,5.91235,2.11625,1.04365,1.32191,0.296225,0.902075,4.79452,1.89544,0.545457,1.95942,2.90247
0.261089,0.758265,2.65146,3.05103,0.0174978,3.58327,2.25143,1.34677,0.223559,1.53473,2.49674,7.70042,3.51379,1.74607,1.63007,4.34232,21.6845,23.9926,7.20467,0.419375,1.55819,1.75289
0.0593092,0.477406,3.22432,4.53336,1.43525,12.2623,13.4222,3.62354,1.44371,0.847929,1.83273,2.3339,4.28422,6.62248,1.18261,0.286064,3.71963,8.09982,3.10942,1.1158,1.79022,0.521702
0.290696,0.083309,1.74414,3.20591,3.8666,7.86627,8.37896,2.75458,0.343253,0.301051,0.610345,2.80856,3.36124,0.534942,1.37506,2.5807,4.84575,4.59941,2.66766,1.71556,0.772373,1.0298
0.295538,0.106371,0.298747,0.791639,1.28967,9.035,9.3519,2.55927,0.979484,1.33813,0.641877,0.854937,5.07852,5.88529,0.160418,1.65813,4.14831,7.32989,2.79724,1.0763,2.41819,4.51309
0.0529054,0.147291,0.746151,0.193388,1.56772,1.79871,4.07068,0.911776,0.459228,0.694853,0.496737,0.786768,4.68776,7.59315,4.54144,1.08483,11.7799,20.9576,8.62508,0.581226,3.0564,4.36894
0.311626,0.06526,1.01908,1.23766,2.13915,5.58434,3.02142,0.410783,0.728536,2.42625,1.36211,1.66525,3.34772,0.825081,1.35868,6.78548,21.3852,20.3681,4.6519,0.0444708,0.0320435,3.54779
0.115863,0.194416,1.62433,2.34261,0.491548,1.99973,1.88245,0.435111,0.577032,0.663965,3.18429,2.23514,2.86661,2.67583,1.76689,9.09104,20.1084,13.964,1.50759,0.295991,2.89574,8.68448
0.100989,0.042519,0.190644,0.22391,0.73316,2.70103,2.44852,0.784772,1.31629,0.0442747,0.77811,0.308248,3.86676,6.38892,2.74253,3.29869,5.06298,0.911622,0.996218,0.384096,0.977012,2.21768
0.0632501,0.0908501,1.42422,2.9077,1.90426,1.72164,4.05366,2.66162,1.38116,1.79346,1.63122,0.746976,5.68223,7.29358,1.33465,0.957436,0.806144,3.34816,4.00639,0.870517,1.09315,0.0474266
0.0418085,0.366939,2.34834,1.54759,1.48927,3.59575,6.4483,1.35925,0.710972,0.197145,1.55554,0.124774,1.51271,0.515889,0.726458,4.32142,17.0624,18.1401,3.98382,1.28805,0.650117,0.695105
0.139737,0.0734617,0.873518,2.59936,2.92489,2.75626,6.29257,2.89675,0.600852,1.44887,2.38633,0.288076,4.31367,2.79303,2.23141,4.13434,4.07697,0.443685,2.38906,0.616133,0.780973,4.28431
0.23601,0.0538042,0.101809,0.476497,2.12914,2.30905,1.07248,0.764176,1.46426,2.50634,2.63297,3.0171,7.87937,11.3747,6.96229,1.14149,0.106946,1.71369,1.12628,0.487251,0.787495,0.466022
0.327621,0.531602,0.938819,0.949577,0.246263,4.87649,6.36714,1.55815,0.371727,1.60911,0.55712,1.27918,2.10304,0.347645,0.95998,3.41146,7.98867,4.1433,0.356509,0.264266,1.60789,3.64331
0.139137,0.0951559,1.11481,0.726102,0.841259,3.69624,7.23603,2.85289,0.869722,1.551,0.447441,0.13857,4.38638,6.92933,2.27061,2.81137,11.7547,12.501,4.4805,0.699441,1.81424,6.32999
0.0797194,0.0289104,1.00145,2.99313,3.94831,1.67069,0.412547,2.47375,3.68618,3.28956,2.22779,0.476941,2.96161,2.07976,2.00098,6.00722,5.16479,4.28555,5.28736,0.719229,2.80159,4.63442
0.372165,0.258111,0.437667,0.430702,4.21736,6.83753,3.72691,0.712731,0.40816,1.27318,2.30781,1.68874,0.365896,2.01419,3.53239,4.42075,16.6749,20.0992,5.43878,2.33086,3.58615,3.98642
0.0701284,0.099991,0.0780687,1.09423,2.91789,3.10408,2.36056,1.2236,0.535622,0.373059,1.09119,3.13921,0.660616,2.548,1.52272,1.0576,8.65901,14.9815,7.83496,0.189905,2.18315,7.00147
0.0869401,0.0553325,0.537071,1.30782,0.459855,2.98127,3.81431,1.87708,1.28963,1.2631,1.1307,4.43879,2.76986,0.457413,2.40397,1.53094,0.217273,2.51891,1.64484,0.375588,1.41887,0.913338
0.010828,0.0766072,1.12255,2.01335,1.24214,0.507828,0.197382,0.371318,0.447801,0.806291,3.66123,5.34315,1.75148,4.21869,5.8867,1.35164,5.96987,7.24486,2.60269,0.417337,2.01645,1.98553
0.275554,0.0187574,1.58825,0.831254,1.31293,1.81633,3.20991,0.752977,0.566279,0.61943,0.247483,2.75209,1.70579,3.09669,5.74132,3.43895,1.44131,2.07844,4.51929,3.88044,1.48552,1.85126
0.0929963,0.0423435,0.50467,2.82482,5.10185,3.04587,0.263113,1.09662,0.545421,0.766536,1.96246,1.49216,0.881584,4.25183,5.27355,3.54266,11.5357,17.2803,6.76252,0.12496,1.33807,4.74005
0.149347,0.325916,0.664612,2.56004,5.15042,5.45813,3.57667,1.10197,0.157172,0.378923,0.664649,1.2827,2.2022,2.86207,2.91768,1.39612,17.1108,31.227,13.1169,0.946925,2.25917,1.8624
0.462577,0.0970008,1.27137,1.88709,7.37976,4.45831,3.71094,7.63648,1.90685,4.60502,5.84113,9.06406,8.83283,0.343249,4.32441,9.98303,29.1157,30.7122,9.61457,0.123701,1.73634,4.83509
0.347396,0.300867,3.16589,5.3522,0.231473,9.21851,4.74254,0.489234,8.01465,8.57279,5.0855,7.69614,1.93737,5.33439,5.08602,4.71558,18.5149,13.6186,1.466,0.14597,1.21898,1.2931
0.63193,0.0863694,1.28261,1.79418,0.965666,5.14415,6.41609,0.470437,10.9753,8.99777,1.11647,4.3248,1.87178,2.88732,4.02967,0.632891,1.51527,1.50154,0.711717,2.11116,3.23279,2.54636
0.0813328,0.389166,3.81144,5.0188,1.27797,6.08417,0.156192,7.30657,7.10613,3.55535,1.55571,1.51244,3.55978,5.80892,2.31487,1.66148,5.39682,6.92582,2.47103,0.24352,2.18629,1.05274
1.84152,0.0876559,7.67632,13.3833,7.17605,2.18179,2.57401,3.30601,6.38545,4.31021,1.19012,0.318615,2.63334,9.88569,8.0549,0.199949,6.2628,7.98425,2.14806,1.32661,1.19566,4.64152
0.041906,0.219179,6.44707,6.99261,1.68015,0.523889,2.78928,4.78676,11.2037,8.44347,2.21912,2.41753,0.683996,1.14765,2.21116,5.72173,12.1026,11.3467,2.68285,0.165264,0.0505721,1.11879
0.623772,0.126046,2.08195,5.34276,6.06656,3.10756,0.167839,3.03496,8.53335,5.8933,0.12439,2.86992,1.98385,9.64993,6.67113,0.0530281,6.81167,13.8142,5.8265,0.0183437,2.86143,2.49429
0.567103,0.159634,3.7347,6.45145,7.80411,9.34562,2.02181,4.06596,0.172995,1.49394,2.5663,4.66554,0.272092,3.45845,2.1133,0.919774,28.8614,37.9098,10.8853,1.90302,2.58869,5.35076
0.312133,0.626834,6.73925,7.06143,0.274275,1.04714,0.795854,2.47442,0.945498,1.63308,1.30156,4.1972,5.32457,3.21022,1.44769,2.02281,21.5617,28.6067,8.41793,0.478404,1.91276,0.986462
0.688665,0.262418,5.07221,9.51958,4.29641,6.36111,6.47547,1.73299,3.41482,2.96005,0.0219038,2.46575,3.67878,0.519424,3.46799,1.70947,4.09024,3.66831,0.559271,0.31812,2.3025,4.10592
0.510958,0.337187,0.774797,0.163741,4.65913,7.12053,4.14383,0.209152,2.35121,3.061,0.744634,2.20785,4.64225,3.4329,0.938751,2.31729,16.5614,19.7309,5.28102,0.599382,0.574857,0.411146
0.169,0.68751,4.03461,3.25333,3.21448,7.27189,4.46844,1.50286,2.70606,1.68348,3.03787,6.49949,8.98357,5.75598,0.657575,1.24463,4.22971,11.5248,4.82288,0.0405278,0.523358,3.817
0.155789,0.507372,3.89196,5.98339,2.50987,0.415277,1.48254,2.48687,1.27458,1.44311,2.93156,4.02886,2.28808,0.75349,2.32076,5.81509,14.9513,15.7255,5.39741,0.526942,1.83166,2.45112
0.206801,0.414292,0.305825,0.0641775,0.112562,0.608452,1.22531,0.625939,1.13047,3.18102,1.76161,1.23495,2.3803,3.8353,0.754643,3.58916,1.50429,3.24602,1.8435,1.3788,3.19888,5.13313
0.010789,0.596611,2.17931,2.52233,1.49101,0.781823,0.365877,0.142596,0.562661,1.16088,2.40019,1.73698,2.04047,5.54213,4.19321,3.79422,6.17952,2.69944,1.06551,0.510348,1.30215,3.71936
0.133774,0.0627302,0.294945,0.464644,1.968,1.76394,0.953119,0.662468,0.72347,0.799578,0.764492,1.36066,2.48187,4.55195,4.82847,6.75591,14.5214,12.2448,1.72653,2.20149,2.32645,2.67998
0.0869482,0.307871,1.29303,0.335755,2.64898,3.69956,2.87414,1.55828,0.906058,1.21517,1.11882,0.450878,0.256555,1.71362,3.59717,4.33912,0.418198,4.86394,2.72162,0.0648683,0.701393,0.584416
0.115928,0.0466252,0.478713,1.57094,2.93035,3.09866,1.41535,0.739296,0.522722,1.56608,1.92763,0.284552,2.18414,0.399896,2.21084,3.45316,4.07404,1.66993,0.453371,0.275945,0.678078,0.779769
0.182857,0.0163313,0.584856,1.69262,2.56565,1.0651,0.250532,1.18245,0.156181,0.0353523,1.53657,1.84459,1.33233,2.42415,2.82642,3.21237,8.59063,8.35165,1.4339,0.669583,0.684699,0.0253936
0.140474,0.0655867,0.993623,0.814239,0.243948,2.6246,5.03001,3.36886,1.33242,0.0581715,0.0423221,0.524175,2.7397,3.3725,1.70587,2.34729,5.78319,3.4166,0.295609,0.459151,1.64104,3.12381
0.365551,0.104257,0.900806,1.33746,0.0440287,1.88074,0.638769,1.88133,0.882079,1.27425,1.01394,0.622455,2.48187,2.25824,1.82148,2.09365,17.0125,18.8945,4.81428,0.572146,0.360593,0.375729
0.0924768,0.130999,0.213653,0.997086,1.08158,1.97741,1.92019,1.14879,0.283324,0.167156,1.831,2.2468,3.5036,4.45866,3.84538,0.428753,5.58942,4.86728,0.195485,0.519322,0.0289208,1.78154
0.144739,0.0416344,0.463922,2.07706,2.57043,1.33385,4.12638,2.83275,1.42487,0.0945327,0.192558,1.72516,0.716711,2.16187,3.66701,3.03328,17.6411,17.3705,3.59386,1.00814,0.401258,0.0182984
0.264089,0.0229834,1.33832,0.832857,2.64841,3.23407,1.69942,1.63781,1.10134,0.777719,1.42942,0.236243,0.644496,0.811807,1.53606,2.23536,0.618316,9.14649,5.78714,1.93947,0.489283,2.57811
0.00285118,0.0390514,1.131,2.72033,3.48093,3.6027,0.734189,1.9632,0.37396,1.09721,2.54884,0.303362,3.52821,4.90956,3.88107,3.03402,13.3322,12.3161,3.51403,0.828485,1.06507,4.75791
0.35909,0.22363,0.709657,0.783798,0.119995,0.336392,1.05657,3.2309,1.71819,1.40845,2.78422,2.2291,0.091966,2.60459,3.42066,3.47658,12.5617,6.52529,1.87308,0.445806,3.37149,4.52929
0.0287075,0.0300804,0.299505,0.247757,0.399905,1.02834,2.10358,2.87843,1.9499,0.964294,0.0682064,0.640973,2.27692,2.92164,0.652633,0.814701,4.12837,7.87348,4.91657,1.32989,2.71307,6.51013
0.171321,0.0016323,0.735857,0.411731,1.56474,1.77135,0.983149,2.40316,0.604642,0.91812,1.59528,0.309027,0.69614,1.99046,1.13286,3.79126,17.6275,19.3623,4.77228,0.7479,3.69179,8.36544
0.587774,0.215111,2.7934,6.32256,3.95126,11.5771,1.64249,14.1475,9.45357,3.32869,5.94014,3.85535,3.81609,1.63274,1.47024,11.598,22.7405,10.9375,3.87971,4.0884,0.52589,0.960321
0.715761,1.28934,9.72463,14.1546,2.14368,13.5379,7.82672,0.00382742,13.1416,12.0812,4.97651,10.7229,11.7933,12.3526,5.74544,4.60683,7.69744,1.31492,3.22074,4.19387,6.44474,6.43543
0.158161,0.254413,5.16741,8.94477,7.92436,10.3328,7.54296,2.82277,5.39883,2.53444,2.36766,7.91141,6.25964,6.35998,6.14497,3.78429,7.9714,7.74126,1.53091,0.281497,0.216233,4.95413
0.0337504,0.264231,0.52696,3.53786,3.81668,5.46356,3.51705,1.16094,7.34094,5.48482,2.97014,8.13623,2.41009,5.82129,5.7494,6.10269,5.35817,0.684319,3.02352,1.9901,0.0326275,0.0608903
0.134931,0.263713,5.56885,4.70815,3.17717,5.17521,9.95689,6.66479,14.5225,9.6197,5.33996,9.96862,3.61809,6.03702,5.94546,0.507456,7.4713,7.51677,1.1911,1.52863,2.01244,3.9544
0.387228,0.793815,8.91433,15.3071,13.2457,10.1616,0.245868,11.1626,13.2532,5.93105,1.00944,5.54818,2.34901,6.79728,6.11078,4.03592,3.01296,1.8047,2.17661,2.10908,2.45515,1.08034
0.0739439,0.777465,7.05202,7.65323,5.25627,15.8127,15.1519,7.37416,2.69843,3.00007,5.08928,5.59738,4.30723,12.2815,5.49524,5.87561,13.3847,8.69607,0.641628,2.48666,1.44453,0.0148871
0.0164546,0.331414,1.34004,5.24326,4.56455,3.55478,2.08386,6.60818,10.5886,7.04444,1.45851,3.34426,6.51634,13.0631,6.3899,4.67742,9.22268,4.85302,0.430041,1.00482,0.738512,0.2097
0.124822,0.63947,4.68937,8.86046,4.94405,6.55706,11.0794,0.249874,10.6881,6.54868,0.910496,2.45431,0.906607,3.69598,1.04557,0.476328,0.73587,0.17369,0.448762,1.70416,1.00749,1.04871
0.0330899,1.26465,8.16612,9.79726,2.10767,10.1664,3.43394,0.816539,4.3392,1.96449,3.57956,3.95109,3.7418,1.96316,0.907105,0.960311,1.04982,3.2321,3.16928,1.3101,0.660944,0.521702
0.0349813,0.626476,4.96228,7.7322,4.85377,5.25381,7.0861,4.57016,0.702148,2.00759,1.04229,1.60907,2.80556,2.35245,1.90778,0.0668521,10.8984,14.143,3.68256,0.58906,2.43873,3.06304
0.380958,0.621926,1.41242,2.04556,0.566952,5.53817,3.97811,0.0809243,1.70603,2.67425,2.73383,2.39048,0.904032,2.32963,0.700949,1.6345,5.10802,3.9093,0.0137108,0.826044,0.889569,1.88306
0.270863,0.857703,4.82468,5.64271,1.84862,1.40401,2.708,1.5204,0.109023,0.471756,0.696676,2.76677,0.873763,1.6197,1.58106,4.43567,14.722,14.8865,2.50617,0.772606,0.148582,1.85967
0.157378,0.342088,2.34434,2.11645,1.74132,1.38269,0.706996,0.886392,1.18746,0.835998,0.821505,2.87877,3.09349,0.0196403,4.02059,6.03785,2.00647,5.01349,4.07833,0.974773,1.51843,1.31783
0.0192508,0.487422,2.03482,0.687127,3.08865,2.07404,0.323131,0.175529,0.155292,1.0728,0.823067,0.846578,5.63309,9.1009,6.1068,1.9893,5.01593,8.82523,4.12772,1.01904,3.81164,4.4826
0.122395,0.195406,0.870005,1.58109,2.02021,0.400844,1.49534,0.564099,0.958943,0.196828,2.77167,3.77768,1.02501,2.26932,2.71524,0.956105,12.0478,13.1447,4.62414,0.480135,3.35779,7.70087
0.0226533,0.357317,1.59057,2.10876,1.29187,0.0471377,0.374953,0.503606,1.02286,0.11824,0.7733,5.22507,5.95144,1.46224,3.32852,0.783893,7.28406,2.27244,1.61116,1.21296,1.88949,7.64157
0.066132,0.0991867,1.26612,2.68975,2.08185,0.386413,0.201672,1.46313,2.17545,1.70601,2.49582,5.98126,8.91228,8.24615,4.88354,1.5745,4.43486,8.37637,3.98708,0.500753,4.21359,8.30304
0.0481018,0.0628163,1.1387,0.489638,2.05966,0.959685,1.52892,0.94946,1.02221,1.30759,0.571672,2.9341,5.38238,3.44595,0.747883,4.82268,14.3953,14.761,4.15721,0.338175,3.31829,5.45039
0.0508911,0.103875,0.163026,1.43669,3.08431,1.84407,0.513033,0.814445,0.00134007,0.562381,0.348676,1.13746,3.3963,2.72971,0.0527493,3.22057,9.80396,7.99597,0.431962,0.734359,0.00493034,2.78218
0.0238927,0.0619089,0.647384,1.87474,2.7632,2.21128,0.448653,1.52116,2.46772,1.63461,1.00652,4.67753,8.99983,8.23526,3.05477,0.0845035,7.83281,11.7317,4.78538,0.59059,2.38263,2.65832
0.15246,6.78562e-06,1.13666,1.54214,0.0486496,1.14538,2.12398,2.69457,1.27573,0.841027,0.206219,4.80419,8.64922,8.38185,4.25744,1.38773,0.60864,1.20367,1.22067,0.929386,3.52663,3.68611
0.0197854,0.00219442,1.27716,1.86559,0.108043,0.522447,0.968113,2.18223,0.156491,2.28825,2.42958,2.58588,0.593999,2.92272,4.45785,3.20858,0.449765,1.42386,0.452434,0.781137,4.04564,8.6965
0.121958,0.098496,1.32863,2.61234,2.80196,2.1851,0.204012,2.38446,1.48224,0.584163,0.853044,2.42654,8.03196,6.54776,2.18281,5.25254,7.8248,6.65912,0.957492,0.409056,2.36573,8.93038
0.0375827,0.0220138,0.485496,0.0465052,1.70322,1.40565,1.35504,2.47271,1.91021,0.923773,2.326,4.68397,5.21208,5.19221,3.29975,0.117369,1.53881,1.93012,1.2266,0.0129939,2.89752,2.99919
0.032897,0.000272423,0.534495,0.0994305,1.3013,0.200385,2.17664,1.48909,0.987639,2.35166,1.5467,4.58262,0.949681,3.46597,1.32026,0.301426,1.48543,0.964165,0.986979,2.25115,1.8984,3.48203
0.0379592,0.125468,1.29033,2.37367,2.13402,1.2979,1.18936,1.51703,0.785878,0.157016,3.08535,7.37376,5.18476,0.112722,1.10894,0.48686,1.25366,3.37352,3.10569,0.856061,0.198772,0.410537
0.0122891,0.134534,1.4784,2.24958,0.651572,1.10937,0.457823,1.92144,2.65654,1.11386,2.14145,5.73106,5.42476,3.68845,3.74727,5.26745,1.53527,4.94908,2.72963,0.78204,1.79006,2.98831
0.0549898,0.245253,1.59176,0.108407,1.95478,1.97495,2.90731,0.625446,3.8801,1.67213,4.20749,1.78055,2.2628,3.79671,4.82623,7.64596,14.2323,12.2166,6.09905,3.18967,0.578319,2.76726
0.140322,0.525491,0.942656,0.445198,3.45585,0.473697,2.51037,3.13779,0.181298,2.92138,0.797049,2.18498,1.70414,0.471273,0.0790344,4.63776,17.8236,18.1687,5.03084,0.739907,0.830333,0.666412
0.0944655,1.78875,8.71661,14.1547,16.492,18.142,9.14445,4.75808,12.7043,8.72055,0.653372,3.16061,10.701,11.3153,4.82759,4.39527,3.53006,0.892233,2.48942,0.98976,1.34366,4.7383
0.0035103,0.0995116,3.82318,2.04293,7.95314,5.86773,1.15686,6.16579,14.3244,9.90851,1.59481,1.32661,2.8364,6.82982,5.55364,1.90801,6.73278,9.46453,2.09281,1.38464,2.41473,5.3279
0.375733,0.16475,1.09235,2.5144,4.71761,7.96338,11.0437,4.27015,7.14716,5.74373,1.51421,2.39086,6.96769,7.37278,1.16132,2.25625,7.16127,10.0207,2.67466,1.81402,0.840091,2.87495
0.568991,0.452798,5.08216,9.24398,7.32901,3.81659,2.70132,1.172,0.863836,1.77801,1.31177,6.4688,6.88244,1.37651,2.73702,1.45852,4.35265,7.32787,3.45946,0.318597,0.673898,3.04795
0.0430622,0.733741,5.56286,6.87655,1.72206,13.0253,14.4605,7.20061,5.29545,3.85199,2.26663,4.34026,4.84614,3.70983,2.09008,0.0192131,2.44257,1.83681,0.835346,1.78805,2.14692,0.885482
0.373862,0.14352,2.17685,4.2655,0.524594,1.56668,1.64956,2.9287,3.51411,2.88918,0.764013,0.363509,2.06943,1.94328,0.189306,2.25471,5.70984,5.39681,1.81789,0.645009,1.2482,3.23663
0.10123,0.355463,1.84981,2.87319,0.19948,4.9378,3.5456,1.4049,3.07385,2.99795,0.348498,4.6186,3.42525,1.16051,2.3069,3.26116,3.95532,2.11971,0.571955,0.583634,1.69953,7.86748
0.136907,0.606635,3.10387,2.15503,2.86822,4.70617,3.11208,2.43042,3.30873,3.12704,4.98691,9.05305,8.57718,5.56666,4.11639,4.11448,4.78137,2.85368,0.226202,1.14371,4.44822,6.82952
0.191354,0.136865,0.11816,1.82878,3.89773,3.35626,1.01307,0.807917,0.0787149,1.81555,0.555161,6.18777,8.6751,5.02166,0.350435,0.85587,2.28694,3.39309,1.56416,0.219835,3.31837,5.96052
0.233195,0.403945,2.43314,4.24676,3.72422,0.979925,0.564278,1.53046,0.796097,1.76139,1.35898,3.10828,0.444151,1.27683,0.0115906,0.637906,0.877629,0.537786,0.597443,0.138879,0.309853,0.693794
0.0707666,0.13509,1.10139,0.463527,1.93483,2.10528,0.313354,2.46462,2.72422,2.20264,2.54216,1.67454,4.13754,6.22019,1.09157,0.271495,2.80329,3.12089,0.429556,0.0936666,1.17321,4.039
0.284232,0.0786817,1.42412,1.92948,0.593249,0.841168,2.35438,3.02404,1.9138,0.524224,1.15687,0.336312,5.01329,8.29402,3.9406,1.06711,3.08621,4.2281,1.88316,0.548241,3.79087,4.7536
0.148633,0.158373,2.15968,1.92213,1.91988,2.1948,1.68258,2.57257,0.453612,0.173557,0.311212,1.54331,2.18768,0.359228,1.25622,0.887109,0.581025,0.715746,0.324155,0.110563,2.94423,7.51503
0.0148177,0.0967537,1.09904,3.47188,5.15411,3.81506,0.196428,3.21352,1.76633,0.0925372,2.23032,4.32189,2.66101,6.26906,0.617453,0.810874,1.54906,2.08655,0.767049,0.862764,2.34437,5.52889
0.0234129,0.0086004,0.658945,0.51817,3.54603,3.29025,3.54759,5.2563,3.31861,0.750526,3.11707,5.51765,2.12887,7.01281,2.41063,0.178548,0.299174,0.605078,0.0427447,0.917342,5.15762,8.70538
0.0626982,0.0205,0.246001,0.457827,1.74656,1.28481,1.33179,3.20504,1.10284,0.289849,2.06432,6.63866,6.5732,3.06498,0.732848,0.0691891,3.65975,5.61001,1.80825,0.522895,4.67387,10.5236
0.114187,0.000511089,0.87041,0.851953,0.551953,1.17283,1.21336,3.74998,1.21797,1.10085,2.16757,5.64467,8.89316,6.91988,0.538943,0.683036,6.59965,5.58243,0.598019,0.614779,3.24284,9.04563
0.0283346,0.135638,1.10852,3.20681,4.29044,3.24919,5.0728,7.39809,4.82892,1.7894,0.452478,2.37456,3.03408,3.23361,3.04044,1.56248,10.0705,8.77823,1.25738,0.194412,4.18532,8.49884
0.114095,0.0718155,1.1764,0.136156,4.41379,4.00672,0.523589,3.77666,2.4872,0.302705,0.74061,2.08146,3.98841,5.09002,3.71042,0.631526,3.23537,6.61344,3.05335,0.901159,4.29047,7.51856
0.102878,0.0141617,0.520119,2.53571,4.69724,2.65413,1.91749,3.74181,0.637129,1.89363,1.99382,6.61353,7.65412,3.78795,2.0472,1.87387,0.382795,0.428968,0.370117,0.947225,0.722149,6.93113
0.0790095,0.0470318,0.165388,0.146577,1.31156,0.192366,4.45658,6.01232,3.01992,0.688026,4.13819,10.5702,8.14515,3.60147,4.51826,1.84711,1.85079,1.30208,0.149014,0.340736,1.87634,0.626103
0.16977,0.196528,0.101085,1.48097,2.68416,2.99465,1.71347,1.6901,3.04125,1.46775,4.78712,10.027,3.46457,5.53029,6.03278,0.25533,4.99204,2.30431,0.219816,0.262065,0.0542616,2.08119
0.13865,0.0169296,1.37075,0.052206,4.21367,2.95668,2.03217,3.47133,0.34426,2.18925,1.13923,5.40616,0.0277923,3.20319,2.38177,2.33326,13.752,11.8261,2.43223,0.0122207,1.33748,2.95028
0.0245217,0.178355,1.25143,4.35107,6.41875,1.42245,5.41749,5.31964,1.94011,0.781455,0.873094,0.605551,3.03845,4.88987,4.9545,1.85575,2.42478,5.25099,2.49029,0.437747,1.52246,6.89174
0.297323,0.256785,0.890629,0.0038548,4.07683,2.13728,2.94001,0.990677,2.17446,1.64992,1.88816,4.59598,1.04133,7.25865,5.23989,3.15961,3.34011,0.288369,2.00334,0.86883,2.99808,5.29044
0.20569,0.0739575,0.314686,0.588156,1.26336,1.47773,1.562,3.26705,0.394724,0.261654,3.14078,7.76095,0.662063,6.11593,0.370684,2.88385,4.54889,4.8391,2.33111,1.87205,4.40392,7.06919
0.015052,0.12025,0.64101,0.443881,3.18714,1.1291,5.25283,5.00026,0.914106,2.91469,1.73976,6.83838,6.95547,1.51165,3.47594,0.498512,0.559403,1.394,1.58868,0.237108,1.20199,6.80276
0.303573,0.388081,0.260273,0.165512,1.33189,6.21647,5.63699,0.71975,0.107767,0.10207,1.25401,0.575287,2.59979,0.877394,3.70938,1.26949,5.92385,6.7067,2.8588,1.81635,2.45269,7.80917
0.131722,0.535143,4.04042,5.25601,5.36095,12.713,9.84093,3.66508,8.81351,4.27641,0.950347,3.22489,0.0652081,2.97451,0.125346,1.56859,5.05719,3.19009,1.46832,1.83132,4.5384,5.95572
0.305824,0.354634,4.23604,7.8422,3.41013,5.75385,7.03368,2.49964,11.1399,7.98744,3.69973,5.87935,7.69271,12.728,4.1397,0.230422,0.720222,1.87924,0.826682,3.23184,0.0372586,6.39252
0.130115,0.347955,1.04763,1.59775,1.76998,10.6276,10.5353,4.87198,6.40579,3.80923,2.02654,8.86871,11.6261,4.51365,2.41201,4.32804,4.19163,1.25421,2.03356,3.2593,1.74145,0.850124
0.141105,0.750261,4.18487,3.08131,4.32289,9.93475,6.6477,0.672455,0.587577,1.54745,2.73806,6.46114,3.81688,4.66744,3.21179,0.858741,4.34026,6.03971,1.34003,0.354439,0.757312,2.78248
0.154506,0.814492,5.27214,11.9063,11.5145,0.685379,6.84169,3.5626,4.33559,3.17075,5.24321,12.0994,7.54046,0.789192,1.90001,2.51831,1.92736,4.89871,2.78289,0.456543,0.584234,1.84542
0.0270958,0.0960322,2.49206,1.41997,11.1183,6.30393,0.544559,0.034001,3.40211,3.1409,1.86688,2.27231,0.136689,0.0619015,1.18392,0.374894,1.95437,2.5548,1.45706,2.83091,4.67591,4.65038
0.00677159,0.208458,1.80773,1.41836,8.01634,9.49977,9.0506,3.39814,3.15663,1.5394,1.38502,1.91211,4.43747,5.36996,2.2106,0.24689,4.46279,5.58051,1.77618,0.368626,0.732542,3.69773
0.213785,0.515812,3.87598,6.22458,3.80492,5.3223,10.9,7.93736,2.52699,1.58476,0.266748,3.34351,6.98913,5.14626,0.3014,2.94558,5.91983,5.28921,2.6857,2.05742,1.41078,0.39781
0.326897,0.124391,2.64787,5.04316,4.16461,1.02706,5.11425,3.86096,3.91836,3.19599,1.28618,1.36108,1.04538,0.307591,2.98423,4.50196,9.87285,8.95434,0.697779,4.25626,0.849643,0.445045
0.245279,0.151564,0.813473,1.11091,6.79478,6.8533,5.03321,2.91965,0.305162,0.0571203,1.95435,0.438661,7.30489,11.2057,6.62828,0.119436,8.09843,9.57514,2.59621,1.93505,2.19454,0.0648029
0.013653,0.0549518,0.0495221,4.42637,11.2789,14.1759,14.7622,9.15922,3.84032,4.1704,2.4273,1.12199,1.46401,1.3475,3.29663,0.240206,1.49686,1.55734,1.05026,1.47464,1.81401,0.489057
0.0183608,0.0355186,0.155386,3.44755,8.18939,8.85518,9.00417,5.6615,2.62002,3.8221,2.12091,0.180922,4.28191,4.45408,2.50789,1.45298,4.43049,3.25874,0.54505,0.00350723,1.47182,2.77809
0.0194446,0.0875671,0.720996,0.234032,1.8357,2.2393,2.68073,1.07801,0.391551,0.791276,3.24228,3.77408,0.298829,3.97827,4.95769,0.0544377,10.3463,10.5981,0.559202,2.0295,1.02709,1.79633
0.0757501,0.0910304,1.24695,0.883076,1.51387,6.36415,11.1379,8.50872,5.44616,4.2922,2.34552,3.46282,5.74364,7.28712,4.93538,1.20191,7.51293,11.6237,1.75906,4.90004,1.9357,0.598263
0.0733686,0.425868,1.14094,4.90353,7.63653,5.98421,7.51824,5.81419,2.34165,3.50104,1.77335,1.86125,3.90476,1.65635,1.28173,1.72731,0.965011,1.80905,0.340096,2.16398,0.530283,4.33636
0.00740762,0.0698133,0.711412,3.77597,9.71651,4.79507,4.03582,5.22821,1.73545,1.11458,3.51694,1.68231,3.58741,4.20092,0.253714,2.49356,2.34978,1.26401,0.482942,1.24284,1.87063,1.9277
0.153453,0.075432,1.01757,2.23654,9.13062,5.99811,1.06003,3.82377,6.52877,2.40354,3.12106,2.11248,2.97091,4.31043,2.90002,1.01855,0.917274,2.09641,0.133708,2.05439,1.19453,0.105093
0.0602903,0.0673854,1.52336,4.37887,7.41301,4.53844,4.66604,6.0273,2.37227,0.26309,1.22016,0.384622,3.08337,4.80488,2.23052,2.13497,8.24194,7.29677,0.425242,2.29105,2.19072,3.45892
0.0688473,0.236293,1.47856,2.51508,0.410858,2.3982,10.7689,6.93732,4.57308,4.28979,1.62636,3.08539,1.64497,2.10378,4.85393,3.68714,2.44149,1.66676,1.93333,4.34269,1.10398,7.73583
0.00471973,0.0827703,0.948351,0.0601195,4.95859,9.92774,12.0507,4.96308,6.09054,5.9326,0.952508,1.147,8.0843,7.40994,2.09973,4.40106,5.98088,6.27599,4.66239,4.88615,2.4766,10.1381
0.0250727,0.2251,0.966127,4.39954,9.39155,7.34289,0.0364796,1.22548,2.02641,2.81548,3.34191,2.72743,3.40028,7.72634,5.08083,0.874688,2.43464,3.92498,3.00623,2.55932,2.24556,6.84869
0.0642275,0.0545776,0.402902,3.31698,8.9132,1.10089,15.9457,8.04258,7.85466,8.57948,2.36081,3.78834,11.0831,11.0913,4.49691,0.852444,2.09762,2.68074,0.933705,3.68798,5.72543,8.07796
0.0507909,0.236349,1.50621,1.26343,6.06687,5.40367,19.7483,10.0265,5.26954,6.42448,2.72764,3.86414,9.94764,8.74482,0.208718,1.50784,1.27461,1.04506,2.73481,4.25951,3.25251,3.77147
0.0313015,0.124246,1.11068,2.69317,3.53138,0.320473,3.86882,3.84366,4.45335,3.23183,0.377439,0.148588,2.78449,3.24561,0.328394,0.394469,1.97244,3.05929,3.625,2.68714,1.14884,1.97631
0.224382,0.317326,0.663207,1.67487,0.812266,8.19122,15.0431,4.16139,9.95258,9.28428,1.68787,1.93159,11.2467,11.8198,2.06872,1.28432,3.10031,6.41283,5.32721,4.18539,3.24651,2.65268
0.0791194,0.0706942,0.19632,2.21871,5.824,4.95584,19.7248,11.8689,1.83481,2.95418,0.413227,2.82285,2.10667,0.0369958,1.09104,0.16135,5.80534,7.39355,3.16285,2.98007,4.39625,2.57535
0.189621,0.0011277,0.392597,2.81953,11.405,6.41359,8.66694,10.6247,8.47843,5.69111,2.38918,3.75373,8.14106,13.4726,3.1406,1.59825,0.584468,0.715909,0.250573,3.59113,1.83684,0.010581
0.038373,0.532574,0.577717,5.64439,12.5523,16.6084,11.0818,3.84008,0.524686,1.2342,4.48271,1.84688,5.00895,8.52726,0.698132,2.70889,1.13799,3.00987,5.81777,9.0533,6.21378,0.0255735
0.036131,0.847693,6.72388,10.8111,5.26146,3.32133,5.88148,6.15955,11.2919,9.2395,0.0163314,1.50503,6.14248,7.27823,0.380333,1.21847,0.203188,0.243384,3.6383,3.5033,0.405385,0.897728
0.222858,0.856144,7.7022,9.15202,6.85177,19.8625,9.30631,6.79616,12.1579,8.13898,5.29402,5.89046,6.08652,10.8836,1.93865,0.585261,1.26971,0.917207,1.06267,0.552006,0.779085,2.36691
0.143993,0.224126,3.92101,10.0319,14.9601,13.0837,1.22348,3.33823,1.36632,1.90013,7.15142,17.1219,18.5726,10.728,2.84628,1.30416,2.40818,1.29003,0.0590154,1.80311,2.59341,1.71116
0.177694,0.134508,0.299196,6.29809,9.60139,8.6103,19.4245,2.06387,15.0687,12.6428,3.26703,18.7081,23.6269,14.3023,2.51514,0.433237,0.634482,0.15886,1.3867,1.45607,0.915136,1.29718
0.0500443,0.289235,6.25562,4.16961,4.66876,4.53633,7.2792,7.97539,18.5641,13.2019,8.80375,11.0708,3.16982,10.9619,3.09275,1.16521,4.51381,6.20527,6.39306,6.59927,4.27525,1.01935
0.440754,0.72939,8.14149,13.7708,11.8127,17.875,21.0621,9.94711,4.30974,5.01643,2.2293,5.86779,8.83195,14.7401,4.5701,2.34129,6.22782,5.63352,3.13402,3.64497,3.44865,3.62236
0.261424,0.609088,5.63723,8.71592,0.943692,14.2812,20.6567,6.18397,11.4542,9.84443,0.894833,6.55092,10.8486,9.65194,2.80325,0.737383,3.27621,1.86872,1.95821,0.406777,0.215672,2.53026
0.388734,0.299438,0.284642,3.2042,8.91418,14.8793,14.0391,11.77,18.2025,14.4448,1.67315,1.6006,12.8145,13.485,2.7144,0.440827,2.99168,2.87921,1.34759,0.194713,2.43308,3.16941
0.357693,0.806972,6.77974,3.24651,11.2049,23.2233,26.5097,13.261,4.74479,5.40639,4.82905,7.71483,9.1059,4.73899,0.842874,1.02468,0.838898,0.148598,2.50344,0.990975,4.10511,6.74306
0.526024,0.623037,6.44812,16.4624,18.5806,14.7348,20.7997,13.961,7.69949,8.05859,1.35719,8.53016,16.7335,13.9953,5.38634,0.245294,2.80988,2.27367,4.2713,7.0517,1.9208,2.8642
0.076188,0.0227213,3.08312,1.96187,13.0064,6.68748,0.836279,1.92021,13.1031,10.8295,2.39396,8.24228,3.00385,3.12955,3.19621,0.117911,3.28366,2.11541,3.8303,7.06822,2.10164,0.334266
0.08457,0.343916,2.08181,3.18615,10.3881,1.59943,12.8295,4.13812,2.40579,1.38073,3.31771,6.33837,4.18914,8.3072,0.508304,1.42788,1.86355,2.19039,1.06081,1.81472,3.74943,4.64797
0.313038,0.751983,2.88219,5.59027,7.266,0.483787,16.6682,10.6198,11.44,10.71,0.248466,1.34152,2.47569,0.456977,1.27151,1.04108,3.34363,3.91261,0.112014,2.83782,4.90364,6.89665
0.0638734,0.149554,0.565914,2.00013,0.975863,2.91436,8.54542,7.72699,8.46241,6.50443,0.76252,3.31054,3.39965,7.26029,1.86558,0.946732,4.85296,5.79033,0.212046,1.63974,2.91987,6.58909
0.0155806,0.193007,0.175102,2.63458,6.68642,5.90761,6.99563,7.51857,6.18114,5.63935,7.25724,12.7194,10.6459,4.31342,1.7112,0.350204,1.62395,1.61466,3.19903,4.2471,3.77043,6.54984
0.376697,0.372183,0.734088,5.6998,14.5458,14.8529,1.80647,1.35383,11.9843,13.11,0.253759,12.3317,16.9726,8.85964,0.142249,1.72644,3.50094,4.30427,3.76765,4.16387,4.75349,4.15819
0.109676,0.345279,1.8766,2.44351,13.9717,8.26216,12.3113,10.5118,5.9677,7.35143,3.73635,3.18532,3.19229,5.89176,0.689396,1.77113,3.54211,7.66321,3.30311,0.73665,2.87114,3.82314
0.120011,0.142194,0.651772,5.5828,10.3403,7.0962,25.9369,17.2355,9.76243,8.32592,1.22601,5.15915,13.6145,12.8347,1.33058,1.11346,8.42413,11.1767,0.931103,4.47482,0.729029,4.61287
0.28221,0.0449054,0.143342,2.05192,4.32832,6.69486,14.859,10.8835,14.8834,12.9298,6.34384,6.8263,1.019,1.97328,0.684269,1.16872,1.53654,0.175206,4.00469,6.54805,2.18774,0.200277
0.259499,0.0227502,0.387229,1.20755,1.23158,5.92864,13.4514,5.79246,5.20947,6.83166,2.21974,9.6461,5.20785,16.0025,7.51206,2.98,7.64284,9.27443,5.46159,2.90231,0.275767,0.667883
0.127569,0.0400766,0.960634,2.52242,8.81903,8.83532,30.059,21.1099,11.9416,8.55258,6.04482,16.4316,7.82436,0.5378,3.96769,1.9271,5.42579,7.74268,2.63495,1.04072,0.627913,0.753705
0.215303,0.0428454,0.381106,5.72139,14.8113,2.13093,18.6832,17.014,14.8904,12.8136,9.25909,15.905,17.7992,7.56319,2.19708,0.297953,0.873544,2.18971,0.137793,0.285426,7.46759,8.54223
0.0860313,0.0267457,0.0967445,5.02806,14.7747,13.9943,2.42408,3.04919,2.59885,3.53226,1.35523,9.95101,12.5088,9.7462,5.45299,1.6347,0.650737,2.55306,5.45809,4.5234,3.75839,10.0726
0.185566,0.171011,1.50919,0.934715,7.13302,13.1265,16.1541,12.9483,14.0158,11.1498,0.163259,0.544007,7.31663,8.14644,3.38121,0.32075,7.07015,8.52299,5.48796,6.88189,3.55226,0.396581
0.298771,0.227005,1.74313,3.15158,0.436727,1.41091,14.7013,18.5864,16.7461,12.1306,2.42024,4.11244,10.9671,8.62603,0.900922,0.388753,3.31372,5.51183,3.2521,3.20896,4.42615,2.2397
0.075133,0.0933227,0.938071,4.03506,9.20109,5.2782,10.2328,11.2099,2.63847,1.86708,3.34419,3.31185,3.91074,6.405,0.425809,3.0077,2.09759,1.31717,2.78812,4.07476,0.0589845,0.520168
0.512315,0.146154,0.549302,4.84354,12.1455,4.53038,7.89122,1.72919,14.0779,11.8465,0.975634,0.940116,5.82852,12.4798,3.21353,2.15069,1.42148,3.05188,3.90446,4.61626,4.25371,0.958015
0.299228,1.24974,1.3605,0.954179,4.03994,2.25028,9.33369,3.18727,1.80155,0.482419,3.35379,4.91248,1.48499,2.44154,1.72744,6.22455,13.5729,17.4465,10.2426,3.38629,1.52972,1.31831
0.264367,0.895848,5.16577,8.11599,0.691832,8.22374,1.3438,6.42008,3.67558,4.3246,1.4297,2.14396,7.89219,2.9948,5.76073,2.03094,11.3123,15.2671,7.28033,3.58882,2.79488,3.65376
0.374546,0.805383,9.20451,13.7883,5.31296,14.8586,33.9225,21.011,1.63928,4.48936,1.19425,3.82847,3.0961,9.11076,6.92605,1.05801,3.07784,1.61023,0.22524,0.0399885,0.220193,1.44934
0.546597,0.117197,7.04235,8.31796,2.1103,20.5904,34.0708,13.1466,1.07967,0.780247,4.98748,14.4375,17.2154,11.1456,5.15294,3.1052,8.17187,10.092,6.08495,3.51887,0.995266,2.03178
0.035829,0.451126,3.0455,6.50606,6.88608,3.39371,0.136079,2.70881,6.00988,4.29803,7.93733,16.9743,11.4148,0.405999,2.43041,0.708788,2.64681,3.52299,3.6297,4.28082,3.78268,0.783403
0.0679518,0.227089,3.17463,6.81017,12.2093,28.239,34.8651,13.5091,6.95775,8.5428,4.93853,13.8212,2.49769,11.1227,1.71324,0.141374,3.17133,2.03883,2.11315,3.35649,2.8446,4.69693
0.443379,0.459184,8.03567,9.12648,1.31419,11.8135,20.2939,11.2013,2.49021,2.66586,6.93462,14.5387,10.4379,2.43835,0.199867,1.39482,2.55216,2.46235,1.68554,0.806475,1.24329,2.29331
0.657493,0.969425,8.0578,13.3444,3.6458,9.7036,1.16441,11.989,10.3855,5.19584,4.61638,12.4016,17.2258,9.6488,0.556918,1.72962,2.17416,2.93795,0.291268,1.49208,0.733455,0.0119512
0.132732,0.530103,3.97069,5.81415,2.43768,0.242775,1.32038,3.56264,12.9694,10.0789,0.425898,2.11407,5.48683,4.4057,2.43397,1.24445,1.83553,2.38007,1.16802,1.87609,1.71185,0.556651
0.229213,1.19417,4.64851,9.44718,4.8445,9.42704,6.92012,1.80988,10.6302,9.39202,2.93423,0.687744,5.10639,7.16958,5.1587,1.5427,0.0699492,0.175711,0.218066,0.200402,2.61261,5.31606
0.92133,0.261297,8.04613,5.33786,8.75679,11.6903,14.1414,11.1279,1.02973,1.75641,3.69199,1.8587,7.72206,10.3545,4.4234,1.26616,2.25098,5.08956,2.90842,2.21354,4.12243,3.2286
0.49643,0.745781,5.9402,14.6304,19.317,22.0391,21.4593,11.6671,7.66952,6.36015,3.31168,5.97617,5.45491,1.51978,0.108075,1.59689,6.11825,5.82304,1.08888,0.0461918,1.20433,2.33403
0.711153,0.0367025,0.770198,7.85953,17.1131,13.5619,6.28961,5.64588,8.81555,7.56226,0.207588,6.53172,10.0184,8.10474,3.82725,0.41877,3.17438,0.836507,1.0889,0.476853,2.93701,3.63975
0.16271,1.01071,6.06825,0.0985779,13.7875,2.9313,11.4036,4.65261,2.54429,2.20326,2.32526,0.813588,5.81706,7.77239,4.05889,1.06071,1.30748,1.92704,0.337737,2.34562,0.44599,0.0497749
0.310528,0.377381,3.68549,10.3441,12.9831,2.55422,18.6762,12.5704,4.72263,4.18245,3.18218,2.32994,0.66327,1.26924,0.635189,0.0214248,1.17069,2.3776,0.482515,1.87046,3.20584,8.53423
0.131834,0.129602,0.571281,1.10622,5.75839,1.11298,9.22866,7.82079,4.24414,4.37605,1.99188,2.17142,6.72516,5.49066,0.882131,0.461443,0.309244,1.68285,1.04346,0.125423,2.78739,5.03295
0.400106,0.141555,0.381552,0.411328,1.01941,0.597861,4.75121,6.53501,2.87876,0.0864176,1.40517,0.18427,3.88775,6.44109,5.42694,4.38366,5.17212,4.69477,2.41962,0.201747,0.00270034,3.06816
0.0360052,0.0775049,0.467473,0.608938,2.74581,4.45391,4.46581,2.18751,0.324768,1.44366,2.74688,0.241331,3.83162,4.17984,2.08709,0.433831,2.5211,2.56389,1.67915,1.47505,0.284476,2.68804
0.416814,0.0442952,0.452314,2.65665,7.95674,8.64198,0.0898377,4.98566,1.71144,1.14932,1.0095,0.0516355,2.30033,2.73456,0.641382,1.17178,2.73587,2.48384,0.730676,0.81617,0.680181,0.554644
0.358118,0.0216668,0.0755236,3.95154,9.05516,0.0520362,9.99246,4.70674,1.04325,0.410517,0.622739,2.20983,6.74531,6.61648,1.05327,1.84835,3.18729,2.32671,0.273454,0.507776,0.151217,2.40512
0.287178,0.155947,0.328554,5.06449,10.41,0.751986,11.728,6.43354,1.74223,1.24059,1.69245,2.96516,0.238673,3.66516,3.10686,0.568311,0.957608,0.811189,0.661732,1.25853,2.26751,3.57668
0.105926,0.0332638,0.521561,3.4531,10.0214,5.59121,1.02819,1.03117,2.04683,2.5049,0.626391,3.95009,2.98177,1.70328,2.28021,0.0769373,2.64839,2.52931,0.815212,1.17774,0.406121,0.42159
0.294742,0.427008,0.774171,4.14497,8.93612,9.40521,5.90047,1.13664,0.886305,0.0668119,1.2738,3.67796,1.94819,1.92168,3.48465,2.56243,4.09552,5.52266,2.60786,0.663477,0.573772,6.47287
0.268279,0.184972,0.530083,1.59502,4.55704,4.12053,4.78077,4.82549,2.87327,1.80985,1.72059,2.73984,2.30857,1.68656,1.81943,0.0701882,4.07152,5.43319,1.44442,1.63624,4.11671,0.798143
0.383448,0.0610251,0.201988,0.910942,0.380723,1.65684,1.52734,0.723238,0.882492,1.9655,0.893105,0.140532,1.16151,0.967699,0.735643,0.583515,1.09495,2.10524,0.907823,0.752274,3.35937,6.15071
0.264794,0.134123,0.538369,0.11754,1.9892,1.67761,1.72179,3.21598,1.4892,0.352271,0.953516,2.2558,0.212784,2.77874,1.65274,0.630394,1.94002,1.8762,0.288797,0.538705,0.568045,2.88664
0.118459,0.132919,1.07979,3.72648,4.98811,1.01458,0.360285,3.59156,3.15779,1.9617,1.52228,5.80336,4.85323,1.23979,0.999709,1.00357,2.00825,2.72741,0.549013,0.700599,0.240532,3.71866
0.247282,0.252846,1.3494,0.432979,3.68837,1.93684,0.139633,0.137241,1.05748,0.149207,0.707817,7.17362,11.5671,8.61167,2.79767,1.59487,3.63287,2.2782,0.460726,1.31658,1.67643,6.14648
0.211535,0.117412,0.838661,3.7434,11.6513,13.1103,5.06081,0.609672,3.31322,5.95532,1.92758,0.389911,2.16159,0.790178,2.87299,0.643319,2.75228,4.76272,3.62103,3.82611,0.433531,4.15833
0.178281,0.629906,0.789689,6.41018,10.6279,5.44962,16.3612,7.80161,1.97778,0.949831,2.51895,9.07068,16.3042,11.17,0.261326,3.21163,7.61924,8.98755,3.99852,1.08146,2.91803,6.48277
0.105325,0.898599,6.77534,5.86224,0.896493,10.7579,19.6404,5.21038,7.78188,7.28172,5.52127,7.07771,6.90543,4.70003,1.76325,1.29412,1.0409,0.789743,0.498618,0.178094,0.634745,2.80999
0.268978,0.392873,6.50598,9.69199,6.491,7.43576,2.69589,0.896562,8.68202,6.67341,3.39769,4.85098,6.61858,7.55296,1.4517,1.83234,1.13738,1.58195,1.25206,1.62025,0.739382,0.805558
0.0961575,0.427233,3.52438,6.84406,3.04215,7.36415,8.25106,3.81096,6.27728,4.10273,2.82001,7.50373,5.45397,1.29918,3.18592,1.10162,0.20093,0.392007,0.180092,0.586123,0.566353,2.56434
0.00978563,0.0195786,0.479996,2.50597,8.05922,12.2249,7.15997,0.202655,0.462034,1.29324,4.64195,8.27707,7.027,3.51133,1.71506,0.0194243,1.48698,0.762243,0.483457,0.0430877,0.392083,0.365328
0.224357,0.572,4.76722,3.75359,6.03503,10.4971,5.05219,0.504131,2.52584,3.56854,1.59652,5.41329,0.477961,3.63789,2.76571,0.913037,1.63355,1.87899,0.0555745,0.642937,0.486962,1.77326
0.264643,0.548786,4.70405,8.99542,5.38501,4.60979,7.60746,1.47146,3.11058,2.59203,2.57746,4.52056,4.15252,3.98837,3.64276,1.6898,2.60465,3.55796,1.30053,0.395059,0.565601,1.31493
0.15378,0.104289,1.46665,0.409004,2.88638,0.818653,2.13196,0.0756086,1.82134,0.28292,2.01229,3.782,4.50913,1.99358,0.983388,0.010677,2.57522,2.68206,0.781494,0.355288,1.64506,0.630008
0.421104,0.362411,2.97439,3.12532,0.64345,2.86166,1.43803,0.532064,0.803735,1.5129,1.03305,0.552635,2.26729,0.805965,1.06739,0.402702,0.0989785,0.395943,0.342285,0.276023,1.5391,4.05584
0.12315,0.663991,3.5265,4.04683,0.0381787,1.6677,0.0638583,0.684711,0.16233,1.06697,0.715234,0.595937,2.40011,3.10758,2.17488,0.134682,3.59456,3.92333,1.13161,0.146517,1.44437,1.95046
0.00957291,0.0492926,0.365964,1.75441,2.44092,1.46571,1.00127,0.741972,0.102819,0.0707239,1.19004,2.30377,0.537781,0.675479,2.4131,0.58252,0.145688,1.04074,0.0931947,0.430285,0.320771,0.487648
0.124998,0.227145,1.19173,2.17259,2.61477,1.97077,0.870412,0.0475889,1.08376,1.49816,2.23542,4.06905,3.3208,0.864373,2.91424,1.33017,0.118493,0.0249946,0.303263,0.203967,0.607337,1.08072
0.16819,0.074518,0.518962,0.23509,1.291,1.78886,1.53647,0.882231,0.195829,0.792027,0.373882,3.19512,3.75068,1.85156,0.779794,0.189262,0.812258,1.17498,0.809139,0.601251,0.224734,0.378041
0.160604,0.0441059,0.0174199,0.0960885,0.301105,0.576357,0.0842041,0.0988156,0.520231,0.592995,0.252044,0.838623,1.68936,0.826279,0.543204,0.53907,1.06785,1.61319,0.653788,0.605261,0.109313,0.47254
0.0250692,0.086758,0.0554017,0.62284,1.59707,1.23299,0.596795,0.304881,0.706429,1.04997,0.937124,3.41527,3.57676,1.80458,0.0676173,0.463715,0.197443,0.633968,0.356521,0.0918505,0.212017,0.313457
0.0881448,0.0182061,0.0603058,1.09735,2.58994,1.47221,0.0417951,0.375902,0.993841,0.952055,2.73108,4.74655,1.46232,1.07326,0.0200487,0.20431,0.844195,1.72365,0.922376,0.519718,0.800648,0.832325
0.0592958,0.000853933,0.103158,1.24272,3.35765,2.58674,1.57014,1.5409,0.622336,0.230572,3.03005,7.05169,2.76601,1.79804,0.581695,0.420754,3.17374,3.72139,1.02455,0.414401,0.0554743,0.673166
0.145237,0.0718126,0.109512,1.51445,3.03281,1.91045,0.0497218,0.638187,0.108047,0.98274,1.96313,7.76294,6.0584,0.686789,0.398633,0.444802,1.67995,2.03885,0.707103,0.186793,0.544685,0.381904
0.0784279,0.0440962,0.207938,0.83337,2.41209,1.26589,0.0234061,0.367493,0.655647,1.12297,3.95686,6.37608,2.60725,0.635532,0.121855,0.0695895,0.629731,1.22796,0.544868,0.0700859,0.00922191,0.30363
0.0524801,0.00489659,0.312723,0.109963,1.28677,0.726386,1.14103,1.53195,0.441984,0.896619,0.213847,2.98977,1.62305,1.17724,0.995051,0.136975,2.8977,4.41647,1.57498,0.218205,0.540177,0.89615
0.0353887,0.0348303,0.593931,0.686136,0.166433,0.671839,0.335279,0.37824,0.235624,0.0428242,0.0139509,0.30477,1.11214,0.812874,0.305986,0.609084,5.5225,7.1672,2.53766,0.229039,0.959647,1.47457
0.000113742,0.0942198,0.340486,0.857612,1.28923,0.570956,0.19067,1.02939,1.22485,1.30656,0.173789,2.9836,2.34543,0.406879,1.15251,1.00309,2.88848,3.17189,0.668319,0.0363017,0.0260115,0.771327
0.096345,0.168139,0.364821,0.948009,1.67768,1.26512,0.150997,0.861884,0.0248836,1.23284,4.13009,7.51762,5.42142,2.28443,1.54242,1.80221,4.75004,4.71153,0.895873,0.500827,0.281554,0.950849
0.0939831,0.163094,0.753305,0.420873,1.1576,1.28984,0.426453,0.1099,0.733272,0.15473,3.06348,8.65416,5.81746,0.578358,0.444973,0.118909,4.51878,6.87711,2.24709,0.342045,0.972456,1.62276
0.00480795,0.111162,0.589524,1.31426,1.64125,0.66896,0.364885,0.438907,0.633797,0.630128,3.22795,7.50872,3.52667,1.38597,1.17255,0.43229,4.18451,5.20516,1.55134,0.245666,0.0409244,0.782094
0.0835411,0.0274488,0.115003,0.218538,0.757769,0.0412728,0.92199,0.586769,0.470222,0.669792,2.98717,5.19955,1.10418,2.41464,0.485805,0.536243,1.28236,2.05541,0.694682,0.11101,0.0440457,1.50687
0.231446,0.205872,0.37048,0.293885,0.0746846,0.25138,0.411674,0.624404,0.557158,0.231528,1.16096,4.03713,3.10395,0.828308,0.700364,0.473446,5.539,6.72088,1.96726,0.247467,0.201783,0.0697765
0.103596,0.0395252,1.44509,0.240023,1.75538,5.46912,8.37461,1.54923,4.13824,4.98586,1.79643,3.928,4.50296,0.353505,0.85917,0.276888,0.113425,0.436577,1.31121,1.02212,0.0243313,1.51042
0.262602,0.654522,2.17452,3.64801,6.81206,5.63734,1.39192,2.83443,0.457242,0.0206364,1.16327,2.2835,4.91201,7.66966,2.83717,1.12077,4.37912,5.87044,2.88278,1.05352,0.743675,1.75036
0.0469136,0.362853,2.73924,4.78725,7.48166,12.631,9.39137,0.895293,6.83788,5.68707,3.27671,5.49165,6.36385,3.52411,1.44522,0.56511,1.83676,3.23303,1.69013,0.889494,1.43269,1.26004
0.236363,0.439216,5.00608,5.74633,0.737882,1.79518,2.30499,3.00964,8.46258,6.22281,0.360052,3.18141,4.62181,3.57749,0.85874,0.260207,0.30108,1.2528,0.332868,0.106763,0.766156,2.07605
0.221328,0.453321,3.98646,5.94505,0.19721,8.96773,7.29549,2.76295,4.89035,2.61258,0.320483,0.321387,2.55533,2.51897,0.38706,0.505226,1.70143,1.17241,0.129684,0.486955,0.222107,0.133747
0.16082,0.0303408,0.367864,1.7058,1.70176,3.03455,5.82149,2.26747,0.244103,0.63753,0.0100457,1.57177,0.785462,0.10366,0.00869308,0.0140666,1.32166,2.37981,0.987017,0.419953,0.761424,0.345273
0.160549,0.588015,3.5399,6.11335,3.57315,5.10423,8.25269,2.68313,0.954916,0.794293,1.89455,4.78119,1.7252,1.421,0.355888,0.747685,4.96705,6.19543,1.93906,0.0446109,0.028574,1.63627
0.206425,0.445189,4.1924,4.46411,2.42597,4.7561,1.12697,1.11409,1.5508,0.922731,3.11467,7.8072,5.72322,0.964216,0.123848,0.0231619,3.13547,4.46751,1.47548,0.0387995,0.286829,0.133323
0.0108733,0.210817,1.65612,3.50007,4.01909,3.49741,2.11353,0.471537,0.589984,0.0443279,2.47008,7.25303,4.77798,0.829789,0.527168,0.358706,0.264719,0.027263,0.122816,0.10617,0.0463526,0.335266
0.181556,0.327334,1.82298,2.88384,1.74777,1.42991,2.63342,1.27253,0.413296,0.327858,2.29092,5.99971,3.46992,0.190739,0.467442,0.0119287,2.70936,3.96287,1.42404,0.155355,0.277965,0.366732
0.172897,0.287758,2.56862,2.89848,0.0230688,0.15899,0.803605,0.195686,0.446261,0.271377,1.89488,3.38838,1.42777,0.656954,0.359956,0.683368,4.35321,5.4992,1.60339,0.324779,0.224017,0.275704
0.0180337,0.00935457,0.559329,0.945834,0.470334,0.317873,0.270523,0.849638,0.417262,0.480406,0.466651,0.159041,0.191273,0.0647422,0.03637,0.216755,1.286,1.72787,0.579446,0.173152,0.139625,0.30268
0.154481,0.164213,1.09479,0.765694,0.643686,0.706365,0.0126961,0.385815,0.220273,0.317186,1.2239,4.08422,2.45514,0.37782,0.343585,0.738185,3.51347,3.68449,0.841662,0.0767154,0.390912,0.670437
0.0200688,0.0899075,0.649231,1.25186,1.35905,0.920549,0.539492,0.397542,0.114884,0.511998,2.15549,6.32304,3.09244,0.934991,0.454671,0.0811526,1.90223,3.02198,1.2541,0.308604,0.156021,1.40054
0.00231157,0.0559139,0.121153,0.485237,0.929167,0.34237,0.684402,0.866347,0.612378,0.475026,3.00957,6.51442,4.33399,0.616062,0.00133067,0.0885809,0.067527,0.325314,0.171389,0.162245,0.100297,0.305851
0.0674223,0.0474871,0.414882,0.155717,0.561403,0.222383,0.129988,0.10112,0.352309,0.861804,1.2162,4.46879,4.32621,1.82985,0.378277,0.0646201,1.49086,2.19087,0.844236,0.24202,0.371819,0.383112
0.0265232,0.000435933,0.178157,0.341297,0.42977,0.429087,0.00241877,0.283402,0.152597,0.0668864,0.36063,0.479519,0.796977,0.960563,0.0371979,0.319745,2.65632,3.40294,1.05443,0.250967,0.530037,0.541763
0.0659354,0.0193559,0.0017416,0.245771,0.603907,0.595285,0.20593,0.32532,0.985916,1.39149,0.599932,1.13367,2.00382,1.27877,0.257441,0.0134972,0.657313,0.961747,0.119698,0.105616,0.108407,0.550412
0.0095533,0.0114627,0.0390583,0.453104,1.07669,0.708818,0.033704,0.244835,0.498242,0.484299,0.815611,1.53737,0.556731,0.533565,0.0572188,0.182909,1.27407,1.02779,0.0373626,0.0985497,0.0738766,0.185723
0.0484007,0.000749644,0.0946278,0.611424,1.47959,0.531574,0.573779,0.332107,0.0546438,0.0176371,0.327883,0.863466,0.0737011,0.98699,0.393885,0.114424,0.438863,1.002,0.594991,0.197583,0.224158,0.224388
0.0849746,0.0170923,0.181345,0.437035,1.3634,0.610014,0.261421,0.175707,0.725228,0.791806,0.16757,0.348162,0.0620212,0.385752,0.0703809,0.201085,0.586653,1.23139,0.405898,0.0909053,0.42551,0.261688
0.0140673,0.0394317,0.114196,0.655736,1.23898,0.786545,0.081651,0.0967329,0.504624,0.531869,0.336902,0.535693,0.826222,0.549161,0.156863,0.140412,1.736,2.58666,1.19572,0.00329442,0.0941979,0.571168
0.0744041,0.0479067,0.0414386,0.426696,0.986144,0.714456,0.461939,0.463827,0.341367,0.164355,0.210424,0.525759,0.426714,0.114929,0.111399,0.049793,0.797137,0.915064,0.0552947,0.215081,0.211128,0.303509
0.0228713,0.0291244,0.157648,0.0107496,0.468665,0.486013,0.270368,0.148694,0.242705,0.601482,0.471524,0.432305,0.952943,1.06878,0.41015,0.0802709,0.60447,0.790758,0.227861,0.0366217,0.253014,0.335465
0.0109512,0.00730095,0.144402,0.17761,0.11632,0.384369,0.395234,0.37768,0.552495,0.701503,0.0816512,1.15155,0.896111,0.0308908,0.25383,0.436362,2.08397,2.82478,1.18101,0.26545,0.519002,0.43817
0.00292153,0.000749763,0.0288483,0.203633,0.452611,0.420292,0.338801,0.322119,0.318662,0.145076,0.915229,1.7781,0.274267,0.633965,0.0777529,0.129825,1.94847,2.49066,0.56898,0.104387,0.305337,0.651167
0.0187632,0.00703069,0.0607936,0.163399,0.443374,0.287072,0.10643,0.0663761,0.484666,0.561441,1.60279,3.4124,2.49717,0.549562,0.17896,0.13559,1.00542,1.13543,0.374092,0.0780164,0.218834,0.634907
0.013122,0.0282015,0.116148,0.105776,0.447705,0.403531,0.350139,0.166338,0.224839,0.397185,0.826461,2.98038,2.56196,0.56493,0.124849,0.228031,1.84377,2.57735,0.900243,0.078206,0.28068,0.747592
0.0594979,0.00363286,0.0309973,1.25313,0.843124,5.28835,7.91737,4.46421,0.853262,5.91773,7.78311,10.7417,8.24921,0.0083434,1.54839,0.50951,1.15193,0.698025,0.524339,0.343473,1.38365,2.03801
0.456119,0.549085,3.38845,3.39202,3.59942,14.6199,14.6064,7.45627,10.5835,8.53382,6.98944,10.022,3.66493,11.2505,3.62535,0.0114996,3.72085,6.05892,2.39523,0.058423,0.177432,1.10144
0.0459709,0.225339,0.613333,1.0081,1.32177,3.81979,0.818623,8.64148,14.1798,9.81962,4.6052,13.2843,8.20555,1.71171,0.954146,0.475023,2.29773,3.2481,1.65115,0.473391,0.477916,0.659605
0.0130032,0.67635,4.55383,5.34187,4.31121,12.4538,6.29215,2.32442,3.84592,1.96453,3.39036,11.6523,15.2228,8.74702,1.41901,0.0538628,2.58139,4.57708,0.323139,1.66226,0.430987,0.130159
0.42862,0.480176,6.50553,13.039,10.3093,1.12769,8.85261,2.84958,6.46078,5.26064,3.6521,5.27069,0.439572,3.59778,0.666847,1.80033,11.2074,14.3931,4.81353,0.233499,0.525276,1.60438
0.0598318,0.562132,6.41514,4.31164,3.43495,7.75565,13.2737,1.87944,12.7773,8.80611,0.848435,2.07011,3.63295,4.12421,0.040284,0.602178,7.74279,10.1442,3.60043,0.0369431,0.0891548,0.200351
0.0361568,0.357019,1.52742,5.88095,10.5919,10.1898,6.30512,5.28872,8.11233,5.72418,0.27879,0.326611,4.39013,4.40456,0.442142,0.354131,1.03281,1.38444,0.0924582,0.808351,0.538184,0.402953
0.032842,0.597711,4.22386,8.4876,11.6309,17.8825,17.4887,6.95755,1.02795,0.254911,0.752947,3.97853,2.19145,1.18323,0.0256355,0.583311,8.7279,11.4629,3.69789,0.506262,0.119371,0.269639
0.336661,0.511277,6.8003,6.54749,1.74732,1.79741,2.47423,1.9905,3.62844,3.07623,1.10671,3.6239,5.22912,2.84628,0.61058,0.703568,7.64772,10.6821,3.35583,0.174008,0.568856,0.0252478
0.210232,0.769019,5.54613,9.82625,5.00814,4.06098,3.45787,0.774366,4.44188,3.57313,0.159302,1.22005,1.02707,0.401405,0.142861,0.91979,3.6863,4.71479,1.67815,0.256415,0.203839,0.0186346
0.232406,0.0585729,0.3047,1.00022,2.97482,5.82689,5.19641,0.135831,3.16265,1.81446,0.217105,0.74803,1.22795,1.01314,0.264017,0.410176,3.25802,4.40711,1.47491,0.0176597,0.304275,0.118366
0.308691,0.699442,4.95527,5.86304,0.780268,3.73344,4.0029,0.492713,1.0378,0.369993,0.902903,2.0958,1.99643,0.783826,0.319149,0.656086,7.12538,9.87573,3.18744,0.174364,0.293288,0.895972
0.228645,0.438665,4.40944,5.93867,0.466087,3.31301,2.13253,0.365734,0.383184,0.087693,0.153965,1.1969,0.756373,0.185678,0.0914736,0.671773,6.42457,8.80325,2.99944,0.0339881,0.231218,0.18788
0.0153257,0.0907027,0.118572,0.658648,0.877836,1.14714,1.33725,0.468491,0.562813,0.410259,0.426744,0.534779,0.311092,0.770097,0.448269,0.516276,2.13709,2.73218,1.02472,0.153205,0.24233,0.469143
0.242285,0.453407,2.78797,3.27976,1.01503,0.574022,0.562635,0.121686,0.358708,0.421146,0.00111123,0.558443,0.600462,0.158107,0.191778,0.469767,4.15186,5.11263,1.40909,0.116358,0.278397,0.24183
0.106351,0.11856,1.8136,2.28787,0.104078,0.470386,0.0906204,0.0778517,0.218219,0.195594,0.786881,1.43906,0.433647,0.515222,0.101499,0.362679,5.97019,8.21552,2.4862,0.359906,0.240172,0.208937
0.0907121,0.102148,0.317876,0.161036,0.817139,0.768285,0.344318,0.0241889,0.00585029,0.161985,0.376838,1.57345,1.36605,0.480869,0.448769,0.11003,3.34642,5.38251,2.01718,0.309124,0.336627,0.878979
0.0225152,0.183393,0.834793,1.10142,0.67736,0.336576,0.114459,0.137264,0.284798,0.186361,0.571656,1.29617,1.07291,0.472209,0.035692,0.0627385,0.778955,0.858093,0.335282,0.0668883,0.210155,0.0281826
0.0767489,0.0464207,0.294569,0.454028,0.0820812,0.114294,0.363434,0.138728,0.152428,0.25865,0.818952,1.3894,0.719843,0.192535,0.0604792,0.956336,4.39182,4.40728,0.6979,0.214422,0.0495772,1.03883
0.0663866,0.0145497,0.0599858,0.165292,0.061266,0.180585,0.352386,0.234365,0.104277,0.0473213,0.350935,0.952289,0.169102,0.389199,0.100431,0.151248,0.314026,0.816867,0.538288,0.165477,0.350033,0.94909
0.0292652,0.0301894,0.0492948,0.0616046,0.203635,0.192648,0.162873,0.0925753,0.0309659,0.114932,0.234867,1.0477,1.08835,0.313457,0.0587727,0.516679,2.28246,2.72702,1.17404,0.375326,0.150976,0.587323
0.030755,0.00950273,0.052431,0.179975,0.286017,0.0894593,0.147838,0.0749668,0.0454578,0.0556384,0.101124,0.253794,0.281869,0.194442,0.0358129,0.216858,0.941733,1.15369,0.486104,0.188266,0.300761,0.76265
0.00146364,0.00663387,0.0647324,0.0296872,0.198204,0.0744997,0.172883,0.0160754,0.155944,0.112079,0.325246,0.808271,0.739704,0.243144,0.0805259,0.0566266,0.848239,1.1748,0.509843,0.0479961,0.0738192,1.26503
0.0300225,0.0149423,0.0638099,0.184503,0.174546,0.0120063,0.13122,0.0331755,0.313813,0.366969,0.260772,1.16929,0.766679,0.090009,0.101536,0.111032,1.43087,2.13848,0.741886,0.0348341,0.0311743,0.113753
0.00896685,0.00623912,0.0787399,0.143844,0.0151276,0.160127,0.0147684,0.0607138,0.169897,0.0626601,0.277202,1.20013,1.11607,0.451481,0.338773,0.214177,1.96408,2.35314,0.629197,0.0255179,0.053206,0.76024
0.000828225,0.00986912,0.0906551,0.120761,0.0403714,0.152798,0.104535,0.0366139,0.0334726,0.0930384,0.172899,0.346314,0.416184,0.120472,0.230865,0.0974366,0.180464,0.0561121,0.282594,0.0247428,0.248024,0.698265
0.0132903,0.0166745,0.0480936,0.111533,0.141676,0.0921998,0.0371841,0.0882952,0.11717,0.192537,0.516545,1.08141,0.755212,0.0678162,0.0274507,0.330955,2.17259,2.711,0.834842,0.00560064,0.0885252,0.270084
7.22855e-05,0.00183955,0.0224041,0.13032,0.271891,0.167225,0.130096,0.0641012,0.193098,0.14683,0.90445,2.22146,1.35135,0.229402,0.435069,0.0776252,0.739878,2.14325,1.46589,0.580836,0.671232,0.210385
0.162554,0.653013,1.14964,3.53525,4.79809,11.8968,4.02919,8.40079,11.6909,4.20775,3.91242,8.36344,0.566695,7.04576,5.02125,7.02585,14.6989,10.6178,0.993259,4.2864,2.70042,1.48945
0.380257,1.19902,7.63081,11.0358,1.87605,9.61804,4.1385,2.05368,16.7257,14.7901,3.95593,10.7039,3.03147,11.0324,4.94921,1.38545,2.05122,3.36401,0.0533512,2.12798,0.832541,1.60892
0.223179,0.378393,4.6999,8.16275,8.59724,10.3708,5.00438,0.152568,4.2565,4.31254,5.92686,13.6905,12.7338,6.7116,2.06269,1.37226,9.47597,10.9032,2.61853,0.301228,1.06326,0.257656
0.125788,0.13685,0.938396,5.30213,6.58271,4.89199,7.7374,4.03013,11.0603,8.7127,4.59654,12.3162,15.4944,8.48143,0.050559,0.011725,9.64751,12.0457,2.1465,1.40694,0.816712,2.98522
0.00803501,0.444906,6.08655,4.27889,4.89635,2.22792,3.79168,2.87151,16.6094,13.8438,2.67366,6.03613,4.35405,6.76311,0.495514,0.245554,2.32877,4.74043,0.825588,1.52599,0.0256742,1.15989
0.568914,0.597176,7.87067,15.5639,15.7656,16.3035,15.9134,4.03764,8.05567,5.75089,3.43213,5.06004,0.937487,3.72334,0.188723,0.360329,1.61383,0.410253,0.204127,0.696499,1.08104,1.09079
0.299676,0.578431,6.21124,5.60536,6.95282,18.1359,17.593,8.10898,4.47256,3.50945,2.48202,6.3969,9.52211,5.32632,0.693458,0.834239,0.460801,0.895674,0.051627,0.135448,0.928073,0.394733
0.143134,0.318762,0.272288,3.19768,4.35182,1.44899,2.87813,4.03448,11.5371,8.43521,0.784837,2.21283,0.180562,0.303894,0.997705,0.322497,1.05267,2.01917,0.502518,0.399861,0.0297884,1.53231
0.225005,0.480714,4.51043,7.61507,1.89037,8.71929,10.2958,0.727174,9.63105,5.72801,0.474165,0.52062,3.43179,3.34923,0.635247,0.576299,3.16777,3.81934,1.08124,0.128121,0.0706719,0.37511
0.169738,1.10322,7.37683,10.2422,2.41148,4.51079,2.0018,0.533453,4.28827,2.67888,0.644567,1.1326,1.98092,1.4986,0.0322743,0.0688081,0.816749,1.75138,0.978158,0.120653,0.0308308,0.459427
0.0723047,0.316693,3.88967,4.78794,0.895775,2.0289,1.93726,0.171733,0.156012,0.21043,0.0800516,0.408961,0.401128,0.794114,0.566516,0.079407,0.198851,0.215356,0.144838,0.0441002,0.120448,0.00051815
0.147557,0.149365,1.47004,0.821694,3.67631,7.83486,6.47081,1.96093,1.02151,1.2375,0.347183,0.214137,0.745675,0.594176,0.259497,0.44243,0.13818,0.952065,0.494585,0.00477855,0.231989,0.176872
0.140205,0.892386,5.26809,7.24247,3.6482,2.05128,2.39619,1.29948,0.944323,0.993644,0.091773,1.07211,0.807404,0.0766314,0.15517,0.336504,1.86432,1.93304,0.384858,0.149018,0.094905,0.573924
0.252065,0.0963644,2.8518,3.37728,0.109412,0.104106,0.559074,0.499278,0.655805,0.413155,0.894497,1.83977,1.03065,0.0509528,0.139208,0.0619,0.264018,0.557365,0.539284,0.188329,0.00956444,0.106966
0.0267624,0.390604,1.42202,0.792855,1.11859,1.32238,0.538937,0.195598,0.114203,0.107865,0.683014,2.00649,1.51866,0.258713,0.0894288,0.222795,1.24232,1.21706,0.171045,0.0313606,0.0317724,0.42142
0.192386,0.315584,2.02929,2.3898,0.99634,0.580193,0.4033,0.0470443,0.20242,0.177938,0.36774,1.0175,0.710303,0.15021,0.0154614,0.473928,0.622386,0.0783879,0.102525,0.20759,0.10864,0.71267
0.28194,0.062917,0.176528,0.52245,0.222667,0.0252906,0.0307786,0.0592717,0.047269,0.0328362,0.173687,0.093838,0.306381,0.254065,0.000449281,0.379937,1.63579,1.8071,0.363093,0.352373,0.0762274,0.0482496
0.142474,0.207649,0.539096,0.478981,0.0171896,0.129174,0.0304124,0.0730673,0.200338,0.29253,0.17629,0.0244754,0.00910999,0.0785283,0.0179531,0.196659,0.89729,1.13575,0.432713,0.0542318,0.00539721,0.771596
0.0456619,0.0121211,0.161831,0.26018,0.113005,0.0474423,0.0793085,0.0106686,0.122015,0.0894004,0.0143944,0.0868953,0.199442,0.0188435,0.167539,0.11595,0.647984,0.523008,0.0886881,0.251413,0.107373,0.758215
0.0482859,0.00110052,0.0722958,0.0296595,0.0327429,0.0142033,0.0481805,0.120817,0.10194,0.0986529,0.0767334,0.462026,0.45286,0.229073,0.117509,0.148513,0.152065,0.691391,0.397172,0.00181651,0.0474319,0.027581
0.0277636,0.020757,0.0339678,0.0790029,0.101107,0.0247697,0.0780011,0.131603,0.227504,0.180888,0.447062,1.0259,0.71282,0.0233581,0.0529933,0.171086,1.3938,1.90896,0.577143,0.167721,0.0101334,0.0418749
0.0192376,0.011619,0.00194601,0.0684875,0.138336,0.0236995,0.174724,0.176307,0.199532,0.185422,0.368532,0.925602,0.338854,0.224586,0.0522814,0.0261394,1.81642,2.57228,0.657936,0.217613,0.098527,0.0822965
0.0394906,0.0151933,0.0014602,0.102208,0.196651,0.0143045,0.183243,0.12506,0.145489,0.143335,0.466718,0.985369,0.801243,0.317995,0.218599,0.124399,1.07603,1.85101,0.786446,0.0313858,0.153413,0.00803998
0.0296843,0.0091028,0.0166883,0.0746877,0.263831,0.198586,0.0097965,0.012057,0.0416638,0.0319799,0.303992,0.789194,0.647906,0.208336,0.0513787,0.0238755,0.17333,0.273108,0.0799293,0.0105498,0.00862817,0.145294
0.0235938,0.0111778,0.0388717,0.184018,0.314038,0.277011,0.244133,0.294578,0.27307,0.221755,0.0764371,0.534662,0.234626,0.140592,0.053578,0.346111,1.76203,2.03068,0.497985,0.150002,0.072476,0.0509705
0.00616492,0.0012091,0.0492924,0.0357127,0.203627,0.147579,1.69501e-07,0.00264599,0.151395,0.19161,0.0975991,0.0580695,0.0094825,0.105578,0.202714,0.215195,0.542918,1.01623,0.195674,0.222824,0.00959708,0.265963
0.0200089,0.0175014,0.0131332,0.0596983,0.118299,0.0341833,0.00784977,0.098472,0.205184,0.216093,0.564988,0.982413,0.41487,0.195969,0.13884,0.112708,0.627027,0.871779,0.178322,0.185492,0.000722504,0.608639
0.00479367,0.00592112,0.0491044,0.0807861,0.0661235,0.0484797,0.00456535,0.0267923,0.105229,0.13239,0.706544,1.65537,1.16346,0.220848,0.0212332,0.0529028,0.0711086,0.550133,0.558422,0.156451,0.141703,0.091922
0.144241,0.00814804,0.411949,1.23614,0.958873,2.46399,1.3657,1.85722,3.10898,0.968689,2.09305,3.44569,1.2571,1.75829,1.40431,2.30157,2.83662,4.11614,1.00787,1.47986,0.391898,0.438974
0.258658,0.0664523,1.02196,1.53369,9.85642,11.3807,1.97479,2.49783,0.906984,0.633537,5.40433,2.38597,2.86787,2.75234,0.348044,0.377746,6.5076,8.03404,3.07413,2.37834,3.47335,2.27332
0.0110313,1.22286,2.70688,4.02427,1.73647,13.4139,12.7545,8.25559,10.5095,6.81949,1.56113,3.1577,12.2417,11.6661,4.41839,3.78921,9.39036,9.9732,1.97668,0.797389,2.89478,0.717105
0.460096,1.96168,7.20448,9.66361,16.2904,17.3293,4.43767,5.52623,11.2154,6.33313,1.19237,0.483781,1.45168,1.4406,0.679941,4.0484,15.4763,17.6084,3.76797,2.8464,1.83896,0.570446
0.0854308,0.4717,0.864817,2.99102,0.495349,8.54371,4.01854,0.200069,3.8614,0.0465505,5.21967,0.283925,7.85463,7.03542,0.479927,2.09417,6.13762,8.30706,3.03511,0.56305,0.178586,0.0822653
0.578513,1.17133,6.21768,3.32723,9.86731,14.1929,7.1305,1.30307,1.13765,4.14283,4.80549,0.302458,5.92797,3.94695,0.0149252,1.42047,5.89133,6.54364,1.25807,1.04791,0.892778,0.48956
0.0835312,0.603769,2.26647,0.436694,0.0403763,2.12117,1.12547,3.77374,4.79659,5.07757,2.15519,1.00601,0.776106,0.825834,0.288368,1.78773,9.86784,12.699,3.86388,0.508676,0.0562014,0.37042
0.250103,1.25823,4.93557,5.50998,2.50638,2.50963,3.62699,3.79578,4.83363,2.9903,0.666431,1.72961,2.78743,2.02902,0.808689,1.21027,6.08465,8.43467,2.88832,0.399248,0.0708919,0.123911
0.491359,0.922271,3.93842,4.63806,4.56726,4.896,2.91031,1.84789,2.14815,0.123893,1.93118,1.26132,0.0117685,0.13696,0.351253,0.521768,0.638439,0.432734,0.120035,0.211558,0.0471973,0.0655161
0.209481,0.401922,1.77171,1.75251,3.37288,4.18556,0.440034,1.20475,0.653344,0.963029,1.62663,0.15817,0.416295,0.290889,0.0585006,0.869262,5.71186,6.81085,1.7599,0.450305,0.0555392,0.0578337
0.258146,1.30099,4.44904,3.12515,2.11145,3.72866,1.54917,0.135746,0.0672047,1.0414,1.94552,1.06987,0.202888,0.144274,0.0752207,0.123928,5.01534,7.48455,2.61099,0.20911,0.00454834,0.205913
0.172576,0.544261,1.56903,0.546709,0.255974,0.579019,0.325166,0.0446007,0.253163,0.924306,1.61775,1.33293,0.579537,0.234756,0.0987282,0.124807,2.3186,3.76047,1.48571,0.0821311,0.200587,0.207029
0.0958785,0.357167,1.65371,1.77229,0.794797,0.824715,0.91133,0.351893,0.0581349,0.655884,1.1939,0.177209,0.539833,0.0843059,0.171698,0.0771155,0.964195,1.02187,0.0649534,0.128253,0.394533,0.277107
0.0577668,0.629887,2.0996,1.92025,0.0724415,0.581497,0.110607,0.313973,0.0674825,0.468617,0.830233,0.108321,0.588141,0.31123,0.0174369,0.230293,3.36817,4.77268,1.83933,0.0029519,0.373318,0.423924
0.0090081,0.243406,0.4339,0.296486,0.615973,0.234164,0.377895,0.0711547,0.230505,0.453464,1.91753,1.99727,0.4111,0.301431,0.0981901,0.378234,3.44126,4.68091,1.62771,0.369291,0.678598,0.248749
0.0345501,0.0651194,0.484904,1.34626,2.13321,1.98529,1.26292,0.224466,0.538318,0.348183,0.300082,1.54428,1.16814,0.260428,0.312846,0.155474,0.454047,0.964479,0.422516,0.356732,0.511841,0.0251769
0.0313753,0.143515,0.372361,0.944721,1.06874,0.52802,0.9718,0.900048,0.320393,0.937642,2.08042,2.60613,1.36151,0.0364409,0.0139431,0.0387974,1.75832,2.64925,0.865154,0.641387,0.948373,0.66715
0.0591215,0.0617315,0.160652,0.368058,0.445759,1.30273,1.0687,0.954239,0.775151,0.487165,0.299366,1.36534,0.651432,0.253753,0.0470327,0.25359,3.41862,4.67953,1.4727,0.309235,0.843027,0.224928
0.00767713,0.0428943,0.129997,0.944515,2.10127,2.50056,2.19465,1.07204,0.221972,0.209735,1.01909,1.26688,0.875055,0.351367,0.224463,0.564348,3.19868,3.30826,0.648149,0.831465,1.4474,0.700907
0.0806248,0.0967005,0.267661,1.04521,1.97068,1.10469,2.13544,2.79404,1.6683,0.267384,0.692094,0.0907213,0.413207,0.160677,0.247722,0.268539,2.56283,2.96475,0.824153,0.605705,1.21363,0.776768
0.0761783,0.0565842,0.154495,0.975166,3.18481,3.24137,2.27283,1.75452,0.984101,0.173737,0.633855,0.178983,1.03154,0.748406,0.192718,0.523224,4.73584,6.14296,2.21196,1.01155,1.36968,0.955374
0.0618093,0.0774738,0.240252,0.651534,0.965643,0.71017,2.37735,2.18336,2.02385,1.59416,0.509861,0.12813,0.237763,0.426675,0.0793207,0.291555,2.10191,3.18478,1.7624,0.194441,0.297628,0.075621
0.0391813,0.0714861,0.015382,0.583508,0.403528,0.493392,3.00444,3.55764,1.867,1.2544,0.592751,0.762911,1.18951,0.694259,0.157357,0.0141893,1.19171,1.88738,0.759204,0.121548,0.48652,0.528837
0.0793706,0.132969,0.510078,1.75546,3.47443,4.17286,4.15777,1.64996,1.2702,1.25787,0.703432,0.49016,0.643873,0.646349,0.45652,0.183274,2.5589,4.21228,1.79326,0.166126,0.527784,0.475395
0.106085,0.00840075,0.12322,1.67036,2.71085,0.126375,1.19705,1.24004,2.6157,2.48134,1.4301,0.881189,0.580823,0.513463,0.15003,0.334381,3.49072,4.46869,1.10423,0.206728,0.630545,0.145602
0.062869,0.0855322,0.712681,0.471532,4.57537,3.42231,2.44037,2.00052,0.235708,0.914548,0.712099,0.819982,1.77164,1.42288,0.190126,0.0349095,1.71068,2.91561,1.69747,0.23265,0.828237,0.542344
0.0276557,0.0304115,0.194764,0.242046,0.904343,2.23635,5.87539,2.47997,2.52008,1.77651,0.886004,1.97338,2.18257,1.5457,0.644971,0.205741,1.2102,1.23865,0.0977,0.927982,0.777518,0.29344
0.0775605,0.154548,0.534746,0.0410755,1.24973,2.56432,0.836617,2.59726,0.223077,0.76917,0.141155,0.423606,0.634642,1.54272,0.741166,0.139176,1.45008,3.31572,1.83906,0.00248992,0.0545109,0.201511
0.00976373,0.05705,0.234344,0.971051,3.8864,5.12389,0.78449,3.57392,1.88866,3.3377,0.774503,1.08045,0.206018,2.08865,1.69299,0.360637,4.80486,6.90151,0.802041,1.69325,0.435804,0.267661
0.0839707,0.143942,1.14474,0.171881,1.12634,8.60618,10.2225,4.11904,0.00496168,1.58446,3.81321,0.639045,4.86921,3.05889,1.45509,1.0293,6.30252,7.90368,1.34144,2.41617,2.21982,0.514112
0.17144,0.482056,2.76907,2.61509,7.46097,12.0681,1.20076,4.89402,4.87912,5.14198,4.37375,3.18834,0.369533,0.765094,0.470998,1.61622,3.17227,2.64382,0.422866,1.01858,0.720247,0.74853
0.00287243,0.27624,1.12183,0.0769163,8.0976,14.0307,7.32006,3.04706,8.01707,7.21238,0.755771,0.666064,3.00269,3.5641,0.219543,0.0642712,6.37324,8.73431,2.14504,0.796654,0.928284,1.12412
0.520305,0.892929,4.02036,2.05915,4.25483,12.1169,9.23897,0.228076,6.05818,4.05721,0.60481,1.40517,6.16207,5.70849,2.53352,1.25641,4.16946,6.50245,0.969777,1.47253,0.114611,0.874426
0.406257,0.0351304,0.975814,2.21025,13.4511,14.566,0.530537,2.76575,1.02773,1.43106,1.85388,0.650071,3.15851,3.66369,2.01099,2.02534,0.000622425,1.52157,0.206243,1.34058,0.255776,0.897595
0.0840863,1.05819,3.93964,6.72265,2.64163,6.63333,6.62633,3.55435,6.46593,6.49107,3.57104,4.4801,8.78928,7.07967,0.332656,2.13491,1.72876,0.467125,0.259975,0.436274,0.253815,1.31012
0.346182,0.583085,2.21344,4.93797,11.7995,14.722,8.77036,1.08153,8.49781,6.48204,1.0616,2.29594,4.33135,3.17824,0.0926151,1.66911,2.66943,1.94471,0.260115,0.91626,1.21757,1.28277
0.0443084,0.77191,3.44801,0.83237,3.38507,3.35638,7.46834,6.63637,1.61063,1.4835,0.266841,0.347793,5.5148,6.43444,1.97339,1.44612,3.47925,4.37739,2.22219,0.644925,0.135466,1.45169
0.389957,0.963929,4.24073,2.5281,3.73087,8.82587,12.4181,11.2868,8.60709,5.84329,2.85851,1.37443,1.52507,2.35062,0.542823,0.216811,1.37386,2.225,0.0927995,3.02251,3.78442,3.20377
0.00522327,0.0757006,0.180576,0.8728,1.88722,3.85179,0.0917734,1.3183,0.450233,2.05384,2.89464,0.0382634,5.15251,5.00261,1.10663,0.154413,0.239221,0.161221,1.67909,2.15092,0.600313,1.38675
0.3493,0.677982,3.86187,2.62022,0.341603,0.0143516,4.42527,7.95662,5.52499,0.669503,4.45098,1.14911,1.09574,2.80264,0.763304,0.127709,1.0862,2.45029,3.86252,4.17273,2.93277,1.51398
0.0555683,0.434848,2.27178,1.00247,10.3138,15.9136,14.9339,7.49645,3.63328,1.03445,5.38407,4.44327,1.52483,1.02918,0.476147,0.318014,1.75932,3.18531,1.5332,0.449268,1.21736,1.69178
0.074642,0.456129,1.47217,5.47758,6.14694,3.16031,7.02607,4.87624,1.00434,2.90325,4.97834,0.562806,5.2223,4.786,1.44358,0.356421,0.806113,1.21338,1.97695,3.67371,1.53582,1.08926
0.0294199,0.47395,1.68241,5.02341,10.9603,10.8289,5.96894,3.35832,2.00858,7.09266,6.89039,4.20761,2.71214,1.96512,0.541779,0.464946,1.88682,1.66511,1.45269,2.09563,0.556113,0.858091
0.321804,0.0178784,0.558751,0.615422,0.462542,7.53982,10.4788,5.06435,3.02867,6.36398,5.88364,3.05118,5.56423,6.24728,1.95176,0.818199,1.32101,1.12937,0.488161,1.72374,0.682327,0.286515
0.166628,0.221803,0.766809,2.4911,1.05307,1.00347,11.1758,12.157,1.80439,1.07786,4.61887,1.17429,4.09362,4.18579,2.02704,0.625622,2.32116,2.54932,1.07033,1.47121,0.782075,0.192844
0.00768024,0.18234,1.12917,3.68708,13.8196,15.9326,12.9301,5.87816,4.09445,1.77667,5.15689,1.77671,6.22444,7.18456,1.32044,1.00828,3.31284,5.93563,3.94914,3.32798,3.65122,3.00364
0.120809,0.0378021,0.912911,4.576,9.60072,1.83134,4.21209,6.23131,7.90942,1.66091,3.52366,3.0889,6.05261,6.29415,0.353247,2.22907,1.12535,4.60801,2.34794,1.68408,1.25605,1.89603
0.14845,0.276793,1.10331,4.85192,11.9586,6.67033,8.11216,6.38603,2.99096,4.27427,2.75186,2.20152,6.0359,6.80144,2.84649,1.88935,0.800828,0.51325,1.19488,1.50254,2.47237,3.2568
0.0106725,0.38685,1.44094,1.93984,1.0241,6.37888,14.4095,4.12343,10.6067,8.75342,2.52527,2.54357,9.63625,8.50698,2.91449,3.05003,5.06109,5.33798,5.44406,5.71913,1.18055,3.07999
0.281977,0.0485708,0.870491,3.70439,2.97512,0.0678619,3.79548,4.88603,0.0349317,0.858568,0.702808,0.298266,6.26832,6.89816,0.086671,2.81923,3.41461,4.84839,6.24878,6.12439,0.636884,4.26686
0.200888,0.383735,1.48732,5.88692,13.1877,8.74769,2.42877,1.60091,10.2546,6.99309,2.10819,0.539108,8.14964,9.00004,0.477483,2.28026,0.0333328,0.405992,2.16219,2.65648,2.29536,4.61836
0.313387,0.268273,0.83972,4.01108,10.4457,0.258741,15.2905,9.66462,3.93779,5.88772,2.7579,0.209633,4.84932,5.19028,1.92821,1.63313,1.015,4.49901,3.43039,0.872463,1.85751,3.75415
0.116064,0.0775137,1.80872,1.42481,11.5679,6.337,11.8808,14.0859,5.3884,0.550969,1.96349,1.72686,8.96373,10.7862,3.56435,0.651514,1.76646,3.92444,5.05026,5.53106,4.09334,3.8057
0.420213,0.0465389,0.590267,1.99186,3.99157,0.0788881,3.51692,1.79456,4.66987,3.36246,3.03549,2.94372,2.23655,2.21535,0.363573,0.533235,0.712361,0.920496,2.81912,5.04949,1.98374,0.882972
0.190567,0.395458,1.60247,0.774286,0.0953492,4.41027,11.5167,8.67361,2.78278,3.18052,3.41201,0.965636,11.9601,11.5558,2.15959,0.6071,1.69742,4.05123,0.0867838,5.15545,4.18851,1.10187
0.175793,0.0740622,0.394434,2.78009,8.0737,0.0414603,15.0381,8.86909,0.64402,5.13624,6.55976,3.60485,1.48751,0.808921,0.444607,0.380993,3.4637,4.05284,0.257282,0.381848,3.4613,2.09363
0.0789875,0.555666,1.98863,5.49989,11.2372,3.35619,11.6074,9.62098,7.23113,11.2488,7.44083,4.08962,10.45,11.52,3.86261,1.1252,3.36145,0.384246,1.02802,3.07386,2.22344,2.28107
0.123741,0.380894,1.55248,0.725254,10.208,5.60762,6.13168,4.98912,0.568719,4.21531,7.36752,1.61382,5.00389,5.56655,2.5809,3.1976,8.11351,11.0004,7.25115,3.23581,4.0634,5.68921
0.316614,1.21079,2.07841,2.73231,3.0125,3.75158,6.78457,10.9546,15.8478,6.87941,7.54793,4.38124,5.34965,6.29966,1.34009,1.62019,11.2623,17.4246,10.3357,5.94418,5.60627,4.22234
0.259455,1.27591,4.17547,3.86223,1.87708,1.02369,13.2168,17.607,15.3374,4.85758,4.68887,4.18277,9.60952,9.82268,2.63742,1.34286,5.51155,11.6211,7.42949,3.50079,3.24146,4.08056
0.233662,0.342244,1.62414,3.67552,4.74078,2.48731,11.0192,4.80227,4.0422,4.65577,3.86081,4.46526,10.1093,9.56497,0.943844,4.06563,1.0121,3.47329,2.55009,2.66437,4.25823,4.95194
0.171862,1.24146,3.83145,7.7152,15.3854,14.5339,4.84675,8.68711,19.4208,14.3649,4.94633,1.03969,12.4223,13.0032,0.61564,5.47895,6.67005,7.286,4.78639,3.73908,1.20077,2.84203
0.217171,0.20531,1.21304,4.6249,8.21031,3.63081,8.31675,11.7388,12.5521,10.5746,3.49469,2.24521,11.518,11.5462,5.55138,5.82402,9.99573,11.1006,7.00183,2.49231,3.69805,4.55387
0.0481676,1.15566,5.15259,1.18681,17.9571,24.5583,20.618,7.27059,4.95208,2.3306,1.84248,3.55745,10.1715,10.2287,3.64329,3.65448,7.60999,8.07102,6.89564,8.31808,4.62104,1.66776
0.0241747,0.196045,0.558557,1.89517,1.75115,6.97626,3.43034,4.42118,10.4458,8.77159,0.441559,2.51033,8.36335,8.45605,0.542622,2.08521,0.807982,0.464585,2.28493,1.53224,2.76835,3.12594
0.676178,1.00156,5.10925,2.79497,3.16139,6.13989,0.207347,3.00282,6.10891,5.48139,1.86029,0.741225,7.16124,8.54807,1.13177,0.731119,5.15977,6.08201,1.67864,0.414446,0.78179,0.0341987
0.036495,0.838109,3.62393,3.74618,20.0093,25.9962,25.337,17.0351,4.0548,0.701782,0.875311,0.378882,2.98214,2.94033,0.894198,0.207971,4.7206,6.34871,4.1765,4.43398,2.14752,0.199938
0.474447,1.0398,3.5123,12.474,17.1181,11.4167,19.6655,16.311,6.89258,10.4442,2.07547,2.99673,11.8941,12.3326,3.53289,0.0298691,0.961905,2.40963,4.60097,5.27285,0.54345,1.91282
0.18593,1.75054,5.70384,14.9141,26.0722,23.3252,13.0987,0.210562,11.0345,5.58318,1.87279,2.7096,1.83948,0.101498,1.86386,1.55938,1.51524,1.12177,3.91036,4.82674,0.342783,3.70464
0.227029,0.0404564,0.846697,6.8822,14.3031,1.29664,11.6626,6.04337,4.65169,8.32719,4.63695,4.08566,13.8095,13.4795,3.26506,1.09931,2.18979,3.31228,1.65771,3.92899,0.351735,3.28215
0.413244,1.7422,6.89584,4.20005,9.06346,4.11923,16.4973,6.32419,14.244,11.2298,4.92625,0.595539,3.0115,2.35339,2.17988,2.51209,0.983507,2.99601,1.28179,2.51342,6.26688,6.55461
0.109521,1.0691,3.06729,5.94236,10.5701,19.3436,26.7758,14.8207,3.17041,7.26314,6.85005,0.652412,13.7451,14.3433,1.10274,3.5684,1.65439,1.44227,4.97546,2.86113,0.877598,4.18623
0.178831,1.05011,3.84343,2.90271,9.19162,3.00639,6.96619,15.4914,13.863,3.03169,5.10279,4.79707,7.15808,4.96006,2.11881,4.1911,4.09753,2.51653,4.55566,9.45297,8.69561,6.23177
0.480043,0.221589,3.18496,3.75322,21.9098,18.4351,3.82903,5.62791,8.5506,4.67144,5.78173,8.8228,21.5823,21.7255,7.12329,3.42358,4.42228,4.49814,1.3726,5.48856,2.41976,1.2998
0.0277821,0.737119,1.25948,6.00038,10.8923,4.47392,24.6814,20.4195,5.68853,3.7221,7.33142,1.21879,8.2219,8.22955,4.13517,3.48069,1.60934,0.300366,0.624833,1.36133,1.8424,1.68747
0.390009,0.524521,2.49055,5.15157,14.6158,9.1466,13.2623,13.1389,7.94114,11.2595,9.29304,0.54936,19.7372,20.5248,3.12238,2.10004,4.2441,6.12236,1.71395,6.68355,4.01639,1.20341
0.321102,0.156511,1.18577,1.15647,4.05392,10.8002,9.0557,2.11316,4.66267,9.73672,7.78086,3.81518,6.0198,7.39109,1.77427,0.774517,3.03869,4.06347,4.18134,7.30586,2.39151,1.62366
0.169103,0.789937,2.84489,4.90036,2.81186,8.67265,14.6391,3.85753,2.6732,3.99965,5.59498,6.11192,17.0304,17.1455,3.41838,0.26505,2.43373,1.60856,2.4101,4.95113,4.67506,2.8295
0.100732,0.178406,1.35619,3.07647,18.3091,10.3467,16.7832,16.6686,9.04546,3.90136,5.70221,3.99319,2.97908,4.46562,0.838819,0.21555,4.70123,6.99064,3.00485,0.735166,1.97088,2.73422
0.33138,0.359749,3.39848,2.13453,11.7156,3.49917,23.8209,23.1045,17.76,8.09503,2.73434,2.5791,16.0802,15.0533,4.68742,0.831235,3.23858,5.81835,0.506639,3.12665,2.03519,6.20074
0.232724,0.0191637,0.0611402,6.49912,21.1444,18.0661,0.564373,4.30187,3.02523,6.49315,5.0778,3.36678,4.49639,3.06425,0.898021,2.95031,3.28364,2.01821,4.16897,5.51771,0.513508,5.30396
0.537376,1.19375,3.0499,8.43089,7.52599,2.55528,11.4835,21.1366,20.3668,12.3383,2.30734,1.88335,11.634,11.6986,0.676795,4.90755,4.46336,5.6768,5.64209,3.40682,2.98726,5.82979
0.0132832,0.379229,0.750526,1.83549,5.86563,15.9962,25.8072,16.4314,6.02612,3.46061,0.30728,0.0648792,3.3714,4.50081,1.05951,4.22463,5.44044,5.7979,3.97984,4.56125,2.97783,1.60842
0.237263,0.95432,3.13564,5.53488,13.1641,6.55908,13.4552,5.06261,9.66823,5.7624,1.32117,1.07927,7.38344,7.8087,3.00021,3.52272,2.26012,0.578846,0.393765,1.72795,3.61778,1.81107
0.431611,0.114745,0.382427,7.40718,15.7106,5.72502,5.92209,3.24243,9.0223,13.4381,7.44642,4.40093,1.76933,7.63999,3.38565,2.80548,4.79234,1.41855,2.4128,1.68196,2.71895,2.34323
0.213525,0.310129,1.49639,7.71459,25.7431,28.0713,16.2605,2.09268,4.90161,1.34392,7.48821,4.53974,3.53809,5.96654,1.37414,5.40943,15.5297,23.4731,16.7462,7.46571,2.56626,0.0959281
0.275413,0.585865,0.134263,6.64452,4.49567,1.21448,16.2811,19.7413,1.17993,0.374675,12.2237,8.69633,5.1693,4.68285,0.947889,2.16768,19.1301,24.8527,11.0519,4.07663,1.6879,4.47127
0.182092,1.0125,4.08583,1.43838,8.61783,20.0653,27.1974,16.5762,1.09035,5.99754,13.6132,5.11848,3.64055,3.04892,0.641634,1.22503,6.43289,10.7424,6.05845,3.42978,0.654868,4.28806
0.0881059,0.497283,1.738,3.80317,9.19318,5.6667,4.86529,0.47462,1.41673,10.0129,13.0425,1.82387,8.09774,7.63724,3.87705,3.2364,5.35698,4.89596,3.807,2.86715,1.9409,3.04922
0.409907,0.759948,3.48092,2.73823,10.1586,6.10875,4.78138,0.483989,10.2178,12.4345,12.9933,10.8589,5.89003,0.903797,1.18702,1.84163,9.14153,10.6413,7.71057,9.48836,8.90664,5.55498
0.194165,0.873781,3.59478,3.72088,13.9351,14.3818,16.9202,4.35907,13.2861,13.6031,7.23752,1.41689,7.15668,9.21201,2.38166,0.371196,3.77753,6.85393,6.05103,1.62737,3.64279,0.840396
0.127358,1.15961,2.83066,8.82784,17.5891,21.6096,24.3308,19.489,8.7842,0.258731,6.01045,5.88447,4.31611,4.0058,1.98768,0.949729,0.883335,3.81674,2.55967,5.22201,7.50671,2.67676
0.25631,1.17446,3.8695,6.10984,2.07498,1.82169,6.97489,16.064,17.8489,10.1886,0.710513,0.932462,8.64641,6.70224,1.38549,2.08666,2.65472,4.26989,1.5441,7.54305,6.22355,1.51196
0.0694547,0.112445,1.17958,2.19041,8.28952,15.2478,0.419613,6.35372,4.02011,5.55936,0.396508,1.75962,5.06253,4.35066,2.74584,3.25453,3.2953,2.56227,5.43257,6.54311,2.09407,0.195504
0.80063,1.00314,4.58382,8.81018,19.0818,27.917,24.9826,12.2539,0.485146,2.33415,1.72754,6.72115,9.33085,4.11854,0.730446,0.927527,4.11385,5.15335,4.19415,2.39822,0.65475,1.14694
0.629628,0.327641,1.63588,6.7646,1.53739,4.57006,9.76978,9.17312,0.177441,2.27557,1.88244,4.59874,2.32867,4.55708,0.0715681,1.09459,3.02163,2.82019,1.5598,0.292538,2.78112,0.751626
0.292667,1.38408,5.16531,2.93421,24.7817,30.4662,18.8957,10.6529,10.1087,6.87829,2.96531,4.96463,1.28748,2.92084,1.2003,0.190512,0.126712,0.275108,2.04275,6.51434,5.8299,1.20357
0.630934,0.956895,6.28089,0.639169,11.6364,1.23247,4.07112,6.66784,11.0108,5.87797,0.275288,4.15736,7.5057,5.79099,2.67463,2.43077,0.286404,1.03534,0.0499037,0.770995,0.957554,1.76863
0.427985,0.545211,1.46905,9.30959,21.6155,12.7762,9.96658,13.0232,5.07459,3.34548,1.39704,0.29915,2.19446,0.729356,2.98603,0.667839,2.35244,4.19756,2.82048,1.64174,1.78729,0.541063
0.73131,1.79102,5.08196,12.151,14.261,3.22708,19.9126,15.7465,9.77328,9.71224,10.016,9.9441,6.56641,1.44626,1.83667,1.85827,0.0671843,1.14389,2.48783,5.92031,7.52921,4.47317
0.263455,0.290077,1.01235,5.77665,12.7878,4.93439,9.3261,4.78033,0.964924,4.41,4.5215,1.00259,1.40988,1.41325,2.11174,1.3499,1.77352,3.6712,0.76813,2.82511,2.17935,1.07712
0.187431,0.725917,2.89237,3.03255,3.6729,6.99812,7.57488,3.95122,0.660277,0.80718,6.07669,3.30239,3.34038,2.3741,1.10993,0.848668,2.09281,3.3006,0.512832,0.022587,2.29557,2.02982
0.236999,0.0506673,0.489487,4.99946,9.59236,2.86199,3.30177,0.754593,3.69007,5.75231,8.18296,4.39918,1.35653,2.11584,0.432276,0.0100034,0.0366605,0.810272,1.51382,0.185216,0.803235,0.507849
0.0973717,0.587363,1.95926,5.68946,15.5607,5.47044,8.58203,8.68911,6.27941,0.2845,5.01882,0.67866,0.36043,1.6208,0.814758,0.661576,1.70531,2.85221,0.729708,2.41919,5.52127,2.24987
0.0135967,0.0758155,0.305026,7.78487,19.3477,9.94199,8.10605,9.6846,2.82955,4.19,8.00741,7.7725,7.42369,3.15163,1.18575,0.00450471,1.97238,0.499711,5.11193,9.02229,6.39656,1.21327
0.0173143,0.385293,1.42412,7.37353,11.2732,0.0783137,8.59049,1.83474,2.75212,4.60572,7.77927,5.2164,0.345712,2.56698,3.15922,1.54891,1.33202,2.19032,3.88081,7.59885,4.03681,1.26536
0.0698443,0.0921973,0.36055,2.79907,11.7579,10.1956,0.181436,0.888855,1.07162,0.461059,3.86883,0.782933,2.62417,0.511242,2.05535,1.2655,2.035,2.65408,2.46585,1.96517,1.36593,2.37048
0.232857,0.0879743,1.27564,1.3617,2.58146,5.13354,1.93595,0.584432,2.535,7.29732,10.836,10.7806,5.46921,2.45999,2.00038,0.370344,2.12681,2.51509,1.67083,0.297468,0.649756,0.489418
0.154424,0.0230046,0.157785,0.710438,2.21513,8.13542,7.589,2.90285,0.153453,3.04846,3.41093,4.45097,3.97926,2.70067,3.4105,2.34255,3.49467,4.16721,3.13985,1.6812,0.143203,1.01237
0.201065,0.344664,1.05493,0.0327191,5.37873,6.01648,1.66224,3.79787,0.430957,1.33085,8.70828,8.87462,0.971623,2.75524,1.49542,1.27689,2.79908,2.99694,1.9416,4.31843,4.55966,0.346034
0.365288,0.0114775,0.0084391,0.322395,0.701605,3.52882,3.8016,0.27359,1.19074,6.00159,3.82874,5.99045,9.87158,6.5888,3.4646,1.82529,0.346733,0.312779,4.16591,9.9758,10.6793,5.06959
0.0859193,0.487985,0.829237,0.351927,3.63629,5.16536,1.02203,0.617262,2.25185,1.74988,6.36179,4.543,1.08625,0.133023,0.760311,2.39457,2.0835,1.07517,2.96873,1.67299,2.50817,0.785986
0.37152,0.17306,0.140549,1.91782,3.6067,0.723247,1.63917,0.00549471,1.80563,0.314153,3.17878,6.56466,10.0892,8.70625,1.81479,2.31096,1.39697,0.254145,2.79416,1.27944,4.57411,3.55079
0.640908,0.27164,2.25759,0.101193,2.80387,5.82368,8.94377,4.83358,9.30591,11.5158,2.85422,0.303867,9.18393,10.3563,6.26137,4.35843,7.21611,11.0315,3.56634,2.80156,2.77523,2.256
0.312589,0.62753,4.21742,10.9298,20.4293,16.2383,1.4027,5.52863,1.34947,0.374465,0.277573,5.49454,7.92434,3.97174,1.36163,0.614637,12.173,17.5405,9.43184,3.8335,1.48517,0.970818
0.0656917,0.00958467,1.26284,4.58504,0.496554,13.2482,14.2353,1.98527,10.123,13.1284,8.20098,8.47646,15.7703,12.1186,4.10598,4.35479,0.815464,6.84657,8.04426,2.20661,0.0109846,2.39948
0.56399,1.08747,6.36882,7.69469,2.1636,7.06254,1.56542,1.36041,5.90622,7.40017,8.3687,10.4345,14.5589,10.027,0.141278,2.05807,1.20983,2.70484,3.68255,2.14683,0.0693321,1.57328
0.303797,0.113685,1.44034,3.65631,8.72347,10.7762,6.06412,1.08906,3.48224,9.39195,12.3725,6.43641,2.76532,4.95325,2.41662,0.692284,6.4151,9.08645,6.52015,0.858303,7.99611,5.7902
0.917428,1.26127,6.54508,4.36489,0.24945,3.46192,5.15215,3.1933,1.59866,6.7441,8.20792,5.78892,12.7154,5.68315,0.915069,2.44316,1.14216,0.768834,2.07919,2.39468,5.65239,0.111457
0.445384,1.0702,5.12341,2.81936,6.52444,5.60157,2.9731,2.10578,3.08815,2.43776,13.6421,12.091,2.56224,1.16339,2.1478,1.4276,4.9469,4.26879,5.57398,12.1203,12.2232,5.60718
0.11769,1.80566,5.15605,6.73067,6.75734,1.07075,5.84971,0.978528,6.96567,1.60965,3.64647,2.64676,2.36863,1.35347,0.154803,1.50931,4.41133,3.01676,1.81279,0.520846,3.54333,0.737251
0.340136,1.92159,7.73413,9.39972,4.23356,2.24569,5.19524,2.27438,0.771037,4.26732,10.6925,6.43273,0.0138104,1.27645,0.89843,0.287773,1.84491,4.34169,4.39801,3.29074,0.924777,3.38313
0.303006,0.0277026,0.0224446,1.4784,2.98182,1.73091,0.399304,0.581785,1.61241,1.88435,3.95706,2.98391,2.42916,1.90886,1.937,0.0722897,4.41161,6.42303,1.93461,4.26855,5.24235,2.77397
0.736418,1.66147,7.44954,7.77491,3.4149,2.40681,1.01851,1.81562,1.13772,4.14821,8.18165,6.15023,1.9545,0.288906,1.11029,2.65988,3.11042,1.15971,5.12846,8.07154,3.70365,1.02022
0.0649439,1.3021,3.79413,5.07323,3.94132,2.03131,2.55996,3.90744,3.96561,5.72207,3.42762,2.45298,0.693233,1.71126,1.60476,1.94479,5.26467,8.89528,6.66068,6.5555,4.14759,1.32315
0.091852,0.914971,3.40388,0.814704,4.25374,3.96728,3.47372,2.75421,1.13842,2.05835,3.89103,7.57249,2.81513,0.708826,1.90738,3.20017,5.2806,12.3233,7.55892,1.23101,2.51665,1.4733
0.192917,1.16889,4.08107,3.9802,1.77456,0.450948,0.996286,0.700155,1.14207,1.26069,0.981737,6.31178,6.42311,3.09513,2.76652,1.99623,7.25305,12.3378,2.65174,1.07614,4.33136,3.7246
0.585683,0.106333,1.10985,0.829874,0.31165,4.54226,5.42466,3.85748,3.28362,2.75725,1.29479,2.02596,4.90144,4.44011,1.28563,0.244203,6.78334,11.115,0.0843253,11.3551,8.79187,0.46204
0.513419,0.568062,2.89673,1.28144,3.71279,3.19932,0.440855,0.914587,1.17407,2.02715,4.14098,4.24087,2.29226,3.49981,1.53027,0.747392,4.5827,7.13266,1.22437,0.382858,4.7889,3.27517
0.24306,0.548525,1.01397,0.0253907,1.61624,2.59139,1.93122,0.329611,2.14564,2.47211,3.51389,4.41021,2.21866,0.254408,1.5863,3.31042,2.65017,0.198734,2.55081,1.63488,0.675895,0.840451
0.0546395,1.01191,2.55576,0.571635,0.673734,0.253933,1.84636,0.894522,1.9941,0.882688,5.74354,3.98707,5.71032,4.90579,0.862042,0.799546,4.0828,7.49886,2.54762,2.9152,0.294497,1.8721
0.287181,0.137194,0.472909,0.242674,1.93266,1.199,1.71348,1.22119,1.84659,4.56798,0.503404,8.46962,9.36863,3.00793,0.923613,1.74837,4.85692,8.74454,0.211659,6.44761,4.14165,0.363897
0.223204,0.632762,2.13422,0.746226,2.87674,1.28195,3.66985,3.13497,3.40801,4.83548,6.92673,5.13142,0.390605,1.4307,1.47265,2.79228,11.9047,16.446,8.13062,5.56652,5.1235,0.652244
0.0882414,0.120293,0.16674,2.58123,4.25133,2.16212,0.314346,0.429327,2.93613,1.60051,0.116991,1.50727,1.54887,0.519001,1.53766,6.98201,13.8886,11.3196,0.95974,3.39729,2.68086,1.1947
0.113116,0.441975,2.15391,1.51739,1.64705,2.06702,0.143169,1.7091,1.81672,1.63169,0.161018,3.86671,6.79103,5.47764,0.614737,1.59425,17.4065,17.7618,6.07225,4.19319,4.09123,2.27172
0.118125,0.158479,0.174084,3.76065,4.97703,0.242283,1.37197,2.53912,5.19339,1.29388,5.39591,2.20775,7.8981,7.22242,1.14456,0.0318688,5.98875,9.4288,2.61741,1.00517,3.77985,2.55584
0.148176,0.219826,1.98037,5.54688,6.53098,0.775482,4.49481,2.61155,0.24359,3.27457,2.30333,6.1919,7.13004,0.552784,0.224917,0.125905,0.827789,2.93558,3.07612,2.41017,5.46175,2.66401
0.0414377,0.0813817,0.278519,0.432344,1.15943,0.739691,5.31477,5.52193,4.02095,6.08046,8.48213,8.90424,6.17649,2.39095,1.76455,4.93241,10.3784,8.22551,2.20633,2.78757,2.17402,0.875178
0.347808,0.00753944,2.09868,5.42226,4.6719,3.01802,3.62054,1.07616,0.537201,3.64243,3.3351,0.492809,3.09681,3.61262,1.84871,3.74818,2.88315,7.9986,3.14314,0.54208,0.272601,1.36346
0.407743,0.22489,0.756715,3.50249,3.5504,0.907786,1.55454,1.94603,0.540317,2.37583,6.58302,8.64335,8.09048,3.19942,0.708143,7.67962,25.4374,24.3108,7.66677,4.73104,5.08471,2.45561
0.0467334,0.106445,0.990036,1.26847,0.449268,1.18073,0.495973,1.47294,2.10975,1.19744,2.28747,2.73688,4.52652,6.18383,3.91965,0.682986,3.84563,2.51031,1.76011,1.49045,1.18769,2.37705
0.157195,0.0231022,0.646142,1.94942,2.31555,5.80307,9.13394,6.19141,1.14145,1.99627,5.91336,8.95889,3.77728,1.05508,1.32647,1.02279,10.196,12.5356,7.03695,8.91673,7.92188,1.98928
0.181008,0.304044,1.30422,1.51296,5.31039,7.39794,3.27484,6.49943,2.73651,1.25206,1.80032,7.9582,15.6662,9.78549,0.42233,3.15074,1.34735,4.79454,3.31119,0.35556,3.45458,1.66249
0.664204,0.425497,2.55044,1.44017,3.06972,10.2722,8.65413,2.06061,1.34911,0.406959,6.60463,8.76151,2.43281,2.01759,0.744701,0.070927,1.1764,4.4349,5.90809,1.34787,2.30121,0.208263
0.126927,0.104738,0.647554,4.16807,11.5577,11.3644,1.2535,5.14792,8.75618,6.8829,4.00722,2.6538,7.9698,11.2408,2.09996,0.323698,10.2199,12.7557,3.39433,0.277363,1.37331,1.7133
0.0510901,0.674897,3.24493,5.26025,2.27412,10.3055,5.72153,3.04217,6.72196,5.57729,0.0466498,6.44788,11.0597,9.22335,5.75477,5.11597,0.195546,4.35733,1.6782,2.52472,6.28229,4.20419
0.202277,0.234107,0.507954,0.358313,3.72431,7.63386,4.51068,2.09864,3.86764,3.56321,0.959369,4.06735,3.32384,3.75452,4.51639,5.99369,5.46518,1.88276,4.25426,1.88617,2.22082,0.894053
0.161998,0.599668,2.69354,5.92936,9.65753,8.07815,1.82933,1.6627,3.4037,3.07291,4.11221,4.87299,1.12548,4.26881,0.726403,2.70473,13.6489,14.08,3.28479,4.14009,5.77246,1.12938
0.128712,0.438991,1.72498,5.90225,7.02623,0.287843,2.75568,0.267357,0.846356,2.1453,3.41303,5.32282,7.38264,4.58985,0.0722219,1.93997,2.13687,2.6164,0.786499,3.20319,9.72985,5.64603
0.439256,0.17621,1.31748,1.0446,4.1947,1.4203,2.09898,2.64273,3.3835,1.5633,0.690767,0.066444,0.169008,0.910867,0.0790918,2.36018,2.74639,2.14943,3.00685,10.618,8.2322,0.0142016
0.148365,0.869548,2.25076,1.32631,2.03841,1.41602,2.6815,3.91742,2.39783,0.116879,0.50164,2.72297,4.16396,1.04216,0.155066,1.91631,0.842862,0.717629,0.771872,2.99571,5.02359,4.67791
0.194763,0.187723,1.27682,2.85684,2.8856,2.26299,2.84536,1.07203,3.59918,4.55037,2.91841,2.39016,1.51069,2.20388,3.23049,2.1842,8.75139,11.0154,0.0749746,3.90999,0.972469,0.487874
0.00881324,0.0315517,0.383337,2.33926,2.59914,0.792974,0.206996,1.03938,0.300571,3.31268,3.28556,3.67545,3.10247,0.457207,0.00569512,0.839535,2.1379,0.741331,1.85158,3.14684,0.969275,3.95183
0.159214,0.951996,2.23398,1.78728,0.380708,1.18745,0.413083,0.940335,2.26103,2.59675,0.0440544,5.00457,5.94742,1.8027,2.25207,2.50029,19.0316,19.4582,2.10213,2.216,0.464989,0.752231
0.384853,0.566495,2.95876,4.41811,3.66889,3.43081,3.34924,1.56407,1.48935,0.867718,3.30894,2.30778,4.62469,3.24257,0.658608,0.234202,8.5558,12.0067,2.95099,1.01311,0.421901,0.996781
0.470181,0.612583,0.369635,1.48902,1.06553,0.153578,2.60125,3.44288,0.333566,3.00511,2.42068,1.07615,2.12484,1.15401,0.0813721,2.02096,1.02584,6.58564,2.09642,1.25669,3.99947,1.0197
0.203056,0.915003,2.90439,2.39322,0.553312,2.74568,3.57632,1.34485,1.11302,2.21617,1.76315,0.0254213,1.67141,0.141204,2.90744,11.6018,35.8385,34.4932,8.04659,3.10746,4.41175,1.97054
0.00445199,0.101651,1.10671,2.39134,3.05627,1.61632,0.904683,0.260245,0.092152,0.160045,2.51924,5.04537,5.5841,2.61658,0.611823,2.56282,1.46045,7.1274,8.07034,6.8469,5.50775,0.521538
0.00501215,0.784277,2.55733,1.1958,0.0595507,1.52044,1.78537,2.02514,1.39087,0.350691,2.47764,4.07387,0.0578944,3.96008,2.96888,0.544566,0.612191,1.14433,0.139323,3.05549,5.30639,3.95391
0.176302,0.373435,1.88134,1.20372,1.19035,2.68167,3.77347,2.07148,1.15396,1.49029,1.32669,5.49954,5.39239,0.285635,0.78827,0.270823,0.375338,1.56739,0.965434,2.17009,0.136189,0.65692
0.52663,0.315366,2.60777,2.63354,0.640653,0.526242,3.70204,3.96207,1.06886,3.89353,1.61611,2.68018,4.97503,2.61793,1.56533,0.280211,4.81244,2.65907,0.252852,4.26769,5.4247,2.70088
0.28056,0.425067,2.22908,1.25876,0.657525,2.08295,4.14781,2.59372,1.72719,0.0960903,4.75856,6.76157,2.37165,1.01517,0.906971,1.93841,7.69773,8.03273,1.94745,1.56186,5.4256,3.95814
0.0174528,0.840825,3.21553,4.64227,4.57349,3.03869,0.543346,0.667359,0.775769,0.457727,3.94601,8.68351,2.40067,2.3086,0.42754,2.24441,11.6445,13.9642,3.04631,5.26291,5.83234,1.20543
0.167033,0.618144,3.16351,4.40127,1.20826,1.45344,0.267631,0.651838,1.75907,2.03796,5.04649,12.6267,12.2861,4.79016,0.54932,1.01695,5.02211,6.90397,6.12492,6.8029,6.30901,4.31367
0.734848,0.0653791,1.87946,1.53138,1.24514,3.42096,3.54497,0.905545,1.7395,0.94619,4.77078,10.2637,3.27881,2.4936,0.315007,1.77512,8.54615,9.12357,0.133144,2.96709,2.59729,2.66261
0.549809,0.763078,4.16776,5.32538,4.62653,2.50012,2.48696,3.06218,0.171904,1.41578,4.48429,10.2806,1.84999,4.71212,0.570284,5.54411,14.6308,15.7896,8.9568,7.33564,4.68391,1.26743
0.152122,0.470346,1.0592,0.131979,0.383329,4.12178,4.40236,1.6365,0.25097,1.33779,8.99793,14.8735,8.61416,0.430373,0.712519,3.97854,8.25985,3.82257,0.684125,1.48155,0.422052,0.0184448
0.740884,0.707049,4.3531,3.56815,2.92766,4.471,1.27011,1.69965,1.32158,0.205954,6.11901,14.0056,8.55725,2.06499,1.10666,1.89436,4.83861,4.70016,3.15581,1.8341,4.09972,0.170927
0.837216,0.674124,0.468376,0.391693,1.63552,3.4426,2.15337,1.40203,0.117157,1.80031,8.17404,14.5332,8.14409,0.799258,0.277129,2.48655,4.40944,2.79189,1.0245,5.9344,6.39207,2.00131
1.17842,0.728336,5.6113,2.00862,6.89281,2.77406,3.98998,1.00409,1.23905,2.32447,2.04358,0.0557113,3.20567,3.86818,0.621709,0.202676,11.7611,17.8145,6.18064,1.27825,1.0815,1.66377
0.0379666,0.0971155,1.86009,0.583455,4.68957,5.43561,1.83958,2.54091,8.3389,5.36496,3.51897,5.63851,5.96461,4.22022,2.50161,1.98645,19.2466,24.5477,10.3221,5.40317,7.32196,3.29895
0.827948,2.35905,9.58193,9.573,0.0391647,3.88544,0.832206,5.56371,8.03412,3.18683,1.60309,0.476385,3.22025,3.85594,1.46657,4.7614,15.46,10.9928,0.125634,2.77776,4.9343,0.256816
1.86204,0.462909,3.80977,4.0803,3.02479,7.86084,7.71656,1.4961,0.440964,2.21502,7.28742,5.64213,2.95209,4.15686,1.25545,0.709386,13.9164,18.1719,4.01834,2.57468,0.178523,1.53671
0.558086,2.0064,8.84334,10.9849,11.9026,11.0825,1.57522,0.413136,7.08823,8.98845,4.40449,4.37373,7.48847,2.85664,2.18854,1.71317,5.97468,8.43777,1.39299,2.28748,1.49111,0.566888
0.945438,1.13088,6.54001,10.5688,3.99093,6.57808,6.79381,1.5024,4.04253,6.5317,7.22278,9.17802,9.36102,7.51823,3.78673,2.32194,0.26602,3.19525,3.20022,3.41858,2.23801,0.161907
0.513809,1.14242,6.76356,2.70712,13.0146,15.9431,5.77919,1.75332,4.77466,6.10581,2.10984,2.5184,1.51785,0.524596,1.78359,0.0973034,14.8966,18.9784,7.78712,1.08753,1.77151,0.251943
0.18817,2.25881,7.95417,6.13609,4.23944,7.88973,0.844454,4.42389,0.213944,0.689089,2.67165,1.17717,5.61865,6.36555,0.115676,2.16182,4.5751,8.84611,5.68412,5.22361,6.25222,3.78426
0.894706,0.708769,4.5599,4.1493,6.93076,13.3564,10.246,1.72322,5.22091,4.02463,0.593856,0.073609,1.31549,0.828974,0.66008,4.9304,9.72403,4.89462,0.931044,0.692696,1.34918,1.10398
0.253327,2.8603,9.09061,6.08209,6.16351,7.43032,0.950249,0.752178,3.01424,0.0843065,0.27236,1.87453,0.661747,1.99327,0.70843,1.02282,4.57386,6.43379,1.62702,2.74366,0.234985,1.6309
0.707995,0.398098,1.90646,3.67568,0.44249,5.90278,5.53512,0.878724,2.94414,2.05435,1.76658,5.63643,7.53403,4.93236,0.877695,2.11552,4.22782,10.4526,0.723632,6.97234,1.32612,0.569319
0.290242,2.74171,8.17592,5.19859,1.15618,0.366399,0.0853494,0.0444596,0.937407,0.0749228,0.0267137,1.57268,1.52532,0.581814,0.0230926,5.817,21.351,21.1808,3.47539,3.1516,1.11393,0.886986
0.349267,0.598714,0.831911,3.09549,3.93092,0.0207635,1.65608,0.708604,2.95801,3.97048,0.31729,3.41862,6.15974,5.03076,0.562184,3.30149,8.51493,1.94629,4.88212,3.59618,0.116839,2.35084
0.0116545,1.09617,5.47126,8.23665,5.55291,0.669014,2.84859,1.97314,0.853593,1.92989,0.383857,4.2741,2.19683,2.02059,2.25056,0.96822,2.39538,5.76866,7.5813,4.16335,1.80911,2.71802
0.234371,0.227502,0.669494,0.456134,1.65447,2.48456,3.08362,0.670628,0.499425,1.21958,3.3116,3.48142,1.66217,3.59711,0.356128,4.46093,15.6627,14.1552,3.96543,5.55376,6.29658,0.413892
0.354936,0.38933,2.30663,5.79488,5.30099,2.05299,1.82778,1.09749,2.53283,2.94891,0.337147,0.144499,3.50727,4.97402,1.33484,2.55103,12.1913,11.6794,6.65712,9.39322,9.64298,5.21003
0.0555215,0.441736,0.568278,3.18935,5.46569,2.06542,0.097181,1.19034,3.06808,3.51491,0.320678,3.15899,1.28771,2.64377,1.36764,2.58655,2.06048,1.12989,2.60634,1.73024,3.243,1.22321
0.580103,0.159955,1.89484,1.64062,1.0837,0.360393,1.66764,0.952898,0.535959,0.444703,1.78671,5.26614,6.57577,4.53341,2.14507,5.93046,8.33638,1.03334,0.982445,5.60895,1.2233,2.38731
0.300766,0.503521,1.82958,0.550155,3.13688,3.00266,3.58962,2.38483,2.08911,2.83249,3.31515,7.11419,8.65664,3.33793,0.98173,4.27176,22.4022,21.4986,0.768323,3.62001,1.6069,1.75616
0.182442,0.933993,3.40679,0.0997749,4.2461,2.59896,2.93008,1.96118,1.92305,2.52941,4.02985,3.62181,5.39052,6.80958,0.526312,5.69759,2.8811,4.20842,1.9354,1.11454,0.676999,1.32821
0.0892632,0.446667,1.58308,3.61423,3.68289,1.9794,2.23281,2.05417,0.831684,0.842784,0.757261,5.6995,4.73827,1.25064,1.16893,2.48044,8.22981,6.21346,3.91041,3.34681,0.480317,1.78727
0.419513,1.02282,4.5386,4.06742,1.01256,0.646655,0.316228,0.447655,2.03361,0.827308,4.43594,9.32643,10.3757,5.55681,0.363155,1.96413,10.4009,9.07407,0.556166,2.95577,0.352545,1.99536
0.601848,0.297092,0.693161,3.25401,4.22186,3.1283,2.93537,2.37203,2.47234,4.63994,3.08844,0.665812,4.89192,4.83405,1.90684,3.62047,1.29358,8.53925,6.78868,1.12011,0.462951,1.49649
0.321211,0.889229,4.82673,7.37478,3.66883,0.239411,2.43803,2.95624,1.09711,3.61948,6.07185,4.10028,3.02592,2.5083,0.929682,2.16368,6.57109,12.5032,7.3192,4.13118,3.4006,2.15539
0.406324,0.318969,0.0485962,0.606596,2.15945,4.88499,5.65356,1.21623,3.06738,0.0138766,5.78311,3.66142,3.66565,4.77311,0.366543,0.682782,13.3674,15.0192,1.53804,2.07144,2.39605,3.14814
0.596145,0.648375,4.70388,6.57187,5.01352,2.12028,2.04334,1.79429,0.753627,4.91277,5.09758,4.47567,10.9811,7.37889,1.623,1.44449,6.96017,6.88722,3.76007,5.14179,3.66561,0.207477
0.120661,0.135536,0.644629,3.11054,2.53392,2.21679,3.20746,1.72455,1.66456,5.01368,9.66763,8.57153,3.15623,0.516438,2.3667,0.818702,11.3906,11.3159,0.104207,3.91581,3.4948,2.74657
0.142001,1.19644,4.0477,2.26162,2.80984,3.59568,1.09995,0.101455,1.45569,1.92793,3.59052,0.686961,6.23188,7.72631,3.1836,4.15477,1.88655,2.62428,0.181325,1.44924,0.901492,1.02313
0.26276,0.282451,2.75975,7.28897,0.496834,8.48234,7.00105,2.06258,7.37677,6.17509,10.8605,14.7718,9.95871,2.85484,0.859723,5.23855,6.89365,1.46141,10.6091,11.1031,4.12622,0.154565
0.373594,2.69544,11.4808,9.35851,7.9196,9.92499,6.16016,3.73131,14.5043,21.1283,13.2784,1.79703,4.26193,8.13239,3.17033,1.45734,4.52248,2.95591,3.99665,6.96012,4.83023,1.54066
0.0717919,0.441317,1.90674,1.36709,0.901029,10.3453,13.4781,6.668,1.58978,6.34366,14.852,11.1919,2.08251,1.18345,0.541462,1.88186,1.07514,3.10935,0.577163,4.01843,2.86562,0.230778
1.02629,2.77246,12.0102,14.5549,14.8816,13.7258,4.68912,2.98896,8.38328,0.890718,6.667,5.23561,15.0364,9.81849,1.1267,2.3802,15.7843,18.2231,3.8204,1.06187,6.72589,4.18792
0.695867,1.12471,5.04419,7.32508,4.75708,0.505192,4.70493,2.37709,10.7325,5.17685,7.71267,4.7375,2.73982,2.97553,2.09556,1.31728,8.64313,12.2356,1.62179,3.8368,3.16405,1.80976
0.964759,1.88092,10.7771,7.701,7.49435,12.6183,11.9321,4.03167,7.15077,4.69882,3.14278,7.56456,10.1584,6.86052,2.97117,6.05867,7.77536,0.502204,4.07672,0.361221,2.16335,2.17773
0.677728,1.21545,7.45814,5.39614,4.14479,8.42036,10.4306,9.13767,7.97437,3.05955,6.92779,6.92518,3.42717,6.82344,1.28987,1.94495,5.58988,3.66451,2.10506,2.13825,0.627046,2.59516
0.899365,2.07774,10.0871,11.8481,2.80219,0.995195,3.50301,7.71794,11.3414,2.45512,5.43305,3.0478,2.17504,4.052,2.91695,1.02247,3.27253,5.28326,1.4392,1.24275,1.22206,0.179385
1.26357,1.71138,9.03834,10.6431,9.96291,10.4017,3.12398,0.911708,4.92474,3.67856,12.0608,7.11798,3.81749,2.89674,1.55329,1.01915,10.1771,13.3357,4.82788,3.1582,2.7335,0.225125
0.527003,1.47077,6.52433,6.25928,8.58803,14.6037,9.61492,0.241947,5.90114,1.47588,8.79748,1.70338,3.24081,0.611407,2.77761,2.51929,4.8719,9.48754,4.7478,0.798314,1.40754,0.414404
0.631852,2.64317,10.7934,10.3334,3.65654,8.18239,1.50959,3.02952,0.155516,3.98426,7.53607,2.66955,6.08872,6.71334,2.8987,3.19446,1.25671,2.7193,0.757146,2.97028,2.70651,0.927682
0.413165,0.160286,2.4961,0.11911,9.50686,14.2972,10.839,6.26071,5.18177,6.38054,6.79196,5.07349,2.08396,0.186619,0.078011,0.584529,0.312197,3.50778,6.26956,2.39514,2.67481,1.70341
0.875772,2.5482,10.2808,6.36916,1.92187,2.17287,4.80093,3.81649,0.313266,2.92562,2.72817,1.71587,2.02672,4.45893,0.621574,2.62683,10.9447,12.6694,4.07506,3.57145,6.58681,2.5767
0.375491,0.952144,2.46386,0.622655,3.07762,3.29825,4.9839,2.88101,0.00718905,1.7183,6.14419,9.3339,7.91456,3.39114,0.145881,2.70046,1.42865,7.25507,1.30797,6.03815,5.67002,1.57726
0.118147,1.04711,4.75718,5.57987,3.99146,4.57701,4.63171,3.47513,2.95685,4.20998,1.21401,5.18687,5.16251,1.35584,1.29912,2.45099,10.373,7.98738,2.23664,3.88611,4.50732,1.3785
0.121805,1.03144,2.07998,0.0728587,3.11221,2.84424,0.859836,0.985309,2.54193,1.57746,3.0791,3.65547,2.78995,4.34554,1.50262,6.21046,17.2427,14.6611,1.2717,7.09156,2.73046,0.127213
0.134942,0.039786,1.23031,3.41414,0.949145,1.67968,1.18389,2.69481,1.5182,0.710674,1.28199,3.38276,4.69687,3.62871,0.407982,0.596336,3.47811,7.52542,4.11825,3.91173,6.2245,2.63526
0.133519,0.602756,1.23423,0.0397203,2.32875,4.60961,5.50872,1.92417,2.44235,1.74304,1.05141,0.633029,4.62338,3.75808,0.382917,1.78196,1.58229,1.84498,4.54855,3.02351,3.97053,2.64683
0.0295203,0.457864,2.17054,2.82953,2.72762,0.979386,3.00874,2.40586,1.24652,3.12551,1.56764,3.58557,7.13598,5.08313,1.61827,0.972167,2.30439,5.33378,0.380938,5.51042,4.75675,0.186775
0.156316,0.529489,1.71761,0.0338165,1.34331,1.32724,2.55129,1.37773,0.37043,0.469198,3.48554,7.36202,6.32052,2.0281,0.891879,0.364016,5.78943,5.96677,0.404994,1.05458,2.7023,4.64605
0.379209,0.638313,2.75792,0.763819,2.92476,2.43362,1.2453,0.769548,1.80409,0.970921,1.16785,4.09525,1.09646,4.18418,0.622375,1.52849,5.78036,6.63464,1.56991,0.568914,1.56708,1.45804
0.102204,0.101041,1.16701,2.13096,0.726991,0.251083,1.67413,1.7306,1.34575,3.85772,6.03743,7.54112,5.24637,1.70104,0.0131689,0.418388,3.49774,3.82456,0.938141,6.25621,7.72315,3.88504
0.27375,1.13262,3.08761,2.00791,0.0282428,2.15617,3.96942,2.63427,1.55433,1.01291,4.03055,0.703278,4.24756,4.13256,1.99948,0.273839,3.49912,5.22838,5.00254,1.03123,6.96723,3.57254
0.0109069,0.155716,0.759837,2.45028,3.94071,2.03032,1.21711,1.3713,0.469091,2.9531,4.57995,1.24039,4.05871,2.45398,1.25011,2.22394,3.44303,0.993148,1.78584,2.36948,5.06159,2.1172
0.0873693,0.807877,3.55117,5.39428,2.68627,0.531237,0.650605,0.328758,1.34154,6.44013,10.0017,9.27287,7.02524,3.77163,0.648152,1.43231,6.77687,6.44276,2.29279,6.79237,6.05198,3.62905
0.566203,0.294148,0.146729,0.481339,1.61847,2.67994,3.64768,1.85013,2.14051,1.72842,6.83873,0.390768,2.38729,1.72631,1.78011,0.0580104,3.90663,6.03226,0.103194,0.74796,4.10407,1.0572
0.198929,1.13352,3.77263,4.5481,3.18161,0.973545,2.60041,2.79424,1.72631,5.18943,7.787,3.56535,3.22915,4.08029,0.96015,2.28643,0.919796,6.42454,6.51546,2.4786,7.95856,4.914
0.479024,0.371726,0.187857,2.07871,3.13784,0.309298,2.29933,1.71056,1.86339,4.22608,6.65437,6.09468,4.63464,2.73713,2.1329,0.0944286,9.83138,13.1199,5.75218,5.27461,7.41945,4.3263
0.739871,1.05879,2.19567,2.08017,2.74772,5.35055,1.15772,1.54556,1.87097,3.00705,0.484829,1.64734,2.24168,0.160962,0.358495,0.321012,2.45668,2.67269,0.270616,3.27555,7.24156,3.98979
0.156459,0.441786,1.23549,6.80971,14.184,8.14505,2.66512,1.05374,6.79882,15.2735,5.22126,0.956483,4.09088,3.7721,1.77025,3.11401,11.6069,11.6638,3.76206,0.938079,3.14809,0.396215
0.330803,0.591978,4.64521,2.31688,24.5493,39.8468,36.6433,13.3176,11.2423,12.0907,4.62876,12.5621,1.41473,5.45381,2.57802,1.05077,3.2599,5.535,2.92518,0.485305,1.12601,0.658378
0.401396,0.560032,1.99567,4.86033,4.28159,16.6509,32.114,11.4471,12.9797,8.07834,0.920164,7.53634,25.1039,20.3652,2.06342,0.552901,7.15962,5.51507,0.914267,1.85098,0.594346,0.412239
0.152493,2.32998,6.58797,5.01326,4.79576,1.50197,18.1581,9.83751,0.491197,3.87501,5.07066,6.61067,4.3434,12.255,2.16981,3.69562,5.3808,4.45478,0.174945,0.0697525,1.41368,0.0967227
0.0160819,2.56753,6.33288,4.35438,1.18914,8.20413,20.935,11.3589,2.76616,4.1011,4.90778,8.17952,44.5727,39.483,4.3967,0.921543,1.60379,4.1708,9.44614,6.4956,0.314868,0.0443572
0.375587,1.56708,3.71196,4.54454,8.09332,21.2271,29.4347,16.7797,7.759,7.5718,1.31852,18.127,52.6748,37.724,2.6928,0.294955,5.27864,4.91641,0.672046,1.64815,0.174672,0.255006
0.316198,1.51072,1.91044,4.06398,9.03992,17.1809,24.3322,15.7529,6.10719,3.08424,3.06054,0.546718,10.9533,7.70162,0.168635,0.581225,0.140096,2.01679,15.6688,17.6481,4.41199,1.29538
0.124983,0.539608,0.884295,2.94755,4.84933,9.05186,17.4586,12.8039,1.83077,2.21293,2.21987,8.08669,20.4411,14.038,0.922069,0.907961,0.939114,3.0427,0.329201,3.11509,3.33224,1.83113
0.0247144,0.832498,1.31122,0.344985,1.87696,0.0862574,7.77793,6.85138,1.88718,1.00965,1.80584,12.1941,36.7921,30.7336,4.50517,3.06983,8.86271,4.57601,19.8338,22.7899,4.22491,0.38987
1.15866,1.07981,4.06664,4.10165,3.77654,5.85435,9.22433,6.17822,1.28972,3.03656,3.41033,1.70559,2.45314,1.83833,0.0257585,1.76437,0.230214,4.68375,0.329628,7.22569,3.94195,0.850819
0.721362,1.70536,4.38649,3.36465,1.5815,10.9081,26.9476,18.7545,1.91834,0.820924,4.60688,3.07787,31.5084,33.1983,5.70441,0.139034,4.88913,5.5922,8.76289,9.28808,4.33011,0.819993
0.217487,1.34089,2.55993,1.5843,0.399393,10.5459,30.0691,21.681,3.04912,2.04657,3.71833,7.29416,10.0327,3.82905,0.442046,0.731229,2.01181,3.99338,2.21852,4.67163,3.95327,0.392584
0.0816943,1.03487,1.59649,1.50239,0.247932,4.35449,13.4909,9.55769,0.0379433,0.621303,0.126393,11.4973,48.7339,47.1377,8.60934,1.21476,3.77464,1.36412,12.2818,19.677,8.32107,0.867739
0.020098,0.779978,1.92568,2.35094,3.21979,0.129236,6.61742,5.80592,0.894167,0.776333,1.06568,0.482733,6.17579,8.31888,3.45,0.539359,0.619682,0.708049,22.0499,30.0231,8.74342,1.2467
0.151265,0.619224,1.69332,1.95262,2.86762,6.01327,21.2592,15.2238,1.01227,0.582255,2.20503,6.34634,37.206,38.0107,7.48473,2.76559,4.04001,3.79511,6.1578,9.76658,2.12063,1.15881
0.281638,0.227571,0.145064,0.418222,0.68775,9.55435,25.9687,16.7439,0.980582,0.549079,1.42222,4.86277,9.79422,8.6751,1.77727,0.108,5.11628,0.298658,18.5613,18.6276,2.6196,0.515591
0.054738,0.203523,1.05369,1.81487,0.432515,9.20016,23.9129,14.8763,0.558389,3.14994,0.295457,12.4055,41.2391,33.5385,6.16923,0.594806,1.14817,7.28917,17.4741,14.622,3.33297,0.871306
0.283659,0.134911,0.324732,0.532012,0.420399,6.23676,15.0894,9.54252,2.47299,1.50387,0.130805,13.7019,35.386,25.0755,2.94794,2.84171,13.5472,7.53487,19.8529,18.9853,1.27715,0.0593982
0.225508,0.314952,0.410563,0.470533,2.0336,0.25765,3.88716,2.77829,0.496508,1.81489,1.83746,2.09936,4.12519,0.207958,1.29556,2.01629,1.6134,1.13733,0.459959,0.104727,0.791439,0.029161
0.255511,0.320896,0.658124,1.35346,2.63904,7.39243,23.5377,15.4361,0.206268,2.31003,1.38446,10.9774,54.8653,54.4608,10.0008,4.27828,5.91878,0.905997,17.1218,18.7118,5.54032,0.985866
0.218619,0.264717,0.29802,0.237005,1.74891,6.72691,25.4731,19.9402,3.71446,1.48531,1.16734,0.33036,2.05216,2.38735,1.10326,0.347564,1.55588,0.84976,3.91074,0.20002,1.0548,1.1665
0.327762,0.543244,0.538211,0.458901,0.524228,1.4741,3.204,3.44147,1.31615,1.01241,2.74858,7.89207,56.5934,63.2278,15.367,2.86206,3.40556,3.2888,0.73268,3.958,3.16581,0.714345
0.309796,0.0165857,0.00478333,0.38192,0.743166,5.948,14.6836,11.8337,3.0775,0.83045,3.97317,12.2103,1.3712,21.3807,15.4356,1.13692,1.0031,4.49119,12.3119,10.5638,0.538422,1.91979
0.176357,0.00145043,0.35329,1.9409,2.44264,1.78249,5.76775,5.60377,0.682545,2.00518,0.120668,3.35552,11.7268,8.81294,0.312002,1.23731,2.16186,2.10453,1.81941,0.691322,0.589784,1.32585
0.176199,0.0933995,0.0351516,0.481181,2.99334,14.3956,20.1769,8.25456,0.753674,1.49772,1.94105,3.66431,0.977024,3.34338,1.50678,0.514405,0.0746377,0.819872,0.475957,2.3635,1.91247,0.599686
0.00218365,0.0679612,0.121452,1.11381,4.89177,17.4114,19.4859,5.68779,3.99932,5.66425,1.46406,1.95879,4.51929,3.82162,1.17873,1.07917,1.41524,1.40826,2.99675,1.61208,0.449113,0.919168
0.135016,0.191345,0.518021,1.62735,4.14989,9.51867,15.3491,10.3198,2.58523,0.96815,1.96712,1.82275,3.37915,0.301718,0.235374,0.466443,3.56318,1.49847,1.93265,0.661768,0.396937,2.0925
0.222002,0.171445,1.08449,1.7231,2.79343,4.14869,11.9124,2.10711,3.52353,1.44536,0.572266,1.60813,5.74382,9.94563,4.56974,2.73616,6.25077,3.14627,2.08459,4.60654,3.39748,0.301134
0.0857583,0.169208,0.696182,5.55868,15.7398,1.18753,32.7743,33.3445,1.16888,13.508,1.01685,8.13753,14.7295,31.806,10.5154,0.741209,11.278,12.3625,10.0107,8.2191,2.44486,3.90903
0.0132611,0.424338,3.30522,1.27235,12.7726,8.07383,5.38365,8.14824,5.23129,8.645,4.40167,10.5874,22.7254,59.7907,31.8232,1.66402,2.80374,3.87406,2.39674,2.0474,1.73046,0.849815
0.00697829,0.226569,0.47045,0.635566,4.81014,1.73468,18.4047,18.4205,6.94574,9.95759,2.15329,10.5556,9.85305,59.4721,49.5326,4.08498,10.6271,6.67821,0.202108,1.60948,1.73352,1.95465
0.438407,0.992752,3.47153,2.10747,13.6379,13.6002,18.4448,21.9811,7.98006,1.81089,6.04002,5.71513,6.8069,14.145,6.44072,0.249683,4.87176,7.13223,1.47697,2.59042,4.51973,0.52965
0.754426,1.86068,4.02257,2.13589,10.1346,7.38197,8.52479,8.23624,1.55694,0.968432,2.23265,7.87293,23.5717,46.4795,32.3704,2.48847,1.24697,3.15219,3.86098,2.00897,0.340433,1.62811
0.151381,1.8138,3.29829,0.0387698,1.70959,2.03644,11.7884,17.3415,12.0355,5.84291,5.56929,4.25042,29.3246,71.7122,46.9852,4.38093,3.37825,5.56311,4.04253,0.522966,2.04932,0.780538
0.503712,1.01601,3.25782,2.26251,0.244706,6.18532,12.9987,6.02393,6.35209,7.06432,0.569887,3.15855,28.5908,70.6245,49.0526,4.94644,1.08375,2.91735,0.713812,1.98075,7.22455,6.03987
0.0433678,0.690101,2.20682,0.144015,5.30937,10.2675,15.9789,13.0841,5.76079,4.19122,0.62629,0.766324,2.14242,13.1333,13.0293,1.45288,2.99184,3.94463,2.15544,3.19274,5.81527,3.01048
0.167853,0.0520609,0.340642,2.24941,4.77157,1.6145,15.646,14.6059,2.12219,0.647797,1.99795,2.03446,23.0925,58.8594,43.2615,6.37481,4.11568,3.85322,5.07646,9.21108,9.68874,6.20278
0.427326,0.794246,2.39686,0.829298,3.8302,7.68601,3.89056,1.61755,3.5709,3.03576,3.47197,0.889704,22.5846,70.0912,51.7372,3.85105,1.31477,6.08471,4.29404,6.67661,7.60732,0.473236
0.433803,1.19895,3.52963,0.565784,5.52357,1.45329,18.1197,15.6714,0.165358,2.77021,2.25901,3.17731,20.9029,49.8743,31.6836,0.858017,1.78897,0.0155523,1.37389,5.56328,11.6304,3.00296
0.317662,0.913398,3.54322,0.781582,2.1151,5.5935,4.69328,5.19345,6.33671,3.54138,2.15898,5.86211,19.6999,32.0841,14.1285,0.41929,2.32787,6.13689,3.69202,2.41316,4.19327,0.259587
0.112951,1.40009,2.88053,1.43262,3.89242,2.32914,9.92013,10.2706,1.11492,3.59578,0.841482,3.98192,19.4999,30.9266,13.625,0.738272,1.85434,4.68835,0.858404,7.26187,5.01577,1.2522
0.110007,1.07174,2.8111,0.306052,6.66553,10.8785,6.02947,1.81558,3.84272,1.39397,0.438285,3.17711,20.4415,34.2588,16.7414,1.53529,6.41248,5.89022,0.536962,2.91728,0.352113,0.905602
0.00898455,0.294486,0.85293,0.231876,5.96746,6.74606,10.8794,18.7953,10.0314,5.54394,2.30313,2.81808,6.60298,23.4938,14.66,0.897511,3.13236,2.67023,2.11283,5.70419,5.47085,2.60856
0.340287,0.213067,2.03465,1.84605,2.62922,6.34762,0.551007,6.25813,5.06372,2.61214,0.841053,0.455996,0.359116,2.23544,2.58992,2.11746,5.90857,8.40542,3.29651,0.895384,1.79694,0.0461369
0.308682,0.737244,1.23647,4.01444,15.7348,18.1664,0.389517,13.8224,10.2006,4.81595,0.296656,3.42452,17.0254,33.0237,20.9108,2.78619,0.266567,0.85834,0.62392,3.32227,2.72407,1.73389
0.552574,0.210969,0.625836,4.94231,12.6675,10.9724,17.5455,19.159,3.05818,1.97591,0.877018,4.20921,21.8926,41.9331,26.4676,5.3638,6.55697,6.50432,1.40673,0.975598,0.660063,1.31599
0.125245,0.112622,0.606121,1.33739,2.45378,6.2744,5.82298,4.0669,5.19201,2.6715,2.03481,2.27999,0.488995,15.6217,13.1564,1.60846,2.62149,0.609785,0.676669,1.34452,0.731842,1.2211
0.189984,0.121642,0.622297,0.689659,2.03737,12.1834,26.2782,17.975,4.65905,8.65849,3.40459,4.30639,6.57486,1.77612,1.31122,2.76563,2.81772,0.836532,1.65679,0.185184,1.51873,3.35096
0.151393,0.258476,1.31498,1.60761,1.45282,2.43433,7.99322,11.4834,2.48224,2.07991,4.11742,9.34737,15.322,10.3151,0.905968,1.60907,4.68521,5.97452,0.462231,1.93966,2.14254,2.34687
0.00498608,0.903857,2.13327,2.46205,2.21003,11.3054,10.7408,3.07206,5.70118,1.27183,3.49105,9.35415,12.3623,5.95364,1.42394,4.30881,9.24964,8.30067,1.57454,0.000573749,0.990327,1.75612
0.134788,0.790236,2.6002,0.814208,11.2861,2.99305,22.0399,17.0891,5.84957,7.90864,4.98627,6.96434,3.17995,11.4282,4.23332,2.93982,2.93321,1.85493,3.09392,0.630547,1.07616,4.07857
0.166323,0.0861153,0.191788,5.09428,19.1999,10.458,28.0044,30.1638,6.17756,1.06059,2.74247,0.243047,16.2295,19.3758,3.36431,3.11417,2.39256,1.76451,1.49684,1.51329,1.87709,1.25731
0.126086,0.470872,1.42312,4.33272,11.1841,0.290619,19.4142,14.6864,7.58087,6.08427,0.77438,1.9727,0.0595556,2.60505,0.31656,0.572864,2.81882,5.04631,2.07424,1.26084,2.81781,1.82697
0.090542,0.654605,0.987958,1.27105,7.08966,20.8292,20.8683,3.5218,0.453377,3.50264,0.117801,1.49481,2.24902,1.78908,0.0666306,1.90613,2.22234,5.17519,0.0379778,1.18285,0.170482,1.55156
0.353634,0.532275,1.53213,2.43934,14.1422,19.8156,14.0127,4.52713,2.24709,0.692709,4.6367,21.6103,42.2237,28.4956,4.61863,1.47535,1.80772,0.0974112,1.04034,1.93316,1.8939,0.132603
0.124657,0.408792,1.70849,2.56781,9.92976,7.0792,27.0275,16.5863,10.2857,9.16722,3.46341,4.52808,25.4646,20.7207,0.0205443,0.563802,2.25221,6.92703,0.922052,0.649738,3.54939,0.764286
0.28541,0.279244,0.188313,0.813683,5.74949,27.0599,45.4483,23.8327,0.385219,1.75828,2.55496,6.79774,25.8671,22.222,1.51889,3.53643,10.4771,16.6806,9.84814,1.07227,1.42523,1.44936
0.326393,0.446165,3.11016,0.386891,5.50334,13.2637,24.8717,11.2298,18.9894,19.3583,7.35467,6.06975,36.3974,34.7606,6.88956,3.4289,9.20338,5.12349,2.021,1.16935,3.47841,1.80226
0.297609,0.385769,0.302672,2.21872,11.9157,13.382,2.16261,4.00008,4.64629,1.84517,5.12661,9.90654,0.149335,10.6344,5.24734,0.982885,4.77363,5.03547,1.55174,0.724816,0.539611,6.19903
0.906694,0.980628,3.77953,0.878755,8.90322,14.3565,7.37601,2.76804,6.24474,2.15518,6.59262,20.8028,32.4465,19.832,0.939931,1.10634,8.71183,8.22966,0.0643384,2.88008,3.97275,2.02347
0.770871,2.22747,7.09162,11.8336,18.6717,9.17022,13.973,7.77867,14.3113,9.89165,6.23325,12.8256,3.43883,1.53891,2.07004,2.41763,8.99052,13.5562,6.21685,0.0229606,0.963829,2.45128
0.958128,1.969,4.38547,11.0346,30.9145,20.4501,19.8565,16.6238,14.0109,15.2244,5.66446,14.4563,0.0736378,7.01127,1.53019,2.30301,0.865232,1.38371,1.59751,2.78805,2.53475,5.12307
0.568522,1.0569,1.85468,5.00827,13.9217,4.097,26.735,11.8004,3.36924,7.43799,3.71678,19.4836,22.9544,11.3072,0.451933,1.04069,1.91682,3.24431,1.60932,0.00161446,0.740395,0.991753
0.0162588,0.157881,0.429631,1.25314,10.348,35.6263,49.4602,28.1923,14.8618,11.0494,8.6117,11.4283,2.66157,1.27658,1.88839,0.781154,5.13531,5.52134,1.43835,1.28442,1.56163,2.17856
0.315833,1.25635,2.12118,8.20756,20.3283,33.1241,42.662,30.1926,13.8555,9.39279,0.0635462,3.19065,7.29809,7.35638,1.49275,0.0708384,7.02829,10.3468,6.17492,1.75498,0.477703,0.841033
0.764796,1.86478,4.74009,10.4285,11.6868,4.17396,9.5293,1.79157,1.48071,1.35561,0.766006,2.58234,4.90328,5.98266,2.95805,1.67544,1.35089,1.25805,0.0415249,0.437359,1.07845,1.55556
0.937909,2.58459,7.15416,11.3478,10.8971,11.857,27.7446,17.0891,10.9465,7.08429,1.71031,3.83112,3.75659,7.39906,1.8094,2.18059,11.7174,15.3394,7.49127,0.241129,0.825855,3.10779
0.138951,2.81968,6.62895,11.7814,23.1057,17.8391,2.34398,7.23326,8.94928,8.72664,4.35971,7.24266,6.09563,3.75167,2.17885,2.68024,8.24479,8.18172,1.33464,0.299876,4.53088,1.21241
0.0695108,1.68049,4.01948,8.41591,23.1699,22.1755,9.16814,15.7096,5.5818,9.37018,7.30669,10.4476,10.8136,11.9865,7.12469,0.634847,4.09642,5.9301,2.27884,1.96252,0.385003,4.58336
0.169206,0.695411,0.81547,0.603098,1.04879,16.612,39.3998,22.0571,7.15585,7.9665,2.61594,8.8232,12.3386,13.4754,6.96055,2.30294,4.24309,4.30661,3.09247,1.29324,2.75986,5.47151
0.415146,0.523351,0.0762019,0.884805,11.8334,34.7608,35.5327,7.82474,5.31666,2.45873,2.79438,4.90923,5.98673,5.56554,2.36236,1.03324,7.65027,11.713,5.98988,2.13364,0.333891,0.155583
0.0592147,1.45397,2.73901,5.97984,12.3811,12.3227,7.25318,6.31216,9.19855,6.20428,0.819643,2.6409,7.66371,4.88159,0.100737,0.344486,4.4411,5.60511,1.51332,4.05178,4.12467,6.65401
0.124691,1.95622,4.68555,9.5208,6.84931,23.2867,35.7596,5.58999,15.7975,11.0367,3.23791,0.430262,8.54061,9.06661,0.568179,0.490856,4.65929,7.80349,4.54434,0.976101,0.0970902,2.01816
0.331721,1.71478,3.65385,6.65257,10.5959,17.5174,50.5709,29.9269,4.33527,3.51135,4.45295,4.34365,2.08022,3.63038,0.208781,1.87386,2.49793,2.33272,1.42211,1.27761,3.82834,1.03376
0.707314,0.852458,2.66529,6.23174,17.5479,7.90931,20.9071,20.7529,7.34931,0.404413,5.5502,12.3301,20.8531,14.8999,2.34685,0.770756,5.59985,7.42183,4.21587,0.0824296,2.22273,0.914051
0.411948,0.126287,1.56785,3.4491,12.8425,9.94552,11.9109,14.2831,12.6684,12.812,3.19352,0.0454896,2.5036,2.17917,0.248538,0.793701,4.64077,3.66275,0.311281,0.569631,1.12044,0.619034
0.188803,0.0815599,0.60259,6.03294,13.1259,29.5748,47.5536,27.2887,3.18877,7.8411,3.81615,2.24831,4.23296,4.93086,2.21548,0.294963,0.713435,0.0319339,0.238106,0.853894,2.48697,4.22973
0.00718947,0.935119,1.65371,9.06002,26.7298,49.0807,53.7401,19.6084,10.4425,8.84616,3.23552,3.79061,3.56112,1.36432,3.6615,1.1672,4.61049,2.32927,1.04774,1.52053,1.41816,2.59013
0.15611,1.23928,1.7953,6.87235,18.2749,25.4392,22.4001,4.71391,8.11653,4.30374,2.53347,10.2215,12.566,5.55267,0.35956,0.274189,1.30408,3.73185,2.61889,0.552175,2.23541,2.892
0.562593,0.347079,1.92118,7.14773,4.72072,6.59191,2.16254,5.32137,1.08241,2.65576,7.85548,7.4611,7.20075,9.37695,1.10196,1.91973,0.42478,2.76062,0.695939,1.20891,3.09784,6.27966
0.0911915,0.0695336,0.357278,0.613572,3.29345,9.16825,9.31375,6.20804,16.019,15.5594,7.28433,12.6117,12.3475,8.0165,4.42275,0.397026,2.50766,4.00354,2.58455,0.570099,1.38499,1.10155
0.236222,0.471548,2.24553,2.4093,4.16078,16.3117,13.3711,0.935533,0.130249,0.353817,8.04056,19.958,23.8117,18.6301,7.89297,0.796408,0.493142,0.101956,0.0978189,0.643271,3.49709,4.38421
0.0251318,0.977416,1.44358,2.74047,0.746085,6.92755,7.55007,4.1412,3.63018,4.81722,10.6109,19.2678,20.0976,10.1366,1.10927,2.87498,7.04198,8.65159,5.37808,2.8226,1.75548,1.355
0.0185172,1.34208,2.4696,11.9827,24.1894,28.9508,34.512,25.144,17.2247,16.3356,10.5089,2.93849,22.7882,31.4808,9.99366,0.135306,3.9774,2.48664,1.43883,2.00686,0.965514,2.31924
0.587866,0.0761597,0.444788,10.3794,36.6298,58.6749,59.0565,29.2572,3.97457,2.89906,1.88538,0.39324,22.9526,27.7173,6.01192,5.21086,6.46753,9.05049,7.42161,0.0140995,5.69868,8.65092
0.744235,0.388872,3.12067,0.843158,8.86886,9.29207,5.20306,1.39922,18.0884,18.7961,2.09882,14.1358,34.3559,28.1149,4.16489,2.88418,10.6474,5.60297,5.81267,4.31283,0.847066,2.67353
0.178462,0.552162,2.69335,1.30253,18.4495,38.5525,42.771,23.1262,3.10521,12.1239,3.05683,7.57395,15.8255,15.4954,4.94542,0.377045,3.92061,7.20453,2.14469,4.13898,5.03195,8.68189
0.0766951,1.51677,5.49674,1.79927,21.7889,31.4857,23.7989,5.91135,1.16584,5.61106,0.544462,1.72218,19.0239,14.9699,0.721794,1.82748,5.67307,2.19869,1.55161,0.566393,3.75822,3.57789
0.241654,2.20552,4.86141,1.20524,2.56511,11.3827,15.7715,12.5653,19.0832,15.9996,0.765893,5.94507,4.67426,3.45422,1.76143,1.28363,6.74996,10.5953,6.41647,1.0972,1.80523,0.616677
1.136,0.715689,3.94703,5.07042,18.5671,35.216,17.4607,3.06785,4.53086,7.83371,3.23594,3.51295,7.84124,9.81022,4.08622,1.52116,2.80736,1.94773,1.37675,0.10879,1.47579,5.92241
0.478924,0.115064,1.2958,0.908401,9.33341,18.9339,15.7339,7.86903,14.3218,14.6272,4.96731,3.49282,3.91415,3.51783,2.50778,1.64139,4.49815,5.85501,2.59558,1.05845,0.669175,2.83351
1.08651,0.137061,1.50041,10.6449,28.678,34.7204,18.5446,6.19803,7.48328,1.58231,4.82031,3.38107,1.89197,4.52712,0.919437,0.589789,0.655922,0.168371,1.16329,1.75368,1.49618,1.18939
0.541329,2.94128,3.42521,4.82365,16.722,18.8833,9.0348,8.8426,16.3377,13.4825,4.34165,2.27973,3.35653,7.81835,3.82815,1.45778,3.97322,4.68999,1.37881,1.22992,3.04713,0.62523
0.38665,2.32564,6.53122,0.334481,14.3723,20.7655,12.129,0.851948,1.27299,0.582689,3.18391,5.58107,2.09825,3.32742,2.2883,0.206302,3.36294,4.4146,0.770902,0.0599128,0.732342,3.0445
0.318426,2.61502,7.15759,6.44431,34.2696,32.2262,9.84948,6.16916,12.7004,8.2548,1.98571,7.17958,5.40883,0.132027,2.00009,0.539896,0.611048,1.71311,0.873736,0.777856,1.97747,1.41331
0.730598,1.2669,5.32944,10.4539,30.9856,8.20059,17.3377,4.67129,12.1011,9.55459,4.96452,6.76971,1.09508,1.76455,0.949524,0.491163,0.424747,0.32226,0.437784,1.03263,0.444271,0.409132
0.836797,0.396291,2.69848,7.9579,13.9051,6.96622,13.7502,2.04604,2.6039,2.8656,2.59025,8.04088,7.6382,4.18697,1.1837,0.145466,0.466233,2.6345,2.12004,0.319092,0.808804,2.69364
0.0675766,0.438534,1.90265,2.54156,10.5514,19.0029,26.201,13.3094,4.97625,5.39248,1.66279,9.59936,14.5672,8.41772,0.221289,0.791945,4.22937,3.01586,0.604678,1.40316,0.468672,0.119661
0.0317133,0.640688,2.26563,8.33357,19.7834,31.6545,28.1875,6.8775,6.09626,3.81883,2.55944,0.0671236,9.24936,9.13578,2.29583,0.480482,0.566183,0.75744,1.48732,2.00586,0.464592,0.288154
0.174277,1.71234,3.57961,6.22619,10.4025,3.31807,7.80601,8.12587,4.67044,3.39953,2.2013,0.680215,0.556072,3.31976,0.572131,0.876007,2.01545,1.62091,1.39448,1.06408,0.237392,1.76493
0.130199,2.46996,5.23906,1.32272,6.67781,16.5447,14.0724,0.654514,2.03958,1.85231,2.29217,0.0559301,1.66082,2.38796,0.0545966,0.441515,4.41874,8.55736,5.46841,0.420957,0.854566,0.632064
0.12054,2.26289,7.11702,1.25896,19.3269,16.145,0.364196,6.60369,6.52134,0.764695,5.09194,6.02465,3.00452,1.24183,2.33392,2.2102,2.73258,3.60346,4.55177,2.7379,0.725036,0.389016
0.724706,2.28179,5.61175,6.67757,22.1171,5.99576,4.75923,1.59324,4.10257,3.67481,0.715528,3.08301,3.47901,0.844144,0.336366,1.60456,1.53595,0.5934,0.394441,0.795439,0.543822,0.814442
0.115605,0.885738,2.3463,5.84469,15.1092,7.09177,1.35564,0.29805,2.45766,6.89996,9.52827,9.78862,8.4441,3.53616,0.117384,0.194151,1.31951,1.7182,1.09115,1.20581,0.458645,1.31284
0.872599,0.503632,0.279945,1.11118,5.87175,11.022,5.90356,1.8383,1.13025,2.22027,3.24484,1.02374,2.95929,3.18855,0.60011,0.433902,5.70318,9.22748,5.43715,0.681863,1.0881,1.28632
0.461958,0.96402,3.35463,5.42117,4.73052,3.49844,7.99683,9.37985,6.68113,7.29352,7.75491,6.94539,4.20817,1.06658,0.00679565,1.48444,3.51328,1.45544,2.61355,2.07487,0.363428,2.38195
0.75273,1.39351,4.01707,6.87349,8.78653,0.150103,4.63076,1.29006,0.337951,0.88475,2.78933,1.23207,2.13804,2.29897,1.5735,2.58597,4.20433,2.69974,0.990337,1.11651,0.468923,0.351278
0.693511,1.11493,3.48375,4.26207,4.89914,0.185301,7.13947,5.19018,0.486323,5.59135,7.11468,1.55934,3.27774,1.61659,1.24342,1.81671,1.2458,1.11587,2.61054,1.17119,0.32523,0.930108
0.395572,0.156049,0.146019,1.28662,1.97829,5.57696,8.69247,2.82658,2.43379,6.75818,9.40136,5.49202,0.285523,0.445377,1.45468,2.48701,4.86277,5.8119,2.38533,0.0978978,0.146647,2.50452
0.78348,0.425727,2.06051,5.83503,10.9786,4.39391,6.31863,4.15668,4.19553,6.05947,2.29012,0.624018,0.319639,0.717609,1.1624,1.3051,1.83826,6.77349,3.58399,0.734993,0.171839,1.06215
0.420614,0.633479,3.16248,8.42145,14.2141,12.7812,5.23146,6.63686,6.59255,4.64528,0.989498,4.57423,2.21811,4.1962,2.60442,1.90341,5.23055,8.90563,6.67644,2.46804,0.313003,0.773481
0.370748,0.214218,1.65561,1.42168,4.70399,5.77981,4.08204,7.74009,8.58319,20.4697,34.1275,13.4136,2.88313,1.51146,0.170328,0.00736418,3.68265,3.97212,2.19886,2.98985,1.96898,1.16439
0.417343,0.771066,1.99148,7.10344,20.2701,16.4379,4.51006,1.18617,0.296435,40.6179,79.8593,42.3619,1.34091,7.36472,6.27286,1.94682,0.48838,1.51879,1.52466,1.83219,0.656626,1.07732
0.271212,1.15283,3.98961,2.97092,10.5248,2.34953,1.14461,1.18686,9.15514,18.8437,67.1511,42.3655,1.65239,0.353358,3.45144,3.60788,4.35414,3.37026,1.2573,0.896644,2.03618,2.33434
0.209909,0.00355159,0.228826,3.28525,9.78563,11.2149,5.68723,0.035706,11.5958,50.3396,67.704,22.4758,6.66671,1.30801,0.227927,0.0575681,1.59412,3.41939,2.53245,0.879682,2.76704,2.75721
0.0322335,1.54522,4.77876,1.51264,6.76371,4.59088,0.424602,0.302186,5.50675,41.636,73.0595,40.9925,7.60008,2.4467,0.777497,1.38622,2.99549,0.795692,2.0027,0.400126,2.38409,2.5676
0.00117159,2.67839,7.3865,5.81809,3.23426,6.21783,7.41037,4.63211,3.97493,44.4498,72.8493,26.7563,0.442166,5.28705,1.46969,0.122188,1.2303,1.53757,0.989052,0.634346,1.71841,0.722397
0.138951,2.72659,5.55198,2.37758,2.13162,2.10395,0.442236,0.0352987,2.89329,41.7505,76.2167,42.4625,5.20284,0.450254,0.74551,3.01437,6.76446,7.76151,1.79285,2.43117,2.68544,0.447959
0.221583,1.28207,3.79737,2.58308,0.774671,4.19429,5.87003,5.15445,5.04959,26.3964,49.3893,14.3477,5.59778,0.284665,0.0709428,0.658032,4.20898,7.68824,5.41127,1.2899,0.424054,1.69731
0.115087,0.59238,0.512874,2.60924,6.59258,3.03977,2.28902,0.018424,3.64451,20.596,47.5318,28.301,5.07731,0.668625,1.93034,2.64378,3.05845,4.59508,5.44848,2.75674,0.200925,0.256453
0.608649,2.51415,5.33392,8.2857,10.614,5.16274,2.14862,2.71078,0.689682,20.0697,42.6197,18.502,1.42814,2.1089,0.524801,0.047068,2.88314,1.23982,2.19296,0.684235,0.0709326,2.00464
0.641233,2.28739,6.22655,5.74932,5.52538,6.45826,5.09835,1.76175,2.57783,30.5751,57.2781,31.2,1.30407,1.28644,0.313997,1.98829,0.841481,2.23705,2.77651,2.01997,1.43166,1.43088
0.131477,3.12402,6.64414,4.58417,1.25897,1.27587,2.84705,2.91933,0.158244,30.5562,53.3646,21.2652,3.76429,1.55127,0.0436333,0.218755,0.153544,3.90686,3.87233,0.143301,0.727911,0.214064
0.348668,2.39024,6.19797,6.1493,1.57114,1.13315,0.45809,1.88066,0.786773,19.032,35.627,20.5657,1.62986,0.478542,0.250402,0.794352,2.56829,0.806546,4.05547,5.5401,2.65387,1.44272
0.767628,1.51685,1.8391,1.64085,3.26705,0.68152,3.19684,1.87355,3.53417,11.0413,8.49829,0.582667,0.845714,0.54712,0.493637,1.27408,6.67096,6.7479,0.570443,0.745483,0.736729,1.97984
0.768187,0.409027,0.164957,1.75892,3.31292,2.14208,0.665316,0.608847,7.65154,35.0215,36.4112,5.82327,3.95506,1.63719,0.656137,0.320956,1.42433,5.83043,6.44167,3.857,2.20512,0.765276
0.46078,0.619047,1.40115,0.269965,0.617305,2.51667,3.8267,3.75279,2.02785,19.759,32.0699,12.0998,1.02053,1.9231,1.24506,2.90222,8.25949,9.52815,3.10049,0.506813,0.500071,0.64234
0.226891,0.610178,3.13041,3.76458,1.6318,1.41371,2.21112,2.34122,0.279523,9.2777,12.2842,4.6147,1.63814,2.58449,1.01107,0.177849,2.18939,5.7773,3.86333,1.29198,1.29736,1.24105
0.280756,1.05354,2.16465,0.292335,5.07101,6.54571,3.14526,0.119323,2.32949,16.5509,18.0807,0.645987,3.01512,1.54167,0.459614,0.826749,2.62752,2.45541,2.89627,1.42299,0.102623,0.302355
0.703287,0.247128,0.348812,2.83683,3.87148,2.13992,1.26463,1.75712,4.46749,37.8456,55.9478,25.8441,4.23705,1.06145,1.29229,0.116227,1.83097,6.62972,8.69813,2.42783,2.38207,1.05225
0.0129252,0.460155,0.348584,1.70877,2.05454,2.39096,0.197416,1.86825,1.24237,34.0118,57.4741,25.3478,1.78146,2.28075,1.06976,0.159072,0.177909,3.97936,3.80841,0.977362,2.07913,1.77718
0.427487,0.91495,3.40623,6.08225,5.02382,3.44034,2.84291,0.637524,0.634395,27.7114,52.8241,23.9921,1.98455,0.0367911,1.40052,0.197932,3.88221,5.68481,3.70323,1.27702,1.14459,0.203912
0.489265,1.00944,0.889842,0.64003,1.73965,5.2423,1.87678,2.55156,4.99065,29.4513,48.7431,21.9667,2.70773,3.59212,1.91377,1.21111,1.57982,3.28459,2.91669,1.99647,3.7877,0.382621
0.155679,0.21448,0.0626911,0.0343469,0.0588767,1.88598,3.17296,1.84136,1.37236,17.0984,31.6395,14.9633,0.0677069,0.623569,0.40957,0.50545,1.54245,3.45145,4.75612,1.7708,3.65942,1.52019
0.015555,0.715129,0.0322525,2.0118,1.13412,6.19712,4.28203,0.746792,4.61504,10.7368,0.554582,10.6606,7.11312,5.37508,2.74577,0.447349,1.56068,3.0057,0.201136,4.01092,1.9183,0.886413
0.374599,1.1174,3.65861,7.83004,7.88464,2.22515,1.87655,5.34971,3.58814,4.49428,4.84306,0.113098,1.83223,1.57288,0.047892,0.386862,1.7363,0.14168,3.61933,2.13954,0.208616,0.112592
0.158275,0.991667,1.67447,1.94535,4.64764,3.65969,2.29911,0.509253,11.2323,12.1751,0.367309,1.81808,1.91289,0.0863567,1.75491,2.94592,5.37832,3.8889,0.00860541,1.23273,0.951552,0.850528
0.265552,1.05615,2.13777,0.0982111,1.86813,0.879894,2.96759,4.51466,14.498,15.0379,2.60937,1.23114,1.57539,1.36353,0.514907,0.693045,1.8951,2.52303,1.23555,1.65819,0.832214,0.684607
0.118524,0.738427,3.40714,3.30097,1.86623,1.94473,0.402733,0.0618373,0.577963,5.09445,8.3927,7.79483,5.38224,2.54406,1.28457,1.35114,5.60857,7.02854,2.82316,1.21739,1.24113,0.139305
0.163807,0.439042,0.0228076,2.93624,5.43978,5.62383,2.08065,3.0518,13.1417,14.3228,6.45623,1.9856,2.19688,2.34739,0.763505,0.592937,0.664719,2.30668,3.2378,1.65444,1.75752,2.03856
0.25622,0.828609,3.27158,1.29514,7.03975,10.2792,5.1793,1.15004,5.13834,5.40132,8.64493,14.48,12.568,4.69353,0.184142,2.86697,6.34708,5.52511,0.716146,1.8042,0.647672,1.6722
0.194217,1.14045,3.71648,1.28238,2.4443,1.6413,1.22308,4.3698,11.2698,7.15233,2.96264,1.84102,1.29161,1.00691,0.95853,0.02297,3.71624,3.65709,2.23503,1.20346,0.181677,2.12097
0.0908532,0.161282,0.0399426,4.25291,14.6419,16.7584,9.13092,1.33596,8.61722,9.9216,4.08594,5.68144,2.74675,3.53027,2.4318,1.99432,1.17282,3.38277,3.31269,0.131007,0.660122,0.402508
0.00610844,0.592804,3.4352,1.33618,12.8158,9.99124,3.56277,7.99784,17.839,18.1271,7.11233,3.14526,2.21976,9.0669,5.32606,0.243536,7.0181,11.9565,6.3626,0.0306876,1.15643,1.22849
0.0766533,1.58398,3.34616,0.937678,0.173404,4.45886,7.2974,2.81122,4.81611,0.173613,8.02131,6.37036,3.7928,13.9108,9.27074,0.762396,7.14535,6.84615,0.319265,1.38701,0.645671,0.300642
0.509977,2.21434,4.16681,7.75638,13.3255,8.82281,3.78435,8.84369,11.3738,7.77596,3.9729,0.116145,1.16156,7.16994,2.68151,2.78278,0.338878,0.969591,2.28179,2.28251,0.650235,0.785461
0.612236,1.00508,2.44671,5.613,11.8849,7.53927,3.82628,0.219891,7.68047,2.64487,11.3274,5.54497,2.21546,4.58682,4.62545,2.02661,4.28097,7.75517,5.35982,1.44529,0.301957,0.958042
0.114086,0.496794,0.4509,2.68645,7.94247,7.70795,1.5106,4.65643,10.7171,0.39797,4.84061,2.49483,0.900154,6.95865,4.89275,1.90545,1.32361,3.00166,3.57404,1.03734,0.199449,1.43668
0.622051,0.025001,0.551639,4.82591,4.63605,0.111557,0.43017,11.3812,29.1045,24.0927,1.65375,6.34825,1.39112,12.7134,10.0764,0.276997,7.14803,10.0487,6.24718,1.67019,0.228675,1.12046
0.169569,0.343623,2.41128,4.7102,6.0356,6.60459,6.10822,1.33993,12.64,12.2555,8.12447,7.50642,1.09502,4.82679,2.56155,1.46891,4.63813,1.04942,5.67764,3.16033,0.0856015,2.73473
0.273547,1.0307,2.04676,1.86705,1.16717,1.49146,2.08254,3.84815,12.647,7.17726,1.84128,1.67265,5.41081,6.78415,3.99433,0.112182,0.692752,1.61578,2.31068,0.498831,0.642894,2.35835
0.0473105,1.64528,2.07156,0.736549,0.366535,0.622442,3.69934,4.4484,22.8567,13.499,5.30127,3.39158,4.75638,12.774,9.71391,3.8906,4.16491,7.1085,8.0024,3.39138,0.129924,1.85416
0.350338,1.77653,5.74009,7.30123,3.85085,3.01235,1.23153,7.20927,24.833,17.2561,3.02533,4.88553,4.35479,12.2352,6.82528,0.768693,0.420059,0.751309,0.443591,0.0256249,0.635884,0.467474
0.0716612,1.92167,2.72422,2.20588,5.85742,3.91367,1.10572,2.73394,2.77658,5.36367,0.0680813,3.92377,4.47564,13.208,7.07306,2.58624,9.19188,12.024,9.11952,4.03456,0.547719,3.55385
0.199801,1.85328,3.63995,1.36657,0.948416,2.64954,0.0113242,9.05171,35.1213,26.0127,2.85816,5.67385,0.0487677,10.9978,6.84741,0.75958,0.173291,0.204757,1.10782,1.10297,0.0264674,1.04625
0.337345,1.24144,4.26782,6.97286,6.57162,3.11647,0.778166,13.2673,25.3708,4.63472,18.335,12.5469,0.47042,6.95785,2.5952,0.598855,7.52687,10.4642,6.6293,2.58968,0.615105,1.04243
0.464036,1.0268,0.149773,2.79727,0.934343,3.19235,1.31112,0.320599,4.95414,11.1227,5.61154,4.33772,0.155695,6.79162,3.9213,0.554978,0.145313,2.66022,3.03156,1.8643,0.28489,1.40089
0.0772126,0.210109,0.420548,0.254507,0.243363,0.0383752,2.18953,14.8455,29.5173,14.1566,0.565279,6.56043,2.69755,4.5076,2.10282,0.213482,1.91901,3.88193,3.39406,1.83508,0.420861,1.75688
0.595986,0.33567,0.292752,2.32151,0.285842,3.87248,4.12363,10.3952,36.2369,23.7546,4.52501,4.73171,3.10825,2.95125,1.49906,2.83897,4.94434,4.17677,0.183529,0.399077,0.163731,0.547087
0.12041,0.62402,3.97782,8.1627,6.7565,1.9812,2.22082,1.01457,6.69945,0.858051,4.36416,2.57944,2.7883,0.745627,0.0369155,1.37427,1.41644,0.409105,0.349753,0.0714218,0.0929639,1.55781
0.357869,0.903848,1.57231,0.618636,2.73719,3.07368,3.66737,4.27324,23.3384,25.1352,13.9763,9.98556,6.38296,3.34722,1.59927,0.0571752,0.948725,1.3376,2.11016,0.236536,0.461997,1.50918
1.13688,0.00196443,0.539451,2.15236,3.20668,0.216955,1.40411,7.39479,25.7046,20.0183,2.55077,3.38162,2.45644,1.43788,1.03309,0.175528,0.109577,4.43163,6.08455,0.851725,0.444221,0.779715
1.35083,1.06414,1.9893,5.99208,4.92191,1.02473,1.76938,2.01929,8.6485,9.9633,11.5303,11.894,8.61205,5.20737,0.401307,2.12392,0.299679,4.55187,9.37599,4.63478,0.278821,1.07512
0.6098,0.564441,3.01529,5.76462,3.9965,5.9646,7.01885,6.09333,22.7109,27.864,12.5644,7.644,4.33173,2.4778,1.73521,0.370167,5.38646,3.63975,1.10612,0.355755,0.128384,0.0367883
0.282308,1.08827,2.40731,0.872573,2.01043,1.29995,1.45772,1.42801,1.95318,2.24619,5.81834,11.0798,5.13547,1.32235,2.03939,1.48442,4.53921,3.31391,4.9306,4.91265,0.214533,0.528874
0.656591,0.68751,0.880476,3.13344,4.78401,6.74972,6.89934,7.26637,20.6498,22.6255,3.22524,8.72307,4.41976,0.635937,1.6631,0.265314,16.7855,21.5546,4.70656,3.59765,1.74905,0.370073
0.422881,0.0944553,3.07511,7.01493,6.46743,0.450273,5.32045,4.61454,7.52546,11.8877,15.4518,14.5306,4.60027,2.06963,0.43512,2.14604,5.57341,14.7349,9.18314,1.66298,0.034868,0.266604
0.199084,0.213898,0.244273,0.87504,2.14001,4.34085,0.0397483,4.57577,14.3165,0.361575,8.21303,2.13895,0.444735,3.05367,1.4335,3.15362,4.58655,0.156361,2.56465,0.76781,1.37455,0.533854
0.193993,0.412706,0.0411946,0.524812,5.98502,7.69651,5.80951,5.30693,38.0872,40.1988,2.92098,14.8054,11.1355,3.98978,0.769491,0.741437,2.21806,2.14755,1.49201,2.45068,1.03302,0.956441
0.845097,1.14062,1.86373,1.97234,1.60945,10.8416,11.5796,11.0199,19.3467,18.383,2.55747,15.8697,8.64081,1.3504,1.23499,3.30901,6.17687,0.0828583,6.79485,3.62314,0.795913,0.160082
1.22822,2.02189,7.19659,2.83397,10.466,11.8179,4.86309,4.61119,22.2094,18.1754,7.61016,10.8414,4.70711,1.05573,2.11934,1.00988,5.46181,9.11024,4.66641,0.78463,1.00067,1.30003
0.53464,3.226,9.44484,3.55371,12.644,18.7711,12.6153,7.90403,12.18,15.5681,13.8999,13.3462,12.4323,10.1567,4.32312,0.140021,8.47265,17.7224,11.3764,2.00581,0.2752,0.887125
0.913043,2.58262,6.3284,1.12415,1.96196,0.54081,2.15867,7.57118,9.29491,1.79078,3.40248,5.09288,6.39965,8.90554,5.15088,0.665068,7.77445,13.7416,6.02663,0.758181,0.166063,1.57386
0.988121,0.664377,3.89372,5.31792,10.2932,14.2836,6.26448,5.94751,18.779,21.6657,12.191,4.87166,2.58566,4.56797,2.7384,0.292269,6.59173,6.78036,2.04444,2.5352,1.11875,0.505087
0.641296,1.42872,3.28211,5.68828,5.32865,0.984548,0.120732,0.214738,7.57416,9.73107,2.26874,1.17893,2.80546,1.09728,1.04926,0.292045,1.87565,2.2954,4.23987,0.684776,1.6953,0.183056
1.36616,1.43998,6.23663,10.96,18.9408,19.9194,9.66131,2.39616,10.2457,5.15544,3.95236,4.49585,1.71286,0.875405,0.63545,0.238611,6.55954,9.78341,3.24603,0.571521,0.858042,1.0475
0.131883,3.59278,6.96025,6.68592,12.6989,13.8662,6.12528,0.562177,3.36272,1.56975,2.35461,1.52198,0.248178,2.15395,1.54018,0.444049,2.24134,6.63544,4.04007,0.186427,0.603267,0.0406082
0.0155349,3.10497,7.98803,7.63807,1.76104,5.40575,4.96746,1.37778,3.70386,3.47409,0.919783,2.18075,0.230625,1.14036,0.276495,0.303774,1.37001,5.16851,3.90012,1.09289,2.1944,0.0149963
0.342052,1.32496,4.37724,1.43752,7.66967,9.60361,5.32801,3.31011,0.291355,4.29308,4.86469,2.86541,0.419746,0.805655,1.48167,1.31037,4.30544,5.98246,0.00844696,3.01194,1.68126,1.38305
0.109671,0.258168,1.03435,5.47595,8.77556,2.52981,2.03282,0.635305,3.73402,7.54535,4.22563,2.4446,2.5737,1.25163,0.955405,0.703092,7.83879,11.5173,4.64556,0.113603,0.120116,0.982699
0.419072,1.27776,3.52184,2.68705,0.708248,1.19083,1.29534,2.36657,8.8244,10.5096,6.7169,4.36494,1.87808,1.50464,2.34333,1.25769,4.16075,8.67345,4.51708,0.0459063,0.718572,0.20965
0.344455,1.68914,4.28137,1.04882,3.17095,0.731325,2.38686,2.04661,3.73182,0.209518,0.134926,2.21709,2.44504,0.804065,0.195002,0.868747,3.37371,3.19176,1.15971,0.825962,1.69883,1.65957
0.249652,1.75992,4.79376,4.21838,1.15301,1.85219,2.97871,1.14877,12.0993,19.2937,15.383,9.16057,3.59772,0.854315,0.940709,0.00318748,1.66661,3.92903,0.697648,1.65242,0.637724,0.37652
0.258991,1.16972,2.06301,0.112698,0.020807,0.0230659,2.30579,1.17161,10.2932,7.79998,0.858728,3.07444,0.781459,2.53848,1.06163,1.00397,1.07843,2.10194,1.70208,2.75729,0.889768,0.93054
0.188598,0.498493,0.479674,0.30884,0.703439,4.30046,6.15817,1.05939,8.40271,4.41317,4.25621,6.70199,2.95045,1.69892,2.27912,1.15901,6.24974,6.56788,2.04916,0.232538,0.283521,1.21692
0.193009,0.234292,0.796326,1.69345,1.76564,1.0723,0.66574,2.30956,2.70521,0.83376,0.152417,1.84151,1.56694,0.469841,0.148948,2.56464,5.96341,0.493277,4.44109,1.08544,0.830414,1.86981
0.104356,0.363939,0.288802,2.27561,1.82628,2.03977,3.08562,0.177031,1.93602,2.50106,8.88148,7.68754,1.67908,0.192386,1.44385,0.869222,2.87377,6.09479,4.70652,1.69924,0.201882,1.0201
0.0488998,0.635281,1.70403,1.40452,0.0386141,2.1477,2.97794,1.56151,3.29385,0.783914,2.76622,4.01137,6.22522,1.13997,2.15626,3.87735,1.63236,3.25771,2.41931,1.00689,0.966387,0.471876
0.199945,1.29025,3.16483,2.65536,1.58536,1.34847,3.10201,0.763495,7.86891,14.3785,15.3156,8.73556,0.228794,2.03987,0.0222979,0.932032,2.08658,1.89959,0.0271034,1.60634,0.124408,0.485902
0.108892,1.85834,3.90571,0.436916,1.78585,1.47693,3.54856,4.20296,1.73595,4.72088,1.43166,2.1895,6.14432,3.23291,2.77587,1.50734,1.01215,2.78244,4.32379,3.91698,1.31985,0.127621
0.353912,1.23408,4.36186,1.85598,4.57845,1.50422,2.74838,1.30229,7.65925,14.8903,13.3344,7.23613,2.11617,0.374553,1.49038,2.17598,0.367232,3.26331,2.98078,0.575252,0.291127,2.74299
0.342528,0.392104,1.45507,0.985778,0.609572,1.42758,5.87515,4.58284,4.08818,5.80638,3.92026,5.78521,1.21747,1.20552,2.69965,2.94462,2.12939,5.78584,1.54622,0.313008,2.17287,0.0945428
0.540086,0.385698,2.08149,0.466357,3.4513,5.09542,2.90163,2.62592,14.1221,16.7527,2.34984,4.37123,1.6829,0.86156,0.906556,1.26371,3.08896,13.6226,12.2275,4.48894,1.45951,0.201609
0.75598,1.30942,4.75262,3.8205,0.515557,0.172607,1.97268,2.47043,1.36268,4.29568,2.80237,3.89835,1.78255,3.28707,2.20231,4.29501,21.499,22.8398,3.48618,0.672057,0.234889,0.147029
0.676896,1.17915,3.44038,2.09207,2.18922,3.63485,1.07461,2.13034,19.5106,18.488,2.75339,1.61449,3.0164,2.1077,1.29044,11.484,8.81648,1.14869,4.0686,3.89233,1.62233,0.126552
0.0390207,0.746188,1.56807,1.02895,0.602753,3.09275,3.02226,3.87185,3.39425,6.39766,4.27229,2.24173,0.704366,1.54291,0.794653,16.9308,23.4929,6.93365,1.41558,0.713565,0.172911,1.03617
0.158021,0.31506,0.319038,1.8193,0.598555,1.09322,1.71657,1.58435,11.4425,13.6171,6.23717,1.36405,2.59234,3.05067,1.31237,6.15794,10.2624,4.43245,5.45941,5.44796,1.63767,0.443823
0.385499,1.01872,2.9569,1.22633,2.23093,0.738155,3.87812,3.35426,11.5485,14.6427,7.65391,7.45822,2.34126,2.68471,3.24572,19.449,19.0252,4.91516,8.79108,0.019107,2.50637,4.76938
0.231771,3.12183,8.53877,3.03935,8.84655,6.75841,1.49336,1.96262,1.72271,2.5669,4.87432,10.1222,4.32323,3.21783,4.15621,5.6502,9.86252,1.82932,5.75959,2.06202,0.95795,3.20568
0.425282,3.90958,9.5922,6.31469,0.423166,3.42618,2.61357,2.88098,12.9691,13.6199,0.364793,10.1281,8.56926,3.5867,0.857895,5.14935,19.3494,21.5156,7.71136,1.26195,0.410141,0.55676
0.334663,3.1278,7.30006,13.3333,21.0843,12.0249,0.112361,3.18325,6.75565,1.28113,2.70509,9.70619,4.49805,1.55313,2.28057,4.77361,11.9151,10.514,2.67052,0.7742,0.60407,2.60492
0.759707,1.31031,0.543211,5.24278,17.879,14.608,0.503172,4.90734,11.4311,12.4106,0.559074,9.34757,3.16755,1.15783,0.959832,11.8474,35.6255,24.4721,0.183177,1.96903,0.0494546,1.64985
0.557243,2.59888,6.13277,4.00521,1.594,3.87807,2.49539,1.55712,4.79376,5.49989,2.32436,8.77998,6.58809,1.73639,0.522273,14.8539,43.5824,37.099,6.62721,1.01857,4.16676,2.36437
1.07177,3.16658,7.47783,4.81217,8.72025,10.1759,0.0453435,6.60153,7.89544,4.36963,5.161,7.34057,3.18796,0.929277,0.743514,4.04918,16.3711,14.772,0.68832,6.03829,3.4931,1.42862
1.32053,3.25595,10.0213,9.87988,9.06042,8.16292,2.96257,3.88525,10.1911,9.3837,0.563595,6.43789,3.38894,0.271395,1.35662,2.21081,28.2573,37.7095,11.3328,1.14178,0.267228,2.55492
1.44755,1.45765,6.02489,3.01722,4.42032,4.32829,1.72143,0.404712,4.12386,2.53878,5.0068,6.73779,0.864284,0.976292,1.15833,5.16316,45.1151,64.1568,25.7634,0.817132,0.729906,0.424958
0.0905727,0.9359,1.47886,3.11284,10.2652,9.37461,2.84504,1.04505,6.60625,8.88341,0.0488516,7.3325,4.38737,0.607888,0.743758,2.57728,22.4342,43.9426,17.9812,1.12626,0.641724,1.20237
0.256084,1.04991,1.39552,0.771421,1.53231,0.675418,0.929117,1.40387,8.35084,6.42847,4.03142,8.2611,3.22729,1.22025,1.83368,6.83886,21.9717,19.878,1.98578,1.78712,0.884332,5.07023
0.749846,2.71598,6.61015,3.15092,4.96301,3.90264,0.041435,5.47424,15.978,12.6443,3.42012,4.03021,4.27626,2.4718,0.654034,4.80327,24.1484,29.8828,7.54712,1.48972,3.99691,6.05245
0.316045,1.79863,5.82331,2.46088,5.12239,3.49521,0.512288,1.7825,0.502919,5.80162,7.84344,5.62019,2.88873,0.182281,2.03879,14.4731,55.358,64.0987,17.6871,5.04648,0.865644,2.40557
0.0517213,1.71362,2.97472,1.23406,5.26858,4.61543,2.02265,1.20474,1.36217,4.62203,3.24124,3.56754,1.28856,2.87514,0.572934,7.6083,19.2771,52.9318,26.3842,3.00145,0.230572,7.32891
0.083664,0.828319,1.981,1.65284,0.325871,0.507027,1.06878,1.6492,11.4403,15.3092,9.97607,6.55453,1.70999,2.00766,0.344665,5.165,33.9183,41.2651,9.76707,3.0608,2.98471,2.00097
0.0643423,0.125531,0.357995,0.19672,0.690379,2.75308,2.72122,0.627173,6.31475,6.40829,2.17809,3.91857,3.23633,0.276088,0.100452,1.47191,8.75873,10.5155,4.55201,0.218555,1.36043,2.44942
0.0688096,0.199461,0.829391,2.72865,2.31346,0.0833962,1.59037,0.824147,4.29083,0.520461,6.07302,6.10996,1.05168,0.162035,0.298189,5.67579,37.3356,46.0942,13.0129,2.19116,0.0188536,1.22993
0.275344,0.348272,0.558896,1.22792,0.380946,2.94335,3.34398,2.39969,1.64105,1.43929,1.01775,6.39066,3.64851,0.1049,4.19417,1.74294,50.3143,69.0565,22.5308,1.86929,0.47206,1.75933
0.414271,0.759241,1.39604,1.30332,0.786429,0.580249,1.21852,0.184752,3.46433,6.02159,1.11715,5.72412,1.64889,0.104043,0.969207,3.3216,14.7729,19.6259,6.80785,1.77807,0.771387,0.560315
0.549824,1.46535,1.94629,0.174274,0.136659,3.14566,2.78179,2.90519,9.66097,10.4632,1.01375,8.02308,5.57773,1.7417,4.05202,7.21932,41.7504,39.8602,9.88972,0.863984,1.10069,0.676418
0.56176,0.539593,3.21358,4.01461,2.115,0.996075,0.869089,3.34448,1.8297,5.51667,1.99851,5.30832,2.31256,0.532722,1.61299,8.28352,17.8084,2.92719,5.10276,0.673394,1.39907,0.0686755
0.174577,0.946359,2.09138,0.775039,1.47217,3.47779,4.0125,2.41204,12.6164,9.83457,4.62439,10.154,4.43611,0.0556382,0.887516,10.455,31.2407,24.2464,3.16683,0.730632,1.28223,0.999573
0.510777,0.0101967,0.088961,1.36841,2.49554,2.24518,0.814595,4.51432,7.56729,0.495825,0.966203,7.18499,4.42969,0.521637,0.748695,14.3071,22.2518,3.32733,2.90194,1.56232,0.665312,0.284482
0.00346425,0.709483,0.333862,2.01308,3.48187,4.50807,4.48354,6.23703,5.75153,2.80848,9.85185,11.0125,4.80832,1.30909,4.45928,34.9857,39.6079,9.29515,0.455766,0.619373,1.48178,1.4028
0.292693,0.609995,2.84605,2.98825,0.73435,2.61028,0.826562,3.3186,8.39313,5.28777,3.31729,6.70532,2.72336,3.34379,3.69455,21.3569,21.702,8.56331,2.60192,0.696636,1.63387,0.144484
0.492789,1.41174,3.19603,2.21412,0.941219,3.91452,3.48951,0.475355,5.43236,8.53541,8.05945,8.78087,4.12153,3.26059,11.2247,44.3258,34.1235,2.45083,2.25512,1.21837,0.739833,1.2393
0.355064,0.71238,1.26121,0.817061,0.59856,3.3511,2.42767,5.84399,4.86815,3.40998,8.4205,9.49967,3.96164,3.89598,2.05534,16.5177,25.3598,9.2475,1.15188,1.42042,2.08291,2.21008
0.751024,0.967536,2.56507,4.28953,2.46195,1.9407,0.179632,7.18949,9.18798,1.91037,1.01651,7.05578,8.14309,2.46403,8.3013,21.1202,14.5387,1.49095,5.55324,1.11482,1.19366,8.2839
0.165015,0.690437,1.43382,2.10856,3.63123,3.75697,12.1986,16.3054,12.0782,3.46028,3.44251,6.84735,2.92822,0.615451,3.13214,7.40969,5.35013,1.68947,2.18341,3.60264,3.97505,1.86005
0.1121,2.0908,5.98429,1.31716,12.3105,4.51585,1.53049,5.90325,2.85824,2.16746,3.08046,6.8581,2.31415,0.692501,19.6975,27.1185,1.75853,8.20802,3.84159,0.883793,1.93424,1.41918
0.0455523,3.41385,7.12994,1.82377,12.5163,10.609,8.21753,12.2021,14.5165,10.2056,3.81196,0.560404,0.418098,0.970239,39.7681,61.9009,19.4602,3.17569,3.45346,1.53047,1.02184,3.25646
0.616614,2.21276,6.25868,6.25426,3.7839,4.59029,3.59915,11.9408,16.8528,9.01997,1.14932,0.481418,2.91887,0.367933,43.1845,79.2789,35.4619,5.30891,4.38898,0.311767,0.306555,5.03352
0.084577,0.834312,2.67311,9.06916,16.6059,10.6418,0.334462,0.92026,0.0169763,6.03114,7.30318,5.0589,3.58639,0.00764936,37.3932,64.1033,26.5014,0.475427,3.0362,2.54957,1.7738,0.94963
0.0643221,1.08754,2.6667,1.06472,8.58832,12.2194,4.71071,8.70743,8.82449,2.42915,0.738577,0.0878416,1.01974,2.63176,19.9348,35.1412,19.4016,5.06676,4.64163,2.6328,0.72692,2.5662
0.118407,2.4849,5.68262,6.23517,8.74253,3.26487,7.82715,7.75949,4.60225,3.08116,0.615463,0.824127,0.720939,0.1308,4.4666,10.5429,10.6473,8.54971,5.01398,0.196058,0.0538335,5.04541
0.126323,3.22962,7.21651,10.4637,15.8359,12.1209,3.06551,1.95866,2.64662,1.27829,2.98324,2.40039,1.87078,0.612873,25.3252,47.9572,19.3661,7.06722,3.7002,1.09168,1.1271,6.29144
0.275211,2.50072,7.05354,8.31151,4.86189,5.34893,7.25904,2.7321,1.48049,1.44776,0.957151,0.744342,0.893069,1.64181,37.5532,61.4636,18.3057,12.9543,5.6504,1.4519,1.43648,1.61864
0.245886,1.43787,2.91497,3.29406,10.0446,0.0525446,8.83222,6.28799,3.91213,0.442212,0.454982,0.197863,1.81843,0.517777,36.4516,52.0932,11.4025,2.90254,5.31098,0.929292,0.0479131,4.37676
0.0215773,0.480456,0.0575379,3.54386,4.92789,1.17348,1.89109,0.569565,1.15235,0.545155,0.00116511,1.44598,0.197724,1.23806,32.022,50.5526,24.8334,4.82406,1.5512,3.37378,1.76567,5.07615
0.125307,0.287524,0.733461,3.20695,6.06179,7.98591,19.4919,15.4779,10.6634,6.54333,5.37487,5.38144,1.25649,0.919803,17.9838,26.9535,13.1083,2.6014,1.62472,2.05001,0.597735,3.15663
0.00264405,0.587773,2.6974,2.24143,1.56212,11.1631,13.3645,0.784916,4.28753,0.974535,1.79609,7.06614,6.81488,1.99528,0.894987,2.13442,3.46309,0.661912,1.33055,1.10563,0.325187,2.21935
0.397575,0.504976,1.44378,3.08059,6.17336,2.85257,14.6741,10.7463,2.91516,0.282587,5.00792,8.38972,5.77263,1.53382,22.8353,25.6542,4.78042,1.86468,2.65395,1.84483,0.525238,1.50849
0.152429,0.322455,0.733494,1.26058,2.84744,18.4915,18.7992,3.65771,7.09009,2.46066,0.254524,5.70227,4.8896,2.10608,30.1419,40.1072,10.8203,1.4554,5.10877,0.686956,0.793509,1.02504
0.530398,1.15248,0.959121,0.901492,7.51752,11.0164,4.41339,3.90422,7.0574,1.87248,4.72429,5.74999,3.32545,2.03482,22.8431,34.8536,18.3473,5.78597,1.47504,1.43927,0.572399,1.8705
0.810466,1.77351,2.00895,2.12238,0.840457,15.4949,15.9385,7.93618,10.1484,0.0584403,3.06963,2.42372,1.46213,3.2581,7.91707,10.2383,8.90998,5.12713,1.4027,2.80435,1.1298,1.46992
0.331541,0.939344,3.02973,1.82385,9.95177,25.7128,27.2102,16.9445,9.55603,7.90521,4.97658,2.53173,4.63857,1.61497,6.69718,14.4494,7.9986,3.41184,4.97763,0.369863,0.160858,1.23916
0.245397,0.455793,0.591197,3.8624,8.18868,2.78086,8.07182,2.76636,0.131233,5.21172,2.76622,6.22927,1.6925,3.09606,22.2331,32.8399,10.5307,1.2593,3.26038,2.58232,0.0492434,0.713023
0.190063,0.605787,0.969587,0.239595,8.97434,29.4807,36.6385,23.7787,5.37777,8.50992,6.33816,1.47937,2.68903,3.97065,33.9798,50.0987,19.69,0.152249,1.94081,1.47555,0.490694,2.65684
0.581571,0.357941,1.54545,3.20745,12.6757,13.3662,1.77801,4.31549,3.45731,6.5341,0.927119,0.571727,1.35847,2.24313,31.7003,52.5179,23.4726,0.990928,0.653174,1.14958,0.31978,0.922205
0.129341,0.86611,3.23786,2.47058,6.22658,22.7573,26.6859,17.2158,13.6619,9.33193,6.51001,6.77209,2.03854,3.05091,23.375,52.1579,31.014,7.34444,2.9329,1.0798,0.775886,0.607542
0.0864739,0.768764,1.92247,3.03849,13.4586,27.1491,15.3932,4.3285,5.09887,1.24742,2.48548,8.53726,5.50293,3.69666,18.032,39.1646,18.5481,1.85799,0.623676,2.45062,0.386022,2.6483
0.0312625,0.201723,0.659396,1.31457,2.71006,8.20902,6.71423,5.44864,8.36169,2.16574,6.08189,9.58483,4.11027,2.024,20.9016,47.0896,30.0899,6.59826,1.8415,0.0725151,0.127929,0.15285
0.080816,0.789256,1.25581,0.554467,12.4992,34.3634,28.3696,3.18614,5.54831,6.17617,3.65917,1.75153,2.67418,3.40557,22.3447,38.5974,15.7829,6.16298,3.54567,0.0770308,0.98077,2.67377
0.243682,1.13439,2.36117,0.79792,2.6045,9.86693,11.7376,0.276169,3.33715,4.25901,0.634798,0.58524,0.941852,4.00575,14.5155,25.0887,8.87898,7.49743,2.9402,0.0620474,1.38017,2.51341
0.0982711,0.941852,3.18342,1.52332,11.3269,30.9732,33.1663,13.9498,7.00095,13.2352,12.173,8.40841,2.25657,2.59898,8.84016,12.4221,3.63272,11.1942,1.71218,1.20309,0.541296,0.0792252
0.336944,0.506792,0.767004,1.27093,11.8736,28.337,23.4629,5.66528,21.4591,11.9557,1.85697,7.34213,9.93259,5.04787,3.01987,13.2081,3.74817,9.33883,6.14939,2.68316,2.62453,3.50832
0.395917,0.738998,0.92884,4.72921,14.9097,20.3103,21.15,13.8645,2.94832,11.2844,5.06061,0.228707,0.0377943,3.54167,1.78749,8.66245,8.97608,2.59517,0.320023,0.365036,2.10826,6.40767
0.0327273,1.78196,4.25972,7.55227,33.4876,45.5888,21.3236,13.4751,13.1108,0.787059,9.08617,15.8141,8.18001,0.342115,1.56092,1.25291,8.50971,8.34653,0.0380698,3.93503,3.24162,8.58671
0.343693,2.88144,7.21652,0.867405,7.01689,4.9746,2.23182,3.98906,6.98118,3.63778,7.50293,18.2254,12.1933,5.06422,8.26195,8.38448,9.29318,11.3485,5.79263,1.47555,1.54313,4.40641
0.380003,2.45441,6.03788,8.78575,23.313,36.0371,15.2318,11.8388,6.25211,5.79185,16.0745,27.3376,17.4859,8.7303,16.6252,18.4577,10.6528,6.57819,3.65573,0.885698,3.06712,1.16184
0.508904,0.133302,0.574307,5.56089,19.4966,29.3657,27.2127,19.884,4.89891,4.98968,12.8333,26.9577,19.1601,7.04371,12.6629,15.8837,9.06042,1.44231,0.517559,2.03581,4.12008,1.89057
0.0373143,1.61772,1.8451,3.10538,3.78933,17.9995,10.6715,5.20681,10.8756,9.5495,15.0578,26.1406,16.1541,0.232663,0.0840448,4.30432,2.74312,0.454517,0.0884426,2.44479,4.15237,0.344264
0.307244,2.22662,5.27135,4.83794,16.2707,37.1161,37.943,22.4199,13.7969,9.25,10.5267,18.9115,9.98934,6.25819,7.14365,5.24687,9.49394,8.02627,1.17278,2.18684,3.24313,2.54415
0.228844,2.41543,7.51006,9.87746,5.97242,0.718426,2.46597,0.0107063,0.641376,5.9857,6.93932,8.4938,3.0059,4.91016,2.51867,0.463243,7.81103,13.7115,5.04724,1.00428,3.20985,5.15813
0.701704,2.53565,5.84616,7.11342,6.65384,32.9051,35.1177,15.9083,0.251252,6.85114,1.53922,3.96639,1.93693,0.419931,1.31049,1.70465,0.856114,7.475,2.50422,4.21672,4.03271,3.18889
0.0708401,1.29999,2.34415,3.9807,1.2138,11.9988,8.78307,2.74794,2.8866,6.48608,3.59653,16.1143,9.76132,3.04112,0.197462,7.32578,6.33272,0.596072,1.57516,0.623003,3.2373,0.746937
0.128963,0.183493,0.620241,0.434109,11.9462,28.7141,21.8256,8.51405,5.38229,0.871317,12.2329,27.5675,15.5493,3.94489,4.29169,1.56354,4.79277,8.34279,5.23512,2.75211,3.91075,1.66541
0.0486086,0.65244,1.80601,6.04164,1.15643,22.8394,24.9889,7.35545,6.3792,4.16832,11.9689,30.4074,19.2048,0.325987,7.4844,12.927,12.8758,3.84257,6.90271,6.91906,3.62828,0.169689
0.171012,0.46856,1.67141,7.96437,18.9756,17.0922,1.41973,0.939061,8.36741,8.74154,16.3516,28.507,17.9302,3.79932,5.02573,12.6082,13.1874,13.083,8.21729,2.80513,2.786,1.59927
0.0783548,0.303852,0.0219942,1.13868,11.8882,35.7037,37.3723,17.5425,1.07382,7.33437,8.48959,13.9348,11.5269,4.96241,1.88431,1.78447,4.277,2.95479,0.895108,0.607705,0.625037,1.24094
0.167391,0.828605,1.71509,6.79706,13.3209,0.408724,15.1203,7.98021,5.52582,11.4241,8.18236,3.37976,2.30056,3.41549,4.68979,6.06604,6.54575,5.58599,1.55312,2.61969,1.60455,0.585868
0.321422,1.03972,2.45469,6.58998,19.3854,37.1403,37.1284,18.3908,9.80994,10.4953,0.670839,12.6125,7.76173,0.733978,3.00686,5.64697,9.74386,3.86932,6.09708,4.66514,1.77685,0.154276
0.204971,0.0172244,2.00388,1.56858,0.946719,17.4262,24.3608,3.88191,11.5699,13.3529,2.41184,20.2692,15.0909,5.24042,0.0886876,0.0257894,2.0024,7.40304,11.4608,4.49975,1.10986,0.758537
0.0114908,0.0610718,0.88363,1.47563,14.4805,26.1493,26.8125,20.9814,6.18154,6.47073,5.87119,23.4317,16.5589,6.91319,1.18742,13.141,9.12591,3.89608,6.80553,2.62882,1.46019,0.397919
0.283991,0.51242,2.56939,4.40466,9.90679,29.4923,25.989,2.54859,4.65188,4.8829,6.47731,21.0206,12.6751,1.39563,5.74253,9.94452,0.62767,5.15652,0.516704,0.43828,1.38979,0.980651
0.304323,0.545855,4.13864,4.08619,6.49932,7.60914,5.01635,19.2301,21.4319,7.90809,4.32444,12.9214,7.15256,3.28831,8.90088,6.84919,4.31947,7.68305,5.05013,6.11721,5.5728,1.23167
0.42485,0.966849,2.41223,1.67441,9.62397,32.8542,23.5003,5.10605,1.77079,5.50583,1.98281,0.062795,2.51469,5.67517,9.27386,9.73605,0.866712,6.20333,4.10612,0.744815,2.51522,4.16903
0.138439,0.601148,0.27865,2.88066,8.06839,7.40936,18.7616,0.472612,8.78832,2.99041,6.79296,15.578,11.1659,4.87347,7.52155,10.9864,5.77203,2.39248,3.74995,3.88873,4.31537,6.5766
0.0930123,0.537543,1.50676,1.21009,10.1502,28.241,14.1462,13.6726,10.292,3.77787,2.90562,18.367,11.8225,1.51762,0.770733,4.5075,5.19322,6.04535,5.55191,4.91847,3.2565,3.73867
0.50627,0.863763,3.81687,12.2189,12.282,19.6356,48.2473,38.5004,16.35,3.80362,11.3053,23.5631,10.2362,6.74966,8.13878,7.72384,3.66452,2.33077,0.893321,1.87029,1.75782,0.653969
0.22298,0.99759,1.95421,5.42133,16.6175,18.6304,19.1654,26.5117,18.8273,10.9586,2.76649,12.5322,8.92442,4.47189,8.32163,5.4321,4.26377,6.35994,2.29823,3.02708,2.34227,0.566808
0.384515,0.55652,0.254828,5.74369,3.02431,26.633,30.0589,6.64074,18.0285,5.87438,2.73382,5.07475,1.27247,0.44545,1.05921,1.30101,2.66455,5.40615,1.94402,3.03015,3.48777,0.979949
0.24976,0.478823,0.057018,7.19822,18.89,6.52158,2.09035,6.73809,1.21775,3.94659,4.35743,8.29883,3.11209,4.37743,0.304956,7.74767,12.0801,11.8956,3.889,3.56099,4.58748,1.31237
0.299694,0.233899,2.2981,6.61613,16.7652,28.8524,16.6509,17.6832,30.0241,13.8531,8.24719,21.9958,9.97855,9.33342,1.49126,10.7034,10.1598,9.8715,1.292,3.44506,1.77391,3.6444
0.407954,0.910573,2.6955,3.4963,13.6011,0.0238475,5.55861,10.7141,3.37595,11.386,1.89705,23.8187,15.284,0.789836,8.43668,16.2328,16.2465,14.9313,1.32674,7.53419,3.98893,2.46915
0.369824,1.70418,5.20072,4.85727,28.0792,32.4643,9.50185,9.32291,5.27395,1.46669,10.1152,23.7411,17.3463,8.29718,9.4282,8.60908,14.525,22.8183,15.3339,5.53332,2.68785,0.573316
0.522113,2.58465,5.90373,1.63281,3.09373,16.2857,18.0218,4.75758,11.0943,10.0073,3.80137,10.3735,9.06468,5.96524,6.07285,2.57778,3.95506,6.32098,4.75663,3.34161,0.245247,1.44536
0.0079302,2.07095,1.85425,0.911859,15.9013,19.786,4.59918,19.8624,18.3774,14.262,5.35628,1.34015,2.03036,2.62431,0.703723,0.0998308,0.0840271,6.8399,5.22511,0.356842,0.601162,3.2675
0.0399949,0.421729,2.09418,4.51235,2.3982,22.7081,25.4392,3.24312,3.53637,19.4895,17.9545,13.8857,7.42765,0.975399,3.93394,7.99704,13.3284,9.72705,1.16608,2.36227,0.621928,0.599245
0.566728,2.45873,3.53932,2.7377,11.1534,3.56258,18.3149,25.4172,1.52918,25.9287,22.9149,20.381,16.2179,8.45178,7.81396,9.50519,13.8305,12.5488,7.81915,4.46731,3.16232,1.82243
0.269629,3.41173,6.04888,0.705206,5.71943,23.2994,26.517,20.7155,8.83664,35.812,31.8645,28.8105,19.3866,8.99564,8.47714,5.41192,1.27982,1.40543,1.77069,2.17077,1.99285,3.94342
0.549371,2.11264,7.19276,1.83448,10.8214,10.4534,19.7217,10.2995,30.3511,37.5498,22.4497,26.9054,19.4288,4.36273,5.72529,2.65467,11.4482,16.3413,7.87423,1.50553,1.9967,1.69079
0.286247,1.06244,3.74355,0.983474,14.1597,14.066,7.90578,16.6544,31.5791,30.428,21.76,25.2771,15.0216,1.16133,2.29033,5.15912,9.11451,15.3711,4.03385,1.24473,2.4292,3.17681
0.441505,0.510055,1.05876,11.2877,8.15652,21.649,22.1151,0.183807,3.84427,4.29715,8.32232,13.4571,6.15043,5.83031,2.52828,5.11224,0.775616,7.09656,3.86814,3.19001,3.8011,3.23985
0.0734579,1.39836,2.71043,8.93792,19.318,0.352669,14.6038,0.248707,15.8806,12.9037,0.365688,4.01876,0.482612,2.78632,1.02205,5.4415,10.9883,12.5482,8.913,2.78553,3.10294,1.01432
0.11238,1.9917,5.52502,7.67162,2.78559,27.1724,26.105,1.29685,26.5228,30.6362,13.4527,8.74944,7.6172,0.278031,2.96111,2.46484,7.66578,14.556,8.45514,3.93072,4.77526,3.5519
0.269017,2.30467,5.74265,14.0845,18.1335,9.13021,28.8522,10.0939,10.9044,21.3723,12.6771,13.9262,9.536,3.32723,4.72862,3.53925,8.29139,6.47119,5.2973,8.11554,5.9176,0.698522
0.234066,1.53201,3.57713,6.28093,11.9142,21.6722,22.244,7.18669,1.97244,0.878985,5.83093,14.5481,6.37067,5.74469,6.05355,7.98895,10.0682,10.7756,7.45191,2.10272,2.02037,2.54322
0.600333,1.03025,3.43739,0.235173,5.50453,18.9051,33.1432,8.34956,8.42062,17.5635,1.69081,10.6129,5.87717,1.60935,3.81549,4.38395,3.62185,12.0508,7.2853,2.27358,1.66549,5.88018
0.0358844,0.936822,1.82696,4.73458,13.778,13.4966,7.95851,1.02092,7.58114,16.6469,5.43815,4.17337,4.14714,3.18474,0.275325,1.69415,13.0959,16.3815,3.36516,5.46779,3.13264,5.79467
0.151864,1.81316,0.317376,4.80811,4.04708,19.5761,26.0969,3.81191,3.75766,2.9403,4.99653,6.52218,3.25033,2.88853,1.45313,5.38909,1.80719,3.35321,3.45859,2.37989,1.50357,2.09349
0.709126,1.05464,1.19326,0.316649,3.14444,3.36644,7.6805,3.54061,1.83374,1.04346,7.44191,18.3223,9.95024,3.24348,0.0597723,10.393,10.3382,0.71554,6.24255,4.00155,0.719109,2.09331
0.17817,0.5646,3.21397,0.561046,0.596731,17.3274,14.6479,9.71927,6.14501,2.15095,8.33071,20.8507,13.3266,0.182546,0.248101,2.75905,8.28683,11.5766,3.66391,2.36454,1.4633,2.55457
0.188401,0.39984,2.34083,0.651137,5.91595,12.7102,28.1257,17.5209,6.1409,1.53107,12.1896,22.6103,15.383,5.82752,2.7184,4.02369,0.0339764,5.95997,1.40957,0.94821,0.35324,1.13713
0.175236,0.0819887,1.55862,9.63304,8.22807,8.33458,4.50063,6.99421,0.216748,5.93127,1.04098,12.753,11.14,6.26315,3.24982,2.55602,3.00451,0.5758,3.88984,5.75887,3.24697,0.881357
0.371476,0.0808627,1.46694,9.13512,16.8606,14.9308,40.7026,30.862,15.7213,4.7833,6.09503,8.76852,5.39279,2.8094,2.80782,4.3176,2.90017,3.76086,0.997494,2.4614,1.22769,0.671805
0.134518,0.898159,4.26371,4.69387,2.91837,3.75123,2.2352,0.0659258,1.00495,3.92323,7.69991,7.53653,3.17315,1.08883,8.35699,15.037,12.6604,6.80224,1.34143,1.63813,2.67703,3.0431
0.0843442,1.12354,2.28817,10.8626,14.3539,17.1398,42.8858,34.0456,17.8398,2.33878,3.11492,15.3499,12.2255,5.2299,11.2168,16.1396,9.72351,7.28454,9.3766,6.60716,3.10991,3.86219
0.309484,0.274718,0.389966,9.48099,18.0936,2.94683,11.3931,7.3238,8.91989,5.7257,18.6812,29.5846,17.3652,6.38593,10.3105,10.2524,2.41146,3.64885,3.6709,3.77902,3.19041,3.60949
0.52939,0.406173,0.683512,2.67462,4.43407,18.5368,28.0507,18.2757,3.98321,1.64416,6.0704,27.8112,20.4326,3.21332,3.08115,1.91299,0.936836,4.44502,7.90495,4.95327,0.533093,1.25189
0.76518,0.638843,2.15641,12.3061,19.8749,7.69157,15.2509,15.3374,17.2105,1.99955,17.2594,32.8063,17.0689,1.89045,1.9502,1.05985,6.42239,3.47691,1.9536,2.02484,3.23754,1.21453
0.366174,0.799721,4.46322,12.071,16.1458,12.6274,4.65375,2.82361,0.515329,7.04343,3.94096,19.072,9.61145,4.94587,7.62407,5.21036,3.47146,4.83441,3.73555,0.581792,2.66107,1.19638
0.448151,0.15835,1.18587,10.2847,12.9333,12.7679,17.5836,8.78212,3.13137,9.84185,1.58576,7.78834,1.04962,2.8487,9.12387,16.8169,5.58298,11.9041,11.739,2.51749,1.84812,0.101475
1.07396,0.785963,6.9469,5.87812,12.5104,16.6549,2.14538,5.59308,14.9268,12.6179,8.05554,5.13282,1.97286,0.144694,12.726,19.2463,10.0923,27.8459,10.9082,0.87391,0.628352,2.08882
0.323842,2.50836,5.50128,7.21307,7.11458,14.0213,19.7847,6.69622,11.899,0.920748,0.416046,5.71133,4.57086,1.53521,9.32693,18.3185,2.74144,11.9683,4.73724,6.50127,0.79691,3.45838
0.687218,1.49191,0.524528,2.65809,10.2886,9.60928,9.01944,2.82768,8.24879,3.61723,6.20831,11.9827,6.62215,0.144954,5.61185,8.84833,1.39768,3.76136,1.38917,3.12714,3.4336,5.02503
0.545747,0.0371339,1.97503,8.26028,5.45489,19.572,24.2477,3.96051,15.2228,9.34001,2.18066,7.23572,6.61638,2.85732,3.77443,1.91633,6.24321,9.62243,0.87515,3.52269,3.19933,1.83347
0.284808,2.48318,4.01567,8.48452,19.7923,2.56989,20.13,12.1176,7.25483,5.41072,3.93935,7.68846,4.93747,1.94777,2.92963,1.5158,20.741,22.6702,5.43856,0.209446,1.93709,0.0644416
0.171239,2.62338,5.89075,4.28998,10.3243,23.3613,16.6558,7.08606,10.892,1.91862,3.84859,0.445202,1.38172,0.879837,6.03607,10.546,6.46544,0.0246721,3.85324,1.47849,0.893329,2.43487
0.119719,2.31902,4.88344,10.9185,21.7684,7.0224,26.3171,18.7934,13.7915,8.51181,2.16965,1.89844,0.0788787,2.37619,5.16095,13.8523,16.4372,13.4595,2.8958,3.68594,1.61527,2.37334
0.089289,1.55845,2.73161,11.7376,30.9078,24.478,8.87469,0.961499,3.25392,8.97364,0.720268,7.51803,3.72474,1.90933,1.99117,9.11972,11.2179,9.40453,3.10968,0.543741,0.425042,0.338527
0.00571817,0.0800455,1.78261,9.02205,3.15018,20.3877,25.8112,20.0146,8.71943,6.89924,0.0168634,10.785,6.97153,1.83756,3.72819,5.66786,2.77512,0.54996,0.945782,0.784983,0.635158,1.68232
0.329268,0.640799,0.367794,15.9392,29.3006,9.5661,1.58596,8.89907,3.88071,6.16119,0.673528,8.24267,6.10539,3.06364,5.84181,5.29804,2.9945,5.54824,1.60642,1.9567,1.03886,1.67447
0.15135,1.61575,3.13985,4.77329,22.5252,33.8797,22.735,9.29962,6.48409,0.13304,9.69902,14.1295,7.48509,2.16306,4.42662,4.18275,8.2674,17.0143,8.99705,1.40737,0.869973,1.59016
0.746549,1.59881,6.59541,12.7992,11.1734,10.53,17.409,4.88733,12.0595,9.05615,5.10429,6.75916,7.05263,1.00866,2.87171,4.78968,7.09391,15.9705,8.4299,3.07098,1.38999,1.30998
0.354429,2.17598,6.01004,14.3359,26.4634,31.113,17.9038,1.59072,2.56925,0.654624,8.27359,13.3794,5.71515,1.14646,0.469873,2.62897,3.73586,5.8271,0.250232,0.367004,0.271787,0.212589
0.2008,1.33267,3.98032,3.91896,6.20052,25.0123,29.9057,2.85498,8.05193,1.47726,0.618932,8.74434,5.06578,0.794021,0.68605,1.73975,1.97979,1.59907,1.43414,3.17239,2.0202,1.02104
0.611491,1.3464,2.78671,5.46786,19.441,22.4232,9.82811,3.63382,8.39136,6.75687,6.87111,7.45422,2.28244,0.229511,0.150441,1.30625,8.54255,12.6317,6.57698,0.836695,0.617506,0.628808
0.266126,1.30866,1.86092,5.10864,15.0256,27.6938,25.7979,3.45424,1.12381,10.3026,6.39904,3.37546,2.97511,1.48609,1.54813,3.23334,8.92462,15.0434,1.63401,3.92271,0.654661,0.258577
0.0950155,0.520304,0.474541,3.82748,0.787004,11.1308,8.51823,4.04426,0.0646848,12.4089,4.2054,5.80002,1.42218,1.61969,3.5515,4.32798,12.9717,20.7631,6.4688,0.520801,1.09687,0.19324
0.256325,0.192514,1.14051,1.53705,8.63825,29.5866,30.6015,8.37288,8.07259,11.9501,1.42918,10.1292,6.14958,0.899071,2.83153,6.59245,1.49614,8.0069,4.84878,0.838654,0.687505,0.088195
0.0936731,0.107202,0.2393,5.38545,7.04545,0.111898,2.63007,2.16096,4.70846,2.80513,0.852882,7.06505,6.16224,1.10342,2.28532,7.62233,14.9631,12.1877,1.7939,1.34128,0.65354,1.15927
0.085221,0.149961,3.21318,10.5548,2.10381,23.3819,25.3871,7.92634,2.18236,6.71327,8.16529,7.71208,3.84258,0.823551,2.09957,3.2968,4.58653,2.73509,2.27728,1.89327,0.159104,0.00410299
0.3217,0.837704,1.39112,2.91391,7.178,6.46959,1.87823,0.30921,6.48066,5.91932,0.295985,2.66139,3.91222,1.85396,0.727628,2.29206,1.99081,5.62515,7.9486,2.40235,0.511029,0.375129
0.166634,0.876015,0.823787,6.57331,4.36447,14.7657,17.3028,7.45619,10.1476,13.5084,8.61841,2.96193,0.84487,0.806742,0.0785278,2.16374,6.63424,3.55848,1.92857,1.90229,0.593144,1.11194
0.239572,0.00370964,1.51624,1.91347,3.73003,7.85839,4.08168,0.00558664,1.50068,4.98701,2.34271,0.835799,1.28126,1.58904,2.56591,5.70199,7.73113,7.18826,4.97129,2.48932,0.898358,0.120195
0.117121,0.121222,2.40761,2.96548,2.18064,9.32235,9.74529,1.19564,1.37349,2.52883,1.25804,1.19024,1.07878,1.18434,3.70657,9.87816,9.71719,0.0153772,4.09859,0.914282,0.578219,0.115062
0.380666,0.973975,2.57625,0.507775,0.764527,5.58246,4.19462,0.628489,0.607158,0.295647,3.1981,5.19799,2.92968,0.856222,0.761094,7.42038,7.97616,1.53896,5.16051,1.39181,0.49594,0.517159
0.770208,1.29224,1.32514,3.94404,4.44454,5.83012,5.40794,3.71769,7.59578,4.3902,2.27205,5.19222,3.49596,0.747628,4.91486,13.7088,10.094,0.534417,0.568911,0.3146,0.822564,0.479
0.385677,0.570616,3.09662,5.67263,3.60337,4.12711,4.96251,2.97757,3.16147,3.09486,7.17656,6.78128,1.93605,0.748849,3.0574,5.76758,4.82391,1.36769,1.07035,1.38664,1.18625,0.85678
0.260774,0.631932,1.50846,9.53161,9.87421,5.22224,4.53694,3.59426,10.3806,5.22801,5.50424,9.47309,4.5771,4.94777,5.44309,2.30626,3.79953,6.71604,3.90257,1.09232,0.906013,1.77446
0.552106,2.19073,8.55431,7.52811,6.39195,19.6627,13.7987,4.08718,7.2608,1.3842,7.53018,14.6087,8.83034,2.39978,3.29174,5.08836,7.63178,13.0657,4.01219,0.311581,1.33215,0.59895
0.112288,3.28808,8.41705,10.5357,10.8406,5.94286,4.4095,15.1214,14.0595,1.94138,2.99921,12.2209,7.13877,1.81097,9.25739,12.0084,0.811903,7.15377,1.03729,0.928715,0.924248,1.671
0.727032,2.63128,6.05517,11.8555,20.8635,21.5475,11.8485,5.85631,7.82521,6.90017,8.35768,13.8215,6.66732,3.67981,13.0726,16.6576,5.16695,2.68207,1.9574,0.260923,0.350625,3.88904
1.3494,0.736652,0.313333,2.27314,5.9232,5.37536,4.93625,12.5778,7.98942,5.39331,8.98207,9.32462,3.18197,4.09986,12.279,17.9767,10.6836,3.61852,2.02461,0.295651,0.186243,3.33323
1.0456,1.09583,4.98548,10.7708,18.0043,17.1877,11.9189,9.76779,3.42356,0.0328107,1.64666,6.38558,2.32483,3.33146,6.70631,8.35422,3.52511,0.776199,1.35781,0.102806,0.795011,2.99516
0.827461,2.7327,8.72458,14.2476,18.7574,13.1204,1.83426,2.99186,4.09366,1.78234,4.62343,7.60652,3.19587,0.58852,4.80606,3.29712,0.937154,0.837774,1.25101,0.417568,0.453331,1.07658
1.6989,2.80049,8.03875,5.20611,0.215464,5.67669,8.42058,7.29986,1.21112,3.6672,1.40519,4.75246,1.05421,0.640885,10.061,13.6853,6.63561,1.59504,0.0765578,0.225686,0.030547,0.296908
0.667665,2.09918,4.94976,2.3046,10.2961,7.87894,0.0769577,6.64023,3.80826,0.603615,1.89829,3.69805,1.18736,0.315328,9.09889,9.93351,2.77519,4.32554,0.154556,0.0393306,0.148498,1.24652
0.278017,0.849137,1.34554,3.97381,9.00268,2.34551,1.97926,1.3558,1.59724,2.0011,2.84784,2.1802,1.8311,0.498578,2.38639,9.15708,14.7836,10.0989,2.58473,0.618659,0.595783,1.99601
0.235369,0.126972,0.164493,0.947116,3.21871,1.38635,0.780905,0.0723798,4.03801,6.29034,3.29391,1.69556,0.737282,0.941292,5.37842,9.06786,6.78764,3.16492,1.36135,0.168413,0.31601,1.3608
0.0794488,0.735841,1.61174,0.323965,0.599167,0.780344,0.0368269,1.23969,4.44536,7.7276,2.43376,0.0485348,0.83389,0.463663,8.18543,13.6917,9.00801,2.25544,2.00048,1.65463,0.120002,2.27252
0.532995,1.16608,2.12338,0.427832,1.84793,0.528392,1.08034,0.737653,3.60147,7.3068,4.24656,0.9923,0.517613,0.419075,9.41056,14.5561,2.4062,4.80696,1.41472,0.0103445,0.307155,1.86674
0.310499,0.993688,2.15308,1.34116,1.29019,2.07314,0.0715208,3.15933,6.41538,5.11493,0.531055,1.69941,0.1914,0.0803451,3.09647,4.02706,1.71259,2.44113,0.899491,0.322145,0.105278,1.11108
0.171132,0.888613,2.15883,1.69779,0.0775712,1.02406,1.08999,0.276554,1.72648,6.25323,4.5711,0.299222,0.424502,1.32571,6.71589,4.50055,6.963,7.50525,1.25366,0.236181,0.55959,0.318374
0.11943,0.674714,0.904058,0.240945,0.569152,0.0557433,1.09548,2.41678,0.417276,2.07776,0.842998,1.6339,0.722699,0.84027,6.98417,6.96151,0.654535,1.32431,0.348682,0.38445,0.305624,2.91518
0.226257,0.69162,1.03849,0.747813,1.26241,2.13871,2.49203,2.01237,1.41039,0.695106,0.022795,0.35918,0.629727,0.182899,0.227878,1.89005,13.9461,17.2835,5.9706,0.384428,0.192902,4.14356
0.195742,0.479863,1.90682,2.16406,1.43285,1.16779,0.969122,0.36764,4.33859,5.7139,1.98258,0.0187858,0.0709057,0.217956,7.5535,13.8289,1.40187,7.28695,1.41357,0.686693,0.589654,1.27879
0.189041,0.425702,1.1235,0.169886,1.15664,0.785229,1.35575,3.04577,1.25486,5.59483,2.35422,0.0125089,0.417807,0.189536,11.7501,22.7944,16.4841,7.62428,2.74083,0.825719,0.377146,2.74894
0.119921,0.129663,0.369395,0.417391,0.904384,1.30322,0.623538,0.833886,3.6161,5.69812,0.775267,1.37472,0.424487,0.598105,13.458,24.5154,21.4949,12.7002,1.75606,0.990871,0.740156,4.10655
0.0141976,0.140576,0.346855,0.158603,0.408132,0.885974,1.70972,3.87831,7.00572,7.58256,3.0372,0.987415,1.34066,0.154859,12.6509,24.1085,17.8092,9.92367,3.84193,0.191151,0.160299,0.853146
0.0197258,0.0285596,0.724859,1.54754,0.626396,1.98626,0.0247598,0.224533,0.645167,3.013,0.417474,2.07086,1.03263,0.460964,12.8311,19.3146,1.34947,3.82958,3.37292,1.61925,0.262004,2.48765
0.267705,0.196706,0.000940097,0.546274,0.738691,0.293833,0.309593,0.713318,1.58216,3.63746,0.641778,2.28447,1.60997,0.956019,8.98323,20.685,10.9636,2.00774,2.18002,0.25885,1.03259,1.50899
0.189343,0.183368,0.123969,0.287863,1.61242,2.79209,0.260502,2.10785,1.29369,1.15454,1.1695,0.81297,0.996038,0.398687,8.0156,15.4421,5.28127,1.32233,1.22532,0.0721318,0.0516526,0.484657
0.0780564,0.067117,0.147738,0.904496,1.66572,2.05346,1.94935,0.785926,1.19638,1.89817,0.450049,0.00462753,0.270538,0.778017,6.12259,8.42691,0.269049,0.373984,3.07237,0.0610763,0.233953,2.42888
0.0203276,0.151522,0.527511,1.05192,1.91562,1.62389,0.417769,1.45876,1.73419,4.24371,1.38158,0.641484,0.259016,0.654792,2.76905,7.57506,16.766,15.8438,2.80125,1.39811,0.588762,0.243022
0.0523083,0.221709,0.402268,0.35106,1.205,1.88317,1.7914,1.02843,7.02961,7.43012,1.67487,1.24434,0.563709,0.386815,0.172426,2.82053,15.3267,17.8413,5.85789,0.157429,0.139648,0.183557
0.0703106,0.0972638,0.137613,0.311653,0.906356,0.729196,1.24278,3.2072,0.171791,4.72837,1.83398,2.36218,2.19559,0.627015,1.48313,2.88617,6.47545,8.21407,2.77911,0.69008,0.294119,1.57506
0.0782102,0.352546,1.1299,3.56954,8.6998,3.05945,1.7102,3.76035,2.7778,4.47257,1.09665,6.73179,7.41342,7.26852,10.1689,13.3977,28.1036,30.6557,9.14967,0.323854,0.497459,0.103484
0.1244,0.926608,1.74691,5.20161,14.833,12.754,0.322842,12.3362,8.39418,2.67869,2.73879,9.06715,4.57032,1.75488,5.52598,7.99505,8.29758,8.03538,3.12029,0.353262,0.615011,1.44751
0.242829,1.25598,3.49222,5.94094,7.33904,1.46889,1.33337,3.77937,5.86887,5.54077,1.39024,2.69572,0.973996,1.47868,2.31713,1.16726,18.2807,16.1811,1.65387,0.0269888,0.262524,2.28221
0.315002,1.09771,3.4311,11.3263,21.0229,15.234,1.98419,14.106,11.8478,4.04741,0.278254,2.30386,0.399465,1.25971,1.03514,10.4083,14.555,4.65863,0.748917,0.691697,0.627421,1.56193
0.0119902,0.0391293,0.445143,4.0823,9.86244,9.28416,6.18174,7.98967,7.49307,4.41111,1.96718,0.0176268,0.639429,1.68997,0.497162,0.802049,10.1872,13.4578,7.26188,1.24717,0.0298891,0.753929
0.397859,1.03261,3.15553,6.62069,11.4848,9.22308,0.279403,6.70388,3.49286,2.88875,0.553258,1.06019,1.01078,1.54333,0.283541,1.95613,2.47508,3.44852,4.85381,2.52295,0.428898,1.56128
0.184205,1.85182,5.30335,11.2301,18.5514,13.8391,6.85938,9.51067,2.74289,7.19042,4.09174,0.336359,0.194846,0.866718,1.25501,2.26,9.5567,7.53412,1.21113,0.33755,0.177673,1.18914
0.102236,2.16446,5.32765,6.75031,6.00132,1.18532,2.79148,2.79502,1.12052,2.80714,0.858816,0.991709,0.744035,1.18078,1.93793,4.52418,12.8213,15.4924,6.60834,0.276007,0.697365,1.96537
0.113097,2.0373,4.49818,0.893449,7.74846,5.67331,2.19804,3.58761,2.80556,0.731649,1.25123,0.179131,0.306041,0.944604,2.04823,3.36457,13.009,15.9157,2.6961,1.7955,0.168326,0.778035
0.148612,1.38928,2.90647,3.64658,9.98688,4.36408,1.18507,1.59373,0.897269,3.41687,0.992616,0.613405,0.26523,0.376403,2.13787,4.67859,12.0211,13.8798,5.01451,0.262061,0.633519,3.35891
0.200753,0.342381,1.34774,0.193261,3.16746,2.31713,0.120483,2.81708,7.27237,7.87313,3.00897,0.400673,0.442055,0.382712,1.48635,2.05178,7.24699,10.8718,2.44516,0.904407,0.783908,5.1479
0.0493027,0.186382,0.164539,1.41012,1.95109,0.218115,0.421327,1.54167,2.31391,6.37972,2.14836,0.89779,0.137154,0.972062,0.403453,2.60617,19.5913,25.6038,10.0448,0.701168,0.616415,1.46909
0.0830734,0.71572,1.95075,0.839487,1.5581,1.51491,0.491316,2.37663,1.70214,5.83839,2.26776,0.515098,0.184622,0.645162,0.343868,2.06125,1.90103,9.39503,4.68541,0.661152,0.555454,3.15313
0.0100147,0.819215,2.2185,1.49679,0.761994,1.55063,0.609859,1.46574,5.23984,6.35036,2.72195,0.309639,0.0210351,0.399705,0.90216,1.23414,9.5457,14.9348,8.2218,1.1572,0.418329,5.17781
0.235192,1.02491,2.14197,1.36334,0.0263619,0.0689817,0.880138,3.22233,5.4057,4.96649,1.81331,0.328686,0.439735,0.0156126,0.620235,0.683474,5.57599,9.24081,2.09376,1.56814,0.0752072,3.0577
0.00577436,0.672052,1.46912,0.834042,0.360333,0.717946,0.360723,0.0199642,1.79449,3.01097,1.26558,0.195367,0.161321,0.128818,0.227748,3.38722,10.7918,9.27547,1.14043,0.91925,0.131874,1.26017
0.0046348,0.484531,1.19626,0.826353,0.53395,0.317065,0.619744,3.4113,3.5497,0.369115,0.842502,0.705297,0.342298,0.201561,2.43905,1.85851,4.37559,3.75497,1.36987,1.3668,0.189053,3.02183
0.0177658,0.224937,0.476769,0.162091,0.292832,0.938221,0.562842,1.15848,1.02813,4.07722,1.3309,1.51009,1.16049,0.615348,4.77989,7.23618,5.32975,14.6178,7.31513,1.21985,0.210821,2.21191
0.015748,0.0313721,0.164787,0.00820102,0.114569,0.1848,1.13489,3.17186,2.48358,8.6746,3.52902,1.20774,0.520331,0.190228,4.80868,6.54211,3.62378,7.86602,1.56756,0.64929,0.440882,0.940693
0.0473642,0.127979,0.278101,0.208626,0.104006,0.45986,0.71286,0.245401,6.92198,11.6451,4.48421,1.18768,0.300866,0.38708,2.1377,7.73656,7.78069,1.77735,0.561552,0.153681,0.410009,3.69527
0.00374402,0.0396511,0.335101,0.895986,0.762469,0.0827296,1.40326,4.68515,11.9721,14.2305,5.38034,0.521136,0.291024,0.144933,1.3208,2.56638,5.7747,12.7358,7.02877,1.52502,0.270496,1.7334
0.0138469,0.00647173,0.0503101,0.0555194,0.219665,0.0215603,0.310722,2.14454,8.77048,11.2564,3.95887,0.288519,0.00264727,0.252889,0.803009,1.55067,11.3601,10.3191,0.428752,0.83262,0.0874781,2.0675
0.225045,0.17471,0.294067,0.803271,0.69536,0.143004,1.57205,4.28483,0.0998593,5.54803,2.72779,0.157388,0.205715,0.151047,1.71954,7.44087,14.6302,11.0705,1.36424,0.285762,0.100089,3.97456
0.108368,0.0655687,0.103539,0.341021,0.116948,0.327264,2.73372,5.57728,2.99374,0.627483,1.04598,0.757473,0.365687,0.0691279,2.53077,2.22318,5.45184,13.4198,8.93001,1.21693,0.0372096,1.83234
0.0684893,0.0995728,0.382477,0.584154,0.170722,0.0468135,1.6465,4.37887,5.73648,5.93656,2.57237,0.609236,0.69716,0.0751241,1.65465,6.82793,19.3577,19.4041,4.52122,0.246819,1.35188,1.84402
0.0790966,0.216028,0.309895,0.0313541,0.0614691,0.152562,1.44397,4.3038,9.24676,10.1298,2.78247,1.30292,0.169988,0.405998,1.72258,5.24601,7.55235,4.65273,0.382538,0.090199,0.144382,3.52154
0.0108254,0.0315861,0.142408,0.659613,0.680414,0.375572,1.01827,2.68066,9.47935,13.1962,5.39395,0.495835,0.172569,0.156451,2.18735,2.86849,19.9894,15.6476,1.89827,2.6471,0.661528,0.416937
0.0044142,0.104945,0.0156577,0.438507,0.0391748,0.202045,0.21805,0.506911,6.73632,11.6953,3.96026,0.624894,0.271367,0.563333,1.85013,6.04209,5.15109,2.17762,4.04194,0.880085,0.354714,1.46759
0.2358,0.295332,0.960772,3.32265,9.49791,1.64169,10.3223,7.77386,2.27434,3.54791,5.45545,9.80267,5.82487,1.96819,0.428902,4.98871,18.3308,20.3339,8.74267,4.19124,4.46867,9.33592
0.104178,1.16617,1.7342,6.54211,14.7049,4.35557,0.933156,12.9158,18.8313,10.5007,8.15523,13.6451,9.82398,4.49163,3.79074,4.36428,1.13627,4.95054,3.51246,1.57012,1.07716,5.44093
0.458582,1.7975,4.5521,3.64297,5.43903,3.19467,0.943286,8.84373,14.0653,11.6334,9.1977,10.9442,8.1528,4.25673,0.822126,3.7421,0.00703983,6.64364,5.07729,0.472781,0.12145,2.57538
0.648282,1.00395,2.84617,7.26693,14.6129,6.42946,2.80045,5.36446,3.23892,5.9663,7.06762,7.96851,5.2974,1.90458,3.26579,4.50869,12.8107,17.5705,2.3785,1.44751,0.0916281,0.180418
0.268366,0.413735,0.0847388,5.11145,6.37656,3.26823,2.00689,12.3838,8.86368,2.36559,5.1684,6.09415,3.60537,0.212365,3.79604,0.0258885,21.3687,26.5553,9.28272,1.34242,0.68954,0.0968626
0.557757,2.22676,3.98558,1.85796,6.30169,3.09932,7.55419,6.09683,1.67241,1.021,3.36917,3.80285,1.65154,1.00628,1.35587,3.13476,5.11668,0.966664,0.9792,1.01522,0.133836,0.518898
0.827864,2.67003,7.66461,8.57757,9.7893,8.5165,0.0536962,8.62423,8.24812,3.70812,3.02697,2.00631,0.059089,2.17667,0.335445,4.14499,5.62242,12.5269,4.27602,0.154603,0.369272,0.322305
0.205132,2.54726,8.48197,8.34564,0.826953,1.12178,8.24973,10.2164,9.51045,7.30117,2.79131,0.311146,0.740374,1.81609,4.83337,6.79914,11.1078,17.4581,4.60792,0.89688,0.592975,0.0562356
0.214046,1.33777,5.66063,4.39827,6.88095,10.5073,3.04493,0.609736,6.82177,12.5324,5.18886,0.495365,1.91838,2.42336,5.27321,13.122,8.623,2.33021,1.77541,0.962793,0.194498,2.20963
0.211513,0.00453979,0.0827644,2.10898,5.82861,7.60046,8.05738,7.43265,4.95967,13.8242,4.71711,1.35904,1.55666,1.39136,6.47992,12.5746,8.1578,2.93755,0.0872036,0.80535,0.588728,0.763255
0.395011,1.84901,5.79324,6.99646,0.564931,5.39408,3.61023,3.80289,2.75266,8.73252,3.32093,1.2064,1.14428,0.83362,5.20448,6.46207,2.05929,1.45956,6.03798,1.47187,0.226444,0.913828
0.0988968,2.60941,7.75331,4.9749,5.6654,8.80854,3.39634,0.126277,1.74752,2.92752,1.88918,1.53086,1.10204,0.46071,4.5932,11.9845,22.6692,19.9991,3.3442,1.81561,0.59097,2.38422
0.24148,3.54695,7.21822,0.144355,5.82029,1.45626,1.19896,0.0693142,8.68044,13.1392,4.7867,0.619483,0.74951,0.0193385,3.57993,10.2424,19.3734,18.7704,5.05137,0.562481,0.964272,0.341416
0.0589525,3.02461,6.02617,0.930796,1.80439,1.52162,0.513911,0.0266691,10.2588,15.2538,5.2486,0.164694,0.0893942,1.12713,4.87819,5.4758,3.46356,5.67832,3.97856,0.699747,0.745387,1.13249
0.0129772,2.16106,4.73974,4.12687,3.46091,2.0102,0.336881,0.300672,5.07071,8.87259,3.72338,0.585089,0.582044,0.474709,3.85718,10.863,6.20562,7.02246,5.99005,0.280662,0.49968,2.49048
0.0581046,1.11732,2.41726,3.06548,3.37584,1.73441,0.52856,0.601353,0.0486167,0.731739,1.37614,1.048,0.316058,0.356459,2.1304,5.31035,37.0895,40.0935,8.57852,1.6125,0.696229,0.64332
0.134941,0.219878,0.239101,0.348149,0.663181,0.172006,0.915347,1.26371,2.27626,4.23994,1.1553,1.02016,0.847878,0.662539,1.79653,2.52394,11.4108,17.7548,6.83228,0.126291,0.305454,0.225517
0.0432699,0.184275,0.843402,0.959421,0.555867,0.538646,0.251986,1.42059,0.964416,3.71851,1.12344,1.26176,0.482191,0.0723167,4.39838,1.94675,8.79129,3.63158,4.12869,1.12804,0.133876,0.547235
0.170803,0.228121,0.981457,1.09335,0.691818,0.223716,0.0752007,0.0698235,2.86081,5.62268,2.45754,0.698188,0.045979,0.131525,4.61214,8.76363,6.17532,2.05922,0.277855,0.488327,0.769288,0.337652
0.128437,0.258902,0.852876,0.744264,0.21248,0.335425,0.504172,1.12171,7.09367,9.57899,3.46531,0.512481,0.394605,0.326066,2.95258,3.42376,0.185391,0.753289,1.95039,0.53049,0.337794,0.15069
0.0141666,0.247414,0.647737,0.373248,0.0246454,0.19417,0.224948,0.0951407,5.14201,9.29995,4.1507,0.20809,0.210159,0.22314,1.25258,2.71436,3.73993,4.17745,2.69484,0.553108,0.0617327,1.77376
0.0071109,0.128261,0.43504,0.351411,0.0901356,0.497422,0.720539,0.485188,4.26018,7.38938,3.27208,0.316836,0.437376,0.238233,0.264299,0.616967,2.25152,2.73593,1.07741,0.390618,0.120538,1.58664
0.0622117,0.0254706,0.0523165,0.269948,0.35533,0.15039,0.373447,0.740428,4.3421,5.80753,2.24759,0.119843,0.0975551,0.0581538,0.847832,0.335898,0.56704,3.2529,3.04227,0.128167,0.117924,0.32431
0.0532695,0.103797,0.0592705,0.0925832,0.158417,0.342602,0.537796,0.854843,0.173765,1.32558,0.839641,0.186399,0.388302,0.471108,0.990539,3.18148,10.6208,11.9745,3.02355,0.324274,0.51445,1.7043
0.0207668,0.0417387,0.223796,0.397872,0.231557,0.263015,0.257133,0.105383,0.750151,1.28652,0.692985,0.0558815,0.307564,0.504632,1.56797,4.49153,8.64404,8.4224,3.48878,0.447234,0.114149,2.01321
0.0279082,0.0536116,0.188422,0.0933425,0.0516382,0.363018,0.496171,0.181343,2.73001,3.7822,1.25669,0.164634,0.399635,0.116761,1.80571,1.65336,10.9658,10.8163,4.08355,1.17367,0.571591,0.242411
0.0625622,0.116219,0.159727,0.060129,0.24711,0.184988,0.20808,0.0324168,3.57411,5.92798,2.58763,0.244814,0.0180989,0.215803,0.377512,4.53018,6.65185,1.2513,0.592637,0.666623,0.11878,1.05089
0.00865147,0.0168247,0.0671404,0.0302698,0.308438,0.639343,0.487061,0.105628,3.35347,5.63258,2.06804,0.344235,0.731959,0.543186,0.150868,0.319708,8.35346,13.7877,5.76525,0.206753,0.514505,1.59444
0.349578,0.590617,1.2337,3.6861,4.57402,8.84194,1.13827,3.57669,3.08227,0.0260862,3.31774,1.61626,5.29492,5.87681,0.276105,9.01665,29.2243,35.0155,13.2011,0.00368246,0.063256,1.77073
0.0760931,0.0574262,1.87037,7.14091,7.22391,3.27666,9.83859,5.51775,3.90718,9.30474,0.425593,9.92762,4.48222,4.28001,2.35229,13.1308,20.7181,18.5271,3.07316,2.57848,0.242926,0.614355
0.552378,1.70287,4.56533,1.42818,4.22991,10.6132,2.27185,11.0508,4.66632,8.85805,0.575607,12.3998,5.85731,3.00887,3.29529,4.84417,11.5525,10.9196,0.377382,0.0827408,0.569474,4.89329
0.349362,0.911776,1.50292,0.531687,5.23512,1.73653,6.97163,1.97995,2.66039,8.08489,1.98628,12.3885,6.90807,0.493692,4.52294,7.12156,3.86157,9.07119,1.31088,0.551691,0.833656,4.91129
0.231351,1.43015,2.51041,0.539697,3.64385,8.94924,1.91693,11.6849,13.0825,5.85693,3.6486,11.4605,7.75804,2.27929,1.24672,0.275866,8.22931,13.7927,6.84535,1.09313,1.02318,3.63428
0.725285,3.31384,7.37944,3.47045,6.17103,3.74452,4.36776,4.82116,6.24585,1.54049,6.1777,10.1232,6.98902,3.65076,1.35418,3.24087,6.39612,3.40024,1.25483,1.45691,0.787198,0.570128
0.00557639,4.39821,8.98023,1.25544,5.05561,5.18377,3.88648,3.06092,8.45913,8.01529,6.68089,7.95328,5.91196,3.3543,0.426354,1.044,16.847,21.9451,8.71634,0.292395,0.641392,0.0283028
0.581168,2.49069,7.81091,1.42271,11.4445,5.38703,2.15528,9.1859,16.2808,9.88468,5.03221,5.46304,4.03816,2.58198,0.816094,1.30158,5.3939,9.79905,1.77908,1.99971,0.0753979,1.11568
0.325013,0.595617,4.41828,4.89418,2.82292,2.049,5.09725,6.37672,6.16123,4.28125,4.38594,4.75851,1.73526,0.363723,0.086057,0.862166,2.05277,8.67616,6.19009,1.08475,0.197244,1.24343
0.526561,0.484651,0.993471,5.05221,7.32764,1.65407,4.38305,2.72758,6.48413,3.10541,2.08947,3.62739,1.12989,0.0934214,1.12574,3.79574,13.9379,17.5697,6.6644,0.0198835,0.160156,0.580425
0.03974,2.1419,6.47429,1.23436,9.4542,5.46544,3.60987,6.79598,7.00356,3.10294,1.38204,2.69528,1.00044,0.128464,1.08266,4.05885,1.29233,9.33848,4.23251,0.952333,0.0592054,1.84422
0.165358,2.8875,9.16197,8.30468,3.13998,9.23073,6.31453,4.73783,2.72107,0.503947,0.590062,1.29285,0.176152,0.805329,3.23472,0.315488,9.7226,10.2503,3.41523,0.414245,0.402128,2.10947
0.524682,2.63884,7.47004,6.68177,2.92686,0.115625,0.536986,0.0198172,1.72954,2.14398,1.41,1.41042,0.909598,0.442823,2.46008,7.4137,17.2201,16.6252,5.30806,0.321196,0.153977,0.279256
0.00109236,2.6042,4.83932,1.41285,1.81697,4.69531,2.6135,1.86851,2.62374,1.78071,0.848325,0.540277,0.0434715,0.878936,1.47836,4.12408,10.9056,8.67662,0.896166,1.28658,0.565996,1.42501
0.013635,1.67807,2.63077,0.319436,0.672072,1.84324,0.0554954,1.15254,0.578092,0.368204,0.514545,0.3588,0.0440026,0.0314802,0.16214,5.46775,15.2752,10.7537,0.307725,0.789558,0.231742,1.39193
0.127013,0.499581,1.23749,1.79655,1.7796,0.267299,0.228768,0.0685513,0.4228,0.243049,0.149268,0.550093,0.623708,0.111863,2.54133,1.81584,1.90247,0.779598,0.514977,0.137519,0.276779,0.264631
0.0470172,0.0317265,0.427705,0.234345,0.200995,0.181828,0.0345082,0.34093,0.312214,1.08308,0.487512,0.0806184,0.287118,0.315098,3.14197,6.15535,3.92865,0.00130375,0.724736,0.0451079,0.0386355,0.872679
0.134482,0.129509,0.860381,0.93996,0.585174,0.280279,0.098951,0.14015,1.5722,2.68103,0.939041,0.464259,0.603221,0.0541945,3.68331,6.37483,1.55893,3.94919,3.19522,0.307667,0.393154,0.816051
0.0541855,0.276613,0.840542,0.631956,0.189744,0.0954953,0.470725,0.0933835,1.86872,2.75901,0.787178,0.295477,0.208815,0.16576,2.76526,2.03171,6.31134,4.31773,3.36599,1.81121,0.661219,1.04933
0.0756685,0.134258,0.562024,0.368782,0.156946,0.274923,0.266079,0.273414,1.05913,1.64228,0.340222,0.945668,0.693204,0.0863236,1.96599,6.95244,8.05867,0.507933,3.45081,0.835556,0.226807,0.195498
0.0028132,0.098335,0.396169,0.370536,0.107023,0.110695,0.191645,0.271572,0.614134,0.651468,0.17184,0.708809,0.160175,0.0206976,1.13696,0.170119,6.50182,6.57565,1.26017,0.503901,0.353898,0.113147
0.00503264,0.0692907,0.0945474,0.0484374,0.194835,0.227809,0.0249341,0.0411262,0.934537,1.23605,0.53787,0.339378,0.271089,0.0824428,0.0529832,2.84791,6.84807,5.71258,2.07523,0.548249,0.290658,0.0302472
0.0557419,0.0339613,0.113602,0.195903,0.598973,0.413312,0.0472214,0.146391,1.23886,2.4367,1.06956,0.144783,0.0387306,0.00502566,0.364392,0.0605447,1.28937,1.14609,0.439853,0.419281,0.130369,0.643264
0.0150433,0.0619201,0.247435,0.181665,0.26269,0.370246,0.137118,0.275951,2.37167,3.41428,1.18564,0.24183,0.285822,0.0592863,0.0352434,0.179784,2.0258,2.84452,1.40851,0.661827,0.581619,0.19047
0.0337103,0.0177889,0.136237,0.228718,1.04005,0.801182,0.0817945,0.476379,2.39741,3.04762,0.810206,0.379528,0.166251,0.388283,0.0133046,1.16934,3.00282,3.11389,1.32315,0.28976,0.497976,0.292317
0.0319241,0.0100898,0.0113149,0.14399,0.459125,0.432705,0.192489,0.312065,1.22888,1.70464,0.522091,0.33057,0.0104538,0.307687,1.15646,3.34941,0.605571,2.46261,0.729764,0.226981,0.136076,0.49393
0.01287,0.0279637,0.191566,0.227819,1.56456,1.58708,0.609169,0.674705,0.746705,0.175723,0.440585,0.270892,0.387546,0.00224871,1.73885,0.836802,8.35087,11.4894,4.76142,0.736187,0.0759318,0.573985
0.0325915,0.0273555,0.0344849,0.0669284,0.322859,0.832148,0.551709,0.707874,1.52158,1.16431,0.1978,0.0409906,0.143185,0.190408,1.84434,4.60524,4.33948,3.04607,2.80904,1.22118,0.0438993,1.45143
0.401675,0.24965,0.070224,1.54015,0.566499,2.93385,1.66447,1.91977,0.710323,3.58152,1.04769,1.31367,2.37741,0.415438,1.71972,2.40138,9.89466,7.95372,1.03009,2.16981,0.553799,1.92126
0.706104,0.300568,1.32414,5.56757,4.8723,0.536541,1.47638,7.95073,8.2798,3.74466,2.11724,4.141,0.613915,0.288034,0.960552,2.74666,5.26727,7.19893,3.41218,0.206605,1.13605,3.07575
0.283715,0.132359,2.91128,2.39672,6.1548,10.8626,2.25013,6.69521,0.802257,3.94943,4.22301,9.69829,9.06284,2.8765,5.04396,9.69134,7.07927,5.14767,4.16991,1.57348,1.15905,0.18303
0.137347,0.310765,2.28099,0.381005,8.15451,9.70207,2.15034,1.52685,2.48121,3.50405,5.09452,11.7491,6.90671,0.241514,6.87801,8.91408,3.14784,7.31753,1.0671,0.954195,1.0126,1.61973
0.0255517,0.0195342,0.349597,4.79705,10.3139,1.75192,0.549985,11.7419,12.7767,3.44729,3.85666,8.95782,2.93418,3.3513,7.15054,8.5559,0.176342,3.90683,0.707401,0.0382053,0.492737,0.222292
0.189872,0.520604,1.31937,8.39197,13.8368,5.74969,1.81749,4.64594,6.07572,3.15421,4.52521,8.77741,5.41904,1.20829,0.400778,4.42256,7.68898,6.23067,2.21256,0.0284614,0.817276,3.04573
0.0603991,0.678337,2.39427,7.51661,11.1815,8.89476,4.36261,4.29348,9.43092,4.97294,3.01299,7.70516,5.20379,1.94278,0.908203,0.314812,0.815899,1.12239,0.863809,0.55866,1.25049,0.0145538
0.145668,1.11489,2.69969,2.4404,2.22626,2.7368,5.05852,6.55738,2.99852,0.969077,0.742222,3.7056,1.59001,0.170468,0.792679,0.435948,0.338678,1.44639,0.42605,0.285564,0.523972,0.0649782
0.184145,1.43277,2.54643,2.00468,6.09658,4.88352,3.4222,4.31828,5.64507,4.08593,0.17276,2.2205,0.539306,0.71161,1.64758,2.83272,2.72314,1.23297,0.02453,0.069806,0.276895,0.464073
0.0587533,1.61592,2.99355,1.45841,5.60101,2.98492,0.714734,1.42972,0.48059,2.98756,0.590026,1.80941,1.44684,0.0388665,2.76272,3.92725,3.23103,1.02573,1.37775,0.589877,0.107458,1.06197
0.0232046,1.39613,3.59617,2.1626,1.24996,1.11014,0.795943,1.42743,0.516045,2.25433,0.793129,0.130594,0.208063,0.143149,1.99086,4.53375,4.35219,2.8577,1.26123,0.03228,0.20915,0.252308
0.270436,1.61033,3.78564,3.53407,0.275623,1.5276,0.601008,0.736038,1.30316,0.846429,0.252287,0.122827,0.157136,0.558636,2.47814,2.88656,3.19653,4.99111,0.504924,0.383985,0.00922844,0.762615
0.0120897,1.18845,2.50268,1.09634,0.782808,0.0440523,0.819511,0.599343,2.70441,3.63185,1.292,0.279742,0.120289,0.171485,0.870217,0.111388,4.30346,5.30313,2.24622,0.139362,0.0528828,1.31257
0.122269,1.05854,1.84965,0.0966605,0.721919,1.24584,1.70415,1.46204,0.881706,0.811408,0.733949,0.301775,0.391702,0.109373,0.236569,2.23279,6.1073,4.99638,1.80167,0.300934,0.203152,1.1451
0.0675004,0.659794,1.48424,0.678285,0.161521,0.302909,0.603942,0.424807,2.89098,3.46526,1.61616,0.734985,0.417607,0.116068,1.63363,7.30509,9.54664,1.953,2.02863,0.30817,0.283304,0.149337
0.124066,0.357641,0.730412,0.425744,0.210702,1.67523,3.18462,2.54684,3.46734,3.25042,1.03493,0.284407,0.132872,0.232285,4.06028,1.84428,14.6979,14.7755,1.08937,1.00704,0.353155,0.80397
0.00957818,0.320087,0.766208,0.908589,0.610106,1.17843,2.03146,1.98098,3.17115,2.12568,0.271645,0.0444294,0.0643747,0.220067,5.18688,7.53297,1.22932,5.32088,1.30095,0.13239,0.0957233,0.423755
0.0294914,0.136166,0.246438,0.315224,0.680897,1.69081,2.33978,1.76009,1.23344,0.296281,0.239042,0.0628261,0.175919,1.03852,4.74382,10.484,16.9558,13.5647,2.08741,0.969647,0.386937,0.441058
0.0475253,0.0285374,0.69074,1.35671,1.27238,3.65052,5.44099,4.01206,3.76242,2.62408,0.451727,0.336828,0.121262,0.585485,3.42293,5.25008,6.13303,8.03014,4.25839,0.033569,0.290439,0.374223
0.143678,0.244674,0.298609,0.10129,0.661186,0.523775,1.33941,0.0645681,0.396076,1.26672,0.718287,1.11597,1.23119,0.820584,0.87202,2.4728,1.08865,0.17671,0.404101,0.243178,0.0402603,0.27018
0.164122,0.0365087,0.688094,0.424626,2.03431,5.37792,5.44073,2.99982,2.34562,1.65853,0.540453,0.430732,0.513176,0.697365,0.342334,0.992887,1.1667,0.322122,0.360844,0.466495,0.324868,0.138103
0.142313,0.0737089,0.183423,2.00463,3.33787,5.06424,4.97115,0.884142,0.96279,2.17547,0.865377,1.11009,0.827477,0.299667,0.105639,0.331875,1.33454,2.50264,1.6788,0.621046,0.169425,0.308179
0.149191,0.171206,0.150418,1.08739,1.2529,1.08193,1.24965,0.773196,1.81718,1.90988,2.31432,2.74299,1.73073,0.657563,0.00271843,0.325012,1.14894,0.289523,0.905576,0.415049,0.284364,0.259859
0.101788,0.0963595,0.0284724,0.602981,0.869244,6.04897,5.54759,0.637094,0.563838,1.47422,0.222822,1.08866,1.42941,0.737883,0.191094,1.30948,2.48112,0.250243,0.698227,0.585806,0.302904,0.353768
0.0741033,0.129689,0.0218216,0.992088,3.21375,4.14562,3.29576,1.13444,0.23782,1.03036,1.33832,0.183696,0.564873,0.0548385,0.714251,0.245098,3.93021,4.01074,0.435752,0.970951,0.0769002,0.380895
0.0621888,0.00458684,0.365248,3.50689,4.2536,2.87219,3.66536,2.6783,3.53708,1.7161,0.568544,1.58523,0.0446041,0.837375,1.71026,3.63795,3.42039,1.09264,0.228225,0.469587,0.254029,0.538923
0.0315088,0.0535862,0.299454,1.96843,2.98935,3.01045,4.39752,0.880845,3.20862,3.7162,0.491207,0.403114,0.76304,0.661189,3.15891,3.76342,0.801684,3.45629,1.85031,0.621204,0.469698,1.07372
0.0118484,0.173226,0.378715,1.79043,2.26716,3.29554,1.5459,3.70985,3.53232,0.115004,2.71125,4.27494,1.36171,0.677807,2.12728,1.73015,4.73786,6.08788,1.94574,0.0872791,0.0342598,0.796273
0.0885412,0.124975,0.383019,2.97029,2.78263,4.65917,5.45547,1.52595,2.30534,0.78458,2.45226,3.63465,2.26798,0.764963,0.778054,0.484175,4.43144,6.95411,3.38478,1.06473,0.632588,1.77923
0.266524,0.0690097,1.14746,7.8526,12.7433,8.19959,3.60228,5.18646,11.0739,3.17306,4.45491,6.36156,4.45545,1.43454,2.30721,1.51005,7.92278,10.6997,3.7111,1.1337,0.269803,3.01941
0.0964018,0.675949,1.25447,7.77006,19.0404,16.2765,7.07579,3.94664,11.728,7.77473,4.02501,4.68366,0.0934165,2.1688,3.79433,7.48931,5.57566,2.58832,1.04226,0.886303,1.63324,0.875083
0.065163,1.42272,2.21291,8.54318,19.6503,11.8972,4.70954,10.3698,10.3217,3.90424,3.59534,6.45103,4.09561,0.927207,5.35976,9.91026,9.39233,7.04483,4.00133,2.40855,1.13025,1.82588
0.00448045,1.52961,4.18668,1.39448,9.12134,0.917638,9.32216,6.85717,0.958471,0.618897,3.86833,8.39349,6.79985,2.94737,3.88669,6.3616,6.05733,5.06737,3.47701,2.34049,0.943303,0.226432
0.0196466,1.34098,3.51929,2.69076,1.55173,6.81043,12.3988,12.4491,6.63297,0.0975233,5.17112,9.47787,4.94513,0.535352,1.74223,3.96453,3.28184,4.93992,4.55108,1.16592,0.0996524,2.3436
0.0643694,1.31799,4.0954,8.06697,8.38232,3.16696,3.79217,9.73643,6.47521,0.865145,2.75293,6.9015,2.27458,2.83358,1.11419,6.43078,9.66524,9.0804,2.53552,1.18754,0.945062,0.971776
0.00638839,1.41868,2.80945,4.4119,4.3307,7.13338,15.4917,9.99462,2.64174,2.0664,0.191666,3.73482,2.35837,0.516626,4.57299,8.74971,10.0355,8.14285,0.678186,2.32404,1.02951,1.78624
0.0773121,1.67338,2.15681,1.33803,1.97989,6.69208,8.6599,1.79719,0.00909547,5.23004,0.461412,2.41228,2.18712,2.88848,7.21618,11.8552,7.1542,1.85981,0.330269,0.744001,0.749484,1.40176
0.0334688,1.52124,2.18018,3.5237,3.0946,8.19192,9.66601,1.26292,1.92034,0.515796,0.894464,2.32102,1.08386,1.2819,7.23722,8.97913,4.89782,9.7777,0.943805,1.41474,0.515445,0.682651
0.10514,1.12265,1.71045,2.79025,2.15112,12.9311,16.5667,0.805849,4.02545,0.856892,5.78836,9.85696,6.73843,2.79364,4.091,10.8427,1.65303,7.91061,3.1972,0.599828,0.802917,0.979882
0.186735,1.05729,2.57528,3.11391,0.103807,2.40295,0.837892,4.05263,5.21688,3.89706,5.14047,9.79888,6.47396,0.319862,6.0657,8.48259,2.1987,7.41651,2.66465,1.59138,1.85467,2.38923
0.275232,1.02504,2.30227,4.1792,0.878238,15.2421,12.4175,5.94018,9.18982,5.27379,2.90308,3.33961,2.75271,1.06218,3.74857,6.21081,1.73294,1.6353,3.40348,4.39474,2.24669,0.670704
0.297953,0.80519,1.80672,2.39451,0.431468,5.48099,5.83592,5.21089,7.53003,6.22922,1.21625,1.8098,0.0658794,2.17051,3.6457,8.52494,14.7944,11.9234,0.53178,2.96542,1.35996,1.66443
0.0295025,0.250518,1.68851,0.834613,0.182106,9.2163,7.18228,10.2765,12.5839,5.78461,5.28098,3.99381,1.8277,0.820125,1.17968,1.55607,5.70467,9.15204,4.82452,1.76037,0.307372,2.81254
0.260497,0.00296751,0.456761,4.64737,2.93389,8.05242,8.79115,4.13324,2.49658,0.134082,1.95814,4.79099,1.4557,2.81779,3.61863,2.312,2.69239,4.90379,5.46707,5.09752,0.954165,2.08959
0.0987098,0.323548,0.0048653,2.77799,4.70298,9.54634,9.62112,3.10763,8.20674,4.44129,9.68152,15.1284,7.97256,1.0449,1.94232,4.1425,4.05357,2.22452,3.01356,4.36808,1.38151,1.02006
0.123817,0.309039,1.6655,3.23614,3.13605,12.1745,16.0029,8.39882,2.16525,1.14038,4.56286,12.0514,9.09076,1.98994,3.2053,7.2335,8.61695,6.49339,2.16744,0.221,1.12566,0.554454
0.15015,0.0421163,0.21847,3.72666,7.97136,7.55006,6.49788,1.50815,0.396817,0.250596,0.224841,6.15893,6.6655,0.631712,2.05886,2.36573,3.40206,5.67802,5.28851,2.76126,0.326831,4.18853
0.0380024,0.587788,0.883824,4.63956,14.4224,25.1467,28.0642,18.6707,7.75299,0.628298,4.27642,6.46676,1.90581,2.29259,1.92834,3.56016,6.73822,3.76996,0.832424,0.16449,0.970555,0.145342
0.419652,0.281076,0.440227,6.77332,11.4583,12.5793,10.8503,3.15647,3.68944,3.84644,0.292399,1.55473,4.13297,2.39334,2.93246,3.15489,6.18484,10.9921,5.18528,1.29845,0.978732,0.723317
0.183065,0.409304,0.434587,2.06562,0.242386,14.5206,21.8991,17.0717,11.2986,3.2964,6.96036,11.9096,4.87952,1.39792,3.33263,5.45608,9.09032,17.7062,6.79105,0.303558,1.24162,4.12529
0.146931,0.16081,0.766287,4.14903,11.1181,23.7798,26.4579,9.06319,4.35452,5.08576,4.65216,13.5732,5.1191,2.43115,3.07823,5.00322,7.90245,15.8256,4.11054,3.76051,0.394655,1.26617
0.232857,0.499909,0.745643,8.58823,13.9844,3.51038,3.76844,9.5856,13.2021,2.88727,1.64154,11.9282,9.52048,1.21662,1.36113,0.104915,9.26709,9.77337,2.18021,6.408,0.597571,1.49239
0.214086,0.0230353,1.14635,10.6759,13.5177,11.4818,21.4454,3.25757,3.06564,0.254848,4.60287,12.3553,10.9638,3.62518,1.4528,0.366583,7.54463,8.86629,4.72699,3.12953,0.898279,2.30061
0.140074,0.073611,0.242277,2.15884,5.22508,3.7734,9.98293,3.2604,11.0035,2.99565,5.62985,7.64131,2.99665,0.185207,3.3204,3.99742,9.60404,14.3471,0.768421,4.41049,2.04119,0.908313
0.0602727,0.0529262,0.687897,2.41223,1.23279,13.1721,10.6612,6.50657,6.07815,0.345805,2.31478,5.09078,5.30132,3.20225,2.7111,4.50778,3.3152,9.71703,0.23534,5.58929,1.47536,0.336709
0.00816207,0.0222158,1.19545,10.215,11.7773,7.92821,11.1416,6.70286,9.9113,1.98947,8.10332,14.8077,8.23658,0.386311,1.40147,2.02934,4.23133,5.71664,0.798821,3.2215,1.6473,0.608668
0.133893,0.0658312,0.237804,7.29854,16.8993,16.6591,5.53619,7.71567,5.90732,1.31449,6.68216,14.1503,6.86989,4.28489,1.92893,9.51472,8.22961,5.13834,0.096912,1.31218,0.443144,1.90182
0.137856,0.39894,3.04247,11.7724,22.971,25.6338,8.88983,10.2883,6.61238,3.22234,0.424006,7.54735,3.04306,1.92385,11.449,20.6478,20.9642,16.9815,3.52376,2.40254,0.718561,2.91883
0.343406,0.524118,0.917687,4.89152,13.1043,4.93957,4.73311,6.89663,9.77236,0.384141,2.00073,7.69473,5.58357,2.28936,9.85435,17.1039,18.1131,17.0099,8.49759,1.92115,0.75482,3.32736
0.444616,0.354219,1.07159,3.65515,2.70778,14.1798,17.7641,0.202204,1.58486,3.04562,0.486326,1.58084,4.93358,4.45307,5.27903,7.89064,4.29172,1.84561,3.14894,2.40816,1.23154,0.796815
0.374992,0.0745906,0.708198,4.55938,7.61994,6.96326,6.55889,15.1919,19.6987,9.27501,7.85879,12.8349,7.20324,1.80622,0.324434,0.173205,8.64453,12.5295,4.07577,0.845936,2.83581,3.29315
0.16434,0.684191,1.94672,6.27824,6.2891,12.3062,22.2586,7.70457,0.437189,0.167083,6.81972,19.318,15.8086,5.40362,1.99088,2.06021,11.2745,16.4474,10.1373,5.76913,3.00031,3.38916
0.168642,1.46546,0.332861,1.94133,0.905172,9.74803,24.2048,27.0395,22.1087,8.65455,6.24156,17.7963,10.3755,1.2153,0.373321,1.37038,5.40743,8.64867,8.41164,7.36163,5.45514,2.96402
0.330269,1.58684,2.48898,0.706085,3.56764,10.3597,9.70875,7.69518,0.317725,5.02486,9.53907,18.0432,6.82883,5.39985,1.46413,0.819863,3.38947,4.90359,0.709728,1.09476,1.64827,2.82416
0.0903488,1.76284,2.29528,0.115583,8.47961,26.7765,31.9163,25.6762,17.1417,5.68046,8.53948,18.5881,11.255,0.0806537,0.93425,3.20596,5.93274,12.3446,8.13545,4.67014,0.697498,2.29236
0.132874,1.60234,4.1263,10.0515,14.5592,14.0086,7.84938,6.13612,3.61693,4.88289,3.60189,11.1513,9.46968,4.47692,5.82113,6.67464,5.64708,12.186,7.62239,5.11053,0.917657,1.33017
0.0592934,1.81945,5.34433,15.7259,14.6136,12.229,21.0231,10.0693,5.31669,2.1934,4.17854,5.75478,3.53116,1.38994,6.11577,10.8898,2.37234,4.05524,2.37624,1.28879,0.217919,0.479861
0.0624667,1.79581,5.07225,10.0305,5.44761,18.3627,20.4446,3.71568,3.29291,6.15227,3.84623,14.72,12.7685,4.72102,5.10463,11.2739,9.07682,6.38653,4.46012,2.17218,0.000928666,1.98472
0.165584,1.78174,5.19661,1.06353,1.97074,7.79239,6.71513,3.70166,6.13882,1.29627,2.91627,16.6077,13.801,2.031,3.2586,6.64536,9.51057,10.9406,4.64175,0.366515,1.05979,2.85088
0.0190835,2.29198,2.87811,10.8961,14.1912,14.0789,16.4026,11.4744,11.25,0.538779,8.93956,20.564,9.33799,2.82323,3.80151,9.76959,16.5009,13.235,0.201505,4.36489,2.04237,3.87326
0.320284,1.92326,3.89406,4.85295,12.1925,7.14194,1.78091,4.89839,10.4608,5.8856,9.88965,21.0142,10.2344,2.02057,6.88219,9.67431,6.9238,5.08578,1.36489,1.24159,1.89102,0.486805
0.0306454,2.0637,2.43299,0.381105,4.9572,23.7789,20.2352,9.91656,14.6705,3.45294,3.27065,8.63771,7.97634,2.5909,5.30703,8.91387,0.211818,5.10188,0.375875,3.35627,0.283458,3.64129
0.135633,1.49631,3.44162,9.92333,12.4376,1.11083,2.19706,3.82412,10.2137,4.32829,4.97806,4.85832,1.45698,2.83114,2.64612,5.12576,7.14758,13.7179,1.40883,8.27589,0.792212,4.93569
0.167714,1.25921,3.72399,12.995,24.5006,33.0798,26.3613,2.00759,14.8732,4.72435,2.36774,10.9959,11.3656,3.73984,0.0492124,1.93304,11.5883,14.6719,1.32997,5.06781,0.283757,0.630618
0.233912,0.92443,2.6252,10.0977,20.524,24.9811,19.8664,13.0977,9.32189,1.54514,5.13527,19.0817,16.2656,3.98476,1.80257,1.88324,0.539132,0.396919,3.40226,3.78115,2.80708,3.87264
0.242095,0.561,1.95767,5.34877,6.50981,8.64946,18.3259,0.759914,14.7538,8.08609,11.0603,25.6356,12.3273,0.959449,0.553763,0.655198,8.31389,8.63207,3.62088,6.92986,2.17295,3.36199
0.301572,0.831406,0.953549,7.70998,15.3036,33.2115,41.531,24.1241,5.08608,2.82855,11.5119,21.9605,11.2613,0.73251,0.31167,1.23656,3.50546,7.20954,0.761256,2.68478,1.11466,2.56795
0.154906,0.453617,0.91152,8.54344,16.3793,8.33117,4.61553,7.90151,6.44207,0.0541326,1.71388,6.56606,8.28523,2.82533,0.927542,3.14087,0.263603,3.62285,4.24381,2.45185,0.845247,0.33333
0.0934434,0.119266,0.720488,12.3948,14.4952,18.3487,36.7774,20.8467,1.62115,5.74892,1.90044,0.545393,4.01016,4.47719,2.31111,6.16872,4.14286,1.29411,1.96406,2.98389,1.8569,0.383495
0.0335891,0.316805,1.3652,0.445511,5.98702,7.89724,21.5289,5.91395,10.2412,10.6031,2.76265,7.46826,6.83,0.987508,5.40184,8.11197,4.52047,3.34097,2.31086,0.774314,0.628654,5.86538
0.213173,0.342942,0.254182,4.84198,0.719459,16.5443,15.7121,11.056,7.36088,1.80593,7.63034,23.5297,17.871,5.42928,5.59563,9.72029,10.3811,8.72671,5.72227,3.04093,1.30606,0.132924
0.0996969,0.213061,0.433964,7.66292,3.68366,21.6757,22.3583,6.46488,19.9691,12.5385,17.1672,30.1548,17.2137,1.5454,2.24433,5.95849,9.03759,6.75172,0.706241,1.86276,2.41782,2.35783
0.0305588,0.61535,0.41894,3.10277,7.53578,9.12234,6.57984,12.472,17.237,7.97941,7.47077,21.0535,11.2164,2.95246,1.29109,0.954665,5.10851,6.45758,6.94338,7.01643,3.09677,5.38748
0.0326011,0.401892,2.12902,6.03986,3.99772,29.2005,20.7379,12.6636,17.3709,6.8673,3.77226,14.6183,9.09056,1.02098,0.802838,0.379758,7.57056,13.9477,10.2543,5.70698,2.88094,2.69479
0.210862,0.223206,1.44815,3.76121,0.386438,1.95868,4.87604,15.5719,18.3082,7.54397,5.50975,10.4729,6.89918,3.86362,4.52536,1.28716,10.0925,13.2422,3.43578,1.0651,0.25634,2.43991
0.477231,0.0997813,2.63313,2.78073,0.490323,21.2084,26.6756,0.857039,2.43142,6.91646,3.66433,5.07425,3.72704,0.732038,0.924086,4.78982,4.76874,0.9919,8.33132,7.79999,2.25448,2.61969
0.459775,0.707066,1.40305,6.29701,11.7414,0.758162,3.22681,10.3899,12.9149,5.80748,11.3223,20.3301,11.4342,2.14846,8.49835,10.5509,5.3227,13.3078,7.69242,5.28822,1.77213,6.76441
0.760888,1.02045,3.69943,8.3483,15.9767,31.0173,30.2586,3.34571,1.85045,6.29651,6.76207,21.2559,14.0489,2.51419,9.2327,13.1585,4.34799,13.0803,2.02313,2.45163,0.787028,4.11599
0.205033,1.23471,5.67888,10.7835,13.2924,25.7706,29.0078,7.73795,0.300092,0.245941,1.40162,14.2806,10.6046,0.72661,4.89167,7.90012,4.21858,8.42438,0.712649,3.48044,0.103963,0.956405
0.082696,1.27624,4.2285,4.14497,5.60555,18.4389,10.3699,11.2677,10.0692,2.42764,11.7295,18.7209,8.3366,2.4047,1.17962,2.50235,6.77836,5.16186,0.378925,1.53628,0.148264,6.66572
0.813815,0.603159,1.93193,7.0542,24.6082,39.4661,34.3635,14.7217,8.11343,4.26709,7.18839,12.7012,7.04272,0.447112,3.34204,4.03569,6.0292,11.9164,2.92279,1.69513,1.03832,6.06448
0.633674,0.468178,2.09601,13.2965,29.2486,16.5124,11.4808,21.8108,16.1565,1.79698,6.2178,4.56055,1.92812,2.62132,1.57364,0.0470422,9.87463,12.2562,4.65645,0.947915,0.0705259,2.95652
0.357758,0.870136,0.0296451,18.9951,27.8503,5.31078,21.0663,12.4525,9.34636,0.77922,8.84614,13.6046,7.7443,0.7755,0.888148,1.08918,2.98082,6.52491,6.82552,4.80788,1.08881,4.96057
0.0403975,0.0474656,0.941969,6.05688,11.1773,3.40354,12.9712,11.8712,11.2262,3.03921,2.18612,14.099,13.6976,3.64883,1.15395,3.04412,4.74024,3.07901,0.171051,1.42789,0.0563141,6.22952
0.536478,0.457911,0.82505,4.05338,1.67356,17.127,23.121,20.3925,14.4199,1.2197,8.99441,22.0844,10.5901,0.78329,0.75073,0.567572,3.92804,7.68337,5.2857,2.91124,0.0344487,2.50336
0.294692,0.95037,0.349394,15.0335,18.0308,8.41167,11.4806,3.00555,2.70832,6.31825,10.8885,26.3145,12.4764,2.0751,1.32976,0.0546542,4.70159,6.68251,4.44929,3.10084,0.176186,0.0346972
1.24542,0.0767587,0.586642,8.40404,20.0809,24.2477,24.9077,21.5958,8.55451,1.18845,9.07075,21.5508,15.1515,1.93543,2.74927,4.62734,1.41201,1.00189,0.622513,0.00424004,0.15796,4.73569
1.05116,0.158793,2.25801,4.3787,6.38785,29.1997,23.5643,4.87816,7.13246,1.45733,6.52408,15.2149,11.284,1.60225,4.59463,8.13935,6.17367,3.5444,3.06143,2.42452,1.47145,0.762468
0.497103,0.619134,3.06302,8.87254,6.71568,4.10027,11.1144,8.83314,3.11622,4.9289,5.3163,9.13501,2.18754,1.24287,2.23105,3.79728,3.37895,3.50999,2.49294,0.888948,0.429355,1.96815
0.743501,0.834279,3.81822,7.84801,11.8761,33.9963,37.5515,1.90831,18.0373,3.64582,1.94108,0.541427,1.25825,1.24517,2.16323,4.24803,3.70351,2.35439,0.256401,0.278103,0.116359,3.43737
0.123966,0.842496,0.0802746,4.15451,3.00047,6.45121,12.5864,7.91578,1.46149,0.722237,3.68962,5.20816,0.854904,1.78568,2.53204,5.74785,3.17408,0.82103,0.849468,0.452299,0.031704,2.34304
0.208922,1.22442,0.583041,3.45833,10.5377,29.0106,24.6776,8.65463,15.1945,1.52904,1.01049,7.97294,4.02324,2.18058,1.61761,3.06177,1.62554,2.39578,0.437975,0.913674,0.0649227,1.75643
0.0654787,1.0828,0.184786,3.87175,1.93177,6.13178,16.0678,12.5299,0.660294,5.17442,3.48299,14.0691,9.11949,0.837908,1.17126,1.74302,0.0384593,0.199094,0.942278,0.462103,0.449309,2.45717
0.20559,0.279915,1.44557,4.94777,14.8003,24.3459,11.6422,5.4144,0.628188,4.76989,5.73825,12.1346,7.87398,0.779523,0.914128,0.189357,4.18892,4.85857,1.2113,0.643736,0.243613,1.94433
0.213152,0.497366,2.87791,13.2553,24.2422,21.1172,9.78809,9.54032,10.7185,1.81659,4.30797,6.82788,3.47895,1.45007,3.44583,4.22422,1.51585,5.29941,0.938286,1.61411,0.485718,0.527281
0.0253931,0.557429,1.68082,11.4203,14.3762,10.3232,21.3293,9.44432,6.31818,3.5306,4.0556,7.78345,3.80541,0.657373,2.27989,3.32546,1.69624,6.04662,2.54486,0.109345,0.137337,3.47255
0.245871,0.992491,2.3234,6.47816,3.62517,14.0326,18.2099,14.4802,16.8486,6.79074,1.8203,6.26037,3.7416,0.350067,2.2837,3.64198,0.243493,2.69724,1.27924,0.0407908,0.101798,3.54544
0.0170795,0.830352,0.291301,7.57211,6.21281,13.7022,22.4853,11.9612,1.94098,7.70186,3.961,1.06132,0.322897,0.64688,1.94141,6.59507,5.56625,1.1455,0.545767,0.502119,0.268822,0.279021
0.00517181,0.818046,1.52145,7.82154,12.1688,10.8425,23.1391,10.5736,4.68799,2.21164,1.57037,5.73729,4.70141,1.55772,3.90792,5.18592,0.119337,3.23857,1.66646,0.499283,0.521139,2.81945
0.206479,0.557727,0.483343,6.25141,15.0984,12.2854,3.56449,0.758119,5.55623,11.3696,5.15946,2.29329,2.46476,0.862534,4.86424,6.61778,0.297832,1.89519,0.649641,0.937829,0.252954,2.77101
0.0506402,0.0154807,1.19565,0.932759,6.40046,14.7562,10.1047,4.02768,9.59547,3.84972,0.562433,1.70371,0.409695,0.569712,3.86895,9.04307,7.50066,3.00943,0.493229,0.0666228,0.326145,0.766848
0.432566,0.0972395,1.40962,2.58686,2.45939,4.52387,2.55924,0.29557,1.88317,3.00742,5.77657,4.99978,3.04162,0.407016,2.23608,3.70264,2.33482,2.2661,0.876749,0.551581,4.47556e-05,2.78493
0.25946,0.122138,0.395823,3.38476,4.29581,5.82912,6.96996,4.5263,5.57305,0.361755,4.65639,4.34331,0.459368,0.375185,2.64184,4.40294,5.73471,5.5141,2.40594,0.21909,0.572223,4.01136
0.0645432,0.415423,2.35815,3.41803,2.00675,5.51099,1.14934,1.03514,3.80338,2.65799,4.07167,11.097,9.27114,4.27368,3.72186,5.87592,6.0672,4.01623,0.973214,0.813969,0.118197,0.644325
0.135247,0.672026,4.18627,1.67446,4.80832,5.62255,9.90017,3.29693,2.43911,7.37203,2.39436,7.60484,3.46384,2.41118,0.713169,2.58432,0.17159,1.24965,1.20939,1.21394,0.562027,5.18599
0.496527,0.711348,0.17091,8.40341,14.4748,5.34823,2.56385,9.24142,12.0608,2.17884,0.184973,6.0131,3.17109,0.14702,1.21193,0.265487,0.0135114,0.501814,0.496522,1.00183,0.844696,5.0131
0.132037,0.264961,0.0489846,4.18611,10.7524,13.7274,11.2276,0.738318,5.04194,1.57673,9.22273,9.6255,6.04377,3.79897,0.496739,6.01901,5.24055,0.285392,1.29551,0.465555,0.26979,1.28149
0.487909,1.42578,3.79936,3.2505,0.176117,3.41115,11.802,13.4689,2.70137,6.1507,3.91255,3.39498,4.16054,2.19798,5.13283,11.1093,5.70322,1.08929,1.12428,0.292463,1.12243,0.682226
0.403468,2.55124,3.25115,6.22194,12.4056,5.73497,3.78961,7.17305,1.28718,5.21017,4.28251,2.67781,1.10962,0.0451845,8.01774,12.2394,1.37258,8.26425,2.13037,0.376891,0.280435,3.95648
0.27516,2.45296,5.30304,4.38393,17.0153,16.5974,10.2408,0.43652,9.85033,5.70154,6.9598,7.35465,0.42007,2.04182,7.64805,9.3876,1.17849,4.32522,0.229485,0.0644353,0.38841,2.1977
0.0289288,2.97978,6.6988,1.49278,9.81231,3.23277,1.89226,7.07713,11.5686,3.45305,1.46907,0.971423,0.076433,2.27537,5.09732,8.12279,7.52903,4.61349,0.815911,0.399316,0.0373778,0.832292
0.532115,2.54741,6.78756,1.44918,5.50553,0.453846,1.12703,5.90124,5.56791,3.18818,7.28902,2.19575,0.699749,0.0776573,1.15192,5.41894,10.3103,9.16714,3.23303,0.120894,0.507116,2.46752
0.530973,2.64134,7.7463,4.29621,5.15831,7.63858,2.91972,2.32341,8.31396,6.60307,2.15269,4.78788,2.69872,1.18694,0.218018,0.621373,0.987136,2.88288,2.09116,0.373321,0.222763,1.1895
0.211239,2.85722,4.34593,4.32414,8.62718,3.34993,0.483381,2.32993,1.51156,8.01536,9.68259,5.94436,1.61355,0.367454,2.05895,3.91485,0.839375,1.58875,1.14124,0.435822,0.236769,0.937832
0.0558995,2.42569,5.76351,1.53025,4.93918,3.644,1.21508,1.32903,1.24279,0.993689,3.17521,3.00734,1.4372,0.550183,0.368103,0.305407,1.03368,2.79746,1.72058,0.312566,0.166292,2.37839
0.0513471,2.28042,4.10068,0.517154,3.69254,0.185859,1.24151,1.64804,6.04396,8.67744,7.41261,5.04406,2.78822,1.97884,1.19785,3.1413,8.52434,6.91028,0.322129,1.11484,0.702209,0.0828134
0.172673,1.83192,3.63551,0.848406,1.71425,0.161656,1.74415,4.49785,6.5107,3.4574,0.0587297,2.09056,2.82235,1.22197,0.730309,2.29343,1.28675,0.0836367,0.660119,0.623692,0.126556,1.80256
0.340233,0.851549,2.56841,1.62728,0.954288,2.28383,3.38214,3.09719,1.68386,5.52888,7.94561,4.09471,1.40216,0.166259,2.13627,0.139155,7.36315,9.65777,4.08955,0.925615,0.385905,2.55394
0.231428,0.375956,0.116994,1.49897,1.6492,1.61344,1.96663,2.22884,1.64475,1.13109,0.990642,0.71549,0.171653,0.238794,3.75769,6.77664,2.51927,9.79128,3.63989,0.378834,0.23122,1.07418
0.0366849,0.176311,0.595764,2.60676,3.52666,2.7325,2.92405,2.43247,0.0662742,3.47233,8.02143,5.76417,1.675,0.0100767,3.51367,4.08317,5.20425,9.08032,3.68675,0.957411,1.00856,0.960093
0.0568503,0.522981,2.23084,2.21864,0.0713322,1.48385,1.77718,1.77196,7.11008,8.3904,3.87195,1.05786,1.1375,0.23555,2.47267,4.38692,3.82842,1.92672,0.11558,0.234292,0.476654,1.59946
0.346136,0.514223,0.43988,2.03349,3.19955,2.75131,1.38085,2.22231,2.71407,0.754072,2.11781,2.75262,2.3054,2.47138,0.62706,2.75713,5.77062,5.13401,1.6456,0.0487189,0.128368,0.620184
0.00838925,0.699111,2.6544,3.09622,1.81998,3.13624,1.4851,2.64936,1.61898,0.555689,0.455568,0.723856,0.311721,0.135679,2.23777,2.29579,1.30392,2.96667,1.97642,0.766695,0.241279,1.53127
0.0148924,0.797756,1.09511,0.282332,1.09916,1.11952,0.235183,1.50507,3.01325,5.03306,3.97315,2.76038,0.373434,1.90006,2.84739,6.09872,2.98237,2.05517,2.03501,0.493359,0.528716,1.34481
0.306812,0.592795,2.07064,1.91083,0.632962,0.172758,0.669505,0.419529,3.35453,6.28659,6.63057,3.77779,0.59041,0.301037,3.85061,9.16713,9.04779,4.19423,0.449269,0.386789,0.578702,1.52112
0.219858,0.500108,1.18121,0.434909,0.18275,1.08244,0.985376,3.0627,9.24013,11.4578,9.51982,4.6976,0.53349,2.73045,5.35703,5.33562,0.249892,1.89507,1.00966,0.244552,0.0364586,1.54793
0.0145553,0.625037,0.734628,0.727527,1.68609,1.58495,0.0793499,0.917384,3.23308,0.669554,3.05826,0.228029,0.598876,1.5661,3.51883,5.60448,0.625688,2.19153,0.046447,0.166882,0.111539,1.965
0.203203,0.57454,2.25644,2.3614,2.09052,2.83132,1.31941,0.681311,0.253787,4.07933,8.3973,5.0821,1.57073,3.66155,3.26425,12.2472,8.27311,0.851958,2.01105,0.707152,0.0466395,0.609711
0.23866,0.361869,0.132484,0.453981,0.496322,0.474481,0.268919,2.16991,6.24679,5.23163,3.65336,3.67143,1.41168,0.695142,2.17804,1.97701,7.5713,9.67603,2.60245,0.178131,0.230945,0.0910562
0.212221,0.367311,0.42052,1.18295,3.30032,2.55043,0.729391,0.917481,4.17582,5.21703,1.63139,6.70559,4.51858,1.00111,0.519459,1.90818,4.14154,3.19574,0.0109477,0.327314,0.551096,0.983962
0.00905877,0.275696,0.678916,0.410658,0.618096,1.05816,0.88873,0.939545,1.91618,0.984225,1.85881,4.16018,2.68902,1.16316,2.31569,1.23767,5.59361,2.65845,0.506444,0.3919,0.20945,0.737563
0.475188,1.2136,2.07588,1.72429,6.79436,5.46094,8.19571,10.2676,5.15114,14.9457,6.23894,3.65673,6.74901,4.63613,0.311022,5.07266,0.889765,3.46609,0.0633908,1.90155,0.866551,3.40002
0.0325234,1.50822,3.42468,2.2977,8.59087,6.26336,0.287327,10.5769,10.0555,3.10839,2.67322,3.03881,2.08189,1.01443,4.56837,7.38128,2.82187,7.61172,2.36471,0.121934,0.340128,4.80634
0.81319,2.56114,3.61737,0.846085,1.51987,3.86955,2.89138,0.725144,4.1196,0.0983657,7.11062,5.64851,0.917627,0.944928,2.38742,4.56088,6.8267,7.59121,2.43676,0.254474,0.235804,1.33228
0.577513,1.29396,6.37355,11.7718,9.83747,2.8036,2.0998,14.7377,22.8552,9.74308,1.63664,6.0791,5.95041,3.09675,2.84373,5.10839,9.78965,9.158,2.39506,0.0680912,0.291718,0.88525
0.103466,2.00465,3.49137,5.65793,9.9568,7.40019,3.80477,2.91939,0.55459,2.31047,2.56761,1.42635,1.19771,2.26956,4.45114,7.9067,2.30604,5.55685,3.00976,0.104615,0.558738,1.54013
0.306781,1.43087,3.20819,5.87997,9.38975,4.70521,0.422771,4.2877,6.31767,1.22084,4.38423,0.596676,1.10798,1.76056,1.45986,1.51771,9.83943,13.6097,4.42092,0.670977,0.279399,3.17561
0.153062,1.62983,0.971851,1.22353,7.44347,6.42181,2.25135,5.70374,0.964878,1.55102,1.98365,5.13409,3.54971,0.807063,1.33967,6.73903,13.7232,12.1537,2.8528,0.659811,0.234968,0.168263
0.0265869,0.859413,2.42684,7.10953,10.5131,4.28056,1.21457,3.9233,4.85678,8.98058,5.95806,2.34223,2.45412,0.0199558,0.47792,1.62913,1.8771,0.784803,0.430511,0.643507,0.54241,1.82508
0.516722,0.851507,0.696593,5.13791,11.9903,9.68017,4.66437,4.50048,1.24692,4.03036,3.73793,1.95084,1.86928,1.25397,1.91548,7.06608,11.9551,10.7677,4.15298,1.34083,0.396769,2.75774
0.122796,0.32808,1.64892,8.51588,11.2842,3.46972,1.02451,0.425238,0.695745,0.72752,0.0759924,1.80712,0.0119686,0.45204,4.51587,5.40287,3.01589,4.60326,2.38517,0.219693,0.786161,0.358919
0.597592,0.325687,1.04638,2.49994,8.96967,7.29228,2.80678,3.52587,6.32404,3.37028,3.14131,4.51548,3.20437,1.51128,5.11989,11.0607,10.4068,6.25726,1.30216,0.311315,0.609473,1.66524
0.16858,0.407797,0.637955,3.33682,6.09367,3.99317,1.90079,2.77573,4.70189,3.68672,0.463976,0.544701,2.01595,0.712022,4.32387,5.22472,0.959769,1.06962,1.02687,0.472484,0.56717,2.84051
0.0273933,0.166547,0.534722,0.402595,3.0453,1.71814,0.187148,1.07288,1.49355,3.81487,5.29278,1.48656,0.331527,1.75632,1.99803,2.1297,4.4801,3.4967,0.120776,0.332945,0.0060525,0.894943
0.043429,0.123243,0.639044,2.67343,4.4954,2.90875,0.0408926,3.46754,10.4628,12.872,4.22667,0.903785,0.739213,0.0727137,3.95776,4.88738,1.81407,2.50265,1.94524,0.298649,0.397414,1.78743
0.184282,0.618522,0.47313,0.812898,1.31698,0.784982,0.245824,2.37541,2.52461,3.48915,3.28248,0.460522,0.0171238,0.247411,5.18254,10.953,11.4858,8.03166,2.01206,0.479527,0.690796,2.107
0.127551,0.598464,1.61343,1.27257,0.937661,1.84317,0.786473,1.28798,4.11002,3.65728,3.51645,3.78907,2.55258,1.39904,4.95015,6.30573,0.999206,0.673705,1.35267,0.346113,0.425881,0.605867
0.145892,0.620456,0.881866,0.981888,2.72575,1.96395,0.926237,1.43524,8.93285,13.0071,8.9178,3.88676,2.04997,1.44746,2.85587,2.62951,5.04727,3.66783,1.95462,1.5916,0.365193,2.43047
0.174086,0.832057,1.9581,0.426869,1.82197,0.784614,0.233375,0.994447,2.06098,2.56904,1.84651,0.946559,2.24171,1.64986,1.0178,4.5412,5.90896,3.75775,0.24679,0.538564,0.0842699,2.27287
0.105682,0.604187,1.41498,0.716863,3.75296,3.32406,1.01397,2.16001,9.44834,13.1846,7.32281,1.73674,1.02383,1.2248,3.05048,7.66652,11.4171,9.09812,2.68277,0.119801,0.638855,0.899647
0.153086,0.489553,1.31343,1.25433,3.66017,1.4951,0.523982,2.11604,5.50631,2.8656,0.392032,0.489952,0.0583525,0.216276,0.252615,0.0417218,2.41697,6.20257,4.23555,0.517647,0.0559447,1.53627
0.0030237,0.455835,1.56706,0.212999,3.95538,3.20486,1.02439,0.971591,0.336904,0.0268303,1.60675,2.58221,1.66063,0.35916,2.79294,6.42419,3.72557,1.81068,1.83594,0.017751,0.0630157,1.31299
0.0187052,0.530717,0.36133,2.20636,3.72264,1.55966,0.654535,0.293352,3.53136,2.32013,0.367514,0.0260023,0.265162,0.114654,1.64701,1.81395,2.13093,2.20026,0.975357,0.462533,0.132968,0.536014
0.337816,0.127576,0.898933,0.838486,0.874471,0.939351,0.112641,1.84176,5.76379,7.88825,5.8849,3.33306,2.36515,1.54922,0.553325,1.05667,3.90228,3.01741,0.0790289,0.26414,0.646015,1.01992
0.409936,0.270312,0.799687,1.98115,1.96386,1.21862,0.00547139,0.148769,4.1977,8.96511,5.07699,0.0824,0.460574,1.06429,1.12924,0.372086,0.954494,2.29508,0.697569,0.955744,0.429073,0.201801
0.212202,0.0943086,0.413049,1.68906,2.22458,2.69178,2.37,0.350501,2.82727,2.04319,1.68831,2.06402,1.70236,1.61053,0.67023,2.30729,8.53171,9.65153,3.79964,0.830708,0.240752,0.584916
0.0671914,0.400334,1.46531,1.28504,0.186812,0.272042,1.50753,3.89709,6.04761,6.42571,1.71138,0.795081,0.655795,1.54268,1.87585,0.107511,3.16079,4.28551,2.20834,0.0366109,0.189301,0.6463
0.185958,0.822038,1.41489,0.77968,2.98984,2.45689,0.0568423,0.338489,3.01053,2.9762,6.83286,1.96024,0.938315,1.34535,0.390622,2.28981,0.197682,2.41323,0.935903,0.447589,0.1138,0.806911
0.0717395,0.720095,1.92272,0.264061,2.59415,1.60299,0.647677,0.362277,4.16901,6.36335,5.55055,3.10655,0.176375,0.856825,1.08802,0.233801,0.925085,0.320237,0.78229,0.151374,0.388391,0.449654
0.184815,0.26454,1.73177,2.7353,0.0717427,2.26231,3.26106,1.6735,10.6971,5.55899,4.84924,7.89669,3.16884,1.24218,5.02446,5.81962,9.16801,13.6769,2.5703,0.562874,0.942626,1.29159
0.167768,0.580135,0.287198,0.00697488,1.99114,7.43912,0.600946,18.4716,28.9976,20.1743,11.6183,10.7972,3.15871,2.91342,1.49938,5.86048,4.12063,14.5271,7.91597,0.349438,0.502907,0.009714
0.167445,1.64022,4.72737,7.34481,7.20767,6.2062,2.00842,4.82025,4.29047,1.18447,0.527874,0.0491609,3.12837,3.09306,1.17635,2.75803,5.63868,3.1691,0.62203,0.281996,0.359146,1.80389
0.143799,2.40358,3.52075,0.986925,4.28595,8.52967,3.89277,7.86013,15.6107,8.82409,1.52796,3.57169,2.35309,1.88755,0.403399,0.0840054,11.8099,17.0389,5.88663,0.0651895,1.035,0.162525
0.0667821,3.02528,6.94164,6.25185,8.14066,5.82464,1.42628,3.83492,2.54786,5.84198,1.12875,0.138707,2.45198,2.64106,3.63405,1.86098,23.5519,27.2926,7.78765,0.562582,0.992078,0.789567
0.542836,3.0861,4.31065,2.0473,5.45581,1.04309,9.47114,4.56709,1.64945,3.54499,6.76914,6.30441,1.7643,0.380971,4.4853,6.3523,1.03445,5.01299,0.502113,0.588197,1.0932,1.82937
0.061573,3.35168,8.05724,12.8169,15.4476,6.62861,5.10623,7.50564,1.32545,5.66544,1.20875,2.42771,1.55777,1.07562,2.4648,9.29703,17.5909,15.7896,4.31472,0.12376,0.264375,1.54339
0.332116,2.63348,6.05527,9.97388,15.5238,13.0098,6.88898,7.78329,9.26549,7.12227,3.27982,3.57236,5.31854,2.21586,2.30591,3.57939,12.1527,16.4189,4.67778,1.33823,0.0342716,3.18179
0.253914,2.49192,6.9639,11.1628,11.6216,5.69786,2.20088,4.19736,4.97357,4.10752,7.78347,9.35689,4.1512,1.05672,2.91903,5.22902,8.45646,9.77445,3.61999,0.793107,0.235342,1.55087
0.163976,2.60903,5.16073,2.60295,1.02718,2.50469,1.83193,2.32894,5.02223,6.14433,4.0623,0.805227,1.83956,1.53959,4.19447,6.61797,1.32881,5.6344,1.49712,0.47557,0.420594,0.97588
0.514363,1.79781,2.86752,5.7286,11.6565,4.85888,2.62363,3.32039,4.06112,6.75971,1.97822,1.87786,0.608012,1.0582,2.61989,2.60898,7.32874,12.0533,3.91261,0.679447,0.4862,3.60139
0.178921,1.4117,3.36486,2.13446,8.25916,1.20635,4.61337,2.96719,2.30463,1.3635,6.37603,6.07912,3.08527,0.630881,1.46999,4.13192,10.1083,10.4723,2.38741,0.838666,0.969605,2.67727
0.172998,0.930704,1.17253,2.79671,7.42827,4.92283,0.997424,1.91868,5.00147,9.08787,5.18461,2.53374,1.59077,0.82884,2.24731,1.28487,0.57953,2.41469,2.85228,0.816451,0.129267,0.682319
0.299279,0.772944,3.12964,3.39399,1.86093,4.53108,2.76106,3.77558,1.56828,8.35482,9.46049,1.18127,2.02201,1.83087,0.339399,0.0954305,1.4523,0.0288206,1.53575,0.679143,0.675682,3.21594
0.125236,0.585276,0.354971,4.26006,5.46944,2.44581,0.207752,0.219748,6.62488,9.31865,1.34279,1.28666,0.0300014,0.842104,1.19113,4.41788,4.42762,1.8497,0.0255898,0.0886859,0.306291,2.55261
0.0751525,0.246989,1.04654,0.437455,2.88474,1.94945,1.25384,2.86074,5.42564,7.10525,4.55934,0.010635,2.06947,2.10879,4.4838,6.09402,1.52725,1.8337,0.49483,0.109451,0.720664,0.483134
0.175545,0.552733,0.148172,2.30039,2.56851,1.53678,1.16888,0.594833,7.33874,10.8755,3.37822,1.41662,0.421407,0.531023,2.97447,2.597,4.44078,5.31805,0.687179,0.248359,0.966,2.68207
0.175322,0.409107,0.944621,1.90778,1.97436,1.36984,0.835255,4.31409,8.7128,2.40504,4.43581,4.16417,3.24126,1.37231,2.61667,4.11304,0.00142719,2.12982,1.06935,0.391346,0.278994,2.62237
0.177474,0.326927,0.0574828,0.336235,1.75568,2.22881,1.47168,1.76788,2.85712,0.176608,0.807888,0.869794,0.213719,0.466009,2.97194,7.26828,7.4362,3.6424,0.695566,0.362937,0.639186,0.832088
0.0569538,0.11632,0.377786,0.450191,0.800208,0.389147,0.150287,1.71152,3.19865,2.47218,7.07769,5.34275,2.92343,1.20383,2.25533,2.39521,2.77289,5.02515,2.80738,0.0927824,0.533881,3.87018
0.0943634,0.141208,0.973648,2.39372,2.84318,1.44549,1.20556,0.948835,4.03041,5.07285,3.15239,3.77664,1.78224,0.00281949,1.27681,3.84195,7.00512,7.07765,1.86624,0.532103,0.16917,3.24944
0.0298664,0.223637,0.658449,2.55955,2.49657,1.47231,1.90021,2.15769,0.965232,2.60369,3.98886,1.79362,0.14391,1.89824,4.39763,4.20752,1.85021,1.29794,0.411583,1.44571,1.18862,0.333936
0.258559,0.112399,1.09729,1.47836,0.539193,0.464711,0.330726,0.967302,1.71651,2.49965,2.59523,2.36929,0.902233,1.66698,1.11542,0.952066,0.358911,0.315653,0.946686,0.404773,0.823351,2.32693
0.221423,0.0113942,0.175757,2.06806,2.77792,0.430514,2.40403,3.6987,2.69539,3.96526,5.35558,2.49357,0.28965,1.43391,1.13584,0.5847,0.377113,0.516692,0.771712,0.86812,0.564452,1.53791
0.066862,0.254977,0.632558,0.190715,2.80789,3.29302,1.20826,1.74495,2.57662,1.3419,2.12518,2.33876,0.285287,0.943524,2.5371,4.85021,7.96524,7.47946,2.164,0.289229,0.272646,0.679726
0.0710349,0.100984,0.577961,0.00267174,0.630625,1.65367,2.74549,1.59187,0.263613,4.69647,6.5077,3.26345,0.259869,1.8528,1.79674,6.5547,4.45756,0.660396,0.643619,0.887079,0.980765,2.63937
0.0379927,0.014457,0.747949,2.11295,2.5358,1.64195,0.0241157,1.58407,3.19489,3.77402,2.26398,1.46404,1.3201,0.62387,3.76489,4.25305,6.97802,11.9768,3.9404,0.460066,0.354779,2.36709
0.18589,0.300291,0.679578,1.91518,0.706833,0.340035,0.457624,1.52792,2.15231,0.238568,2.57402,2.17899,0.260891,1.40443,5.2284,5.02375,8.73927,12.7499,2.0894,1.61729,0.789611,0.132085
0.212442,0.512353,2.70004,6.5064,2.98748,10.5894,2.12086,6.63643,8.55171,4.62461,2.74983,2.71299,3.90931,5.04394,2.683,11.4064,16.719,13.1045,1.78787,1.00999,1.37166,5.45792
0.765332,1.02274,5.79774,10.3375,6.98429,4.38691,7.7068,0.932015,9.08337,15.2099,4.56426,9.3169,5.64594,0.190095,9.22547,17.9003,27.1987,30.1063,12.9817,0.900035,0.924971,7.36008
0.417259,1.25556,3.81012,4.9883,3.25551,2.10922,0.112792,11.5818,9.21343,5.26744,0.532948,14.595,9.11105,0.876991,9.53265,17.5728,10.691,5.01055,2.60866,0.216244,1.71675,0.880978
0.368478,1.16878,4.30307,4.14249,1.92311,1.0698,2.44671,4.8154,11.1846,6.9536,8.14295,13.9555,9.1875,2.75977,6.58241,7.30091,9.15157,15.8841,6.02319,1.08018,1.11302,2.82442
0.284755,0.0447891,0.34989,6.36985,12.3495,1.72777,3.46199,11.528,18.2202,5.85928,2.78348,2.57512,1.38224,0.166477,0.546329,1.19255,9.90892,11.5858,1.97279,0.803958,1.31611,1.88657
0.540217,0.764217,1.21189,10.3576,18.9015,11.3881,0.864075,6.54691,4.88442,0.00571796,2.132,1.66508,1.97944,3.87344,5.73285,5.81838,4.04986,4.9087,2.27125,1.19383,0.876145,2.14059
0.296682,1.48129,3.95474,11.244,19.6019,18.9055,9.81727,5.32606,13.8487,6.90453,1.48417,1.84528,0.751094,0.377908,6.39293,10.5719,6.42234,2.11576,0.223756,0.633978,0.785791,1.28211
0.294428,2.24344,5.43195,6.0515,5.58288,0.900678,3.9767,10.0248,0.18087,2.13719,4.00494,1.84681,3.6368,5.29373,3.68727,8.73907,0.7004,5.14593,2.29415,0.0908031,0.850082,2.88181
0.0744173,3.19785,5.45834,2.29742,8.23461,6.3159,4.8944,6.51614,9.34479,9.76592,4.50126,1.9995,1.77602,0.375382,5.28908,9.93961,5.19313,15.7863,5.93606,0.0671925,0.0927186,0.107491
0.0955247,3.25189,6.30147,3.97511,12.8636,3.12201,2.12106,2.75728,0.946732,1.42099,0.530742,2.82804,4.63794,1.94803,3.63459,7.77745,6.46214,16.0356,5.4712,0.112669,0.866892,0.113302
0.109921,2.66934,6.31802,2.27829,13.192,6.74915,3.03783,6.94801,9.42314,9.66639,8.604,5.15155,0.883736,0.400819,5.20908,8.49363,4.53468,0.721047,1.11444,1.3801,0.886622,1.20042
0.425953,2.65482,6.59855,3.07112,4.90533,4.3447,2.5999,3.67812,1.59503,0.411444,2.68959,3.84102,1.72143,0.899151,5.13241,8.60837,10.7714,10.662,4.03363,0.307908,0.582765,1.80778
0.0262628,2.21698,5.68092,2.17844,6.96282,10.1278,5.98633,2.65067,2.0625,3.26524,6.79338,4.91731,0.292466,1.15353,6.21242,11.1464,10.6681,8.92537,3.22855,0.671396,1.43214,3.54718
0.0963896,1.95208,2.74991,5.64584,10.5924,3.28134,0.978556,0.732702,1.28131,5.47793,3.75099,0.254033,0.373646,0.0221107,6.04696,12.6878,10.4497,4.66165,1.788,0.541895,0.19818,0.707328
0.555788,1.9999,3.60434,1.25815,5.16463,0.682322,4.27479,3.42464,4.54164,6.02421,7.74602,6.75159,2.1028,0.80523,1.72665,1.96486,5.9635,8.81495,3.44764,0.175435,0.706856,0.598937
0.246943,1.19113,1.67017,0.070833,2.75502,3.98989,1.61352,1.90533,5.97973,7.78879,2.8438,0.873137,0.522324,1.80153,0.574602,0.609172,6.53122,10.1319,2.46001,0.599973,0.745646,3.05556
0.0992214,0.362485,1.00177,2.45366,4.13438,3.91232,0.538402,0.795878,0.194753,4.87969,6.47347,2.31199,0.0754195,0.82415,0.496693,1.33324,8.07242,10.9147,4.17171,0.254187,0.200872,2.04627
0.22537,0.411342,0.742035,0.731905,2.5412,0.242227,1.30296,0.669029,0.488405,0.739476,2.32434,0.896003,1.13897,1.46341,0.251765,2.09809,3.1648,2.16417,1.12724,0.553868,0.0263226,0.273012
0.00893264,0.522139,2.09775,1.71493,0.987968,0.25074,1.39655,1.8603,2.93293,0.184204,3.62366,2.91857,0.887554,1.18485,2.70752,2.00884,11.9547,11.2065,2.68063,0.37376,0.459646,2.92649
0.0040143,0.701007,0.699573,1.7632,3.87229,3.65584,0.836261,2.59435,4.64466,6.86657,7.09985,3.83972,0.7748,0.250924,2.51949,7.56473,2.70633,4.06432,1.47794,0.512996,0.494828,3.7079
0.0422733,0.535564,2.15044,2.12635,1.10334,2.29706,0.904675,2.91514,4.87729,3.97862,0.0273075,2.08632,0.274988,1.7564,0.921414,5.88885,3.91961,1.39363,1.74732,0.112402,0.113221,2.44252
0.0793226,0.376355,0.457816,2.19709,1.87145,1.64296,1.08242,0.0160979,3.35955,6.68059,5.2627,2.39181,1.03847,1.13511,1.61706,0.464119,1.81353,1.4858,0.0427932,0.269935,0.290914,1.11516
0.000975322,0.0534402,0.622339,1.38088,2.05695,1.52564,0.367078,1.01714,3.31517,4.41829,0.758757,1.77152,0.778753,2.36523,3.99538,4.58546,1.20637,3.83661,0.871716,0.0872089,0.421615,3.23775
0.0137195,0.0156983,0.776312,0.524884,1.94422,2.00391,0.99783,1.15047,3.12269,3.69382,0.0025603,0.547713,1.19599,1.67095,5.12254,12.6297,6.62573,2.00443,2.2438,0.493729,0.361422,1.56701
0.00447489,0.333675,0.521537,2.55303,4.3888,0.320208,1.54703,2.42862,4.26341,0.431921,0.273641,2.4464,0.602337,2.41233,4.97716,12.3224,8.81069,2.99336,0.577746,0.39849,0.158453,1.0024
0.0231741,0.406341,0.384637,3.33101,6.7328,5.05492,2.43793,1.41989,0.239898,0.591824,2.66928,2.58895,0.0491422,1.22484,6.97424,8.53442,0.00963335,2.81654,0.145339,0.242394,0.119382,2.08321
0.101119,0.519667,1.67289,0.921671,3.16977,0.242969,1.0631,3.11912,3.71678,1.65762,1.94881,0.99574,0.316985,1.19139,6.1796,11.7511,2.72716,6.5426,3.98514,1.05629,0.657518,0.863541
0.149824,0.882781,0.26384,3.27383,2.54236,0.89714,0.743986,0.843123,2.8799,5.00616,7.45394,5.82428,1.58229,0.857392,2.29313,7.24262,4.01292,1.6553,2.50484,0.954315,0.588249,1.18365
0.0734301,0.338846,2.28373,7.93971,8.17044,0.741282,3.99614,0.306393,3.24475,5.79201,7.40486,0.719471,4.33212,1.63185,2.13512,3.51938,7.55953,9.78053,1.87471,2.22401,0.720374,3.46313
0.0847431,0.830042,1.69947,6.42777,10.6452,4.19688,3.13031,0.623236,3.37703,0.305792,6.11396,6.58352,3.63436,4.15916,3.60757,4.72188,14.5627,11.7816,0.822442,2.52063,0.447026,3.24586
0.00418913,0.763262,0.768734,7.98615,17.883,15.2607,12.068,10.035,5.98337,2.96157,2.24631,6.65129,7.6907,4.45501,0.110147,1.2821,3.01637,3.57591,0.146734,2.00038,3.5858,1.99174
0.0602769,0.238361,0.751635,10.312,20.3433,13.2618,4.46486,3.52287,4.00175,2.83112,4.74158,11.7385,7.35915,0.893178,0.6484,5.28321,16.6773,17.5933,4.29741,0.0386336,0.916465,0.485232
0.0492485,0.877243,0.551708,0.780823,8.34868,1.62306,13.4658,9.74849,0.484191,1.15414,3.00088,11.7585,2.38401,7.78995,3.2585,1.45874,10.5503,17.2167,6.75821,1.91843,2.00312,4.32342
0.146629,0.959701,2.07637,5.37881,7.1193,0.293409,2.04649,0.772152,1.78667,2.93834,1.49411,6.64973,0.330657,8.09776,2.89938,0.0124027,0.806008,4.43888,1.36827,1.17217,0.42905,3.29369
0.322679,1.37642,4.20186,6.62691,6.81891,9.71112,15.9646,11.7596,0.473653,2.19939,1.67923,5.28329,1.47949,4.49554,0.423253,5.16393,0.767226,3.58085,1.14962,0.627566,0.890116,0.891129
0.236144,1.8895,1.89008,3.82191,5.41302,0.49205,0.812277,6.628,10.0446,9.67015,10.3023,8.95907,1.62099,4.21286,2.95717,0.0653693,4.50241,6.61156,0.981933,0.506695,0.0565445,0.237588
0.0727707,1.63244,4.78971,3.53131,2.23813,6.13788,8.10989,8.08471,6.55945,5.07487,2.46369,1.25082,1.32793,1.14225,1.78935,5.11072,8.99994,7.52953,2.81361,0.046163,0.113566,1.58984
0.00666392,1.76593,4.42107,0.876155,4.95299,3.21986,2.04345,4.31547,5.05289,6.75503,5.55207,2.15271,0.901251,0.0831626,0.483208,0.762922,0.758975,2.56084,2.04558,0.0301993,0.38051,0.0646643
0.218701,1.63316,1.80524,4.89492,8.94129,2.75109,2.9978,2.16465,1.1845,0.860592,2.77235,3.12715,1.58739,3.48216,2.00331,2.01206,4.69872,3.52029,1.56057,0.184477,0.422389,2.07601
0.0347569,1.28216,5.41916,6.14758,0.473538,1.10273,0.598916,0.163697,0.792299,1.17658,0.412505,0.462432,2.75877,4.95277,1.35213,4.15917,2.17311,1.8987,0.791876,0.58921,0.634699,0.86456
0.13997,1.2045,0.42921,4.37211,5.2234,2.32261,0.257558,0.4305,0.565535,0.122658,2.23983,1.87847,1.15795,1.7191,0.101523,1.46349,1.84908,2.32615,0.947726,0.401375,0.263773,0.29176
0.0397257,0.837578,3.29989,4.52015,2.95118,3.14824,3.21005,2.38764,9.84827,12.6509,9.89689,4.97198,1.13704,0.422608,0.956429,3.72389,2.85866,0.211882,0.780665,1.19788,0.413249,2.30115
0.102128,0.458523,0.454304,0.0640027,1.93043,2.58734,0.0532204,1.73544,3.37074,2.15659,2.43442,2.64332,0.251092,0.709182,2.45958,3.49322,3.09311,7.02225,3.16984,0.0357837,0.135643,0.179262
0.335722,0.116766,0.0420104,0.176485,0.0626073,4.03561,5.54806,1.40395,7.66987,8.8527,6.15806,2.58209,2.33165,3.98245,0.946758,1.64759,5.04778,8.05756,2.22494,0.592445,0.245257,1.33617
0.0183649,0.0442297,0.646469,2.04036,1.85786,0.161862,2.29788,0.971621,8.98575,3.93221,6.52929,4.07672,0.624321,3.56565,1.82606,3.32924,1.0265,5.43862,1.39823,0.708564,0.398132,2.75955
0.179415,0.292197,0.990815,2.15205,1.93217,0.783533,1.58195,3.09541,7.17879,1.3287,6.05565,3.38277,0.964527,1.30626,1.81037,1.7077,0.552489,0.043715,0.186148,0.4402,0.63876,0.5103
0.0463672,0.11673,0.487614,0.211663,2.95716,0.505522,4.97216,3.20374,1.89079,0.50717,4.94932,2.33958,0.0188961,3.0575,4.16142,1.45414,2.04555,3.43123,1.56155,0.234221,0.229674,1.08856
0.0330342,0.117188,0.0425362,2.30061,2.50877,3.1483,5.74665,1.70351,10.7434,7.36384,0.118771,0.47872,0.02828,0.29621,0.503136,1.78009,4.87598,2.15238,0.612288,0.4656,0.943712,2.11462
0.198923,0.0532308,1.28951,1.03002,3.67572,9.44842,9.10975,4.71127,6.02158,9.6417,6.38853,0.670787,1.54219,3.19628,6.1157,4.16225,0.46908,0.4827,1.10361,0.280453,0.0643201,1.48131
0.145455,0.31988,0.314307,1.61694,3.09456,5.18821,6.82872,1.75664,5.86106,4.58895,4.75134,7.24872,1.45984,2.44748,4.22094,5.86926,7.36374,6.07544,1.40502,0.725742,0.265562,0.961367
0.00792404,0.30083,0.618619,0.848869,1.4439,2.43064,2.2988,2.91426,7.75199,6.316,0.0588767,0.275593,2.32946,3.09891,3.01447,1.53684,4.98372,9.52257,4.13966,0.063769,0.681486,0.0235778
0.027896,0.225327,1.22739,3.17072,4.5632,6.08554,4.31002,1.03551,0.525207,2.28119,2.37414,0.234038,3.71274,7.3826,7.35745,5.83036,1.55861,6.87148,2.24072,0.170265,0.365392,1.04086
0.114651,0.504983,0.46305,1.16862,3.85719,8.85877,6.75196,0.306714,4.50621,2.89901,0.275134,0.110758,0.533731,3.3118,4.83825,3.3126,1.05532,2.80117,0.822608,0.712352,0.876796,0.691943
0.114868,0.222753,1.613,5.26678,4.43603,4.11623,2.45075,2.18163,3.01584,3.42128,0.734179,1.11162,3.89197,4.17533,0.16229,3.74792,4.34842,2.61157,0.378825,1.20161,0.43013,0.0861321
0.0633427,0.44973,0.308996,0.0683085,1.80324,3.3979,7.83573,2.6665,0.119789,6.1305,10.2802,6.91313,4.65152,6.59029,2.15731,6.18694,8.53469,4.6748,0.767528,1.77217,0.269771,0.105853
0.000448074,0.319033,1.38599,1.78671,1.97755,3.49223,0.65429,0.859541,6.85865,6.14729,0.0303274,2.09184,2.38244,2.98906,2.77877,0.957314,0.588088,1.07412,1.48184,1.64666,0.822837,2.19276
0.094874,0.331691,0.283154,2.70185,0.523497,5.02349,7.56791,10.3123,9.51575,3.21082,0.993993,2.0884,0.825279,1.30319,1.41546,0.617818,9.30938,11.8554,2.78277,0.465875,0.753884,1.5337
0.233593,0.0340287,0.584709,1.62906,5.11464,6.77604,15.7812,16.1745,6.05614,6.50962,10.0345,10.3117,8.84112,8.0654,7.42805,3.42519,9.15529,15.5723,5.8259,0.205681,0.618155,1.41355
0.0696322,0.992472,1.45398,8.07634,21.1298,20.6996,11.061,5.41164,5.80363,5.2327,2.21245,9.72401,5.75364,1.53167,1.48676,0.874936,2.05834,1.4212,0.249044,2.14151,3.40585,3.69986
0.0576581,1.84534,3.04065,7.59599,19.8402,10.7706,11.6033,15.9177,3.41719,1.85602,1.40986,10.1605,6.01405,0.00516897,0.609018,1.09225,9.88229,13.3012,4.51858,1.04516,0.947232,0.850712
0.132774,1.53562,7.35446,5.87313,4.35895,0.636138,1.74446,2.5096,2.55161,3.49241,5.261,11.4641,12.0394,7.89797,3.09719,5.90983,17.0731,18.8301,8.59685,4.65793,5.14583,0.69232
0.448403,1.70183,1.21315,8.38983,11.5276,0.642082,0.972699,5.73044,2.76399,2.03857,7.12767,8.61483,6.73066,7.03351,4.25221,1.51537,2.09266,6.49731,3.15623,0.164747,2.06613,0.633366
0.581966,1.04752,4.12922,4.61166,4.21986,8.3513,15.7051,15.2799,8.91159,4.6047,2.09224,2.25127,1.05787,1.92706,2.74199,0.815942,2.39347,0.450324,2.28139,3.68717,2.24537,0.348649
0.285549,1.14676,3.66264,7.95288,7.76823,7.3052,13.6163,4.86619,4.0771,3.09978,0.566702,0.114944,0.413156,1.98307,3.85315,5.00676,0.165691,5.38178,1.48728,1.11331,1.37258,3.0154
0.44078,1.18933,0.603585,3.43065,0.712661,8.05806,24.1539,21.7847,15.2952,11.3767,5.33705,2.84789,0.49187,2.39991,3.01599,3.68319,4.73378,10.6175,5.06647,0.329211,0.297196,1.16538
0.472274,0.956398,3.0094,6.75712,11.1396,15.8027,15.9491,7.90042,1.27434,4.47872,1.48914,7.71877,4.24774,2.64205,1.36234,3.34301,3.3789,8.48483,2.21782,0.0435,1.22398,0.768292
0.127587,0.583215,0.742811,0.397844,2.78372,13.6218,20.4247,12.1199,7.75922,9.17496,0.115576,10.2094,8.44973,2.02481,0.777611,1.43191,9.49303,13.2488,7.05481,2.47152,1.83255,2.16699
0.0568343,0.6453,0.381548,3.49165,4.98502,1.06892,2.15336,5.77405,1.63814,1.51925,1.3713,4.71792,4.52112,0.0770225,0.421396,3.40037,9.00716,9.42616,4.25196,1.92248,1.35255,2.40144
0.0953508,0.730963,1.67645,0.837376,7.55091,19.0356,10.891,3.77116,0.409867,5.18552,0.802479,0.698341,0.0107966,0.142403,0.505205,2.48132,7.60382,6.87309,0.732101,3.23199,3.38463,1.4829
0.0579709,0.69929,1.67805,1.01624,8.05576,12.7624,6.88636,3.28973,3.62232,1.76528,4.53744,2.03378,1.3335,0.596385,2.17808,1.62639,10.2702,18.1757,6.55962,0.6014,1.81215,0.494249
0.297814,0.904824,0.857344,5.15066,3.74675,10.8962,3.14011,11.4871,0.606447,8.96128,5.73103,2.63349,0.155356,4.46578,5.13627,1.27661,12.1535,18.0111,6.05079,1.94036,3.52316,3.31033
0.638952,1.30461,2.86437,3.17978,3.49359,9.34433,10.0587,3.65476,2.46686,2.93036,2.22727,8.65913,3.69178,3.01885,2.9757,1.82098,3.68475,6.09997,2.18391,2.24254,2.74707,0.0684379
0.383602,0.811618,2.50837,4.93375,5.24422,3.58973,4.63232,5.60544,3.69009,1.24568,9.53672,16.8954,7.34093,1.16699,0.895942,2.40593,6.78851,5.73139,0.719326,0.64884,3.44006,2.40082
0.0337719,1.56713,0.217725,0.356056,2.74824,10.6936,22.8641,13.876,3.88727,5.26219,7.43143,1.95757,5.12833,0.787453,0.209117,1.96646,3.07547,8.79798,2.74639,4.14676,3.81573,1.22807
0.37904,1.32672,4.22556,11.0489,12.2199,5.6779,8.08089,6.06633,1.07787,3.7139,3.42771,0.328939,0.245039,2.28071,0.441067,0.860427,5.67917,6.5314,0.482075,1.77729,1.35258,1.31901
0.214684,0.693399,0.638648,0.418851,9.98481,30.7867,38.1626,19.1005,1.03165,4.21029,0.118079,1.7106,3.56877,3.72597,1.62246,3.7581,3.56572,8.28864,3.91622,0.675724,1.7131,0.432789
0.0863932,0.676923,1.34798,0.0093448,1.6396,7.26774,0.982632,9.49346,8.69496,0.0473505,7.66814,0.656707,3.36561,2.70236,3.59224,3.78876,0.906979,2.68457,1.68262,1.76041,1.2121,2.09141
0.138776,0.340951,1.71303,2.20134,3.16832,17.8519,23.3928,10.3295,0.661169,9.46103,21.6781,20.9937,2.53871,11.0553,5.20031,5.05983,3.13676,3.77341,1.85694,2.00001,0.457125,1.27557
0.357687,0.624126,0.268021,3.81053,11.8174,23.5177,19.4555,3.21887,12.3379,9.05688,1.44635,13.9701,5.14318,8.54508,3.58962,0.288828,12.6148,14.7375,1.28551,2.51931,2.55599,2.67634
0.61008,0.206888,0.0257741,6.1409,13.4061,9.56378,10.3551,10.3139,1.5032,3.55826,0.597405,4.62515,5.5031,2.08428,0.469654,2.66524,12.0953,15.3021,4.89491,2.80917,2.19179,3.4333
0.826659,0.200577,0.371714,3.03684,3.9435,19.4451,26.1825,1.46711,8.01705,2.5729,10.1238,2.27614,7.21069,8.74941,2.95099,0.182544,2.26799,1.25388,0.662799,0.896753,4.13764,1.56822
0.2874,0.306721,0.385927,2.25523,6.23429,5.65766,27.8744,22.3053,1.25091,1.66875,17.1844,10.4181,0.953735,3.98364,2.19779,1.01852,6.86873,10.4006,2.14331,0.0713536,1.70152,0.568589
0.0504539,0.197063,2.83093,4.29335,5.48562,16.5168,17.9352,5.54719,1.21607,0.44122,4.95658,8.04078,5.32758,0.909037,3.29477,5.30892,11.1594,9.9635,0.692389,4.96438,5.17325,5.26256
0.460218,1.20193,0.51956,7.78485,9.49825,9.35936,21.0228,10.664,1.82456,3.32537,9.00544,18.3955,8.10899,2.96551,4.78461,3.18911,1.77908,2.2983,1.47876,0.0408519,2.93121,3.74135
0.160539,0.646328,2.75266,1.54255,12.3302,16.8396,17.1667,15.3809,9.87172,10.402,18.0448,19.0098,4.41062,7.89456,3.42791,3.53659,7.0075,8.16956,4.31814,3.70714,5.58557,0.928349
0.107362,0.0137718,1.46189,2.03548,17.8524,23.6638,0.794559,12.0254,0.155056,12.1279,17.6023,7.52747,0.0758091,3.82618,0.408207,5.16035,12.317,17.6024,9.4447,1.25463,4.82252,2.96701
0.25939,0.457337,2.37142,16.8912,27.1876,8.89285,14.1933,12.6222,3.03214,2.38482,4.62229,5.84035,1.22747,11.2374,9.96488,6.2808,13.0462,14.91,4.725,2.81592,6.1374,1.98528
0.766001,0.685803,2.17846,3.92028,8.59238,6.8343,1.39439,15.3869,4.70694,5.51792,1.83189,6.10806,1.79446,13.9676,7.69865,1.77168,3.52666,2.17589,2.55795,4.64338,5.26708,0.45266
0.400765,0.79943,3.45841,6.00559,5.51343,7.72179,7.88,1.87575,1.73204,3.65892,3.20519,15.2741,9.48034,1.89659,0.557207,2.42689,6.24253,9.32554,4.56273,0.56158,0.792841,0.0211681
0.359747,1.35009,0.0491662,0.82476,2.65109,9.13576,9.82758,7.48916,4.11059,3.83485,11.7812,22.4672,18.6998,10.8053,6.64367,4.05442,11.7809,16.8097,7.60854,1.77361,2.92564,4.75524
0.040351,1.37751,2.25859,8.64445,15.7766,7.46,35.7326,24.4469,1.36391,6.70533,14.5374,19.8459,10.2436,3.35301,2.56744,2.60725,13.6889,17.2936,5.41639,1.20698,4.26135,3.77834
0.375382,1.47292,4.67357,14.9977,23.5305,18.0866,6.44158,1.35648,2.3828,10.8782,4.3332,9.23482,2.53125,6.36898,3.2972,1.85369,6.09589,11.9936,5.41613,1.09278,0.94525,0.805168
0.0463019,1.71663,0.312747,0.645483,10.8191,32.5047,48.8801,34.567,7.97799,0.428046,6.18102,10.915,4.50944,4.21696,4.22232,0.160367,2.96224,7.05115,3.40751,1.79281,5.40622,5.571
0.0796595,1.43728,4.09247,7.79972,11.7705,12.8588,6.86646,3.69442,9.23032,6.54785,0.0437129,1.72733,2.94087,2.53985,0.26012,1.17533,18.8817,26.1282,10.1723,6.02484,6.91379,1.36268
0.0857693,1.68032,5.81452,9.62944,3.38542,19.7544,32.909,24.9158,18.5798,6.35649,1.59875,5.42769,0.778781,8.91985,9.97746,4.86245,12.8574,21.6112,10.337,0.608125,4.08069,1.95742
0.152635,1.97107,0.971207,10.8257,16.0565,24.1673,15.3526,3.42641,0.929417,1.80825,12.9846,14.8714,6.56947,7.30137,8.85851,3.49994,0.648764,3.33063,3.30057,5.9293,6.81391,1.59843
0.509151,1.36583,7.08487,9.47085,2.66956,4.08727,2.66908,0.853662,9.55314,11.3725,5.75666,7.52387,7.3639,4.95258,2.14208,1.60949,6.74308,8.69045,0.00723588,0.189502,3.56646,0.42503
0.141007,1.34804,3.59902,0.881139,0.539442,19.7699,10.5674,7.89168,7.14921,13.4616,15.9689,19.4102,4.27036,4.77072,1.45737,1.15141,11.7585,14.7259,3.95313,2.66845,4.43361,4.71427
0.436163,1.96111,1.79611,3.58609,4.63617,0.263199,9.57806,12.7217,10.3373,15.4635,9.40773,5.44283,3.43657,1.44925,1.66686,2.82297,3.22864,8.68298,5.17632,2.16609,0.173453,1.71911
0.474897,2.20039,6.57158,14.94,9.277,18.9056,18.1055,3.20663,0.937316,1.06326,6.55912,4.58868,5.58996,5.41562,1.77164,3.20179,2.14297,3.84137,0.183165,2.42808,1.39029,4.29298
0.151331,2.14248,1.35974,1.51173,6.72715,2.15122,12.5208,12.338,14.7575,8.05533,8.06601,10.4016,1.62575,6.94054,0.0760297,3.42824,5.22052,10.2966,1.91901,3.09805,0.975273,3.53743
0.511431,1.75403,4.40523,6.86912,16.0297,33.8587,39.2598,16.9089,0.909792,8.82912,12.8074,3.80802,7.41117,1.81272,3.57335,3.74778,10.285,11.1565,0.307961,5.45339,1.70473,0.310143
0.0945646,1.35095,3.62623,7.38161,15.9829,27.327,24.0864,9.5322,6.62625,11.4553,18.534,22.9803,14.2937,1.58887,9.37964,5.89461,4.92122,7.32847,3.42398,2.34479,6.07739,5.46532
0.0902955,1.58044,2.87723,2.96011,2.95759,12.5445,34.6472,25.1603,4.08203,1.67967,3.20056,14.1944,8.63343,3.12565,2.92389,2.2016,0.974163,1.31473,0.0238775,1.63424,4.06805,0.410474
0.117035,1.3341,0.633793,3.21144,10.2747,32.5433,34.3703,8.4085,0.876604,7.31835,16.7069,13.3314,2.20537,0.220123,6.38622,8.75198,14.7242,14.9464,2.4996,6.32338,7.2612,2.12267
0.546132,0.827036,3.36408,2.96651,5.7483,8.81741,2.88325,8.98764,1.2922,4.62473,11.8223,4.72308,1.36626,5.32774,8.08601,4.52578,10.4066,15.4539,3.41829,0.385218,4.87645,1.44093
1.0162,0.902363,1.99826,5.9013,8.77725,21.6883,25.7299,3.43814,7.28997,0.841314,1.91827,0.567368,1.72845,2.56842,1.29552,0.194476,7.44249,10.6493,2.91977,5.52363,6.01733,2.03032
0.0243416,0.331364,0.932512,10.5657,14.5051,11.2756,30.6633,16.2336,4.59901,3.75413,7.06214,12.5249,8.95821,7.43853,9.58426,5.57409,3.68609,4.95171,3.70951,0.0553655,3.8191,3.5014
0.59184,0.224529,3.55417,7.04288,6.03423,21.4978,4.36039,15.4974,11.8345,8.31174,3.47273,19.7187,16.8353,8.76564,7.76168,10.1831,15.7678,12.9834,1.85222,0.613383,0.111558,2.07529
0.357493,0.223276,2.22396,6.44285,10.0927,27.3522,37.9165,17.7544,2.74674,5.31686,10.3815,19.5803,11.353,1.72973,4.18446,1.81622,6.50742,8.87587,0.471469,4.40003,3.38247,3.00497
0.180724,0.00915826,0.17608,1.46004,5.68708,6.54666,1.02443,6.29755,7.09745,6.80199,6.68014,10.54,1.70408,11.7859,11.5485,8.61058,5.74373,1.32912,1.00487,3.74847,4.49529,4.90017
0.021074,0.726481,0.637435,7.83699,21.0419,38.4894,37.6439,10.2215,10.4184,8.52034,0.0282406,3.49828,2.24626,9.41235,7.71416,3.26997,5.8511,9.37253,5.39148,0.631276,0.0259656,1.08451
0.0811313,0.177651,2.65575,0.0206536,12.3402,12.0831,6.16466,15.0251,9.38692,5.86529,7.47572,6.15117,5.06711,3.56486,2.91826,0.347274,10.6781,9.88205,3.7634,6.29993,6.59394,3.97313
0.685146,0.148862,2.66198,4.05039,10.2709,16.1889,26.7989,5.63604,0.471669,7.78842,14.9691,17.7902,8.9267,1.50602,6.32591,10.3575,11.9136,11.1206,4.47783,1.17754,0.551699,6.61435
0.0730423,1.20687,3.68569,16.7617,24.9095,8.67851,9.79611,20.6355,12.0924,0.432699,1.60708,12.756,5.78648,6.79131,5.35803,2.66288,12.3704,18.1832,8.45666,1.94622,1.10973,4.28185
0.266493,1.85248,6.17537,8.30022,12.1287,23.1424,13.9223,3.48182,5.25084,4.3696,8.21233,8.98112,0.522638,11.7311,4.61901,3.22472,7.22887,12.5602,6.54523,4.47273,3.08635,1.94373
0.00992666,2.48884,1.65446,11.3034,11.5904,16.6465,25.9126,8.67671,4.70357,4.45037,19.0352,7.48516,3.06776,18.0863,11.8172,0.0593474,4.30957,6.18164,3.72642,0.406932,3.10573,4.82011
0.328367,1.83801,8.64185,8.576,8.83059,13.1354,10.0659,18.0196,1.66627,13.5325,21.1818,12.5837,5.59825,15.1387,9.10586,1.66622,7.07619,6.29184,1.84288,2.59954,4.04488,7.86902
0.0430572,1.80517,2.6578,9.97907,28.9684,44.7218,46.6818,25.7358,12.4884,13.3552,9.77221,5.12951,1.98547,0.591608,2.55466,4.6755,5.16361,11.0844,5.53061,4.60247,3.34659,5.18348
0.0617475,1.14218,0.331619,16.0736,29.2568,25.9106,31.3018,28.4522,13.6039,8.19388,2.77185,14.2478,1.55042,21.279,12.2057,1.84832,9.71914,13.1201,6.82066,2.72722,1.61726,5.86297
0.035763,0.162366,6.65,7.06936,5.73855,11.2796,36.0013,21.9956,2.24836,6.02954,21.4611,27.1035,2.54912,20.6073,16.3788,4.12365,2.69065,3.87999,3.068,1.16953,3.53539,7.19775
0.269147,0.259025,3.05066,15.2194,14.6705,11.1002,23.1606,11.0594,5.1615,3.54681,6.1875,13.7716,16.6737,1.50476,4.33741,1.08554,7.12207,8.25892,1.12482,4.54501,2.95775,2.34057
0.389735,0.0541965,0.584526,0.0700923,0.620486,13.556,30.6584,23.4429,3.14457,1.1436,14.8509,23.3714,15.8887,9.03562,5.71522,0.719339,4.73927,10.3864,3.47117,2.37324,5.09759,2.7328
0.0103664,0.993255,0.790602,12.8963,10.5139,17.4653,13.4958,8.09213,1.27373,4.16821,10.4923,21.7071,9.80985,5.06941,9.80867,8.35685,11.5059,11.494,5.41351,0.401611,4.4713,1.29378
0.759591,0.958538,7.16181,10.123,1.84742,13.8883,25.2301,21.6286,0.696074,6.20881,11.993,18.7786,10.2065,3.98263,3.91839,0.597494,2.44809,0.304786,2.01827,3.3637,3.40955,4.11024
0.246385,1.55622,0.217394,7.6371,20.7236,36.3063,16.7571,10.4299,0.477428,0.0507217,6.02128,3.16679,6.74611,0.505753,4.94263,4.78569,4.13296,2.47118,1.49009,1.07806,2.34531,2.45291
0.309456,1.93212,3.15371,0.884141,8.26067,8.16504,5.5174,4.27599,13.9223,11.0484,0.3944,1.10558,0.365659,3.61587,5.88914,2.92169,1.34382,2.9861,1.87063,0.338798,0.833793,3.84191
0.169182,0.862889,5.07918,8.31732,12.3738,32.604,29.3897,1.19892,9.13402,9.24874,5.41589,7.46889,11.3336,7.2411,2.44567,1.99042,4.11608,2.59569,0.691177,0.63288,0.114063,5.2755
0.16261,1.54369,1.18108,1.05956,6.05323,25.4521,32.5362,21.4611,16.5646,7.32597,12.1405,17.3804,8.73962,3.80064,0.334892,5.69445,3.38778,1.16182,2.66147,3.1604,2.62536,1.20111
0.285634,1.1827,1.73167,6.54601,7.3516,16.1317,21.1363,4.48937,18.8928,10.9092,2.14698,8.7018,4.90722,1.92922,0.23433,0.126377,1.35121,1.11021,0.819015,0.364088,1.59513,5.68327
0.276123,1.40352,3.87585,12.8927,13.53,24.5011,54.1754,30.0063,3.32489,4.95543,14.8664,18.2082,7.36174,5.05726,3.54668,0.635915,0.919867,0.951206,0.107142,0.750293,0.921911,4.37199
0.0647109,1.01087,0.781449,0.129325,9.42989,15.8112,3.43583,7.58345,12.2885,16.3159,4.39905,12.9203,8.75254,4.46718,4.38058,0.0321422,2.612,4.6687,1.91518,1.20796,1.57721,2.04654
0.345605,0.559038,1.74078,2.19849,12.8808,37.7187,43.1215,15.0725,10.417,14.1908,12.6262,11.3471,3.44872,3.82572,4.33299,1.24694,7.36958,4.669,1.24602,1.86582,0.420868,2.84185
0.210434,0.577709,4.43112,8.73057,3.99354,5.72827,8.7479,8.27178,4.31361,3.48854,8.89151,5.73751,0.481262,1.14586,0.0748301,6.2864,9.75825,5.8302,1.12554,0.613104,0.959578,2.34581
0.155589,1.09777,1.4368,8.97229,16.7969,31.062,30.291,6.80091,6.38698,0.7542,9.93555,5.63381,3.83977,10.3633,8.99719,3.75231,3.64217,9.35512,4.63605,0.9796,0.837129,0.765137
0.63169,1.10969,3.50986,1.85887,7.76095,3.33737,18.1163,24.175,14.2392,3.60467,1.06276,0.253227,3.03079,8.7589,7.44532,1.44906,5.56919,7.90201,2.18017,0.78994,0.473381,1.98617
0.268198,0.0737316,2.27627,3.07363,7.52066,20.6264,34.8791,11.5673,3.71059,4.96659,3.52442,6.01885,3.89975,1.25147,1.16155,1.80113,2.80939,2.25614,0.939325,0.153176,0.551108,1.58508
0.267873,0.193992,1.16276,12.883,17.0745,0.569216,0.868502,9.37142,1.76676,2.53324,5.12831,10.073,8.02527,8.71325,6.9796,1.0301,6.98531,5.67603,1.72976,0.348489,0.131402,0.449433
0.18684,0.21588,2.4203,3.21549,10.0861,30.7339,25.2944,3.66078,2.84151,7.42871,2.08874,3.38397,6.17237,9.37737,8.75404,6.644,3.69792,0.835551,0.141417,1.19956,0.176371,2.14593
0.161852,0.133926,1.53491,4.46489,10.3882,20.8324,16.1576,4.97862,9.93304,8.60479,0.655462,1.46682,3.78708,3.96249,2.08335,1.50955,2.67876,1.20247,0.221327,0.494843,0.132336,1.63488
0.173497,0.219951,1.27824,4.11705,3.104,19.0719,9.38768,10.6238,8.36253,1.42904,6.48094,4.85058,0.31516,2.29055,3.07176,2.46999,0.159429,2.52831,1.76144,1.54164,1.17494,1.28632
0.0914067,1.22397,3.1294,4.08527,20.0816,24.0235,8.95389,1.42827,8.24379,7.99837,3.76266,13.5665,5.88051,5.92475,4.40276,2.03642,10.6789,15.6839,8.95687,3.26133,1.39246,5.06182
0.150822,1.06826,3.41819,10.433,21.3808,2.31861,15.2339,1.90634,5.13242,2.8481,5.92835,12.6812,0.877285,15.8453,9.11809,1.26785,7.72451,13.1044,4.14209,2.51759,3.56947,7.38795
0.294689,0.502982,1.49174,5.19599,12.2229,2.13806,2.28298,8.04603,1.80272,0.853334,0.212624,5.35921,2.62866,12.2884,6.70641,1.81473,4.47666,3.73495,1.61001,2.57713,3.43195,0.19543
0.276947,1.45507,2.22584,1.15979,6.15337,13.8239,12.6707,0.995048,11.3269,8.97977,4.60864,11.1397,8.14873,2.99716,0.323472,3.04597,6.5111,4.29572,0.261398,0.673045,2.4609,2.82748
0.624725,1.37108,6.05073,6.05622,6.69308,17.2861,13.3582,5.75177,10.2932,0.226975,2.7421,3.41927,5.23244,7.47525,4.45584,1.62179,4.80631,5.21842,1.43528,0.928242,2.4268,0.743949
0.0632427,2.28383,5.0322,0.249351,8.89214,10.8254,2.7819,3.48139,0.666294,3.246,0.284268,3.0787,3.51793,6.57065,3.51794,3.73911,4.32592,0.722085,0.993572,0.279759,0.781112,0.923398
0.28699,3.28648,5.34543,3.90558,17.2157,22.545,13.9847,2.98155,10.9892,5.541,3.37249,5.02921,3.26057,3.91085,1.67313,0.573281,6.16977,11.4211,4.86791,1.34407,1.73054,1.71695
0.420463,2.79796,7.77891,1.55954,12.6031,4.92136,2.10731,1.11576,13.2232,9.35496,1.18382,1.32489,0.276377,1.87117,0.0484074,6.4667,15.9348,17.2932,5.97553,0.158776,1.03137,1.07586
0.383618,3.59451,7.39495,4.88685,16.4882,4.23349,0.0478144,2.91452,6.44194,6.36635,0.405527,1.05444,0.028501,1.2303,0.394942,0.798551,5.11359,14.1358,8.25433,0.76101,0.0223097,1.18671
0.368407,3.31284,7.7568,2.03242,16.6011,14.3098,6.82976,5.53122,10.4177,10.5353,3.38733,1.28515,0.266164,3.61101,0.997912,3.42085,1.29796,7.83362,4.36174,0.180909,0.533965,1.07729
0.378374,3.3261,5.6375,4.92099,15.6016,11.119,1.36861,1.21084,4.17479,3.64801,1.24591,1.89598,4.1418,9.72282,6.00828,0.421489,2.39456,6.23437,4.20679,0.629464,0.365533,0.997576
0.457141,1.91522,5.22268,0.317555,7.07953,1.80727,4.96147,5.34401,4.45035,3.73437,3.69527,3.4269,4.94019,8.71665,5.12092,2.42029,1.71518,3.95806,3.36981,0.326617,0.0271729,0.225594
0.142332,1.61128,2.72881,1.07901,4.49499,2.42196,0.99559,0.37871,5.68152,3.18721,2.54524,1.1263,0.412415,1.07348,1.22637,4.32374,9.89318,8.97593,1.61773,0.782923,0.0348687,2.5411
0.199232,0.968044,1.2267,0.118441,0.791751,3.9053,2.27545,0.177695,3.94839,3.18854,3.00215,3.26994,2.20711,5.16755,3.09971,2.48248,5.77765,5.41829,1.44304,0.536649,0.19405,0.221523
0.420324,0.547487,0.197882,0.462137,2.02602,2.12419,2.91353,0.0285946,6.73428,2.28844,3.78974,1.63593,3.22878,6.07782,2.41274,3.8663,10.9731,7.23651,0.218714,0.217878,0.10909,2.98748
0.0714686,0.133434,1.26125,0.741133,1.52727,1.69527,5.14768,7.45354,13.3684,9.89655,0.462353,3.01391,1.22672,4.67773,3.34083,0.480078,6.64361,8.05868,2.35578,0.347199,0.191219,2.28288
0.09715,0.284551,0.300539,2.83966,4.42132,1.78744,3.2533,3.9134,2.62808,4.78617,4.19107,0.8792,1.30909,2.3487,1.69183,4.7893,18.732,18.3987,4.92619,0.222814,0.372906,0.865681
0.39366,0.625024,2.27104,2.96624,0.550277,1.48023,3.79433,7.27577,9.22651,6.58916,0.314435,1.69624,0.352233,2.18143,2.96234,2.61061,5.74454,5.96073,2.05518,0.198052,0.134578,2.5314
0.0712954,0.499885,0.252884,2.66566,2.16636,1.63426,2.43768,3.00814,6.22122,6.18751,1.93992,1.25123,1.85329,0.221733,0.578454,5.02422,18.4586,17.374,2.66847,1.88546,0.38689,2.22939
0.0587947,0.23798,1.5604,3.40378,2.75636,0.834336,2.45762,2.08507,3.01536,3.08186,2.32949,3.17512,1.09403,1.72275,1.70906,3.64517,5.48751,1.69073,3.64507,0.00305321,0.0422793,0.156127
0.0291976,0.0398306,0.537802,0.553133,2.26648,4.13855,0.136172,3.89796,0.176956,4.13876,2.8898,0.531047,0.60857,3.6597,4.23141,2.26398,11.478,10.3853,1.52074,0.722324,0.0693519,2.46304
0.290484,0.177475,0.168934,1.00013,2.15248,0.00977189,1.16524,2.98765,5.47952,0.965525,0.864693,0.607092,0.65023,0.0788747,0.0581229,0.425075,4.76656,5.13993,0.325597,0.515396,0.299004,1.52134
0.119268,0.120686,0.163156,1.45907,2.00428,0.721493,2.51849,5.27107,4.09772,0.0970667,1.38972,1.22061,0.769868,3.39423,4.54844,1.40366,15.3336,17.9136,4.33552,1.44401,0.301639,0.5662
0.206911,0.172609,1.27176,1.52311,0.833194,3.211,1.70641,1.71693,0.662537,5.28072,2.31228,1.55076,0.814953,0.73191,1.75725,1.50257,10.7872,20.7588,9.08764,0.170531,0.593152,1.48211
0.114076,0.643135,0.188799,2.24158,1.49903,1.72519,3.40492,2.00464,0.277989,0.508279,0.354899,2.13845,0.982878,8.30478,7.01589,6.20914,19.0303,21.1417,5.89218,0.768625,0.683503,1.22255
0.146355,0.46724,3.23656,5.21164,2.76737,0.00290586,1.29262,1.27965,2.07786,2.7079,1.41497,3.63725,2.96533,13.9698,10.9463,0.00239725,0.782834,3.57164,2.74343,0.0195096,0.207448,0.757725
0.0209279,0.758227,0.000543982,2.56697,2.14658,0.53506,0.386833,3.20561,7.96864,4.99022,0.335656,0.932129,1.60082,7.04542,5.45278,2.42783,10.0458,8.78448,2.30153,0.839302,0.466397,2.29775
0.0150639,0.396628,1.47465,2.38193,3.07951,4.37578,4.54932,3.74894,3.24606,1.92911,0.430905,0.944867,5.06964,9.14502,5.81221,1.06684,2.90493,0.9077,0.0926052,0.341876,0.458375,2.13299
0.267049,0.699024,3.31952,1.98003,6.81049,10.4833,6.00646,0.860041,2.2789,4.4527,5.74966,1.55556,5.95828,18.9217,11.222,0.607112,0.545998,0.349667,1.878,1.95821,1.37491,2.03553
0.494908,0.765598,0.650158,12.6195,17.6178,11.0154,16.1827,18.5016,9.3352,1.25511,0.208228,2.03953,7.24095,19.4838,15.1816,1.34004,6.229,3.48637,1.52925,0.433476,0.0541317,1.52024
0.254697,1.50797,5.93317,6.0668,1.89569,6.2701,0.55884,0.719985,7.9711,7.07729,2.89485,6.00716,3.97865,4.01799,2.64654,4.43143,11.2578,10.4803,4.29853,0.978253,0.25907,1.33186
0.0300927,1.4305,2.6431,2.57733,0.919656,0.653332,9.68734,8.16433,6.78394,10.1631,6.79508,6.52966,4.56875,2.84063,5.47743,4.20162,0.278849,6.95164,3.15439,1.56024,1.05015,1.77435
0.0523544,1.23122,1.06939,0.283355,5.43559,10.0036,1.17938,5.91128,2.99588,1.89475,1.87756,2.36352,2.63141,2.89589,3.03499,4.51526,13.1682,12.3531,3.93847,1.23167,1.61886,3.06247
0.344604,0.868824,2.46327,8.92943,14.0152,6.19386,3.71186,0.025952,8.35702,6.78959,1.35957,4.95615,0.125739,3.26901,1.06231,4.28457,6.98796,1.47165,1.42942,0.294804,0.659597,1.74785
0.164754,0.317181,0.24446,5.98137,11.117,3.58642,2.84619,9.84461,11.629,7.51299,4.06536,5.1556,1.76446,0.455473,0.417682,1.45207,1.802,0.408406,0.952579,0.30943,0.0674328,1.25997
0.2198,0.282425,2.03365,1.39328,10.1945,10.362,4.7337,2.62456,4.14139,3.24236,0.244755,1.32639,1.70184,0.193505,0.255158,0.832851,3.31611,2.71036,0.176661,0.280348,0.797653,1.71911
0.0702973,0.505982,0.170081,7.70878,13.2752,6.03672,2.7066,4.49045,5.45093,3.43158,0.722119,1.04886,0.0837577,1.77479,2.2247,1.13906,0.587606,0.0746984,1.73928,1.12618,0.393327,1.23885
0.312742,0.471569,1.37999,1.68473,7.00608,3.27537,2.68357,5.75103,8.50153,3.25041,0.843819,1.0289,1.40166,4.66712,1.58385,0.763663,8.97419,8.24567,0.520467,0.340848,0.769413,1.2213
0.0340252,0.464254,1.51033,0.938416,3.66524,0.761572,0.258285,0.561271,1.76986,4.62776,3.34538,0.196436,1.65237,4.8905,2.07784,0.105956,0.191509,2.36121,1.45641,0.859467,0.554845,1.19205
0.407771,0.198914,0.322662,4.46507,5.67166,2.47309,1.71118,4.64303,8.98109,7.60552,2.81123,0.270768,0.431034,2.04401,3.56086,2.12313,26.0601,31.508,8.394,1.10036,0.380965,0.953355
0.0815622,0.119775,1.3762,2.35925,0.377826,2.79053,1.41967,0.265136,1.9184,4.0846,2.65182,0.666924,0.441151,0.639874,1.27291,0.993495,11.2874,18.8713,7.56671,0.535006,0.00210354,0.141326
0.252873,0.375403,1.33199,3.47837,2.6905,1.17324,1.71978,1.57243,5.25149,7.21305,4.7337,1.77927,2.95333,5.98776,4.73515,1.36059,5.95338,1.89697,1.16743,0.453108,0.308074,1.56972
0.0249237,0.616102,1.21692,1.37835,1.6031,0.424319,1.31252,0.167826,1.59787,2.04896,0.117049,0.386205,1.55384,6.69435,5.29205,2.4407,6.26339,5.03982,0.42409,0.20668,0.838111,0.958804
0.140556,1.0399,1.01153,0.400511,0.550891,1.14357,1.20215,2.59362,1.06621,2.04706,3.29477,1.86502,0.90178,4.69564,4.85998,2.29052,2.62007,6.25261,1.23984,1.66041,0.25148,0.315094
0.00221789,0.799327,2.79379,4.16531,2.84292,0.918665,0.273063,1.01004,3.25388,1.6856,1.20372,0.865961,0.808444,1.89996,0.385639,1.15936,22.6485,31.1635,11.194,0.0467039,0.137332,1.96789
0.290407,0.783825,0.432039,2.12773,1.15629,1.3602,1.80797,3.43556,4.2079,1.16121,5.18917,2.69411,1.68792,7.41471,6.83887,3.42713,15.1952,20.729,5.93109,1.13954,0.477877,0.716069
0.114754,0.672772,2.81768,3.78178,1.48083,0.667659,0.481979,1.01599,1.13129,0.968539,0.814849,0.0764344,2.08046,7.11876,6.12166,0.425767,2.25703,6.66244,3.27293,0.340215,0.217666,0.129092
0.0455049,0.699567,0.701814,1.51802,2.63215,1.58609,0.881826,2.85765,4.10823,1.02841,5.42484,3.16989,2.30059,3.51179,2.67994,1.4765,4.08664,5.85149,0.498595,0.809843,0.871865,0.616156
0.0787198,0.322242,0.945485,0.172711,0.792705,1.73014,3.38954,2.49489,2.36754,6.18563,2.86002,0.489423,1.49288,0.00603417,0.0208444,1.71047,14.5705,15.7593,1.9509,1.82381,0.0554159,0.534678
0.236928,0.0125306,1.1855,1.56625,0.976465,2.04132,0.811699,0.160999,1.28197,0.388611,2.7425,2.08794,2.18259,4.00769,3.76457,1.42467,4.33399,7.44197,2.44981,0.811308,0.28731,0.802424
0.216051,0.220854,1.62904,3.55722,2.66276,1.18957,1.81852,0.102805,7.80381,11.0056,4.124,0.756572,1.73214,4.647,3.06425,3.77585,6.59537,3.64671,0.910392,1.11678,0.881211,0.457281
0.00356413,0.526972,0.323419,2.71561,2.02777,0.320916,0.576177,2.10287,2.79411,0.923898,1.38751,0.691342,2.05323,5.36512,3.08758,7.16999,23.3411,21.5573,5.39926,0.0462608,0.35385,0.559878
0.0264516,0.513131,2.65825,3.6968,1.91398,0.673131,0.28145,2.18192,5.4257,4.09284,0.816777,2.12321,2.22909,5.12804,3.83653,1.22455,1.22983,1.39865,1.69171,0.994387,0.324298,0.322764
0.146869,0.842447,0.966352,1.2387,3.04146,3.69926,2.71424,2.58668,7.22831,2.28288,2.5312,0.737881,0.607514,0.508385,1.30999,4.05688,23.5191,24.1408,5.31524,0.71562,0.167307,0.536892
0.251574,0.686878,2.53006,1.92038,0.103075,0.784287,0.507134,0.566766,3.30316,4.99203,3.47928,2.04122,1.70654,6.38931,6.63235,4.49507,5.52686,2.48044,0.15008,0.242406,0.8368,0.286624
0.0379286,0.67835,1.44345,0.00628667,0.912922,0.671501,1.80828,0.485806,5.23303,3.62028,0.68064,0.318808,2.48701,5.00066,2.8669,0.464403,14.0718,18.307,3.19531,1.41429,0.232597,2.97251
0.429168,0.428901,1.2888,4.82319,1.45371,2.03235,2.10346,5.60223,10.6202,9.50636,8.98621,15.2964,11.9066,0.130613,2.95995,6.69708,30.1822,34.7127,8.93398,2.43359,2.93946,1.81736
1.21176,0.471542,4.50379,9.02187,9.3946,5.25731,7.43031,13.8514,9.54567,2.9605,4.62907,10.3283,3.20993,2.55964,7.91072,4.46822,2.86835,8.04849,3.65473,0.520216,2.45109,2.55736
0.147338,1.3996,2.89964,3.31944,3.70316,3.71488,1.94432,4.4137,12.5476,9.00924,1.2882,3.86274,5.75412,8.73223,3.649,3.89286,28.056,33.2795,8.41134,0.530024,2.79502,5.18836
0.325061,1.72597,7.00837,13.6381,16.8575,10.8385,4.42846,9.03144,2.80848,6.05867,0.792568,1.81831,3.48459,5.56921,1.02928,1.77841,17.3179,31.2021,11.1324,4.17559,2.72957,4.17481
0.908085,2.34693,1.84568,0.418657,9.28683,11.958,7.75438,3.25258,8.15558,9.57866,3.57797,0.356471,2.19432,1.4677,1.98642,3.39339,24.1453,30.1877,9.60585,0.118013,3.33797,3.16997
0.213347,2.29427,6.38118,14.8303,18.2715,2.50109,2.43678,0.194467,13.9701,15.5921,6.26331,4.46135,3.14794,0.124168,0.108288,3.82617,0.813864,7.30228,5.06632,0.253632,0.742132,3.59974
0.0577993,2.33378,6.02162,11.4081,15.8597,5.44864,10.8048,11.2252,4.62014,2.82293,2.01239,7.04798,1.48258,4.66641,3.71669,1.4758,6.26312,10.4851,3.7875,0.885243,0.206522,0.394349
0.0741816,2.69728,1.47858,4.42965,2.06951,10.67,5.24745,2.68698,11.7322,12.5538,0.567319,6.94808,4.11811,1.42165,3.45419,2.36695,8.4983,16.642,7.0715,0.453697,0.510769,0.478293
0.139057,1.99259,8.56115,14.6811,8.88794,3.94221,11.2377,15.1909,14.1824,7.45768,0.235713,2.1905,5.38555,8.25447,5.80658,6.92774,25.0354,26.3217,6.15776,0.370258,1.39765,2.06852
0.353644,1.93856,1.97646,4.83522,7.55322,4.77508,2.92127,0.965322,2.94212,0.0538915,2.67222,2.37129,2.20141,5.6094,4.62217,3.04797,2.86783,4.52915,4.16863,0.378035,0.341324,1.93396
0.378186,1.17824,2.9465,2.56956,9.3864,9.43206,10.2146,10.0557,6.1283,0.191666,6.45059,5.86671,1.56318,0.17089,0.715512,3.04928,8.28689,4.09588,0.96977,0.405652,0.148811,0.432643
0.700996,1.60009,5.02887,3.64345,2.79,0.693268,6.31101,3.55035,0.274736,0.927796,0.150685,1.43144,0.289963,5.95111,4.98932,7.09406,14.4689,6.29913,0.102965,0.814994,0.652141,1.8617
0.386806,1.12674,0.629057,7.9169,12.7763,4.38008,4.39371,3.12703,1.68562,3.57018,2.66845,0.604027,0.268305,4.85709,3.90368,3.914,15.0422,13.9739,1.89573,0.592248,0.834085,1.82486
0.305981,1.13832,3.05318,0.442123,6.17455,6.61726,2.41153,3.24333,4.27026,0.852834,0.485112,3.55009,2.53019,1.88551,0.954403,1.14619,3.80047,4.87504,1.80985,0.180552,0.358353,0.288378
0.0601274,0.74096,1.77514,0.731232,2.39063,1.40419,2.99211,0.524616,4.88472,8.61227,4.22043,0.233619,1.40374,5.88883,3.92057,3.14487,3.95338,2.64761,1.23224,0.566876,0.708637,1.19248
0.431549,0.666548,0.923491,2.41033,5.17142,3.51236,1.64722,1.29464,0.433723,1.44086,1.81051,0.40997,1.53496,6.92742,5.50472,3.58505,2.09993,4.19409,3.68774,0.420682,1.002,1.40206
0.166151,0.577182,1.32596,0.461592,0.408485,0.691372,1.6339,4.096,12.4602,16.9278,10.5641,4.26563,4.20124,4.12418,2.68574,1.68754,5.44572,9.90809,4.22843,0.464189,0.0819086,0.67928
0.214227,0.884448,1.38653,0.677203,0.596143,0.711975,0.94523,3.83115,3.85497,0.748631,1.56844,0.84051,0.716125,3.06031,3.21302,1.15337,4.05746,4.75891,1.14637,0.208223,0.344128,0.824542
0.192312,0.885255,0.472787,1.46251,1.07034,0.53577,1.16996,5.06775,6.66495,5.49234,3.21283,1.94374,4.05255,5.38603,3.53304,4.30588,1.84576,3.56568,2.06028,0.0269487,0.467359,1.52779
0.137839,0.712165,2.22077,2.59842,1.56676,0.187522,0.461453,0.574156,1.74404,0.0450458,0.778019,1.38858,0.0972424,1.63042,1.51226,4.0323,14.7543,13.7276,2.44259,1.09824,0.0276323,0.407513
0.146065,0.755186,0.132326,2.01965,2.70595,3.04589,2.21187,1.20896,3.63297,5.31838,3.4181,0.511993,0.517024,0.0645684,0.280808,2.61242,6.93226,7.31804,2.38495,0.283869,0.449473,0.0954396
0.367742,0.789485,2.10568,2.28778,1.45975,1.82837,0.353148,3.00972,2.19579,1.23034,0.427714,0.950493,0.277957,0.124916,0.251327,4.60612,8.98772,5.58559,1.49113,0.215517,0.405948,0.313135
0.0578616,0.669942,0.319369,1.53783,2.49705,2.52691,0.0793684,5.15329,8.65835,10.1602,8.25654,2.97508,1.12466,2.35663,0.277292,1.17581,6.41956,1.99865,1.23933,1.40066,1.01633,0.541767
0.169678,0.407839,1.78974,2.30226,1.88907,2.88427,1.61619,0.112916,2.97696,2.04807,0.12777,1.88826,1.49898,5.93656,2.25779,2.84817,6.56464,7.26874,2.31345,0.551515,0.241142,0.806711
0.0712799,0.476254,0.965904,0.423886,0.493697,0.871079,0.11403,0.07771,1.30142,3.99603,5.52941,3.79757,0.126972,5.38052,5.94829,2.56478,2.97689,9.30747,5.24159,0.0882899,0.438798,1.16471
0.0849106,0.307654,0.349961,0.421984,0.774429,1.19264,0.0774677,0.344657,3.17993,0.445735,0.285083,2.15395,0.630654,2.81844,0.872431,0.520693,13.7171,23.6229,10.5979,0.44337,0.527896,0.637402
0.239561,0.442774,1.56591,2.29631,2.01683,3.06856,2.38302,2.29775,6.39475,5.53038,0.722912,2.20076,1.46594,10.2101,8.85942,8.06183,29.8168,33.834,9.74424,0.283903,0.488656,0.703109
0.16909,0.354558,0.430768,2.27487,1.89383,1.27748,0.134259,1.76458,1.26132,1.21243,3.92917,2.55952,1.6485,8.02594,9.15825,1.00674,5.66301,1.71679,2.61146,1.28568,0.83078,1.43932
0.342089,1.01272,0.466586,0.215479,10.079,13.5537,5.31446,13.2772,0.418838,6.9415,8.3866,4.53002,2.71184,0.4636,0.917102,1.8178,10.6039,13.7706,1.24612,2.70513,2.3364,0.0425595
0.239735,1.95746,8.14902,13.4071,7.80874,3.55491,1.53961,13.7625,12.9964,5.22367,7.31032,14.0151,9.89429,12.8245,13.6277,5.09726,9.47115,16.3005,8.31443,3.65281,4.17123,5.21576
0.173015,2.40156,4.16486,2.53906,10.6783,8.72938,2.34326,7.68286,3.19689,0.096553,4.78298,12.8369,11.3459,6.93573,5.36918,6.104,8.59158,6.24026,1.7148,2.46239,6.98235,0.479935
0.215014,1.72075,3.66146,6.74298,16.6695,5.11244,0.58929,10.8044,11.706,1.79073,2.02181,13.8526,12.1799,0.345488,3.96083,4.97134,15.9237,18.6688,6.21875,0.0267368,0.343523,3.81359
0.31766,0.713317,3.45978,1.82188,12.2637,3.44141,8.19241,3.26753,8.30673,11.3356,2.31838,11.834,4.17377,5.17272,3.8538,6.72614,23.4012,24.4811,7.29235,0.669801,2.03629,1.93918
0.3551,0.327274,0.514811,7.43185,16.3106,12.4655,3.48611,0.0148147,0.110677,3.01647,4.40096,0.167774,2.47576,7.3403,5.27306,1.73154,7.14286,4.73888,0.782827,0.168789,0.0354601,3.09162
0.279932,1.37469,2.20129,4.92038,12.1393,15.5124,11.9622,3.74687,6.12995,8.48429,4.99602,2.79043,2.48038,3.23662,2.15882,1.42005,9.22418,14.2702,5.90101,0.510077,0.375537,4.14754
0.360674,1.96644,4.28937,3.60804,2.57098,0.367793,1.97959,7.02625,12.5578,2.00236,6.90477,2.75792,3.07019,7.45507,5.19661,5.69831,15.7711,14.9814,2.66633,0.877227,1.07165,5.29878
0.230357,3.3542,7.55633,4.19988,3.70421,8.76587,5.65701,1.93948,9.30765,10.8428,0.422161,4.36557,0.71027,4.02504,4.92957,2.70622,8.36743,1.63424,1.92702,0.0271629,0.872972,0.677526
0.159051,3.78695,7.09595,1.12862,8.99797,4.26792,0.472985,0.552623,2.08468,4.24035,2.6134,1.44125,3.163,2.60529,1.93192,3.43912,14.3124,14.2708,4.45261,0.14777,0.0104081,1.36423
0.011216,3.5904,9.65238,2.82537,7.67626,0.484654,4.34727,0.801602,5.66494,7.29887,2.55563,1.5729,3.93872,6.96744,6.19072,2.72047,0.409856,0.608698,1.02637,0.19454,0.26522,1.60165
0.254311,3.83792,6.88587,3.91322,12.3781,5.83036,0.400663,4.04881,7.184,0.0416277,5.29302,3.13672,2.99626,6.39833,3.74984,3.42497,19.563,22.8722,6.75787,0.39098,1.48613,0.26888
0.247497,3.78338,9.871,3.6213,10.3437,14.6616,9.72201,2.58258,3.03566,3.50848,0.231996,0.854426,0.599653,2.02241,0.475646,5.06627,2.38126,11.7623,5.98538,0.279846,0.351072,2.42609
0.00626495,3.84033,7.07452,3.69149,11.4603,3.91998,1.34199,5.14422,6.13995,1.3496,5.12406,4.82094,2.34872,3.11479,4.16372,4.68494,1.22648,3.04013,1.03062,0.851668,0.321806,0.992275
0.031106,3.50513,7.67569,0.227232,10.4601,6.12428,2.09665,1.32815,2.73552,2.13909,0.765984,0.461325,2.16866,4.89033,2.40839,3.85846,4.24551,1.81738,2.15692,0.0920143,0.267869,0.830652
0.0841731,2.42241,5.8813,3.4483,0.527177,3.98523,3.96378,2.78139,8.81049,10.2279,7.54647,4.35019,0.0291586,4.18686,3.12121,3.36599,15.8197,19.4845,5.64355,1.17486,0.260271,1.3184
0.171181,1.28186,1.91103,0.513712,0.0307012,1.91719,1.13705,1.06025,1.64823,6.54693,5.48422,0.281587,0.844572,1.82835,3.69522,6.94802,14.2378,13.7699,3.77229,0.48568,0.209425,0.229204
0.195526,0.0893898,0.0978245,1.05352,2.74005,0.304189,1.83595,1.57729,4.17576,0.1651,0.768592,2.22574,1.29666,1.17203,1.70153,5.29154,11.0544,5.61133,1.13508,0.467184,0.247472,2.00465
0.0943222,0.389153,0.843045,0.402619,3.77813,5.82414,0.742273,2.02513,3.18608,0.194678,3.1202,1.19058,1.23471,0.427435,1.72324,0.776723,5.50818,5.29896,1.04556,0.189953,0.507886,3.10912
0.061127,0.403292,1.58087,1.92578,2.37656,4.4509,1.93322,2.39666,4.05231,7.13054,3.74059,2.51952,0.567105,5.10284,2.9241,1.53756,0.673733,1.90181,1.02223,0.432099,0.00189505,1.16658
0.0901748,0.220744,0.130488,0.450552,0.792198,2.70408,2.70625,1.86553,6.98295,5.26855,1.87502,1.31754,1.62049,2.75625,3.4032,3.57785,0.89517,2.26583,1.8175,1.89766,0.267605,1.69317
0.399031,0.370792,0.127779,1.61222,3.31906,3.20673,1.47849,1.92929,7.41636,12.5941,8.00562,0.706646,0.596691,2.42061,0.548279,2.24331,0.801568,0.929877,0.0100836,0.27999,0.63999,3.39425
0.100368,0.169273,1.15335,0.645258,1.84058,1.92296,1.80236,5.74537,8.1179,8.32805,5.67349,1.81935,0.857882,2.2742,3.136,5.94767,1.49816,6.43712,3.16687,0.649016,0.496185,2.24289
0.120034,0.514244,0.849567,0.54987,0.662463,2.8478,1.6817,1.08202,4.59325,8.22851,4.39443,1.17461,0.515957,1.05387,1.01957,1.86659,10.9063,12.2696,3.35381,1.05337,1.0943,0.425996
0.124593,0.606576,1.14231,0.263119,2.51114,5.00715,4.37145,1.62608,1.12241,4.12215,5.46082,2.63793,2.02393,4.83512,1.42014,4.12414,2.91735,1.56241,2.09798,0.749986,0.824741,2.29067
0.019052,0.692871,1.74461,0.77823,0.421043,1.01874,0.545093,0.160564,3.05006,3.5746,0.681391,0.0190239,3.01562,8.03382,4.71466,2.75554,11.5667,11.1203,1.7586,0.790032,0.234784,2.13003
0.0640103,0.87562,1.4,0.399326,0.242974,1.14131,2.34992,3.68037,3.86102,0.486796,3.71074,0.755236,0.0518636,3.89033,3.35481,1.48409,4.22436,5.23352,1.68024,0.615789,0.205799,1.77098
0.0954277,0.908548,2.37203,2.96831,1.23842,1.72145,6.05439,1.80348,2.10715,0.734284,1.26198,2.53577,1.66493,1.52725,1.69862,0.8423,2.07838,0.245532,0.768027,0.454262,0.200167,2.84288
0.447042,0.733722,0.731915,2.97415,4.12238,1.63571,4.51184,22.8114,24.533,0.045012,7.00531,2.15179,4.84445,6.24978,4.50121,2.35226,2.56257,0.574704,3.53823,1.74858,1.74052,1.63676
0.361731,0.680349,0.591976,3.83204,7.06887,1.36114,12.6901,22.5797,27.3708,10.6814,10.8161,10.5779,3.01278,4.70934,3.73174,6.44473,13.7606,9.33296,1.3631,1.32983,2.25063,4.63327
0.139132,0.297802,0.238909,6.96377,18.8057,11.7658,4.18748,9.55277,12.3492,9.97583,7.79558,6.39806,4.20479,3.55777,0.0209878,6.63615,12.511,6.28331,3.07316,3.05336,0.970464,3.30833
0.227093,0.234415,0.517169,5.7604,12.854,0.768625,4.51716,11.9203,31.2207,19.2428,7.30329,8.80983,1.87021,1.61559,3.15121,1.94131,3.62674,0.854684,1.48737,4.43524,0.685336,3.00304
0.177397,0.521001,0.0344209,4.74672,16.5041,19.9148,16.982,10.8378,53.1746,40.3845,5.75825,0.470668,1.72625,3.05666,0.119233,5.9473,17.835,12.6084,0.289989,1.69045,2.64328,5.77289
0.578922,1.06331,2.5428,7.94272,9.15392,5.8161,8.81691,11.4764,39.4399,21.9648,7.08851,9.78388,3.16231,1.36364,0.272619,6.15581,19.2489,14.0657,0.62301,2.27069,2.86173,5.71347
0.0930383,1.34044,1.02593,0.454814,0.850157,5.27458,13.1696,7.69757,3.94937,2.64847,9.46537,4.06083,0.882994,1.50226,0.973145,1.92486,2.69127,2.21055,2.63277,2.43361,3.86952,5.76923
0.221796,1.59409,5.6286,6.2372,2.30976,6.04895,8.92304,7.18813,12.882,7.58842,4.91006,6.08023,5.20146,5.50974,3.6218,8.18193,25.0423,23.8965,4.67259,0.674463,3.21483,4.20706
0.104797,1.62947,1.06921,4.85305,9.57395,6.27234,0.117783,9.34749,20.3347,10.3665,6.1188,5.37981,2.34431,1.0161,1.404,4.54012,0.0901805,4.84405,1.1393,0.344686,2.37354,4.24378
0.444277,1.273,5.56101,3.9634,1.30673,2.05411,1.08395,0.131535,15.3652,18.6922,2.96251,2.96636,0.928412,3.58238,1.59533,2.95751,15.7255,18.8005,5.75901,1.1015,2.98745,4.08951
0.513614,1.20999,1.30795,4.81256,9.96927,7.81248,3.19309,2.66057,6.08019,7.09871,2.19272,1.99838,0.583526,3.93927,0.502703,9.38149,7.82515,26.5259,10.7696,1.22057,2.40081,4.11373
0.150037,1.26727,4.44293,2.4989,1.60435,0.107926,1.8958,4.56262,20.6735,18.0737,1.53177,1.70937,1.4163,1.95413,0.0572294,6.22396,30.5375,33.1301,8.5969,0.983741,1.41794,2.42125
0.110209,1.11146,1.21807,2.25907,5.23953,5.26055,3.51723,3.00004,7.77837,7.41733,1.11587,0.357331,3.02814,7.3559,2.82033,1.11572,13.3082,12.9073,0.942144,1.1941,0.838021,1.80559
0.120347,0.979967,2.31044,1.00221,1.01206,0.168829,1.27454,12.5495,24.7719,12.3357,0.532605,0.740834,3.51655,9.40694,5.26895,5.02838,26.0424,29.6431,7.1988,0.706528,0.989842,2.3103
0.23711,0.36268,1.09125,0.956679,0.445898,1.53313,0.995708,13.2128,35.7678,26.3473,3.54753,0.86354,0.608077,0.177229,1.54168,1.62255,2.47161,4.0279,2.53127,0.190539,1.95905,3.71904
0.414693,0.00108597,0.225901,0.0760456,0.590072,2.33683,1.92493,7.39263,22.823,17.8246,0.633138,2.16304,2.97605,7.28336,4.58559,3.43588,16.0389,17.551,3.70263,0.660102,1.78275,2.31112
0.0562124,0.129212,0.251098,1.30843,3.6443,6.3576,3.31366,6.70194,11.4295,6.5904,2.57924,0.584287,0.703902,3.62632,2.88524,4.04924,7.98521,5.29543,1.14497,0.00367715,0.947145,1.9427
0.0519492,0.444834,1.04406,0.5419,0.466923,3.05203,2.93988,14.3988,33.0395,18.9661,4.00838,3.90605,0.241908,2.26352,1.64684,7.85849,27.8305,25.0324,3.9841,1.45347,1.43915,3.1297
0.24368,0.307209,0.984422,0.703897,0.295669,2.26856,1.87673,11.9452,30.1936,17.6935,3.58931,3.82555,4.0669,6.4944,4.17304,0.332892,7.56527,8.22483,2.40877,0.60487,1.19797,1.63565
0.0576021,0.643318,0.657557,0.294493,1.54314,3.91665,0.980722,13.6655,27.9025,19.0017,5.16024,1.63591,3.28178,4.8641,2.5674,6.52399,25.2047,21.7623,3.19668,0.144889,1.52106,2.34812
0.0941454,0.396579,1.43734,1.87066,3.64923,7.64418,3.99336,6.63594,21.5311,16.7245,5.25567,3.80911,2.17854,1.54881,2.93968,2.55121,23.6543,27.1061,8.28387,0.599342,0.299604,2.36242
0.0714335,0.478768,0.159222,0.810109,1.55851,3.47891,3.33619,2.66018,7.44218,4.33196,0.482917,0.63762,3.81198,4.6833,2.50595,1.22828,15.1435,20.0396,7.33041,1.30787,0.327402,0.827006
0.335304,0.376294,1.22152,1.61847,0.369169,3.06562,3.12619,6.17986,16.1447,8.55063,2.16262,0.371886,1.54239,0.911699,1.7147,0.995706,15.1522,16.7699,2.89944,1.30017,0.00941303,0.476567
0.400664,0.371261,0.316275,2.2951,0.460464,3.06489,1.06306,14.7903,37.2683,30.6356,7.65826,0.107124,2.98726,4.45922,1.89461,3.55949,14.8286,15.1127,2.78553,0.976397,0.146507,0.254299
0.137421,0.140231,1.06799,1.56353,1.53631,5.43669,4.0078,7.55581,19.0706,16.7753,6.27795,1.62485,0.307585,0.955306,0.787418,0.847799,3.23524,7.85123,4.47448,0.0143165,0.211124,0.599208
0.210614,0.0322675,0.600704,2.04076,2.41147,0.46153,1.39058,5.48362,17.0565,19.3486,7.02642,0.0738934,0.291035,0.519042,0.415569,2.56719,9.42865,24.9096,13.5492,0.570399,1.00039,1.32889
0.315085,0.202895,0.558302,1.04905,1.52118,5.80596,6.78322,11.1684,18.1309,5.01797,3.87791,0.544318,2.56737,2.12865,2.24792,2.39751,29.9367,37.6638,10.115,2.71244,0.083586,0.436092
0.473433,0.296996,0.473064,0.333783,2.46532,5.53772,1.32996,10.3906,20.8995,13.5058,0.303677,0.393915,1.44331,0.0758694,1.64519,1.23452,9.84557,15.2648,4.71618,1.27604,0.531105,1.82797
0.105055,0.0101734,0.78289,1.37597,1.90372,4.47133,1.13404,5.49387,8.29086,1.3205,2.54105,4.69221,1.32267,4.92235,1.27976,6.86865,14.1256,4.05446,3.3326,1.6297,2.28674,0.0608166
0.48822,0.0229788,4.27215,12.6805,12.2727,4.32653,2.53488,6.46204,11.5205,10.3413,4.83317,11.2094,4.41148,2.0376,4.36548,10.2666,21.3285,29.7405,20.5195,4.97657,3.26839,7.08464
0.0160465,1.33756,7.89409,5.65663,6.70411,3.85616,2.93511,0.709995,5.66028,7.70961,2.66531,1.0289,6.68647,6.87654,1.90502,1.03191,0.0145601,1.49245,2.49566,3.17824,0.646581,2.13201
0.573677,2.03443,1.77313,10.0469,19.6539,17.64,12.7495,0.467976,23.2659,29.0291,15.273,6.68195,0.865732,5.43203,3.16065,3.44523,1.38359,25.485,29.6405,7.08893,2.56545,2.42813
1.27772,1.20837,8.02164,5.52026,4.82267,8.57796,10.8418,12.3975,24.6953,27.334,3.00127,6.51004,1.1138,0.775813,0.136853,1.96307,0.87896,5.37043,2.88771,1.30733,1.16316,1.15715
0.65664,1.62627,2.3031,4.88649,5.7335,3.2707,10.2299,14.5055,14.5865,8.79119,6.2074,6.78251,0.964147,4.2044,2.4519,7.88932,5.62048,18.0603,22.2449,5.2955,1.15277,2.33991
0.046618,1.75078,4.99544,5.28914,0.270269,10.823,15.2098,4.85523,14.4247,19.5352,0.681932,9.01809,7.02041,5.60221,1.73093,0.573213,8.62007,26.0963,25.0183,6.8001,0.296298,0.468648
0.0662313,1.5568,2.50714,1.36407,4.60506,6.91372,2.56379,1.2722,15.9759,25.4572,5.59567,4.45916,4.12618,5.02263,2.83212,2.76756,6.91456,21.265,15.1349,1.42371,0.827475,1.96594
1.08264,0.804434,2.26694,2.72219,6.15775,9.02292,6.58156,5.61105,16.2015,22.0728,13.2869,6.81411,6.7701,6.41014,3.53555,4.74849,11.0902,45.8678,37.9218,5.80109,1.46474,3.91143
1.80363,0.155838,2.8262,5.12693,0.740607,6.48393,0.850165,10.1159,16.3013,16.1319,1.69283,2.86476,2.92864,1.95188,0.390155,1.07839,9.72652,22.5579,15.8138,2.81233,2.32897,5.15495
1.00298,0.556693,0.56341,2.74616,3.00862,16.2156,17.2761,2.36458,23.0542,31.2288,13.7044,4.61191,3.65599,1.99549,1.73184,5.97084,7.71712,12.1104,17.498,0.797988,3.84628,3.25
0.282287,0.582661,2.87533,3.91517,1.69049,6.25478,1.92826,1.69488,9.04436,17.2077,15.0781,7.69726,1.49209,3.18447,0.763356,3.6442,15.4214,32.6452,24.377,2.05878,3.92802,4.96851
0.457013,0.883276,0.302625,4.39052,7.76789,9.30428,7.3695,1.99507,3.64133,7.89528,7.05913,3.5789,1.17759,0.958224,0.827259,1.19213,3.31272,0.548867,10.2311,4.82543,2.59979,4.54057
0.608046,0.501064,2.0459,1.16836,3.10322,10.2037,3.59793,6.87859,18.0811,26.771,18.704,8.41719,0.277176,2.03112,1.80645,6.60041,6.71657,10.418,17.7473,4.29263,1.36828,4.39945
0.288188,0.458985,0.199589,2.27568,7.42501,16.5117,15.8504,2.59581,20.2452,26.2612,5.42855,4.02247,1.99971,1.97085,0.161685,1.12319,5.23298,19.14,21.6833,7.39338,0.488512,1.20189
0.159523,0.22129,0.90726,1.5766,2.6072,2.91364,1.99858,0.390326,12.1048,17.1955,1.5346,8.67285,0.537804,0.989302,2.08125,8.43788,8.55071,8.36909,17.4124,8.4587,2.59074,0.806468
0.246219,0.445685,0.597434,1.85242,7.78891,15.9418,14.3333,4.46973,4.41576,10.2141,6.29625,1.79055,3.97034,4.39488,0.819475,5.4116,11.148,9.62287,21.6903,4.10054,4.87874,5.99812
0.080081,0.428043,0.87362,1.24512,0.488425,10.3056,3.93659,6.77341,7.28454,2.20956,7.18574,6.32434,0.173374,0.440717,0.593988,3.80114,3.33032,13.3356,25.6162,13.1426,5.88673,6.66526
0.0382775,0.168002,1.36125,4.80759,11.6323,17.9525,15.5087,5.36007,6.04216,7.8677,0.185687,1.67413,2.1656,0.661361,2.83352,0.797021,8.03098,24.3493,28.1112,10.6318,3.42714,8.31619
0.481796,0.0245612,1.04081,1.26146,4.1681,5.36814,0.557109,6.15267,2.34504,10.1934,12.7116,5.13398,1.51694,2.11181,1.08954,5.28675,6.20881,8.88892,12.1936,4.75264,4.24504,8.04432
0.00387809,0.255571,1.76603,4.31543,2.28314,18.9205,19.9075,8.7336,15.7124,24.0736,13.8568,3.82572,0.122816,0.58289,0.893311,3.74673,5.12413,4.56021,4.13211,5.40628,2.0598,10.268
0.161304,0.246114,0.442795,4.64103,1.89266,16.5297,6.65142,4.6087,10.1144,15.0182,0.265099,5.50149,0.595184,1.55992,2.55996,2.61771,4.72623,13.947,14.7278,6.01882,2.51836,7.32343
0.204939,0.0104883,1.30356,0.106746,8.39806,15.8515,12.5723,7.27451,5.40612,1.83189,9.64598,6.18448,2.20161,2.78079,0.763761,1.67935,3.11662,8.04136,8.77076,3.30429,2.08462,6.59782
0.142578,0.347456,0.376329,3.73003,12.4306,12.6154,0.0925315,0.106327,18.1118,20.0154,4.25175,1.10238,2.25482,2.78738,2.16057,6.87383,7.08819,2.54625,3.01003,1.98692,2.0841,3.67548
0.122728,0.0846117,0.570618,3.77346,0.753005,22.1694,28.7188,10.7192,1.42418,0.258337,8.00766,8.23644,1.29513,3.55327,1.50377,2.06107,3.12022,0.749551,1.99415,2.19067,2.97312,2.9706
0.00510221,0.332723,0.992905,0.956863,11.7482,24.4401,8.3511,12.5193,12.2058,3.20111,0.789054,2.43528,3.33869,3.38019,0.0923049,0.71822,4.56867,4.77164,14.8414,9.00716,3.1076,4.03732
0.0101593,0.174184,0.674351,2.45533,1.81839,9.37988,7.85809,14.945,28.3791,21.321,14.63,12.2927,1.82873,2.79175,0.730981,5.54718,7.07263,1.89286,1.66387,3.69903,1.77426,1.83119
0.117676,0.128572,1.90319,5.7254,11.8769,13.0971,0.0548717,9.91736,34.4996,15.1145,9.36176,4.81201,1.27201,1.54191,3.42547,11.306,21.2306,20.2747,6.76132,2.06896,1.26618,0.733518
0.0974062,0.3505,2.0128,0.374477,0.117062,18.8274,28.0996,9.19976,17.3514,15.0356,10.4744,15.4364,2.15267,0.458894,3.85674,17.8741,26.8093,1.13798,6.90007,1.02731,4.11928,6.43922
0.374871,0.48452,2.03645,11.7234,28.8835,33.4789,16.7284,5.59086,13.6637,0.0128312,17.3587,15.8221,5.3094,0.671772,6.34291,25.9566,55.3267,15.5778,13.3863,5.01153,2.29151,3.94896
0.369003,0.466397,2.66179,12.3748,18.7953,9.84668,7.95331,0.937848,21.121,15.2375,2.76006,4.32614,5.94793,7.3192,1.17658,36.3993,84.7388,51.7413,3.27293,6.27863,2.94546,7.30764
0.0896288,0.371363,2.24689,0.3779,6.44091,3.49958,8.68442,2.04153,17.2781,14.4548,13.5958,13.032,4.25602,0.693396,0.672648,25.3561,61.3127,35.7873,1.98036,4.11093,7.66353,8.49757
0.292529,0.810606,1.48818,7.23128,12.6555,21.8571,23.5079,3.17579,16.4764,9.1477,2.29852,3.89835,3.21455,3.4914,2.66224,3.60896,14.8857,9.88439,1.15318,2.93801,6.20587,12.5152
0.286538,1.72917,7.31844,12.3821,15.3488,18.0456,11.2799,4.86042,11.2541,8.53884,10.186,15.114,9.46972,5.82308,4.17377,1.94011,32.133,34.6028,3.83035,3.93469,6.51991,12.0135
1.51191,1.39578,0.130261,1.56102,6.7408,11.7449,12.9453,5.44399,7.8184,9.2437,9.69972,8.59453,0.93646,2.64093,0.516947,3.17974,9.83975,17.9013,4.07919,2.5007,5.11592,11.4327
0.830863,1.99152,7.50333,16.4687,15.2395,3.79147,10.8355,9.05824,9.32711,5.93245,10.4021,13.1596,7.82281,3.39489,3.25645,9.17302,58.8957,63.5204,11.5944,6.23396,2.62646,8.70288
0.407082,2.94821,3.13496,3.259,16.9071,33.0673,31.776,9.54462,11.996,7.83495,8.58937,10.6602,2.75877,0.770051,1.74866,3.03198,3.72407,9.03896,0.740288,3.07784,2.89872,5.6281
0.417297,2.7561,6.24953,10.9145,10.1156,0.381987,0.532704,1.48229,7.1815,2.49834,7.1362,10.7947,4.98776,1.89442,1.10452,0.588751,26.6306,38.6214,9.6898,3.50108,0.947955,3.8867
0.268378,2.67213,4.97902,4.94446,2.46707,7.83839,13.9245,10.0774,4.248,3.83934,12.0154,11.3165,1.74054,1.36609,3.63909,11.9337,62.694,68.4314,17.5475,4.20787,0.555734,3.03388
0.593691,2.70123,5.32955,1.37961,6.13658,14.2786,2.20422,12.1047,7.36153,6.27121,3.22659,8.08006,2.95491,1.07658,0.0926703,8.54217,7.69394,3.10044,0.883408,4.30277,2.21802,2.39114
0.0130646,2.19848,5.99323,4.83646,9.92446,33.0388,35.9391,16.7642,2.75035,5.81587,12.3079,8.83737,1.51523,0.660245,2.92465,1.93751,21.0286,29.0059,7.70628,0.669281,0.979188,6.36269
0.0321094,1.9485,2.87854,3.32741,3.38668,3.20606,1.43655,4.89133,0.181167,0.494174,5.91384,6.12708,0.244858,0.823643,2.84574,1.86077,34.0737,41.5111,11.2807,0.394803,0.157532,1.88796
0.1098,1.64982,5.83129,6.26771,4.2109,10.2785,12.8595,4.33361,2.97738,7.52907,9.7922,6.0921,1.05169,0.010631,1.80499,0.832282,1.52948,4.93901,7.05681,1.63388,1.41034,3.51319
0.0939972,1.97657,1.01559,1.38397,9.59414,19.2889,2.58043,7.66933,2.56787,0.707552,8.7071,7.54253,1.40189,0.299645,2.88146,3.59008,14.7832,22.0345,7.91331,2.41075,1.67134,0.7866
0.401151,1.52424,4.59519,7.86906,17.2752,34.5729,35.0747,13.8513,0.169755,0.970848,3.27265,1.64561,0.546498,0.168133,0.951496,9.7497,23.341,18.6686,5.22755,2.40628,1.26682,0.231182
0.326469,1.76548,1.23252,2.6873,5.09398,0.608507,0.157697,5.22038,3.16125,3.8792,11.3927,8.49825,1.59616,0.339649,1.89624,0.680127,15.1393,23.0209,11.0802,1.09406,1.18551,1.85132
0.398113,1.35946,2.19812,7.01185,7.98752,8.39569,17.4,4.79766,6.39232,6.0694,3.51301,3.0195,1.6819,0.82472,1.92044,2.57792,39.193,54.7389,19.0815,0.641118,0.340574,0.548508
0.353773,0.714773,1.26784,2.86807,17.8464,26.5279,2.63046,7.73549,6.05048,11.0853,12.7038,9.61618,3.83488,0.360635,2.04267,7.80001,32.0168,36.6945,10.3304,0.461813,0.644454,2.14043
0.30369,0.725457,0.0214081,1.2864,4.01603,26.8983,33.6879,14.2803,4.01257,7.06108,8.32864,5.07978,2.46266,1.24979,0.923567,4.16601,19.0931,18.9409,2.70359,3.53648,0.609586,0.5149
0.194457,0.140827,1.46338,1.80298,2.38146,3.81425,1.47054,6.08637,7.74227,10.5313,13.4883,11.6957,6.8651,3.85252,1.14424,2.13947,30.4587,45.6501,15.0315,2.28294,0.412334,1.42384
0.0907964,0.035794,1.11556,6.37514,4.3648,11.7599,16.9835,6.9014,3.53921,8.03943,9.33102,5.33351,3.93807,2.14546,0.164192,5.0807,39.6008,53.689,17.6704,0.708779,0.942399,0.366937
0.323643,0.3509,1.54297,0.63851,17.1616,27.3456,3.76859,10.5363,4.70155,3.78729,9.98668,12.0184,6.60473,4.29417,2.48777,3.61568,18.6674,23.086,5.97252,0.718992,1.14608,1.15501
0.661509,0.71558,1.39424,8.15892,5.19741,22.5421,32.879,12.4762,0.692183,3.43555,5.48775,4.99376,5.13264,3.8465,1.44072,1.1295,0.965187,8.50676,6.85977,0.363769,0.0889934,0.450096
0.365855,0.138239,1.19313,0.475494,10.1833,11.1092,2.59303,5.18961,0.752132,1.21624,7.69862,11.0442,5.45314,2.33545,2.06945,4.47718,21.3705,36.6218,18.3282,0.905149,0.324195,0.571733
0.543956,0.273616,0.976532,3.37443,8.82998,14.6935,11.8655,2.07879,2.89197,0.599444,0.0399622,2.28379,3.63943,3.42359,0.65625,5.10914,23.9072,53.9988,26.7454,0.0412654,0.712836,1.12922
0.0751891,0.239081,0.270003,0.00428833,9.04959,19.2563,2.64898,7.54012,4.287,9.01158,11.6816,10.4617,3.82058,0.747465,0.444495,8.0082,48.1051,64.6918,23.3254,0.990821,0.180005,1.48029
0.153372,0.207219,0.184137,3.18907,2.49519,26.6071,31.0458,14.2721,8.01102,2.41907,2.02083,0.438247,0.961482,2.26923,1.25645,2.04944,16.9755,42.5886,23.6729,0.685417,1.4223,2.62422
0.0205068,0.426201,0.695691,1.73823,18.0543,22.6296,6.69615,5.13386,16.0916,19.4413,11.6754,3.14389,5.77218,6.20037,0.717237,6.61452,44.333,59.9055,17.0819,2.61147,3.72595,1.57892
0.316722,1.07903,2.97664,13.6333,23.3767,10.4962,3.04768,2.54456,3.78084,8.35669,12.7202,10.6027,8.02492,4.7632,1.78629,10.1753,53.6414,58.691,12.0352,6.1212,1.06471,5.58395
0.25049,2.07516,3.59598,9.09537,11.5124,5.49959,12.2798,3.18139,17.2741,15.7815,6.47243,1.1749,6.20149,5.54204,1.16093,13.875,48.4513,43.293,11.4902,3.83572,2.84199,8.74818
0.422648,1.99269,4.42192,4.90676,17.2343,31.2641,18.6038,8.41131,19.3326,17.9542,11.4848,8.83011,5.61375,3.63785,2.69113,5.79178,21.5658,43.7025,16.4729,1.11778,3.74935,8.38372
0.3565,2.41343,6.20177,6.8076,6.58391,20.7874,10.4015,3.89056,6.19911,3.81881,1.01539,2.6749,6.74866,5.15412,1.41705,3.57349,0.550512,18.6597,15.0003,1.1334,5.0554,7.67078
0.037214,1.78704,1.73644,8.29581,10.1249,6.59858,13.351,0.0333416,13.4489,11.9081,8.13327,7.44071,3.25117,0.996503,1.3635,3.1096,26.576,36.994,14.6053,0.984188,2.59005,5.33795
0.0354093,1.08273,6.34911,1.28526,12.8371,5.72343,7.78382,1.1225,15.8205,12.6169,4.01385,4.28965,7.61907,5.54269,0.62358,0.407107,9.70016,14.7169,4.64523,0.342498,1.44618,1.29503
0.063828,0.765185,1.319,14.1993,28.934,25.1628,8.72579,2.30386,6.0511,5.10041,1.07749,2.11895,1.98016,1.93982,0.296725,0.958884,8.48865,15.619,5.10638,1.87645,2.54031,2.9134
0.298621,0.163675,3.19902,2.49806,10.1051,6.35649,11.233,1.00984,8.70452,14.955,9.26992,5.44314,7.06091,5.94368,2.06058,6.58224,31.3491,34.9886,8.75414,0.947192,1.71367,4.7514
0.00148962,0.570219,4.10138,14.5208,26.6465,23.7079,8.07078,0.565004,5.84877,11.9337,5.22403,0.0517055,0.223057,0.576922,0.500761,1.74257,8.94054,25.9449,17.2361,2.64327,3.38476,7.58304
0.106537,1.13078,0.627992,1.75696,6.96556,1.0166,5.51819,1.7497,2.50539,2.92933,0.300617,1.91439,3.52134,3.74411,0.889322,1.37151,13.8366,28.6591,12.4481,2.01187,4.96386,8.00786
0.359832,0.909201,5.2774,11.3575,12.2786,3.72316,2.59462,3.24135,7.17244,6.03705,0.346819,0.00563162,3.10944,2.80053,0.0637973,1.49799,22.7089,35.3922,15.8702,2.242,1.94575,8.41816
0.554747,1.62667,0.63665,0.601333,2.5152,2.4246,1.49139,3.73842,4.43863,2.95633,0.0789798,1.19791,0.0494196,1.86541,0.199531,3.33818,6.30183,8.51726,4.8244,0.348971,3.58303,7.34851
0.0561446,1.36137,5.31531,7.29644,2.43648,4.80792,6.04761,2.74025,1.10187,0.764217,1.48686,0.673057,3.52689,3.99884,1.73042,2.56104,17.4594,13.0291,0.569264,1.2003,2.53889,5.48908
0.0482758,0.954479,0.652353,1.72994,0.972127,1.07522,0.152162,0.607271,1.22612,2.8433,2.07394,0.599008,1.15826,2.57755,0.750655,3.55857,4.10865,0.926997,0.437973,1.24832,4.08888,4.76755
0.0233557,0.853363,3.36412,3.29153,0.799815,1.83643,0.224541,0.342786,1.4931,2.23241,0.213058,0.490888,0.979501,1.35077,1.21343,1.07825,5.52949,10.079,4.8424,0.1887,1.43752,2.55797
0.0633168,0.373572,0.348969,1.31619,2.8861,1.81973,0.773121,1.40873,0.941,0.854744,0.339322,0.509382,2.21211,2.5719,0.562213,0.859061,8.35373,17.7217,8.6275,0.228142,0.89495,1.48519
0.0797811,0.101415,1.15579,0.62193,0.960171,1.11805,3.25109,2.22,1.37993,0.837592,0.619372,1.29405,2.04731,2.64704,0.671,4.14246,16.6004,17.8051,5.31664,0.281384,0.54292,1.80287
0.101995,0.0829493,0.0364338,0.684108,1.99912,1.92455,0.137973,0.285466,0.687728,0.954639,0.525107,0.833546,1.4812,1.12192,0.309413,4.81563,11.5533,5.33595,2.4005,1.12396,0.633591,1.74667
0.0368973,0.0344352,0.316786,0.164255,0.726937,1.18909,1.15591,0.012432,0.30482,1.78163,1.05319,0.139262,0.0910397,0.151361,2.31465,5.5549,0.813468,4.7226,1.13101,0.855583,0.876742,2.40782
0.0437541,0.0501607,0.204491,0.306377,0.742852,1.02963,0.758586,0.132334,2.66053,2.56861,0.608643,0.775656,2.50155,2.29818,0.506232,2.45949,4.56266,2.29889,0.182978,0.470518,0.0307213,0.520168
0.0307242,0.0337501,0.00231963,0.556344,0.887483,0.220481,1.90977,0.713136,1.09574,1.30786,3.44809,0.815268,3.32373,0.752227,1.51689,3.23764,0.41837,6.4275,4.4908,1.19214,0.905643,2.22647
0.000972286,0.0289449,0.0529057,0.495608,2.31255,2.60666,1.40349,0.937925,1.35084,4.74246,5.13096,21.1981,25.6635,1.97439,2.5522,1.05276,5.75767,7.19247,1.16744,0.579273,0.581736,2.7736
0.128462,0.0407347,0.131675,0.772782,0.896607,0.698131,0.3381,0.399573,0.350968,3.06412,6.85228,9.77188,13.2379,3.2073,2.70304,1.96095,4.89253,2.89289,0.759298,0.00311524,0.653169,6.66269
0.0371882,0.0473406,0.276315,0.244793,0.188454,0.482771,0.268609,0.824197,1.25636,1.8371,0.324473,22.3733,24.4318,1.25013,1.44731,2.8514,3.4822,3.23572,0.500719,0.614442,2.35221,2.55256
0.111002,0.0552763,0.180177,0.304638,0.0834349,0.146705,0.309021,0.611679,0.0186059,0.924401,2.79371,15.672,23.8086,12.9687,3.79348,1.84515,0.441879,1.51985,1.77859,1.11981,0.0576728,0.549309
0.0826182,0.0771413,0.227059,0.773929,1.65553,1.98307,1.23442,0.513394,0.0527509,0.494303,0.226591,2.44468,5.49398,5.08467,2.16978,2.52279,6.10934,5.07159,0.763005,0.433579,0.867327,0.75744
0.0867583,0.0202736,0.151272,0.0732813,0.503493,0.46171,1.00227,0.0572737,0.371903,0.639929,0.688313,7.52551,23.5741,22.2039,4.70278,3.69427,5.70056,1.15143,1.40526,0.693053,0.959924,1.07333
0.0268479,0.71287,1.51827,1.80559,4.43414,1.64087,1.5131,5.4203,8.07953,4.85304,2.35763,5.23248,2.14691,9.6864,3.1354,0.307097,8.23961,13.2833,7.00836,0.630222,3.32608,2.83482
0.130948,0.615067,4.23728,2.67864,7.67952,5.93548,5.25712,4.31946,0.970012,1.84105,10.4815,15.2123,3.50215,9.90308,6.21089,2.81274,13.2532,17.3507,7.1243,0.951671,0.350771,0.0559144
0.0676884,0.422082,2.77814,7.82759,7.93664,3.09509,10.0871,6.71855,5.19466,4.54436,4.34707,5.18454,8.60315,11.3135,4.59937,1.89135,1.61297,7.17408,4.94808,1.73526,1.54739,0.106523
0.162874,1.12202,0.931348,0.661845,2.32004,2.73691,2.65494,5.46556,7.19527,3.92042,4.02231,4.19063,3.63215,9.68283,7.71998,1.7517,2.75607,3.10523,0.567777,0.0359974,1.90169,1.93713
0.208979,1.14678,3.75499,3.16319,0.705824,3.29816,3.1677,3.03881,4.95808,2.52264,4.75086,7.86368,2.58357,15.9614,10.3354,0.283957,0.613547,0.924454,0.0836928,0.532077,1.69404,1.81492
0.0289154,1.74663,3.24844,0.514782,4.25489,2.20938,0.849037,1.06481,0.571577,1.2984,0.549637,1.00325,9.81912,23.2224,13.6006,1.28511,2.89699,4.02454,1.31789,0.543854,0.540582,2.20396
0.209043,1.59435,3.67492,0.437456,5.20801,1.47659,2.65944,2.35921,3.27615,2.38769,1.54471,1.99309,6.16724,14.7738,10.8745,1.76457,0.0981772,0.16322,0.00327368,0.180906,1.50521,3.12667
0.0838834,1.7805,4.13251,0.825579,4.55699,2.55793,1.82027,2.3691,2.13797,0.696455,1.72773,4.83333,7.44628,6.4638,2.95322,0.9245,1.89593,1.74162,0.10026,0.20147,2.16206,3.88321
0.276568,1.90088,3.2841,1.13346,5.07983,1.4843,2.19923,1.13313,0.446492,0.426064,0.768019,2.60202,1.67656,13.232,14.3545,2.30327,1.40886,1.30176,0.662277,0.22504,2.29131,4.59682
0.00636785,1.50124,3.37895,0.756253,3.12238,1.44882,1.72328,1.18796,0.469308,0.441705,0.201846,0.280046,5.45628,12.7124,9.66267,1.49238,1.08887,1.47253,1.23681,0.920528,3.09427,4.52689
0.0406273,1.43091,2.9774,0.297292,2.49948,0.490732,1.35949,1.06238,0.811854,0.566543,0.687884,1.02618,1.9573,9.80322,10.5882,1.10214,1.23001,1.40883,1.58639,0.267826,1.89705,4.04551
0.0359016,1.0062,1.95662,0.180517,2.01595,1.54608,0.0219763,0.694128,1.62331,1.61596,2.77902,5.1536,8.1003,14.7285,11.9291,2.6094,2.19908,2.85714,0.72947,0.0900377,1.69025,3.25642
0.0650069,0.771988,1.93939,0.640255,0.924674,0.028637,0.567464,0.388239,0.803605,0.571274,1.33965,2.60886,0.121527,6.13291,7.34419,3.05266,0.905084,0.23887,0.472851,0.100375,1.0767,2.26939
0.0068515,0.458846,0.796543,0.025165,1.24826,1.62755,1.25114,0.592833,0.261114,0.322494,0.000290245,2.31151,0.506962,10.0876,8.90011,1.18805,0.352589,0.890034,0.58197,0.0335481,0.64365,1.27929
0.0542351,0.255172,0.632802,0.136022,0.414587,0.159756,0.198406,0.617013,1.09606,0.948805,0.529528,1.68001,3.07697,5.08442,3.41273,0.00318952,2.10715,2.86083,0.823753,0.231581,0.442122,1.50468
0.158233,0.154243,0.215259,0.0741944,0.0126802,0.154074,0.156433,0.440871,1.21563,0.858824,0.0869132,1.14879,2.03199,2.21247,0.29285,0.935877,2.62522,4.37187,1.85958,0.165951,0.761077,0.924037
0.0523731,0.0348308,0.00462686,0.229634,0.175738,0.31078,0.248678,0.179953,0.127956,0.127237,1.48621,1.18274,3.95192,13.1599,10.474,0.187704,0.651551,0.775733,0.259502,0.111603,1.37944,1.77358
0.0712708,0.0380166,0.0271574,0.318926,0.899217,1.35901,1.03547,0.872097,1.81505,1.62191,0.740082,1.60138,5.91453,20.3924,13.5365,1.20871,0.267099,0.00892905,0.026771,0.150204,0.702738,2.40278
0.0377746,0.0362301,0.0989377,0.117154,0.334619,0.0198436,0.110757,0.366993,0.79923,1.25257,0.717923,0.867006,9.60653,20.799,10.5684,0.542715,1.51892,0.472436,0.390949,0.206813,0.919907,1.6925
0.106305,0.0951262,0.0283971,0.357539,0.628427,0.194656,0.13708,0.533609,1.99062,1.88705,2.15524,9.77294,20.7085,20.5011,6.79083,0.390512,2.2018,1.92772,0.0955647,0.847586,0.189165,0.721159
0.033066,0.032639,0.0555783,0.0232925,0.583118,0.875106,0.32646,0.490769,1.25374,0.850425,1.07701,1.6712,1.74469,1.88015,0.263596,0.859778,1.48668,2.27314,0.829035,0.43566,0.0621425,1.79475
0.0223195,0.00026614,0.0227207,0.0113046,0.337734,1.16175,1.00535,0.082437,0.778831,0.958454,1.02021,4.30134,5.30248,5.90679,4.72717,1.55868,0.1066,0.577351,0.493923,0.461515,1.27263,1.13122
0.0855122,0.0553972,0.0229835,0.17388,0.129101,0.897487,0.358852,0.204633,1.54423,1.85497,1.79282,1.0757,1.1824,1.77445,0.383303,0.679122,0.345543,0.329659,0.162804,0.54309,0.40913,0.645977
0.0188577,0.0140166,0.0147592,0.209368,0.623484,0.579211,0.230101,0.0358598,0.540325,0.517894,0.418439,3.42551,4.88615,1.57267,5.77882,1.25184,3.51269,3.49452,0.808149,0.458601,0.723274,0.916098
0.0046038,5.21205e-05,0.0364508,0.136344,0.795292,1.05869,0.295293,0.0851567,0.973525,0.836676,0.66398,0.281974,3.37399,2.43069,0.200066,0.0867392,0.300392,0.987532,0.87239,0.856271,0.313023,0.72535
0.11057,0.109493,0.0481715,0.311823,0.229476,0.869083,1.1094,0.0636861,1.30497,0.830277,0.576109,3.45639,2.99818,0.931143,1.4003,0.597489,2.80189,1.66071,0.0189135,0.758676,0.189711,1.82538
0.0289071,0.030682,0.0501461,0.181613,0.976276,1.80929,0.755839,0.150204,0.468312,0.960688,2.30895,1.92118,4.14411,5.37113,1.42133,0.255755,2.70326,3.70702,1.83771,0.441535,0.53691,1.57605
0.0385186,0.100893,0.0887916,0.319379,0.657274,0.139547,0.575425,1.23346,1.13749,1.36256,2.18122,11.4972,3.87295,5.32795,4.11227,3.78805,0.291631,2.96154,0.28637,0.760841,1.50395,2.72929
0.438198,0.531951,0.961511,2.02971,4.34683,2.27896,4.96238,0.715525,0.57572,3.55212,1.35393,7.8562,42.7138,47.804,11.8114,1.54289,1.52431,1.29111,0.743399,2.10713,2.57548,4.98965
0.0750109,0.315498,0.469463,6.26564,13.2207,7.77858,4.82512,5.16491,1.00924,1.06929,3.45543,10.5942,19.2837,36.4908,9.46395,1.23088,0.0794377,0.3597,0.308662,0.909963,1.76422,2.58974
0.0702883,1.04772,4.30677,1.93274,3.29449,2.65593,7.80016,1.55929,4.12608,3.97888,1.29048,1.35113,24.034,26.2703,5.91315,2.08229,3.40992,1.95352,1.17106,0.716246,2.09025,2.86286
0.231492,1.57558,1.38099,4.08726,7.98556,3.6462,2.35936,1.59468,1.93684,0.394979,2.26406,13.5697,43.0547,34.978,1.81914,1.37889,1.40691,0.387737,0.808425,0.833732,0.511583,0.914786
0.174546,1.4706,4.74064,3.76484,0.468435,0.611781,2.29724,0.440853,0.821788,0.452972,1.35354,5.27014,11.1956,6.67941,0.00457793,0.292857,0.2379,0.436049,0.256571,0.204905,0.0243999,0.27371
0.0416204,1.32033,0.789768,3.59581,3.54763,0.397947,1.04638,0.174696,0.469647,0.637327,0.425462,8.35363,24.4302,19.8531,2.64844,1.17505,0.459471,1.04507,0.433782,0.0552283,0.113711,0.359855
0.121201,1.14701,3.71719,3.03019,0.26847,1.43834,1.05494,0.696644,0.0100898,0.332864,0.276564,7.14843,17.6116,13.3438,3.10793,1.0556,1.35932,2.74934,0.90425,0.144448,0.101807,0.736576
0.174273,0.961724,0.832699,2.26623,2.00352,0.876398,0.423317,0.524075,0.526387,0.0172369,0.209351,6.09616,18.181,12.1796,1.24107,0.649799,0.371126,1.95128,0.862156,0.0851306,0.501765,1.19973
0.0414016,0.893907,2.32869,1.53306,0.589892,1.34426,1.05481,0.434551,0.626613,0.620828,0.271175,5.11553,20.7245,22.3302,5.81797,1.21777,0.415457,0.203173,0.172598,0.102423,0.527894,0.884093
0.0625479,0.81272,1.02671,0.702696,1.06223,0.248535,0.258705,0.20004,0.265962,0.149163,0.883633,2.58268,24.1375,30.1819,9.05249,0.901421,0.978836,0.890967,0.167458,0.196219,0.273081,0.420994
0.205283,0.741455,1.30643,0.591808,0.082032,0.147108,0.181667,0.274763,1.36072,1.27559,0.811872,0.102674,3.79033,2.0831,1.26541,0.415225,1.22629,1.32747,0.439366,0.436712,0.0409448,0.630556
0.0195491,0.476017,0.74994,0.141132,0.417793,0.419997,0.236978,0.297902,0.414642,0.667401,0.0228568,7.25294,24.1733,19.3315,2.14353,0.314028,0.0721699,0.342928,0.0246303,0.118924,0.596199,1.20198
0.0885829,0.357529,0.544761,0.241274,0.0750592,0.352071,0.303492,0.109878,0.732326,0.0894698,0.487034,5.56616,19.4625,14.2127,0.313556,0.586019,0.521865,1.18208,0.328216,0.12,0.371517,0.910423
0.00794543,0.154541,0.308205,0.145143,0.00584736,0.240423,0.342403,0.642094,1.36858,1.40897,0.190653,1.29973,6.2435,4.59988,0.360613,0.065549,1.40377,2.88556,1.41011,0.171786,0.293732,0.729247
0.0890221,0.0206158,0.141203,0.0988565,0.154085,0.267202,0.482629,0.378262,0.140162,0.277713,0.973185,4.69797,21.4606,18.8424,2.60019,0.234068,2.2427,2.96157,1.25835,0.115735,0.330499,0.152008
0.0478282,0.0134005,0.0662362,0.0319895,0.324768,0.477295,0.0593753,0.0706694,0.362103,0.120818,0.208445,3.1996,11.809,10.9086,2.30536,0.677647,1.319,1.66378,0.639154,0.0404153,0.461552,0.497995
0.00227471,0.0205316,0.03324,0.0935346,0.0852176,0.141776,0.474677,0.159723,0.444898,0.539993,0.88118,2.2477,12.5611,12.2014,2.94042,0.327817,0.987679,0.494374,0.168365,0.260114,0.28915,0.934731
0.0290165,0.0257759,0.0178455,0.028776,0.134942,0.129219,0.0349839,0.241777,0.22055,0.468294,0.339524,9.30736,26.8118,19.2302,2.29655,0.06027,0.481918,0.633355,0.0841776,0.0939911,0.123523,0.392119
0.0995705,0.0862707,0.0707959,0.0119994,0.0605341,0.353184,0.329308,0.0574027,0.380199,0.0517511,0.412539,9.58799,24.0291,16.0647,2.66576,0.323742,0.459687,0.726212,0.280446,0.14263,0.207372,0.28163
0.0655217,0.050265,0.0291717,0.108249,0.36977,0.607217,0.0779357,0.0234946,0.629724,0.727252,0.483182,17.3099,24.7498,3.37186,4.45137,0.142443,0.191768,0.592661,0.0810595,0.0627423,0.128572,0.385719
0.0468762,0.0326639,0.112335,0.0555424,0.127845,0.501297,0.657376,0.0240941,0.0669325,0.409712,2.49787,30.3367,50.4805,25.2691,2.27295,0.14949,0.136435,0.196571,0.200016,0.186103,0.298278,0.505163
0.0111107,0.00608352,0.00334541,0.10805,0.478745,0.684627,1.02358,0.878538,0.759142,0.965745,5.18854,22.2346,28.4794,11.4065,0.56151,1.49061,1.15478,0.0849245,0.0850376,0.209041,0.342905,0.505699
0.0109875,0.0260171,0.0490948,0.0750147,0.142216,0.353971,0.0298772,1.56196,1.10837,0.275732,11.2456,31.9436,24.7466,5.80065,2.65347,1.29218,0.990494,1.18243,0.446341,0.0145899,0.193171,0.552988
0.0226644,0.0122877,0.0491267,0.139649,0.323811,0.635123,0.0270684,0.345259,0.970444,1.31964,5.58995,13.476,9.23063,1.31114,0.47928,0.968242,0.622907,0.121906,0.619382,1.33455,0.185384,2.31269
0.0263561,0.0360707,0.0353172,0.135762,0.0950505,0.639757,0.411364,0.156569,0.305265,0.1842,3.72138,6.90498,3.50819,1.11888,1.00815,0.748089,0.629269,0.511042,0.136223,0.182485,0.33173,1.96467
0.0402254,0.0366049,0.0423189,0.0851201,0.458448,0.749254,0.256915,0.0170942,0.849589,0.34396,9.92263,29.1019,14.0041,7.89021,3.69268,0.177209,0.670556,0.0691244,0.131323,0.0766419,0.731141,2.8939
0.0342466,0.0122524,0.00874361,0.150464,0.177635,0.212302,0.0468389,0.262992,0.534857,0.269281,5.98921,26.3981,31.6826,10.9352,0.336154,0.273294,0.215037,0.537167,0.106634,0.54846,0.671648,2.2769
0.00430392,0.0916355,0.0693723,0.237708,0.429258,0.222046,0.060289,0.298867,0.0422185,0.206921,0.991783,18.865,38.2448,22.3819,1.04809,0.855053,1.18543,1.94399,0.823227,0.219805,0.370508,0.908315
0.72959,8.9563,6.43683,70.8181,101.888,15.4274,31.6906,25.32,18.1567,8.24287,6.09085,2.88299,11.9748,4.82917,1.29429,1.95266,5.94771,2.29038,0.997778,3.24581,2.73901,2.5109
2.4992,1.68871,12.7495,43.3884,79.8681,45.5491,6.00766,7.99619,9.35788,7.50628,6.13648,15.1413,1.23433,8.3564,2.11279,1.02112,4.03577,1.33575,1.36589,0.351062,0.892781,7.22047
5.90085,1.62772,22.7561,6.95194,11.7305,1.53607,1.68312,0.473983,0.0721913,0.575624,6.42829,19.8811,12.1133,1.73713,1.65525,0.714189,0.917732,0.273879,0.31015,0.621971,0.787211,2.29308
4.4721,9.03591,27.1082,20.8495,6.17376,6.64366,0.18788,1.21274,1.64444,1.67195,5.21129,14.1282,8.87484,1.17955,0.281048,0.0806036,0.0262693,0.586468,0.612684,0.384708,0.699298,9.84537
14.674,24.1642,15.172,1.2431,8.24339,6.08483,1.13836,0.382609,0.141746,0.0448481,4.32234,12.4482,11.2432,3.10155,0.277586,0.537606,1.03899,1.29099,0.383545,0.468831,0.43153,6.86385
6.26433,3.00867,1.75891,4.44005,2.29991,0.89023,0.391167,1.03394,0.227061,0.0507151,1.02283,0.523618,5.49655,5.12872,0.855607,0.279639,0.0381634,0.508538,0.192517,0.477225,0.961477,7.51755
2.79281,0.86813,2.10332,6.14111,5.39565,3.15998,1.80442,0.560535,0.159862,0.0249981,1.50456,6.00976,8.14305,4.71676,0.763574,0.10399,0.385253,0.235504,0.00898333,0.0167252,0.775717,2.89904
3.02829,3.89616,5.41919,3.08441,0.552709,0.462265,0.105783,0.0562419,0.203301,0.070991,2.85088,9.20503,5.67019,2.40824,2.06656,0.00367121,0.484781,0.242414,0.20339,0.277442,0.000613215,5.03885
4.01891,0.387413,5.37496,3.49999,0.643223,0.431508,0.278765,0.175859,0.0247302,0.0127284,0.795545,0.704618,1.53724,3.64236,2.00367,0.410404,1.11133,1.20237,0.513326,0.306273,0.388146,0.799154
2.0884,2.5,1.83453,0.000211447,0.280954,0.244886,0.0732894,0.175739,0.0301303,0.274744,4.84243,19.5772,19.713,5.11429,0.192324,0.354074,0.665488,0.86174,0.0472037,0.180864,0.964092,4.97354
1.36965,0.763972,0.206504,0.011991,0.300133,0.0560427,0.181934,0.00453708,0.102894,0.328269,2.07969,3.92935,2.27119,4.39349,0.687876,0.371771,0.640114,0.296059,0.23046,0.0143403,0.579478,1.05343
0.362023,0.638715,0.778125,0.402874,0.0303659,0.225273,0.152497,0.113003,0.137456,0.0186617,1.19692,0.244171,2.6701,0.66821,1.50268,0.353041,0.650729,0.30562,0.232189,0.424097,1.43343,16.4595
0.385232,0.154886,0.305616,0.23092,0.0393025,0.117172,0.057884,0.117237,0.317879,0.00564456,4.20557,13.0686,10.714,2.19446,0.547681,0.56895,0.700743,0.412118,0.321532,0.590786,1.67346,16.6618
0.254493,0.0404716,0.280372,0.270196,0.0205072,0.247301,0.274888,0.137537,0.0144058,0.148127,5.06745,11.1448,5.25149,0.628041,0.072721,0.290469,0.778361,0.870702,0.0177811,0.0369848,0.766585,0.369932
0.0719033,0.00910558,0.111749,0.0611691,0.0421478,0.0651767,0.0145214,0.0863274,0.0636713,0.0733246,5.95952,8.61109,1.28044,1.34375,0.00427979,0.353586,0.570768,0.489118,0.121733,0.301327,0.0632249,14.2562
0.119044,0.0233852,0.128399,0.166598,0.175515,0.112136,0.0699925,0.155855,0.225295,0.0416887,8.01228,19.4952,14.0469,2.78752,0.204645,0.11993,0.296136,0.335557,0.137803,0.0788626,0.322697,16.7011
0.120107,0.0469164,0.0298777,0.0412544,0.0285886,0.0201698,0.0710351,0.0376061,0.142864,0.284072,9.1097,18.4272,8.82111,0.190709,0.44876,0.0061319,0.208328,0.585222,0.224054,0.0298789,0.930336,13.2124
0.0486141,0.0228251,0.040637,0.031503,0.1006,0.194001,0.188271,0.064861,0.240918,0.273931,9.07465,23.9769,18.4487,4.55099,0.540965,0.254978,1.1846,1.02619,0.345744,0.44596,1.54019,14.1244
0.0822631,0.0293117,0.00817908,0.0374674,0.0509224,0.161263,0.125676,0.145878,0.048696,0.452573,7.02735,18.2664,11.0456,0.91797,0.671827,0.240242,0.145792,0.546172,0.131255,0.372172,1.09125,8.03749
0.0893396,0.0556972,0.00632033,0.0021476,0.100056,0.136398,0.0194838,0.0508171,0.0983813,0.279419,1.96051,7.78623,7.49142,2.6367,0.830618,0.0490296,0.581284,0.383294,0.204383,0.0551204,0.459791,4.51499
0.0317085,0.0216362,0.0020076,0.0327723,0.0369842,0.0846934,0.227144,0.150714,0.0805927,0.0353276,3.63217,9.61819,8.01968,2.90939,1.00605,0.00467892,0.564261,0.14008,0.0206376,0.3289,0.283983,9.01821
0.0777616,0.0361975,0.00925174,0.00180835,0.107459,0.216163,0.150023,0.0243256,0.028735,0.374721,9.47798,20.9639,12.507,2.56658,1.07669,0.113632,0.360262,0.218344,0.154791,0.174223,0.542622,0.634653
0.172848,0.0943735,0.0218617,0.0397803,0.0574646,0.200162,0.16888,0.0621382,0.0366835,0.203362,15.1887,35.1797,22.1263,1.97803,0.684668,0.224139,0.257185,0.0275795,0.0241482,0.0677821,1.20095,2.95989
0.0294502,0.0215035,0.0141359,0.0256112,0.142921,0.239535,0.110942,0.181417,0.222248,0.79426,13.4427,36.374,23.3258,0.600336,0.407135,0.364782,0.576497,0.643287,0.144911,0.265273,0.284159,2.19057
0.0364233,0.0185236,0.00267628,0.0475265,0.228906,0.374844,0.823223,0.435684,1.27445,0.553777,11.2917,20.5704,5.49574,4.14961,0.405483,1.15072,0.0417357,0.80131,0.556674,0.0892663,0.891061,8.92782
0.0504598,0.0130969,0.0148004,0.029351,0.0468659,0.346589,0.980084,0.407816,0.377383,0.601093,3.92747,12.9723,11.9887,3.94379,0.408531,0.455634,0.241423,0.834629,0.157683,0.108228,0.0014942,7.73862
0.0594534,0.0565737,0.0400392,0.0734751,0.110061,0.0537664,0.111357,0.0849858,0.0884869,0.209559,1.2637,4.52717,4.31504,0.274098,0.189587,0.552732,1.09859,1.51811,0.664766,0.248338,0.0907797,0.99902
0.00308998,0.00831923,0.00460809,0.0462749,0.0209823,0.21008,0.0612171,0.0235626,0.144759,0.0840512,3.15257,6.56072,4.00342,0.397495,0.532386,0.181872,0.509032,0.813851,0.458886,0.192155,0.427841,2.11855
0.00874333,0.417428,0.811557,2.77905,1.45752,7.9785,4.48948,2.88287,4.89045,7.42514,9.42447,5.40161,1.38645,2.3361,1.44518,1.70984,2.23964,1.64597,1.3101,1.36999,0.0663727,5.56689
0.468849,1.95538,4.12919,0.164898,3.51269,0.761391,10.3621,13.5105,11.7857,3.8757,6.80284,8.56924,16.3364,5.12008,3.25496,1.11293,0.152194,4.71103,3.53316,2.39916,5.74641,8.68629
0.571092,2.95863,8.32881,7.2022,1.1322,1.05297,9.23368,8.04082,4.73413,0.228598,11.3062,9.87401,20.6211,42.0564,36.7157,26.9089,17.094,9.83965,5.40127,1.24272,4.57735,8.81996
0.0672557,1.56197,3.0621,2.80997,7.60592,0.116725,4.81198,0.686152,2.4305,0.99684,11.4272,14.0108,0.308014,8.54875,4.92342,2.36738,1.7642,3.77789,3.69245,1.5681,1.46393,5.32471
0.417521,0.773835,2.2091,4.01656,14.3849,16.3564,11.0239,6.8829,7.72453,5.4,2.1472,3.17077,19.4813,17.3238,4.46327,0.0152162,1.84779,1.13438,0.563344,1.64229,1.0496,2.9972
0.292473,0.552519,2.99169,1.05635,7.6207,5.45833,6.74034,8.11695,6.01657,6.05676,6.74125,12.161,16.7556,9.64471,1.33021,1.14775,0.855654,0.230721,0.0876591,0.431809,0.971619,0.535406
0.0948011,0.230423,2.54721,9.90049,14.1642,12.8521,12.5209,7.21627,0.0643054,0.628449,1.03067,0.553817,1.83821,1.00179,1.76962,0.199767,1.19605,1.70722,1.00857,0.620253,0.490666,2.97819
0.475417,1.16397,1.44746,2.77427,3.69084,8.00678,8.31734,3.25279,2.99794,2.44043,1.56637,1.31938,10.7713,13.4857,2.85219,0.884878,0.420249,0.187243,0.0815053,0.0891888,0.17395,1.13865
0.239786,1.29479,6.04173,10.7116,6.39304,0.388166,0.29548,0.315957,4.0069,4.01062,5.96873,9.67093,10.2249,7.92756,3.37052,0.14669,0.827672,0.149201,0.266891,0.0485007,0.366534,0.753961
0.140605,1.53827,0.914229,3.55971,1.17271,4.30418,1.85512,2.27877,2.74173,1.7841,1.61346,9.18117,16.5328,12.6168,2.16703,0.244539,1.69413,1.59762,0.645226,0.111673,0.141031,0.323266
0.0564622,1.92597,5.61098,4.81381,1.45548,4.90067,3.42016,1.36996,0.25055,0.966044,0.56343,1.40903,5.83619,7.00457,0.181376,1.6057,0.545938,0.421472,0.104553,0.192746,0.0623034,0.167716
0.116239,1.76332,3.53305,0.221794,1.881,0.437552,0.402928,0.550081,0.263206,0.39214,1.56961,1.2756,12.1299,12.1076,1.34538,1.58646,0.0865142,0.0544318,0.302736,0.178463,0.0716884,1.63723
0.0609047,1.76163,3.90092,1.17433,3.30859,3.18107,0.985789,0.0860932,0.277685,0.143772,0.0531306,2.05302,6.92987,5.61192,0.040196,0.380372,0.400022,0.274952,0.306897,0.291598,0.200242,1.8588
0.271458,1.9453,3.82367,1.2223,1.99219,1.17064,0.144709,0.0398182,0.00105667,0.288285,0.835921,0.378386,11.22,12.7977,2.43032,0.191898,0.63604,0.342017,0.321576,0.0316662,0.0301248,0.304161
1.54971,1.24075,30.8546,14.3088,54.2525,29.4987,26.512,23.3843,6.37194,4.50354,7.33093,1.13854,6.94252,3.89062,3.04975,1.23202,4.46693,2.04797,0.356538,2.99972,0.841572,3.20376
0.0977839,5.54338,52.3236,173.429,168.949,46.0093,11.2333,1.18429,3.77165,0.301509,2.10838,0.532588,3.73383,6.41613,0.0527766,5.60711,5.88752,0.749429,5.76483,4.05929,0.323167,1.37051
1.84151,20.9541,102.824,122.049,32.5463,7.70233,3.08777,6.45726,2.66533,0.147043,0.443164,1.72902,6.84003,5.58252,0.13827,1.09398,1.22058,1.68897,0.0586218,0.632899,0.641949,0.707068
2.85501,38.0628,63.336,18.6215,9.50382,4.06448,3.14532,0.0948429,0.367641,0.271411,0.208643,3.01269,8.48231,6.82212,2.10549,0.791005,0.371967,0.0410673,0.179221,0.274364,0.217864,1.51492
13.0166,33.3635,35.3884,1.60477,8.69267,2.1154,0.249653,0.0279718,0.133107,0.309388,0.379615,4.4157,15.3767,12.6585,2.33869,0.988688,0.977489,0.200023,0.0241254,0.0414912,0.0551021,0.134637
12.3316,12.3476,5.32921,0.104206,1.12309,0.321977,0.478976,0.0209141,0.196542,0.282708,0.319511,1.51846,1.35449,0.589027,1.48572,1.00244,0.384515,0.276068,0.0258976,0.0997454,0.114051,0.277017
7.0094,5.46646,1.95765,0.662766,0.122593,1.47891,0.869146,0.364088,0.0159104,0.0645733,0.612368,2.91869,12.4461,10.9551,1.63054,0.518137,0.33379,0.669559,0.401613,0.187797,0.161525,0.481669
5.52704,3.63588,2.50837,4.47872,1.14507,0.12465,0.0705633,0.167911,0.128799,0.0625762,0.280935,3.06857,10.7993,9.43353,1.94059,0.102574,0.167617,0.53053,0.385264,0.126805,0.0653653,0.0462038
4.78182,3.50578,0.756574,2.72746,0.497699,0.187558,0.224248,0.0110423,0.129904,0.186164,0.298634,1.40683,4.05622,3.37826,0.236562,1.3591,0.672046,0.434494,0.0783842,0.139467,0.290435,0.803068
1.95917,2.23635,2.64623,1.741,0.27383,0.146489,0.0286047,0.0457312,0.279426,0.0133606,1.3247,2.37439,14.7152,13.3339,2.41844,0.128222,0.0578317,0.0969543,0.16332,0.210495,0.0891581,1.39954
0.823468,0.62319,0.13026,0.0590252,0.00606325,0.134697,0.0554902,0.0947288,0.412749,0.166559,0.130808,6.14256,14.5977,9.87225,1.595,0.391386,0.10566,0.290913,0.113807,0.262902,0.377592,0.948977
0.202691,0.304854,0.160154,0.0349511,0.0385065,0.0544847,0.0595457,0.0647477,0.159985,0.00503792,0.427131,2.93447,7.26739,3.49864,0.104012,0.398381,0.0535043,0.321811,0.112226,0.0918779,0.184859,0.496458
0.0864931,0.0183754,0.0938967,0.024362,0.0257563,0.0202076,0.00869565,0.0335171,0.209228,0.18641,0.602026,5.5443,8.24302,2.75649,0.545675,0.460706,0.608283,0.541327,0.34575,0.171801,0.154034,1.12711
0.034665,0.0364012,0.008981,0.0232732,0.0397576,0.0199477,0.0425852,0.00207385,0.318029,0.146336,0.415468,9.3933,12.6514,3.44389,0.00661724,0.230766,0.17302,0.0130555,0.124507,1.05642,0.0758966,4.26868
1.37268,3.75053,19.6392,12.0655,33.7946,16.4802,22.9795,4.49004,6.4596,1.28114,3.47246,9.73103,9.05788,2.03893,2.05642,4.1283,1.20885,4.66305,0.396425,1.45784,1.84064,2.29687
7.74677,10.0237,39.8733,119.604,125.682,71.0512,14.305,1.47056,13.9906,8.28741,4.45018,16.0896,16.7927,3.3366,0.849428,3.72239,2.5518,9.14616,6.28277,2.25707,2.72705,3.82405
1.34269,18.8127,86.8243,118.257,50.6517,4.76506,10.4669,1.11788,10.4644,6.9579,3.44446,6.05441,2.51729,1.36861,0.464672,0.319784,0.821408,0.860787,0.624786,0.174858,0.0140235,9.87272
1.69095,37.7184,77.6873,35.3655,0.312028,8.02655,5.1454,1.80892,6.57995,5.32953,6.97691,19.3302,10.384,5.24261,4.67436,0.953818,2.26616,2.38026,0.180287,0.790355,1.74515,13.0175
6.62896,27.9438,33.1139,1.44325,7.76999,6.07862,8.6829,3.0264,1.30742,2.15,7.8854,21.2714,9.40808,7.67519,4.71195,0.055583,1.73548,2.32041,0.267403,0.505566,1.85239,3.0769
9.27618,5.12883,8.22949,15.9304,8.30569,2.6516,4.69597,2.34198,7.78076,4.6545,8.23925,21.8026,12.2214,5.9752,4.22086,0.957235,0.863912,0.357238,0.615706,0.534609,0.974713,9.04439
8.50874,3.65204,9.23773,13.5336,4.54479,4.07062,6.48269,5.53066,6.8155,4.25537,3.26393,7.36665,2.96052,3.61019,2.86963,0.242437,1.18331,1.44254,0.832291,0.107392,1.78456,0.111139
17.7581,22.574,6.19483,10.1732,1.77571,2.71248,0.720222,2.03846,2.52474,3.26279,0.456731,9.89007,12.3475,4.46185,0.644956,0.0939937,0.319208,0.172734,0.0269101,0.453776,0.705909,3.7651
10.4614,19.0082,12.1061,9.3785,14.8127,14.0733,11.3639,7.23614,3.88523,1.59457,0.714179,2.2882,4.41176,1.38562,1.60946,1.37147,0.270063,0.599277,0.119558,0.21614,0.656988,4.29579
7.98035,14.5269,11.2386,0.373533,1.66704,1.3604,7.59903,9.51491,1.29956,4.10951,4.54141,15.7902,12.2316,1.58484,0.581454,1.26063,0.387473,0.161957,0.0476696,0.139193,0.515054,0.838138
19.0595,38.2523,37.5691,5.45332,10.759,14.0171,2.57105,9.7294,8.27309,1.58918,3.06034,15.6788,14.449,2.21166,0.00647868,0.14772,0.0188702,0.89469,0.53915,1.02663,0.676688,3.80798
0.439236,1.37148,1.31443,4.65228,12.7813,11.4494,4.46867,0.686832,3.86054,0.733598,0.767487,7.37981,6.98016,1.31348,0.484877,0.552781,1.89051,2.3869,0.426782,0.802442,0.512396,2.67298
23.2823,48.7571,50.6037,16.4668,6.72297,2.615,5.89341,12.7059,5.12377,1.85847,7.50818,23.6823,13.786,4.52554,3.31508,0.257431,1.39736,2.90729,2.35569,1.36568,0.783378,1.84501
11.8698,28.0124,34.5219,21.8646,15.0033,12.0609,23.02,22.5663,3.76507,2.90279,8.48932,22.4601,10.9154,7.20087,4.76831,0.0576787,1.17651,2.19572,0.0698541,0.232974,1.30492,18.555
25.1038,41.3405,23.4423,5.3602,16.3488,19.3223,3.72723,11.6098,6.75222,3.05921,7.21108,12.5822,6.52114,0.370766,0.224155,0.161862,2.44884,3.9546,2.09576,0.712914,0.0240755,23.5325
31.6292,59.5318,42.8575,19.6082,31.813,10.7803,12.4167,12.2313,0.687197,3.03582,3.69175,9.93159,12.3455,9.76143,4.48888,1.28124,0.161913,0.777703,0.27334,1.18218,1.79313,9.97422
3.69867,3.35186,5.81435,0.601451,9.45007,1.38983,6.73178,20.6164,10.9095,2.19429,1.30324,4.75644,6.52223,8.16689,5.47124,0.936781,1.19987,2.66095,1.93212,2.14767,0.897867,4.85161
39.1271,74.7465,59.8972,4.6931,8.91514,5.42734,16.6155,17.6741,7.11366,2.41585,2.31239,4.66114,9.60046,6.29844,0.988394,0.754568,2.92149,5.37251,1.20405,1.63071,1.71169,2.82633
20.1918,40.7742,19.8956,17.4341,1.92794,3.07469,1.61646,13.7781,18.8262,11.2827,2.87195,11.5104,14.3027,14.0639,6.40692,0.0952331,5.05943,9.61714,5.90003,1.58305,3.94228,0.382869
28.628,58.5917,71.5352,48.0102,35.3912,3.62094,35.0792,30.9964,1.11591,5.29854,6.61218,16.0843,12.6945,11.5032,9.62953,0.637856,7.05764,7.68039,1.16867,1.25641,1.97564,5.34922
42.246,84.5604,91.4576,21.3341,22.7369,21.2422,17.149,17.1083,0.00755171,5.3651,9.93598,21.0062,8.54555,3.04657,0.236956,0.219388,3.69296,4.91336,2.63681,1.90585,0.303277,5.13138
2.13406,5.11221,5.65344,5.65513,20.2588,27.5683,27.6108,13.1057,6.36445,8.1201,6.40947,19.039,7.44791,7.85121,2.58474,2.85141,2.65285,2.99809,1.38476,1.08158,2.05465,14.4042
47.5596,91.1441,96.0298,33.0095,5.90844,2.66872,15.3009,26.658,8.58444,2.1303,0.692421,8.56766,7.44773,9.17444,11.9144,0.295184,9.54854,12.0976,6.49377,7.72434,15.1927,2.8297
23.2156,50.3948,64.2984,40.7723,26.3212,16.6869,0.649562,13.5321,12.6626,8.60644,0.825995,5.83645,6.1664,7.82187,6.4237,0.703593,9.25782,9.88669,1.01413,9.12647,4.45713,3.00612
25.955,51.8357,28.6581,15.925,14.1911,29.7579,2.21461,16.7922,13.5106,7.59531,9.44238,14.0519,8.4148,0.238406,0.605704,0.661335,1.86837,5.96904,3.77196,2.48933,4.30251,19.0987
50.5945,87.5826,65.37,18.072,32.3866,17.6363,27.3036,33.93,14.5738,3.3978,7.18011,16.7776,11.9336,7.90073,11.1915,2.66917,0.785652,2.69727,1.07436,1.15831,2.16812,6.89842
3.53524,1.45811,1.7025,9.82754,13.5231,8.62406,27.4841,13.978,8.10165,10.7942,4.76202,14.9015,1.53585,16.9559,13.6617,1.44046,8.87898,12.2996,3.32155,7.82157,13.4838,11.0537
42.9631,86.001,65.8548,10.0387,7.66227,5.15971,26.0142,22.2969,0.733325,5.77417,9.85083,13.2486,3.96629,12.7724,2.01708,2.52635,9.60686,14.3627,7.09443,8.53783,12.763,24.5758
30.7828,52.3103,23.3701,24.1554,1.64475,4.53196,37.0433,28.9403,1.29056,7.85066,3.43433,2.64663,0.501042,3.05473,2.46589,0.761919,5.35684,6.11531,3.4372,1.06115,9.37566,36.8346
30.9936,57.6245,69.0388,46.4436,25.4699,8.7334,22.6428,5.4786,8.33599,8.2465,8.8237,12.9847,2.5967,22.0053,17.4081,4.86023,5.76959,10.3863,5.53667,0.276963,0.895573,4.88886
54.9438,96.4971,94.616,21.3759,17.3676,27.0267,35.8619,30.3154,4.8962,2.61489,9.01791,19.0375,4.38148,5.59371,0.0691443,1.19176,11.158,15.8898,5.2012,4.59538,2.68943,17.5422
2.79911,2.17143,0.67248,1.98595,16.6156,28.9575,7.43764,19.0328,17.9918,6.16012,12.4927,25.507,22.7206,11.9026,2.16665,5.01115,4.16415,9.72406,5.0047,2.67768,5.36255,11.8789
41.5792,85.111,93.6417,38.2383,13.321,2.95246,8.64907,11.6195,6.31426,1.12133,2.59413,14.4193,15.5174,18.846,14.595,0.583087,2.75828,2.0819,2.13804,2.89712,3.09078,12.1638
31.5643,63.1104,78.1171,42.5729,20.9041,21.6404,0.943919,25.7843,13.289,2.45295,8.1889,12.4461,6.89491,4.68643,1.9832,2.7542,5.07415,6.7865,1.38342,7.35988,6.09572,7.2966
23.5672,41.8066,22.6289,11.9013,7.60644,21.0888,19.4717,8.92324,9.1051,8.6508,0.791514,1.185,0.948754,6.83778,12.0204,3.6956,7.2877,9.2006,2.38138,4.6657,11.6369,15.4693
47.1864,89.8686,80.2768,0.550951,19.8708,3.18276,3.84682,18.4988,1.07902,5.77164,6.47431,7.7879,1.30755,5.7236,11.2823,3.97069,4.03712,7.09294,3.49011,1.85219,4.88814,0.750031
4.63877,14.2649,22.5483,24.6905,25.8858,0.924039,40.0492,40.0088,14.4065,1.14458,8.62007,18.2788,12.9712,8.47306,1.96982,3.73768,1.91967,1.36138,0.751257,6.90697,12.2935,2.6639
45.4126,81.5572,55.5372,11.072,5.39297,17.5526,6.3214,2.53544,2.99382,0.794477,11.9318,34.1172,32.9539,26.8765,19.3667,3.93754,5.30188,6.53235,2.78301,7.51768,11.1249,7.26691
29.3388,61.4955,40.2518,23.2006,19.3762,17.9605,38.2524,33.0155,12.5546,4.94942,9.40002,33.1317,32.8803,14.2946,2.08108,1.42981,5.0534,7.3438,3.83351,0.00434356,1.40449,5.60763
17.7879,37.1525,46.6848,26.6807,9.07564,3.40969,15.6678,18.4317,2.71062,2.61496,2.93034,9.60313,11.2443,4.47907,0.941123,0.0762572,1.84695,2.1667,0.645926,0.692541,1.59424,5.04618
41.2812,84.6821,79.473,7.985,15.3207,19.7176,26.1913,23.0298,10.8943,5.83725,7.59689,44.4872,48.9301,20.5051,9.01648,2.80925,3.46724,2.70197,1.11316,2.52016,0.68073,5.99409
15.6567,23.6442,7.23247,8.3191,14.4402,10.9053,25.8027,29.1816,1.30069,4.51546,5.17507,19.5918,18.4681,3.0368,6.51505,0.0726231,1.25317,2.21778,2.11666,1.78762,2.20449,3.01196
40.8588,73.4723,82.2057,48.9729,33.2115,10.822,1.32959,5.09228,8.51414,0.292803,7.28208,54.7795,53.7253,4.21813,4.62885,1.79631,1.00538,0.833059,0.96843,3.32239,4.38523,1.0412
35.1385,69.6796,79.1197,24.3851,12.5912,13.3482,21.7193,28.2216,10.9009,3.31631,3.41592,11.4105,21.1644,13.3798,1.76071,1.3639,0.132995,1.08144,0.199755,2.24776,2.38253,1.51213
14.6039,21.6132,14.0328,12.5756,23.7794,12.8589,8.57626,14.5202,4.53677,3.665,2.22806,16.3199,17.9751,1.21714,6.73996,4.37762,1.51687,0.62159,0.0416448,0.691591,3.15897,5.05661
43.8073,82.4143,82.3883,30.5464,16.9896,7.15213,11.2562,17.0932,10.0601,4.79465,6.19515,10.7719,11.6206,8.0436,3.57889,1.72955,0.114775,0.813502,0.291063,0.566497,1.69335,0.739953
19.7921,41.6062,53.4966,29.5493,10.177,0.825185,15.2196,16.5939,0.974543,2.59644,11.8551,19.1229,6.5873,2.20196,0.383028,0.466168,0.0340616,0.0121295,0.456181,1.49321,0.827035,4.32243
27.507,49.1228,30.2606,10.7093,0.661126,3.80676,7.58209,5.38681,2.52398,5.2072,10.3293,13.2083,2.31747,5.77206,2.72688,0.250749,0.390375,1.27557,1.26568,2.01283,1.34322,0.551528
40.6531,74.5807,60.9914,3.77518,14.3558,8.42564,16.6173,16.6308,2.44573,2.4364,5.59379,17.4087,15.2838,5.96093,4.19548,2.18804,0.573381,1.57583,1.5848,0.756497,2.3751,7.80683
2.36731,8.10561,14.6317,14.6862,11.8145,6.86153,2.90224,0.757406,2.02515,2.92435,10.5904,22.5211,13.6436,1.32765,1.5783,1.21883,1.07964,0.280191,0.20978,1.00016,0.0766828,0.840055
35.1527,62.7492,41.6729,8.37543,3.84283,6.71219,8.70342,7.99379,0.0297368,1.54218,4.17439,0.220811,10.4369,7.51384,0.321864,2.38018,1.78395,0.614402,0.326246,0.256913,0.881321,3.38078
37.5858,60.5562,39.9002,16.803,20.4682,4.15561,0.371791,5.12782,6.19694,2.39322,2.37872,8.3463,7.43847,0.223718,0.12333,3.12451,1.62031,0.753837,0.173654,0.505961,1.30711,1.26757
2.43786,7.58136,11.4542,2.85339,5.91075,2.76836,0.685555,6.51223,8.50775,5.539,5.41803,3.86007,3.61258,6.99554,2.44642,1.87158,2.99057,2.86351,1.38418,0.477598,1.73415,3.99383
37.2061,61.161,47.919,5.0585,5.47243,8.16856,1.60419,0.583386,3.60073,2.48579,3.31961,6.05405,5.72227,5.07437,1.88102,1.0844,0.969887,1.91557,0.335181,0.277016,2.27038,4.06753
28.1582,45.4122,32.6243,3.66291,5.29217,0.450435,2.85166,3.44173,2.4697,6.18844,7.65551,10.1328,10.2894,7.16296,1.65752,0.115237,4.67633,6.10014,2.22665,0.127102,3.06023,1.85414
2.92057,9.71166,11.32,1.13868,6.81256,2.10181,1.17985,2.88754,0.2793,0.914752,0.196014,1.26876,6.18656,4.49761,3.06955,4.80562,3.6497,1.4006,0.762899,0.925229,0.41173,4.79893
28.6709,44.767,47.8943,4.51205,8.22085,21.4697,0.333122,15.7019,11.2927,6.67296,8.01691,0.533492,9.37906,3.10957,3.27224,2.33304,1.14167,0.492781,0.389116,0.532192,1.8603,4.53996
28.0464,36.4518,79.3364,157.678,161.695,80.6736,15.5131,24.2706,42.3175,22.1706,3.40649,0.493518,1.93667,12.0029,8.53013,1.35289,2.92277,0.758959,3.62514,2.58399,2.46969,3.92779
0.493135,2.72821,82.0302,137.535,40.4432,12.056,11.1214,11.3128,11.2445,4.03803,4.17559,7.28415,2.67369,4.39853,0.737202,0.458075,4.42303,3.41098,0.0485832,1.30265,0.217705,2.95832
1.69605,5.25352,11.6877,30.8958,14.3204,3.97002,10.3669,11.7527,10.2228,5.21955,0.518492,0.49825,0.594349,4.33686,4.17979,1.48884,7.33626,10.4122,4.74729,2.3599,2.3052,0.623285
2.28642,2.7045,15.3467,22.1184,14.9647,14.0382,4.56358,0.537644,12.9241,11.1881,0.636753,4.1257,5.53124,2.79726,1.03201,0.713766,5.27106,6.71571,1.57165,1.95317,1.6771,4.53127
14.9848,23.9759,18.0081,0.515765,2.45868,3.49219,8.06548,0.770394,13.0311,9.72462,0.150882,2.83018,1.82078,0.330853,0.285072,1.46521,4.71581,4.8107,2.36225,0.478542,2.38273,0.48795
9.69251,8.27997,2.26538,9.16215,5.85062,8.51642,4.04651,4.79877,2.14221,1.73959,1.0503,8.35994,9.86192,7.46075,5.71874,4.99363,9.68444,9.13104,1.42664,0.050194,1.77751,0.00760867
4.25254,1.78462,4.09903,4.32641,0.801577,0.624212,1.71178,0.723261,5.81105,5.64905,2.62137,1.16046,0.602426,5.68992,4.93122,1.76757,2.48967,2.83545,0.491138,1.58555,1.40077,0.131431
1.86736,1.54748,0.43103,5.84459,5.48988,8.17939,4.02081,9.81114,9.93601,5.02819,0.709509,3.73241,2.16125,5.18515,3.23324,1.16225,4.08004,4.36368,0.951894,0.262114,1.39813,1.81486
0.699967,1.1367,6.9343,3.79438,7.16645,3.60162,8.18636,8.39414,0.889025,1.37228,0.57553,0.783985,1.33403,2.81112,1.79996,1.71641,5.40718,5.65241,1.65638,0.271794,0.485316,0.498201
0.571021,1.2055,2.23507,3.61122,14.8031,18.8868,5.60361,7.82573,8.19922,3.16921,1.45332,0.848729,4.56993,3.32888,1.10198,0.117715,0.265223,0.757609,1.18667,0.0610665,0.841397,0.878636
2.25195,0.147017,6.83586,14.5392,13.6709,7.25437,11.3741,9.05289,6.52879,6.83094,0.277475,0.0644912,0.777229,1.63922,2.00199,1.42879,0.577559,1.68602,0.683617,0.30522,0.95724,2.03582
1.70995,0.659069,6.23822,3.82701,6.86448,0.803184,6.21628,3.67252,8.58419,6.11524,0.494283,0.662381,0.63145,1.20649,2.785,1.22416,0.74315,1.16913,0.158822,0.0142676,0.196689,0.00129675
1.21898,1.05282,0.504819,5.23246,9.56087,4.74572,7.3236,10.0462,2.43272,3.11734,4.21017,0.377162,4.53623,1.89059,1.27155,1.52187,1.13315,0.693934,0.531644,1.22586,0.688681,0.461744
0.113991,1.01496,5.60525,9.24146,7.70915,7.49438,8.57853,6.80387,4.93918,3.8792,1.31292,2.58355,4.17872,1.90671,0.559993,0.763937,0.150087,0.195248,0.287083,0.751035,1.49166,2.61495
0.225174,0.957698,6.3219,7.04559,1.9569,0.533856,2.77016,4.31812,0.939315,0.14012,0.121639,0.683496,0.0709372,1.75999,1.2675,0.462545,0.336255,0.1302,0.0449886,1.1232,1.00728,2.22221
0.405902,0.232575,1.07638,0.919394,2.06597,4.60529,7.81729,7.56826,2.65684,0.692611,0.47447,2.23054,0.737337,0.949444,0.0513831,0.330217,0.272453,0.146898,0.0230159,0.357157,0.305447,1.18137
0.164486,0.548427,3.28028,1.66906,3.63418,2.32793,0.729406,0.868691,0.979926,0.559187,0.904787,1.81465,0.547501,1.21653,1.26943,0.435516,0.241886,0.248494,0.0842634,0.189407,0.0445557,1.34662
0.0239276,0.395721,2.27262,5.13676,6.64567,2.30381,5.69501,7.01249,3.3006,0.951263,0.0717975,0.866226,0.930907,0.0331065,0.216047,0.386729,0.184444,0.0541783,0.236537,0.565685,0.636668,2.48867
0.0984077,0.213585,0.0523771,1.82439,5.03397,3.50815,2.92715,3.27715,0.30991,1.20607,0.661228,1.05647,0.28588,0.054281,0.191678,0.118338,0.142241,0.208939,0.404106,0.148728,0.181282,0.45445
0.00139317,0.125972,1.01938,0.718356,3.78564,2.5514,2.78624,3.8092,1.7523,0.87444,2.69612,5.5381,4.05557,0.198354,0.844868,0.646747,0.513605,0.305906,0.186759,0.19252,0.168764,1.25539
0.145717,0.0835094,0.270803,1.33919,2.41536,0.541249,4.65048,4.71851,0.396569,1.64897,0.524743,2.91798,1.93366,0.430548,0.340406,0.263694,0.292108,0.0638687,0.0308892,0.396938,0.297789,1.24656
0.0073197,0.0448353,0.133998,0.143294,0.41849,0.744513,0.458376,0.766001,1.17845,1.20572,0.564886,1.54025,1.67901,1.60367,1.07603,0.206576,0.224551,0.14866,0.140646,0.360157,0.388709,0.187887
0.0744989,0.0143083,0.0767638,0.526046,1.81391,0.503265,4.62159,5.35247,1.20499,0.205822,0.983938,1.99885,1.86079,1.11607,0.364098,0.0288793,0.104668,0.384068,0.502134,0.650098,0.61608,0.558185
0.163341,0.0605847,0.107356,0.865369,2.77487,2.96186,2.04954,1.39094,0.99688,0.556315,0.180803,0.461316,0.945462,0.113269,0.251012,0.0270245,0.137199,0.0692461,0.122574,0.0348638,0.251797,0.0309648
0.0374282,0.014336,0.0480451,1.0971,2.56119,2.57514,4.3213,4.74718,2.10637,0.841787,0.307267,0.114991,0.565013,0.530417,0.176818,0.195294,0.107948,0.253498,0.327585,0.0400142,0.18062,0.679916
0.0744383,0.0424439,0.0914022,0.487857,1.24882,0.667193,3.64178,2.99224,0.498771,0.0465401,0.146059,1.02938,0.92988,0.613247,0.65201,0.291378,0.518346,0.437772,0.343683,0.139431,0.916602,0.521128
0.1333,0.113497,0.0656223,0.038314,0.0442515,0.85585,2.82013,2.64972,1.10604,0.465813,0.244095,0.640191,0.331861,0.84111,0.925753,0.109052,0.132555,0.135052,0.24791,0.640225,0.568611,0.171578
0.086534,0.214689,0.0729316,0.624672,0.694543,0.404339,2.93547,2.86036,0.310239,0.349989,0.991597,0.483129,0.0411086,0.0255909,0.827287,0.208861,0.0163101,0.82263,0.227289,0.241295,0.507774,0.0584522
0.115565,0.767393,1.55729,3.38833,5.93875,6.33922,13.0941,12.7081,10.8719,10.1882,3.06759,0.366562,0.776885,3.99817,7.30054,3.68254,4.18533,7.87008,4.6226,1.63566,4.2323,4.78181
0.12125,0.199918,2.67937,1.99301,7.8962,18.6886,15.0461,2.90278,0.748582,0.144012,2.33329,3.83723,1.70324,4.80713,6.33924,0.191594,9.21957,11.082,3.41878,2.8465,4.52064,3.48884
0.676099,0.0887541,6.58439,11.0666,7.5356,3.86718,3.17315,10.6017,13.3687,8.36222,4.54163,7.866,10.0516,13.4658,7.74218,1.6594,4.14493,4.22573,1.39828,0.834129,1.96178,1.53944
0.0250163,0.699058,7.90166,11.2665,6.41748,11.1479,7.7467,0.164242,9.05601,9.40026,3.6417,11.6774,15.1391,19.7267,12.0612,1.25367,5.02729,7.09144,2.35341,0.152013,0.410516,2.82881
0.577707,0.187503,4.82159,5.76878,4.18699,12.3601,6.53739,1.48662,0.507381,0.0646914,4.85945,11.858,10.5866,9.46359,5.15785,1.18182,8.14904,10.3247,3.29654,1.16617,3.573,1.25135
0.314296,0.477382,0.0743092,3.98434,6.41571,3.96324,2.07664,3.65271,7.92221,8.79391,6.58771,11.54,4.84927,2.57759,1.217,0.955056,3.12801,3.2425,0.807404,0.361191,1.8138,4.1758
0.16061,0.767869,5.5035,12.768,11.538,5.07684,11.8588,7.14459,11.6114,8.94998,3.23824,9.43087,1.58865,9.12816,6.10537,1.75249,5.96495,6.42714,2.07956,2.3676,2.33832,0.875427
0.199933,0.809455,8.2467,8.34036,6.96036,11.7228,0.393797,8.62204,6.58742,2.51566,3.19566,7.34243,1.04663,10.399,7.86082,1.46441,4.26848,5.30836,1.12159,1.24693,1.57019,0.762079
0.255002,0.649583,6.44876,11.5449,11.9768,16.5931,16.1947,8.26713,6.41969,5.22857,4.27435,5.83815,1.54673,9.1009,4.35635,1.1217,2.10141,1.12937,0.191791,0.0912874,0.69832,0.131095
0.156901,0.0364558,1.01348,0.296519,1.3546,3.08915,0.14277,11.3465,12.8074,1.5828,6.10112,4.18437,3.60811,9.63216,5.92983,0.458658,1.22292,3.19803,3.69619,0.748811,1.10632,1.14276
0.207059,0.414114,4.90882,5.86135,3.55949,11.3845,14.5499,1.0032,18.5203,15.1928,1.13,1.63927,2.26298,3.94865,1.73906,3.11606,2.91746,0.625838,1.22925,1.66599,0.595235,0.36617
0.0727832,0.979222,7.74164,9.89465,4.58895,4.38853,0.240181,10.6179,13.2528,7.1734,0.856786,0.429938,0.0559454,0.761065,0.268358,2.56191,7.26005,8.89167,3.95271,0.654188,0.535267,1.32342
0.183002,0.49325,4.27394,6.54698,2.62177,4.25573,6.62335,14.8032,36.7311,19.8018,0.997414,0.587731,1.4947,0.728003,1.36181,8.56547,16.8512,13.1846,2.50604,0.510652,1.40466,1.11831
0.124396,0.255614,1.81103,2.23439,3.29276,4.95426,3.01538,14.9853,29.3187,16.3042,1.67004,0.729181,0.23422,0.186647,2.03484,3.4635,2.02118,5.51962,1.71267,0.172558,0.136076,0.296938
0.00347761,1.00598,5.899,6.588,0.917359,1.6542,0.306581,6.76917,9.0285,2.65575,0.678942,0.950587,0.246615,0.571135,3.77433,11.8419,15.304,10.6454,2.22958,0.372454,0.297275,0.28854
0.138057,0.472534,3.14527,4.65064,1.77148,1.19574,3.54676,20.5001,34.5729,18.631,2.11298,0.0272568,0.508085,1.04771,4.912,18.1915,24.7559,16.541,4.1074,0.0127308,0.178418,0.253937
0.00077711,0.497922,1.65695,1.39893,0.9896,0.855364,0.195243,8.90556,21.9972,14.6282,0.930385,0.198161,0.62376,1.3413,3.10906,13.9739,10.4189,1.65803,2.28013,0.143523,0.448113,0.632734
0.0390741,0.76173,2.8684,2.80794,0.045148,0.802076,2.30039,9.76096,9.69407,1.27576,0.0625459,0.807521,0.115492,0.0334622,1.10965,10.95,26.5758,23.801,6.05879,0.679903,0.252107,0.225245
0.23065,0.278299,0.158046,1.02147,1.19486,0.304743,0.59215,19.8316,39.3212,21.266,0.365383,0.225205,0.00355769,0.501478,1.69602,14.9056,30.9829,22.7297,4.20542,0.741013,0.368804,0.49917
0.462195,1.48418,1.89734,1.07995,0.876625,0.489243,1.26995,16.6847,41.9075,26.3878,1.05867,1.6392,0.241585,0.947388,0.856081,17.836,30.6199,16.6166,1.95972,0.139257,0.825582,1.44383
0.334905,0.0820779,0.614735,0.233822,0.763809,0.785736,0.196506,9.97829,20.837,11.3291,0.858759,0.881247,0.174645,0.800423,0.420454,9.9127,3.24582,22.5554,9.42692,1.31658,0.23392,0.0420247
2.03109,4.33872,4.18933,0.41541,1.08661,0.467755,1.07758,4.72515,0.0567834,6.61853,2.81019,0.231543,0.342985,0.17223,0.275522,12.3001,32.9149,25.2768,3.76805,0.727793,0.0267379,0.417645
0.690547,0.567103,1.94411,1.06299,0.260872,0.636798,1.30557,1.67681,0.0288306,4.60329,2.0132,0.00669706,0.230995,0.780202,1.27322,8.19743,33.5907,28.5878,3.97998,1.38727,0.435466,0.293984
4.98687,11.2461,11.0715,1.92608,0.0429263,0.367364,0.0919779,11.6667,24.2641,12.7861,0.331423,0.0558369,0.0573846,0.1224,0.379624,7.00175,3.00411,12.0409,8.12544,0.0404803,0.0707936,0.352591
0.768778,2.48501,5.28939,2.11718,0.0999279,0.463529,0.188406,18.4788,47.6579,33.5473,4.5356,0.571812,1.04319,0.402532,0.177656,7.7524,30.8048,30.3323,5.96669,2.15582,0.291004,0.39913
10.9101,23.0329,22.3038,3.6499,0.254374,0.150291,0.957139,8.92352,29.5429,22.6971,2.71412,0.775524,0.159697,0.0398165,0.621474,3.63007,3.54363,1.48137,1.06442,1.44916,0.205467,0.462307
0.0265678,6.09273,9.28532,2.51735,0.690635,0.219633,0.216808,2.62704,9.57271,9.84549,2.36384,0.514824,0.0911881,0.214458,0.425839,6.90954,17.5506,13.7723,2.492,0.892579,2.06322,0.482776
15.4721,38.34,36.1866,5.4145,0.568835,0.564849,1.5705,8.80737,20.9826,13.3238,1.09538,2.02212,0.199701,0.563717,0.727356,1.91325,14.8162,12.357,0.998056,0.723891,0.733916,1.57828
7.48772,13.933,21.2407,115.014,124.781,52.6019,25.3286,18.3773,8.62602,7.38514,1.47804,0.111091,7.3945,8.39178,5.3081,2.8644,0.0125276,2.82986,6.70984,6.93825,3.02382,0.153141
10.4705,13.4843,50.7837,75.4367,13.1672,20.8799,5.92632,8.86842,0.211167,9.52025,5.27409,6.07292,8.23032,4.10567,5.89785,7.10349,47.541,58.7983,18.9227,4.60061,2.51375,4.10538
6.19604,54.205,132.565,94.0055,4.82479,3.4412,1.16325,4.83747,4.20435,2.61308,2.34266,4.91228,2.74882,1.31023,1.77078,4.46145,46.2086,57.2711,16.454,1.09878,0.0490728,1.18051
24.1748,70.4911,80.0788,12.5846,6.73519,0.115097,3.57589,1.24034,1.59723,2.07674,2.256,3.29523,1.80235,1.81487,1.14608,2.99918,19.5367,23.3646,6.00721,0.776437,0.851826,0.210522
15.3683,22.631,7.3961,15.8792,8.41734,4.16328,4.29834,1.71307,4.9799,4.33555,0.0627368,1.75404,2.04455,5.34928,2.64748,13.5546,64.7281,71.3779,17.7128,3.57382,1.16918,0.307275
15.3486,29.0861,34.4229,16.1741,1.52966,6.06315,1.06013,0.259576,2.16098,2.50003,1.15977,0.603957,3.07593,6.80508,3.90201,1.61808,14.6657,28.7185,10.8693,1.37974,0.300169,1.53242
22.6038,47.6491,49.6949,18.5292,15.5132,15.4328,2.16877,5.44217,4.9876,3.74574,1.07883,0.293986,1.82977,4.01943,2.48106,0.640479,7.68052,9.35697,1.93253,0.849358,0.602838,1.14438
2.80673,5.02109,7.68636,8.7651,7.37598,1.17133,0.441076,3.1896,1.66896,4.27129,0.667801,0.522453,0.745659,1.51116,1.54194,2.67774,25.7044,34.3282,10.3348,1.22027,0.192421,1.15168
30.8594,59.387,62.7054,21.6886,7.70921,10.3474,3.77728,7.45168,9.48264,4.58252,0.137757,1.1335,1.47542,1.32576,1.79019,1.58416,28.0882,39.4766,12.86,1.08734,0.0546237,0.211181
13.9505,25.4518,30.2839,14.0902,2.56481,3.58607,5.12323,6.78102,9.75683,11.9514,1.88369,0.650333,1.63656,0.544582,0.220401,0.595876,14.4965,21.848,7.23757,0.644538,0.238832,0.0327076
24.2798,46.9953,34.8207,9.12667,10.1555,5.27261,17.0204,15.2869,7.23651,3.38092,0.885051,0.698901,0.589471,1.28812,2.04611,0.922473,5.83328,9.93584,4.44592,0.449313,0.030142,0.237241
27.4644,53.9939,42.316,8.71698,13.6693,2.97187,1.25011,6.03963,14.4121,11.6748,2.27952,2.34856,3.41217,0.949699,1.08749,2.97119,28.0581,36.6451,12.0733,0.142551,0.823684,0.18408
13.0423,22.6508,25.149,4.52065,15.0018,7.18942,13.1294,19.371,18.3736,11.0056,0.389947,3.97124,4.77098,3.30328,0.213152,1.21276,9.79561,23.1827,10.8422,0.852467,0.00637372,0.603567
35.2249,71.7112,64.8605,14.9333,14.448,9.04084,10.7572,20.3391,11.4653,6.50248,2.93063,0.257648,0.250323,3.75787,4.99387,0.0409307,11.5714,18.4705,8.44874,0.357871,0.311708,1.17943
13.2518,24.1527,14.0211,14.3595,16.4577,4.67768,9.75459,10.0404,7.12034,11.5944,2.81503,2.65722,4.30509,1.84956,0.956245,2.05032,14.5299,16.7168,4.1548,1.02281,3.06833,1.96651
31.6391,63.9589,73.9516,35.9156,10.6963,5.18653,1.58353,11.8447,11.3486,4.45498,2.11504,6.56767,7.1415,5.86431,1.02238,1.23774,1.84833,0.722161,1.2258,0.000540648,1.537,3.41314
32.7335,67.7352,80.9589,31.2563,7.61315,0.29666,31.7588,25.5491,10.926,14.9369,3.0429,4.36287,2.29134,4.47518,7.28689,1.78678,21.2515,26.2951,8.5406,1.5541,1.90591,1.58751
18.4208,29.2665,15.6132,20.678,28.7431,20.6643,22.2513,25.0297,14.1922,3.8574,1.89152,2.34491,2.75237,2.08454,1.43409,4.05653,23.7927,29.9054,9.98088,2.24524,4.51904,4.12609
46.0009,89.4325,81.8344,20.2965,19.0016,26.4129,23.5281,11.1723,6.96955,9.84298,3.91348,2.01686,1.36163,2.70933,3.12847,0.0684503,0.658092,3.50804,1.48057,1.45965,2.45316,3.90939
15.9664,30.9213,42.5031,26.7741,0.206944,8.39064,15.3432,26.557,10.1979,1.90034,2.83499,5.4846,0.793282,3.55655,9.87894,1.53558,14.7029,16.5009,1.65276,4.00069,0.741666,3.89927
41.5884,75.3798,45.9016,22.87,3.08068,17.4215,2.41531,13.7108,19.9695,14.8987,0.762848,7.45236,4.90989,4.9482,6.08935,0.36299,14.7127,16.0473,2.91345,3.16303,2.57408,0.359311
41.716,76.4661,48.3726,30.0266,35.9132,24.6906,3.9965,25.6959,32.0079,17.2297,6.83622,10.3119,11.4266,4.52301,0.0535324,2.79307,6.27483,5.72212,0.797266,7.78974,12.8487,8.28109
9.49398,25.1589,37.0903,13.0552,15.5118,15.3572,23.3549,27.8167,4.62051,2.93443,0.299275,5.53503,5.98793,8.89191,13.6685,2.80793,11.2315,17.4597,8.93678,6.52422,7.43313,0.824126
46.7082,93.3737,82.3465,15.9606,13.9368,4.10515,31.1762,14.4753,15.6842,16.4949,3.8488,2.43151,10.3666,17.4958,9.55227,1.50475,6.84716,13.0177,4.3107,2.06785,4.99646,4.17389
17.143,30.2434,11.0399,26.5233,18.3399,4.69755,22.3934,15.287,11.1389,14.0704,1.05735,6.91096,12.3023,10.1556,4.45844,0.619385,11.356,17.1229,6.02728,1.94949,4.68574,1.08377
43.6393,83.4448,97.8066,50.4336,15.6898,13.734,41.4172,32.4184,0.149368,5.87151,3.99154,8.99563,1.81761,21.0831,18.0363,5.58442,10.8591,13.6274,3.15024,8.49355,12.6759,5.96465
43.2793,85.5082,98.8908,38.8128,1.76032,3.70472,10.4053,10.3854,25.9824,16.9861,5.39717,8.08231,8.22368,24.775,10.6867,0.173194,2.47252,5.72213,1.06906,10.611,15.258,7.77019
11.7569,22.3214,11.3279,21.9162,28.2771,21.5859,29.4456,33.6125,20.73,7.59186,3.09716,8.65935,0.666766,11.7081,11.1778,0.475639,18.2232,22,6.04713,1.80784,5.3254,0.951047
52.2935,100.258,97.743,30.6186,24.453,28.8442,2.28529,26.6985,17.0984,8.23119,4.08361,3.52603,13.3135,22.6987,19.2736,9.57974,15.0655,18.849,7.07295,0.346881,5.31691,4.46797
21.3542,40.757,54.5767,30.2498,3.26707,10.8751,1.30665,8.5867,13.6708,10.837,1.35835,1.88856,6.7631,12.1216,0.836605,6.02872,0.471366,5.28001,5.6096,6.56664,4.14585,5.64677
39.9995,71.5174,41.4033,29.6115,11.7412,20.4956,1.42586,26.9011,11.3396,1.83817,0.692144,11.0817,13.4152,3.13831,12.5614,2.42856,4.48717,2.76263,1.85426,6.2859,9.1665,6.05511
46.1931,84.8048,60.2604,16.8135,20.1744,19.4088,34.0459,19.9876,16.5267,21.2993,11.9817,18.2664,17.3877,15.4829,13.8033,9.03211,10.843,10.0096,4.31409,6.15131,9.92194,5.51505
8.69444,18.8139,21.5945,2.45125,7.55954,6.31603,0.670229,1.52203,32.2454,31.2901,1.15368,12.6136,6.87758,4.77661,3.20906,2.14787,3.24535,1.21592,1.71242,9.57149,10.2824,1.02019
50.7817,95.3926,74.5938,1.16653,3.24252,13.0385,51.8036,51.6324,16.9916,6.20016,2.2998,10.801,9.03482,20.0728,25.2479,7.76192,8.37339,9.63344,0.527235,7.84665,11.6195,6.1714
27.6634,43.6132,17.5949,30.4486,26.1778,16.7008,14.9804,21.6962,36.6429,26.1132,6.9649,6.7211,12.8799,11.7684,1.28628,6.97401,7.41278,9.05994,2.62507,0.757317,4.45254,0.785375
36.9371,68.8803,81.3726,38.875,0.0742627,26.5246,43.2769,47.4337,40.8785,21.7882,3.3304,1.6549,5.32188,8.52078,4.46476,4.43933,6.47318,3.18418,0.518871,6.94526,11.0715,3.47562
43.7877,85.0388,87.3654,28.093,4.88547,2.93465,25.0672,37.1388,17.7037,1.93728,1.75563,4.80973,11.7055,20.5528,19.3091,8.91988,0.662906,4.70426,1.73169,9.31937,15.7064,6.825
3.75561,7.18588,8.00268,0.675774,11.7819,19.7495,18.0821,23.1382,38.7979,28.0275,2.69135,6.92271,13.8062,18.9458,10.6088,2.89582,1.21514,3.06379,2.61003,0.637242,3.02079,1.11575
46.118,89.8606,93.7739,39.2558,24.0928,11.3372,23.3141,30.4193,7.84003,17.9087,6.22886,6.64444,4.12506,8.02774,8.7522,0.453741,5.56291,7.79678,4.94659,1.1779,3.15898,3.95886
25.7281,52.4561,66.4631,26.7837,12.2771,13.3296,10.4565,2.97989,18.1952,11.8172,3.59225,7.43194,3.09723,0.41301,0.600078,4.66464,9.53138,8.87765,3.2405,1.40584,0.0783056,4.1177
26.8521,49.0689,28.1158,30.3253,31.1883,6.78898,11.2547,7.38858,24.5773,19.332,2.46513,7.37946,6.01468,2.93509,6.21868,1.66938,2.028,5.69061,4.48686,1.39491,0.901213,2.2035
44.3456,85.5126,69.2002,3.4765,11.0951,8.62828,25.2418,37.3315,31.5583,19.7898,4.97727,3.06,1.86329,4.9578,2.50385,4.71446,6.25072,2.72194,0.575702,3.40627,6.01701,4.2249
6.327,8.03102,9.97841,5.2699,5.92822,10.9632,4.82668,5.72244,12.8066,8.21432,0.17452,0.936318,9.75818,15.6532,8.60422,0.326184,1.66982,2.25477,0.400435,3.96677,4.53965,0.445458
46.3217,80.0506,54.7628,12.7356,4.05919,0.254834,27.9529,33.2923,16.4359,8.56477,3.27307,0.808418,3.06843,1.56366,2.46216,2.76777,0.465234,0.376008,1.012,0.451758,1.2117,0.898628
34.877,60.7711,35.5252,26.2758,26.1961,14.7506,15.2147,5.93363,12.7027,12.2417,1.1138,0.0325814,5.40171,7.28966,2.60704,0.0488892,2.55307,4.34011,2.20904,1.31951,1.82795,0.518794
16.3365,32.7508,41.5393,14.1365,12.2541,13.5452,21.5272,21.8812,4.20023,10.0075,1.45956,1.53654,0.979388,2.07153,0.310619,2.90903,3.96052,3.81754,1.1045,1.59081,2.50604,1.31322
43.4959,81.7316,71.187,17.6377,18.9134,7.05074,18.5411,18.259,3.63031,1.93471,0.387402,0.876869,3.96217,2.22276,1.19375,0.680349,1.66662,1.01005,0.00290604,0.128401,1.12771,0.159306
17.6759,26.4952,10.3359,22.7391,25.598,9.18608,9.23827,5.82561,10.8926,10.2136,2.70786,2.40646,1.07686,2.60891,3.94989,0.935158,3.45807,4.07476,1.34948,0.514233,1.04856,0.648505
34.4541,60.559,65.7416,20.4243,10.941,13.1665,12.6159,16.2805,16.8169,11.4242,0.707744,4.35043,4.66804,1.80062,0.0676288,0.602988,2.94964,3.7666,0.834884,0.416837,0.0857455,0.176332
37.6716,70.6173,70.0298,27.9,16.7059,7.2229,3.72166,7.39188,5.26961,0.248378,0.0882486,3.14321,0.970892,3.08447,3.70866,2.71035,1.59116,0.477221,1.46963,0.738078,0.641848,0.819107
0.179914,0.55102,2.86057,7.79685,11.7335,6.48685,6.5949,12.7133,9.74271,4.58819,1.96224,2.47242,0.385392,1.56303,0.571914,0.262453,2.45923,2.52165,0.676285,0.198822,0.159313,1.1738
35.6376,66.7264,67.1467,17.253,5.00325,5.92107,5.15736,3.55206,3.9087,5.23612,0.0775996,2.16445,1.7301,2.88612,3.56757,0.758577,1.85884,1.89377,0.614439,0.371583,1.44295,1.63503
34.3613,57.5123,55.1188,19.609,5.10927,1.82082,0.430971,3.79095,3.44482,1.21891,0.707613,0.968969,2.49366,3.59597,0.146891,1.70541,0.0323884,0.293062,0.0339182,0.407253,0.0284988,1.14907
7.51736,12.1474,8.98136,0.162123,0.532159,1.61885,5.24776,2.2719,6.65619,6.69636,0.884671,0.943216,0.131366,2.39048,1.16074,1.2594,0.82747,0.327381,0.939596,0.320629,1.79241,2.39969
35.6206,60.7802,54.0505,10.4908,1.15777,4.73209,6.87341,4.54211,4.391,2.98805,1.24733,1.38981,0.731142,1.65391,1.85087,0.656707,2.28934,1.27645,0.364066,1.17429,0.50383,1.15897
27.1337,45.4857,40.9272,9.31066,0.0885003,1.84926,4.69543,2.07765,0.852028,0.129729,0.604955,2.38838,3.29784,3.07548,0.0551962,1.66013,0.612517,0.0921716,0.443629,0.72679,2.07221,1.46277
19.6518,7.62363,24.5944,61.8446,102.599,19.6015,19.5678,12.4487,10.9988,8.12403,11.9856,14.4968,6.53653,0.184352,0.312035,0.257088,3.1605,5.35767,0.552887,4.98778,4.83363,2.2628
9.07079,1.25645,8.39398,35.5228,81.4385,61.8327,6.9313,6.7061,2.79748,0.889693,2.21337,11.8203,9.19211,2.76868,6.30139,5.52486,7.8172,9.17103,3.80081,0.223862,0.379381,2.72031
5.48886,2.60198,25.4171,7.76504,16.5075,2.94874,2.75244,3.50218,3.29123,4.15128,0.214841,4.55836,3.23034,5.30525,5.27428,0.586588,1.01137,3.54241,1.39973,1.61506,0.455486,0.245555
3.79619,7.53979,24.9739,22.6753,2.67762,9.53221,7.5517,8.00088,2.29702,11.7839,2.8297,1.31293,1.95735,5.64772,3.74397,0.912635,7.78626,11.1477,4.49269,1.74605,2.02823,1.32732
13.7827,23.0111,11.81,6.31569,0.416589,6.00824,23.3213,20.3533,3.43047,0.572371,1.37782,4.85252,1.71667,5.77702,5.53287,2.48927,8.56909,9.87678,2.31095,0.399037,0.658961,1.4026
6.1135,2.08829,3.10576,2.5409,5.72201,6.21018,5.14483,2.39632,8.56097,11.1857,0.236861,5.17267,1.93006,1.61589,1.25281,0.481124,0.278469,0.398313,0.264159,0.719537,0.101633,0.127116
3.00832,1.56667,1.94814,1.43861,3.25762,6.85209,30.7626,32.6291,18.2083,9.01006,4.17248,5.34973,6.22833,5.7909,1.8343,0.267424,7.7625,8.41195,2.32072,2.37341,3.58798,1.23937
3.392,3.61957,5.53729,7.42847,9.44284,15.59,17.9952,10.5392,4.38917,2.0043,2.93481,5.98206,7.51835,12.0711,8.31297,0.749483,0.535373,3.31307,1.48767,1.03272,2.84046,1.47162
3.43167,0.937877,0.331124,1.06916,3.59161,12.045,24.2101,26.7522,20.6456,13.1973,0.386124,5.61484,3.65492,7.89257,7.40651,0.0569688,3.2886,2.30342,0.591915,0.192788,0.147948,0.670264
2.65909,3.28962,6.82805,8.675,3.76134,10.4671,28.6069,23.4647,2.06065,3.07519,1.83221,4.33579,2.39614,2.04298,3.21374,0.919612,0.496881,1.1218,0.953955,0.506128,1.06357,0.776962
1.8272,1.8769,4.30401,5.32024,3.43453,7.11455,7.31862,6.08881,13.7289,11.4407,3.23582,3.85753,2.33928,3.79404,3.87315,1.09018,5.41963,6.16517,1.79971,2.09393,3.03072,1.55155
0.29561,0.0936775,1.19155,3.77818,2.52844,8.95203,23.8363,16.2954,9.60121,12.9364,0.303901,2.93512,1.29239,1.386,2.12428,0.717745,5.21917,5.58392,1.34706,0.864267,2.37971,1.44591
0.412945,0.248428,5.04453,3.37404,4.14174,2.72981,8.94923,10.4979,2.88526,3.59286,1.37933,1.48408,2.51125,4.52509,3.33812,0.248617,1.58139,1.73672,0.299412,0.3225,0.324764,0.0824612
0.632614,1.11951,5.34886,10.8366,12.9465,11.4732,10.1619,2.99594,27.3287,22.5985,3.43454,0.505439,4.42537,9.04746,5.80827,0.967672,7.17672,8.25769,2.87606,2.56298,2.62969,0.181234
0.202394,0.266824,1.05691,2.7182,10.3241,3.29024,16.5988,25.038,23.9232,15.1991,1.0892,2.15758,6.10363,13.1469,8.1918,0.11987,3.63414,4.1007,1.41542,1.30108,1.55397,0.0479415
0.939567,0.975702,3.76101,0.428052,8.46785,5.17795,6.34852,13.9778,16.4435,10.7292,1.17971,1.6593,5.48095,10.6039,5.9724,0.541539,3.91126,5.85331,2.21202,0.672046,0.955964,0.320753
1.26805,0.089736,3.5036,8.39948,9.08225,6.22347,11.6082,23.6812,34.4902,24.265,3.97752,0.0988849,1.06417,3.54764,3.84494,1.74135,7.25482,10.0097,3.34476,1.84294,2.74909,1.32375
0.461972,0.187291,0.276675,1.50659,5.86484,0.540199,21.6908,22.293,5.9011,11.4348,0.706234,1.54058,1.58352,5.60456,3.47616,1.20876,6.35364,7.77157,2.79058,1.92092,3.47523,1.48904
0.107693,0.379193,1.64481,0.395988,2.59,1.26802,1.98927,0.240097,12.9251,13.1539,2.0985,1.70784,2.67192,10.9696,8.57306,1.8631,1.8656,1.29086,0.272687,1.94117,3.01487,1.14355
0.182322,0.144057,1.0636,1.62158,0.294854,2.33743,18.0779,14.0877,18.1295,20.0758,2.5575,0.00377658,2.77479,8.89009,6.4287,1.11755,4.50935,5.79655,0.70195,2.25924,3.30351,2.24194
0.109233,0.0846635,0.39784,0.756398,1.75272,3.11093,13.5286,19.956,14.574,7.97822,2.42949,0.839813,0.511426,0.446125,0.0293363,1.93175,6.89816,8.66919,3.47309,2.00139,3.40043,1.38061
0.0678178,0.0609309,0.370024,1.54755,3.1945,2.58405,3.45211,1.69142,16.9187,15.7108,2.78824,0.913238,1.49838,8.87782,6.46912,0.596391,3.55281,5.01432,2.47244,2.19041,4.85864,3.44924
0.204405,0.152734,0.0502677,0.880188,3.92638,1.11483,11.7595,21.7665,26.3407,18.192,2.75989,1.33421,2.5817,9.72958,7.8929,0.922489,0.463263,0.933594,0.28088,2.00351,4.09127,1.6226
0.0897121,0.0819222,0.029334,1.32137,2.07535,2.21384,10.9425,14.2434,5.6421,1.65502,0.473312,1.01501,0.428031,1.46988,1.0907,0.748546,0.0292936,0.842115,0.366862,2.50746,4.4424,2.32725
0.0440275,0.0668076,0.0138504,0.56425,0.688925,0.132425,2.14395,10.4923,23.8491,19.7374,3.87939,0.0344581,3.01437,6.96102,5.09336,1.05724,1.22291,3.57161,1.6214,1.82509,2.17391,0.49997
0.150643,0.0248129,0.0363662,0.526006,0.164001,3.43763,19.6964,19.5509,2.78082,7.7616,0.722234,0.567268,4.84513,11.3631,7.8455,0.251574,5.49388,7.78106,2.85447,1.43625,1.29337,0.317893
0.0642383,0.0183685,0.148957,0.617192,1.60366,0.48796,1.59364,4.0555,18.0469,16.1076,2.35412,1.12231,3.26246,6.58677,4.4186,0.498018,4.32313,5.92314,2.36325,1.50616,1.521,0.334681
0.0546013,0.0857915,0.113,0.603804,2.93479,2.2628,20.3684,15.5455,11.1163,12.7047,1.67231,0.0434701,2.90362,6.02995,3.01809,0.225924,1.46114,2.20126,0.115715,2.50212,1.14209,0.239769
0.236485,0.84285,1.57549,5.0182,2.55831,10.386,3.04682,6.92212,4.18817,4.62042,3.31079,0.951377,4.61548,16.7502,10.334,5.59865,14.4131,12.0367,1.4752,3.94983,3.93026,1.28373
0.0858125,1.22849,8.12536,11.8006,2.35279,14.5799,23.6198,15.4918,6.59443,3.20295,5.1094,12.6625,19.4436,23.9223,11.4544,0.0982058,0.352041,0.628743,1.15197,2.46792,3.52212,1.26276
1.11936,0.47218,4.23327,8.25078,7.87383,12.6886,13.915,2.53458,5.16525,3.68089,4.17573,11.9641,10.8918,6.61835,1.89498,0.23203,7.40259,10.0016,2.41296,1.03609,1.99168,0.405435
0.441781,0.231406,0.397189,3.05818,6.57165,3.5556,9.83498,4.75009,7.27534,6.25346,4.22731,9.55153,2.22818,9.3489,6.37259,1.57825,9.17356,10.8125,3.31879,1.99656,1.59274,1.95402
0.221858,0.0766693,4.48118,2.78129,4.72667,7.83415,22.4,15.3375,5.76894,1.87192,3.26693,7.22078,2.07658,14.1744,8.49668,0.309975,0.996921,1.14134,1.37363,3.43495,4.81944,2.73955
0.72058,0.444267,7.45263,14.1908,11.884,8.8806,10.4184,9.04248,6.16511,4.17959,0.687102,5.22465,0.239511,11.6791,8.56211,1.66754,5.44487,5.90577,1.87191,1.34641,1.53904,1.9672
0.0506679,0.637256,6.56939,7.8776,4.2501,19.5998,24.141,14.9231,7.26557,3.46727,0.0438621,0.0612059,3.72552,11.0166,8.06682,0.661922,0.34,0.532984,0.457813,0.732773,0.59715,1.68021
0.0711148,0.154142,2.26436,3.52489,2.29406,0.992362,6.9413,10.0312,1.88044,0.315258,0.511818,2.99119,3.58191,0.10736,2.49937,1.43255,4.55867,6.51979,2.53565,0.1278,1.63435,3.69499
0.132428,0.528077,3.09324,3.10321,5.89083,17.3701,12.2968,4.47427,9.44412,4.83849,0.696458,4.48932,0.911001,9.83661,7.19191,1.97691,4.9685,5.70489,1.10258,0.390758,0.00177528,1.19059
0.386501,0.385982,6.62345,12.5075,10.2438,4.02252,2.12485,3.1379,0.843279,0.17217,1.66067,4.60276,2.99658,13.4711,9.25351,0.84242,1.62022,0.724644,0.0692965,1.8517,3.3757,2.19372
0.435737,0.914768,8.30806,7.16165,1.08108,8.89398,14.8903,2.58071,6.21638,4.5058,1.7588,3.99563,0.0168153,7.03078,4.64565,0.372144,1.86635,2.40866,0.476256,0.691744,0.983662,0.146176
0.972287,0.713583,1.37887,6.58614,9.65399,5.71463,3.05341,5.7238,5.52579,1.57666,1.39399,2.59797,0.893553,0.856382,0.391362,0.221565,0.765526,1.17181,0.304349,0.506767,1.08084,0.695148
0.231555,0.957822,4.2732,8.5308,10.6842,13.1493,12.4649,5.92926,1.8394,0.566782,0.311737,1.04147,0.717631,1.81286,2.13881,0.058179,1.56316,1.4662,0.561793,0.0116891,0.0776419,0.0654295
0.736488,0.492634,6.63553,5.62151,2.44366,0.449063,2.21344,0.855801,3.04167,2.3401,0.164186,1.18749,1.72296,1.68738,0.782874,0.122512,0.669741,1.2595,0.257262,0.31398,0.675168,0.0580367
0.0856886,0.519413,4.21916,8.47311,6.70297,0.954189,6.80254,3.51741,2.53306,2.33769,0.647093,0.666209,0.692055,0.954675,0.560243,0.171525,0.104729,0.460684,0.497149,0.0378357,0.0851187,0.00972233
0.283148,0.659446,2.30083,3.09334,3.5403,3.39246,4.20345,4.98506,2.79989,0.634712,0.0475719,0.108008,0.72593,1.09477,0.476146,0.0478008,0.0983982,0.0982249,0.459434,0.474752,0.106082,0.0977678
0.0177405,0.429502,2.28688,1.46971,1.56036,1.11189,0.328598,1.97394,2.82304,0.676006,0.977854,1.10676,1.03888,0.347147,0.16847,0.159124,0.853007,1.21952,0.477499,0.729504,1.29163,0.33971
0.119478,0.248689,0.481969,0.679534,1.91652,0.558402,4.25106,8.22595,7.51981,3.35387,0.152562,0.258468,1.00925,1.28134,0.851424,0.0696294,0.698604,0.610256,0.375261,0.163605,0.629152,0.539749
0.0400754,0.0222196,0.00866501,0.766783,1.58556,2.46297,6.89585,6.40699,1.39167,2.62249,0.427384,1.16595,1.93689,2.1822,0.705856,0.424362,0.144112,0.040606,0.207954,0.0854836,0.0155049,0.240588
0.094526,0.0577354,0.0276282,0.551885,1.12744,1.35126,2.88475,2.95165,0.224193,1.19293,1.36732,1.234,0.851032,1.27796,0.849634,0.124952,1.18417,1.68687,0.361644,1.05526,1.74674,1.4228
0.0615234,0.011296,0.00426351,0.299853,0.980199,0.30775,6.33836,7.11887,0.875983,3.26178,0.779985,0.409881,0.101833,0.254037,0.0497497,0.0796625,1.76356,2.86829,1.04742,0.012485,0.158659,0.425197
0.0088651,0.0209238,0.0728755,0.183065,0.0895796,0.21955,0.0155591,0.595387,3.17324,3.78037,0.77218,0.0267779,1.20075,1.65804,1.3523,0.634201,0.595222,1.2452,0.903644,0.410814,0.201952,0.0399536
0.0209385,0.0388614,0.0205771,0.0576014,0.0897164,0.983997,5.71474,6.51115,0.0208221,3.00224,1.39861,0.0698642,0.3922,0.0299217,0.253321,0.297455,0.857787,1.23139,0.248712,0.917168,1.04994,0.36855
0.0341628,0.0267079,0.0483265,0.170094,0.416865,1.1982,3.56508,5.45181,5.99752,3.80532,0.466832,0.0780962,0.305014,0.170517,0.20881,0.324001,0.183531,0.476011,0.0126819,0.14652,0.115925,0.110485
0.015077,0.00333832,0.082472,0.00629914,0.0854721,0.609185,2.83015,4.92239,4.97631,2.76696,0.406873,0.0204418,0.598822,1.04811,0.273773,0.0201493,0.358863,0.460773,0.136873,0.252688,0.07881,0.188564
0.0827085,0.0474441,0.070934,0.00889787,0.305222,0.957361,6.60073,7.57755,2.00466,0.306033,0.176273,0.0315551,1.01486,2.83588,1.84298,0.100457,0.234148,0.476978,0.0675387,0.0996983,0.227874,0.568208
0.00475973,0.02166,0.0402271,0.138922,0.300625,0.0474675,1.36898,0.764937,3.84719,3.15738,0.147387,0.310188,0.911252,2.39595,1.06925,0.298182,0.0901962,0.327676,0.84461,0.3381,0.115057,0.0639905
0.107872,0.0630218,0.0140456,0.545541,0.298493,1.2266,5.57681,16.6544,10.7136,4.28033,1.86936,1.16895,0.137244,1.05852,3.62916,9.79762,2.44806,5.24184,0.0651639,0.573312,2.26181,1.50249
2.10491,5.89758,23.2932,17.7838,45.9851,15.2886,31.391,12.2715,29.8912,31.8039,5.49768,16.2016,16.7551,3.34763,10.1928,6.21611,12.3921,10.0428,9.39688,12.8816,4.21759,0.0661935
2.58822,7.12652,37.0168,120.04,133.354,71.0022,10.1505,0.839085,6.93991,7.74398,1.60058,3.14891,27.9898,27.6387,9.29028,6.22484,5.51348,6.8845,13.2881,17.6237,5.21817,2.94505
1.48882,22.075,88.5027,118.283,51.9427,5.16233,6.80713,3.33523,13.3292,7.91631,1.96811,11.3231,12.7119,3.17651,0.891211,3.34974,14.0466,23.2282,21.5861,10.993,0.816444,0.754298
1.21944,41.9171,82.1142,37.726,0.874257,8.37631,6.45774,4.3144,19.0307,15.744,0.821743,0.951909,15.8999,13.1577,2.19534,0.312487,0.941386,6.68858,16.226,7.60548,0.823615,0.977753
7.46361,29.2718,37.8457,8.56324,3.44286,3.03664,3.74157,3.54227,7.85709,4.68425,1.88325,12.9369,22.6223,14.0394,3.62368,0.00906171,13.0954,10.3145,12.4967,12.1471,1.43507,1.05777
9.79967,5.73142,5.39946,11.5638,6.37824,0.578586,2.43938,7.95029,12.0289,8.02181,2.9356,2.66236,0.128452,0.237296,0.958432,0.654213,15.1798,30.1228,25.4119,11.4389,2.13048,0.645411
8.54642,3.92227,8.41084,12.6855,5.26952,6.51381,13.3397,13.55,19.6442,14.2939,1.56717,5.26319,1.45644,6.11465,2.67846,0.688169,11.8846,13.8134,1.83136,3.82685,1.08485,0.129116
16.0476,21.388,6.51188,8.9054,3.05479,0.25455,8.57561,7.58919,11.753,8.50294,2.58349,2.38605,1.29618,2.03058,3.66251,3.04697,2.71784,0.945361,3.32863,2.35132,0.0626025,0.377888
11.3103,19.9554,14.4813,6.55267,13.5614,13.0067,7.27306,2.26922,3.90167,3.20437,2.17488,7.52628,10.8785,5.98451,0.779376,3.55116,19.1255,28.2376,15.8569,3.42098,0.108519,0.39428
9.38725,15.7851,12.6644,1.75397,0.158259,5.06632,9.99367,11.8376,17.4711,13.7836,0.14456,0.00553088,6.70895,1.85711,2.93936,4.99082,21.7071,23.4739,2.64416,1.44241,2.31798,0.603568
18.0381,39.2003,40.9983,7.31446,12.5918,14.0096,1.3669,7.96171,9.60431,5.70316,0.943016,6.71816,12.073,6.37976,0.511321,0.648043,5.32785,13.2634,12.8855,4.12659,0.481878,1.23878
2.29257,0.644358,0.0739741,2.49376,11.693,15.6093,10.4559,4.14505,1.85034,0.706428,1.48623,5.65748,10.293,6.29849,0.333981,0.877265,11.7709,20.58,15.8668,5.17718,0.786259,1.53235
23.1649,50.3927,53.3465,18.5,6.34927,8.47552,19.6973,21.7136,16.263,10.473,2.03885,0.0694096,0.479664,2.53385,1.14414,0.0849212,10.1534,8.85363,6.5733,7.67246,2.29739,1.29143
9.24727,27.6478,37.3788,23.5864,17.7069,9.10349,6.91583,14.6262,15.586,11.4061,1.32685,2.82665,0.861886,1.62508,2.79352,2.68359,0.603813,1.50147,1.90558,1.29585,0.838831,1.04419
24.7254,44.3053,25.9041,7.26023,13.9541,24.7386,20.9469,14.771,4.84791,1.81507,0.805114,4.81296,3.8333,2.29889,3.26309,4.00356,10.4558,5.48983,12.7989,14.8644,3.60192,0.0892296
34.2623,62.1473,44.7883,19.1298,29.229,21.4865,29.4434,28.3849,21.6429,14.5365,1.40789,8.20225,17.9953,13.8128,2.52897,0.0130345,4.9011,11.7525,10.6839,5.15833,2.06997,2.49844
7.15682,7.49769,6.07773,3.89218,13.2524,11.2441,14.7084,17.6249,17.0787,13.4778,6.35076,0.719515,15.9257,18.0159,5.02125,0.253552,6.48559,8.77403,4.01335,0.695722,0.226613,1.27973
42.0752,77.9591,60.1448,7.90515,13.3747,7.78515,7.10433,4.38567,8.05107,5.20975,2.37786,5.93053,2.02008,0.509458,3.21406,3.08945,5.22243,4.47046,3.36073,9.56598,4.01048,2.12171
21.9497,42.326,18.8687,17.9898,5.1066,13.1812,13.8472,21.8556,27.004,20.4485,0.660219,12.6309,27.4512,22.7154,3.21596,3.20024,10.5781,18.7753,21.1234,13.773,0.227093,4.57084
29.8068,59.4931,72.944,51.7292,35.1944,12.6098,13.7621,19.3775,10.6059,6.04588,3.03223,2.65855,1.77935,3.33089,4.96101,0.00744732,15.8051,19.5882,1.06359,6.24544,4.53644,5.78461
41.7928,85.156,92.4054,23.3591,20.3053,20.2108,9.41672,0.426332,19.5172,16.5686,1.08849,4.69149,11.875,12.4665,5.32538,1.83681,10.8211,17.3555,2.21575,5.02035,0.727294,1.9375
1.19601,5.57842,5.43356,5.48469,18.2951,15.9803,5.50466,20.0536,25.5732,17.2657,4.17807,0.0394932,5.524,1.78654,1.61032,1.49911,7.14314,4.41776,7.2525,9.14687,4.63191,4.49906
51.3881,94.5944,97.7308,32.3445,4.72054,4.32006,23.2136,21.8301,2.57388,0.949882,2.47249,18.8299,32.9662,19.0439,2.03102,1.11322,11.6282,11.7946,0.134127,4.98993,11.1523,8.27403
25.6438,52.9557,68.9132,48.574,31.9264,23.2258,24.0809,6.15125,23.1247,19.9849,1.80637,3.57291,17.6408,22.0459,5.72058,3.05145,20.3227,30.8097,21.6899,9.73201,3.10938,2.61908
32.9182,58.0601,30.0971,16.8367,16.5376,25.6866,2.81668,17.2769,26.8191,20.5369,7.71112,2.67093,12.1997,14.1581,1.21624,0.513361,12.2528,15.8913,6.662,1.37143,2.15499,4.65161
49.4036,88.9717,67.1226,18.1516,34.3967,0.150594,38.7729,27.3088,0.161945,2.96172,0.600554,11.5081,34.7832,27.9574,3.85312,0.784949,0.845159,2.66016,5.44475,1.85786,5.50804,8.12545
0.765271,3.1937,1.95601,8.89297,15.6722,15.2045,52.3467,24.6352,22.5912,21.0631,3.02578,2.97401,6.70109,5.61218,3.95267,0.747435,16.9714,22.8291,11.3314,4.9795,0.633973,2.43455
59.0648,96.9641,66.7943,14.1131,13.2862,8.98899,15.5815,0.532663,19.066,16.242,0.458848,11.0275,29.6194,29.9136,7.45856,1.51746,15.7764,24.0443,11.5798,10.371,6.65533,0.948773
29.3437,53.5022,24.701,24.771,1.35056,10.6996,43.8104,24.7475,7.27732,10.6665,3.15462,13.6795,22.8165,25.3653,11.5229,2.18652,12.4802,14.644,13.3397,14.9059,6.43986,2.79577
29.0296,58.0843,71.291,46.9169,27.933,19.3562,60.4674,30.2344,16.1346,16.2234,6.90027,15.7211,17.5294,6.55977,3.07849,1.99762,10.4377,14.3214,0.326835,6.46547,1.31634,2.40682
46.0427,91.7936,92.8641,16.4256,22.5799,10.872,17.1986,12.9383,2.80968,5.18648,1.07786,5.75254,10.2295,15.3142,1.01304,4.23951,21.2141,30.184,11.3228,1.80931,0.371772,3.63563
5.66895,5.3041,3.75265,4.6376,19.0912,34.8586,20.7326,6.25709,26.1464,20.284,0.610475,2.66241,15.5551,24.2645,12.4391,0.495401,15.582,23.2362,10.8288,0.796577,5.93673,4.82487
47.0598,92.2382,101.867,43.5858,14.1349,12.268,21.6438,8.11049,18.2992,14.8404,1.92463,2.93776,3.19933,5.10917,2.17388,3.80052,3.54724,6.37193,8.46553,9.58343,1.14735,7.10064
33.4655,65.9614,82.1013,44.7379,20.4572,13.4173,9.31464,20.8342,11.3359,7.07215,2.32068,14.0704,20.7571,20.9813,12.9681,3.46706,6.02404,7.65144,6.82598,15.5483,4.48327,4.54505
28.9571,48.6451,26.9835,13.7246,7.02857,11.6667,15.5732,26.8316,27.3287,16.561,6.13706,8.08576,3.46375,3.26261,8.3737,3.89249,14.3448,17.7578,2.90965,3.33864,2.33731,5.23171
50.3038,95.3463,82.9458,2.82045,23.2066,4.40942,15.4913,9.17782,21.1438,17.2215,2.6087,12.0772,10.2544,7.69316,9.32173,5.37806,7.82422,12.2665,11.4334,11.9547,9.85088,7.43655
10.9562,18.9875,24.3802,26.4975,24.5678,5.55972,2.88754,5.09934,7.15318,5.42099,3.3113,8.04677,1.3621,13.5636,10.9799,3.42116,2.81911,3.34661,1.56503,4.55877,3.70185,2.13196
41.0927,80.8145,55.7576,11.4541,6.38197,27.5673,32.9286,27.454,20.2031,12.9869,3.15388,0.754775,14.7366,12.0985,4.96066,2.09899,11.0216,11.9273,3.20617,2.46791,2.37075,1.03616
37.7738,67.018,40.9893,24.8153,22.9851,22.6764,27.8173,18.5303,22.7641,15.1521,0.406543,4.95365,16.0083,11.0515,4.92274,5.04596,6.37938,8.5592,3.23958,0.507653,0.637014,1.07953
18.2709,38.7164,49.0857,28.1052,11.1481,3.46468,2.31217,2.36108,10.2358,7.7635,1.09433,2.27525,9.15967,16.0701,8.21729,0.966762,1.10231,4.06646,5.83871,5.91041,2.30717,2.06177
47.5833,90.4212,81.966,6.60773,16.7024,23.2909,28.138,17.5864,13.1845,10.9862,0.147502,9.36331,11.7265,5.59342,2.53189,1.73708,7.35926,9.2201,2.47029,5.02734,1.77041,2.55932
12.7543,23.5706,9.09933,5.38834,17.9713,32.6332,33.9057,21.2445,15.3435,12.8212,5.36282,6.19353,3.32586,9.47621,2.40093,0.964822,11.0315,15.9345,4.72785,5.96317,7.21732,4.42773
40.4068,77.1213,85.4744,49.4758,33.4767,20.5455,28.5499,26.8005,4.61074,2.52344,4.87398,5.93568,6.75296,15.9428,7.50377,0.130889,3.35962,7.66957,3.99762,0.0142572,1.5641,2.78319
39.364,75.9307,84.0213,24.5578,15.7286,14.0022,6.15221,3.64995,8.03848,8.40042,0.787074,7.25949,7.91845,0.0117882,3.87372,1.88074,3.01494,4.86317,4.82908,3.43741,0.546023,1.05636
9.53667,18.5984,11.5006,13.23,20.9975,8.6835,15.4555,21.9504,10.8587,2.67036,0.0972033,4.55105,8.68148,2.79145,3.67992,1.00746,0.941824,0.158788,0.245159,1.17114,2.01697,0.206573
45.6587,86.7159,84.675,24.3576,8.34037,0.366886,11.8806,6.3204,1.70665,1.51529,1.5536,1.09235,6.74696,1.97362,4.51459,2.59866,2.62084,2.59791,0.357693,1.4383,2.86307,1.12409
22.8089,42.5339,51.9958,29.357,10.238,11.4528,18.1816,5.46305,9.19261,7.89569,0.989755,1.37644,3.91881,0.229601,2.82672,1.16087,3.86746,5.62922,3.27689,1.61946,0.422478,0.327704
28.6944,51.1888,30.5311,12.5997,0.260201,12.9962,21.7827,18.3881,3.34357,0.414206,1.4837,0.379373,7.93848,9.78894,2.14887,0.225485,2.6338,3.41693,3.20617,3.51939,2.2808,0.767373
43.7753,77.7155,62.6379,5.1869,18.3431,7.5061,2.29955,0.977616,9.6935,9.40684,1.90925,0.6279,5.27675,7.28154,3.26071,0.0349853,1.24219,0.314049,0.943818,0.466462,1.12735,0.399886
3.93677,7.74978,10.7757,13.0955,16.5081,7.98334,10.964,13.3047,2.7605,6.54243,0.0676906,1.46294,2.49466,7.1189,4.8966,0.636,1.08925,2.84856,4.19926,3.65745,0.804104,0.343816
36.2085,65.3393,46.1103,3.21662,6.51387,11.4108,12.8015,10.5234,4.99314,6.84212,0.229431,0.24957,7.80088,10.4409,2.71186,0.0420077,1.95669,1.43671,1.22203,1.91117,0.710751,0.280773
36.1797,59.6525,40.8773,13.4622,17.1133,4.59433,5.27938,2.9892,12.3305,12.5254,3.94307,5.50303,3.50308,2.98401,3.51148,0.771671,0.215084,0.189328,0.702382,0.999386,1.0062,0.252848
6.49423,14.3031,16.034,1.21029,8.82487,2.90343,11.9131,16.9289,10.7448,4.82159,0.921423,3.97192,2.0038,0.852534,1.06962,0.82545,1.7758,2.19286,1.03797,1.14537,2.01119,1.54001
36.9075,63.4003,47.9832,2.29497,4.85064,9.01918,10.1168,11.6916,9.49418,6.18998,0.0313438,3.58032,3.20473,3.49518,2.40928,0.305225,0.594741,0.0404325,0.762098,0.141864,0.0227475,0.148215
30.6039,47.0415,31.7659,6.92366,9.06105,1.68639,1.70684,2.88279,10.9521,8.26329,2.24796,1.67837,1.33703,1.79635,1.46122,0.514626,2.30089,1.32731,2.36332,2.0367,0.137819,0.242609
9.10458,17.5628,18.9229,5.33786,2.05092,5.49855,19.1134,14.2424,0.0970399,1.45375,0.89148,1.59055,3.07769,1.92716,0.448593,1.00651,2.13278,2.70015,0.895903,0.984266,2.59536,2.77044
32.1875,48.4723,51.1371,5.67475,10.359,14.0192,0.352577,5.09317,11.4149,2.04875,3.68019,0.779037,3.21112,1.77154,0.00937471,0.844169,1.3604,0.296229,0.171589,0.216186,1.25959,2.01012
16.9329,27.7699,74.6833,155.052,161.652,84.6281,25.1936,7.98187,25.154,17.8071,1.61071,1.10384,0.0418125,1.00964,1.17998,2.39589,6.37786,4.08031,1.55796,2.21587,1.65212,0.769793
0.560011,1.24658,74.3624,129.294,36.2096,11.3096,12.9178,9.48578,0.38294,8.25909,8.74097,8.65394,9.19633,5.82769,3.5524,0.616252,3.52672,3.44937,0.283569,0.373068,1.62688,2.88491
3.3376,7.29327,8.95082,28.0882,13.3092,3.30362,1.89348,7.28697,5.95087,1.32672,1.24194,6.84486,4.706,0.0994062,0.337878,0.00173288,6.40371,9.27712,3.02931,0.22218,0.455638,0.840567
3.60335,4.33792,16.5087,22.379,15.3821,13.1593,3.92658,6.346,6.20608,2.57792,2.39166,4.3424,3.35131,7.06711,0.966049,0.803946,4.48777,6.14193,2.34472,0.842582,0.313942,0.530101
13.9285,22.7636,16.7744,1.31596,3.24407,5.6543,9.61423,2.08469,4.3915,2.02851,2.57698,4.81188,2.74979,4.28723,4.39049,0.13312,3.2443,2.37306,2.50844,2.58261,0.0128263,1.16984
10.6972,8.14487,2.83887,8.829,5.19608,13.9012,22.2111,8.03728,11.8005,14.6779,7.24573,4.49648,1.8663,0.633077,0.93274,2.59509,7.35646,9.92175,4.28215,0.0267107,0.740364,0.549281
2.68861,0.206588,5.58579,4.70189,0.123388,3.06152,5.80945,1.08289,5.64978,1.25041,0.239802,0.103739,3.19688,5.00053,0.644323,2.1899,3.75955,3.75798,0.166196,1.55183,0.992298,1.24563
1.67928,1.08617,0.569954,5.04804,5.21669,6.75559,12.9935,10.7566,8.67209,18.1868,3.08387,1.05514,5.40177,2.48212,1.905,3.02497,0.668118,0.917756,2.27599,0.883379,1.2299,0.15495
0.64438,0.881966,5.70772,2.86784,7.43621,4.96405,0.836584,11.9921,20.0445,7.54202,1.48187,0.309262,5.7398,5.37225,1.82856,1.10001,2.69571,5.60388,4.41106,1.47061,0.971168,0.0855088
0.666401,1.28245,2.98495,1.3944,11.4741,15.4125,4.41568,1.8856,5.27523,1.70646,1.91136,2.63238,3.97057,2.52502,0.262809,0.679667,0.693248,1.59136,3.18538,2.09932,1.07166,1.53714
2.11146,0.12628,6.81592,13.8188,13.1796,5.97034,7.31639,12.5165,9.08276,3.01539,0.756338,0.534459,0.217709,0.0304214,0.43327,1.4273,3.32199,1.50604,3.23584,3.12798,0.587561,0.0767835
1.49145,0.526882,5.3782,3.10238,5.28317,4.27451,12.443,4.44724,1.64599,0.811308,0.654824,0.596367,1.32157,0.560568,0.731038,0.81742,2.12632,3.76515,3.75768,0.0168055,1.19396,0.0873601
0.576548,0.780825,0.0437309,3.82495,8.95147,6.92703,0.307594,2.02608,2.86694,2.64428,0.782546,1.39827,1.55189,1.64421,1.87188,1.46653,0.657623,2.67489,4.07987,2.79301,1.17757,1.08448
0.395494,0.864659,4.54684,7.50197,6.99722,9.07569,9.71642,4.24286,1.19334,1.6093,0.290382,0.101196,1.128,1.75448,0.762035,0.0781786,1.15504,0.639327,1.80906,1.28037,0.643023,0.876869
0.440851,0.681111,5.5769,6.82917,2.99134,0.980205,0.457772,2.71107,3.99378,3.34944,2.31739,1.13462,2.2568,2.18376,0.208062,0.993794,0.944142,2.63922,1.35285,0.000237333,0.888204,1.38726
0.119506,0.149797,1.53385,1.36426,2.33492,3.55415,0.0608162,4.53696,4.80549,1.73289,0.344661,0.315339,0.421095,0.603621,0.182935,1.16304,0.603214,0.702203,0.403362,0.813021,0.746302,0.198297
0.296947,0.373219,2.92392,1.10807,4.67875,3.18525,1.12253,5.28056,7.74731,2.49409,1.09049,0.654884,2.1012,2.3974,0.00195866,1.49401,1.03501,0.0336054,0.746386,0.759387,0.640777,0.953802
0.159422,0.596588,2.57718,5.69056,7.34242,3.3941,1.60819,5.49931,11.3598,8.46956,0.957537,0.706467,3.43869,4.76744,2.73706,0.764146,1.39206,1.54886,1.36689,0.868928,0.258237,0.394893
0.007426,0.120631,0.262308,1.72139,5.48295,3.16201,2.55235,5.39908,0.422988,2.98053,0.253317,2.01518,1.57396,0.711149,0.16394,0.360841,0.494723,0.663001,0.263618,0.215698,0.240828,0.163048
0.342945,0.030566,1.06081,0.822456,4.25267,2.10712,3.53675,3.12866,5.44813,7.96294,2.14179,0.42816,3.36214,2.94315,0.162799,0.0667497,0.0857722,0.466585,0.136321,1.116,0.816282,0.433864
0.0470926,0.0533609,0.274171,1.46316,2.28973,1.78031,0.525258,0.117527,2.71282,2.90404,0.687686,1.22221,0.495455,1.76218,2.06892,1.87938,3.27958,3.21587,0.721614,2.95269,1.47313,0.115121
0.0829956,0.0774685,0.232256,0.200933,0.260613,2.37842,7.01427,5.7755,2.11002,3.95047,0.900779,0.210892,1.75076,2.71173,1.88027,1.56597,3.02837,4.0021,1.97632,0.129262,0.303743,0.0861325
0.0766666,0.0347233,0.184316,0.511203,1.67605,1.45669,1.08911,1.4372,2.5742,1.98606,0.0135179,0.821768,1.44765,0.909108,0.351716,0.293879,0.508846,0.742638,0.664605,0.678488,0.126152,0.268558
0.27931,0.141495,0.0961777,1.22291,3.21008,5.25956,8.09686,3.65105,3.86234,2.76535,0.0259976,0.0666957,1.90058,3.39063,1.66949,0.661128,1.61362,1.87455,0.404807,1.0548,1.26567,0.597757
0.0405949,0.112021,0.0700408,1.13773,2.83192,3.23933,2.66464,0.869886,4.10404,2.52296,0.178543,0.256316,2.20574,3.92683,1.22637,0.00558375,2.14713,2.6186,1.16793,0.618373,0.624081,0.301455
0.000246678,0.0161609,0.109998,0.372502,1.21678,0.62808,0.852589,1.07207,0.0065575,0.211289,0.448007,1.22852,0.896688,0.671318,0.620093,0.0646597,0.137192,0.34626,0.212993,0.613345,1.66617,1.5648
0.0260452,0.0390068,0.0872211,0.110131,0.328726,0.159152,3.39855,4.9791,2.73544,0.49349,0.281689,0.596189,0.0408647,0.169308,0.294445,0.294603,1.94016,2.52584,0.0154607,0.575167,0.10606,0.75027
0.634525,0.356257,0.21962,0.78914,0.637372,0.0960041,1.74385,0.433232,4.41971,2.64656,0.831029,0.178843,2.52315,0.462234,0.093629,0.45925,0.236634,2.07134,1.25659,0.59215,0.045143,0.799192
0.471081,1.1358,2.9929,2.44157,5.33293,2.24814,6.33744,13.889,19.5044,14.0235,1.17221,2.28707,3.94691,6.1888,1.80291,1.66229,4.56777,6.82207,3.37655,0.0736109,1.31828,3.33709
0.125276,0.886797,4.44211,2.44531,8.92059,19.4575,16.4603,3.99652,0.400992,0.937002,2.04016,5.48255,8.91795,6.50326,2.52509,0.151742,7.26529,9.81961,5.32586,4.45537,2.67663,2.16888
0.267199,0.212525,6.71462,12.2308,9.41843,3.88193,1.92118,7.04747,14.4628,10.9411,4.38319,5.17126,5.19856,10.0767,2.58912,0.225675,2.45624,3.84479,4.46141,4.45476,1.44914,0.270741
0.756237,0.30177,7.76684,11.1451,5.51227,15.9661,24.9433,14.1882,12.3434,11.2836,3.66564,12.0416,3.14599,2.45245,0.819019,1.12309,4.66965,6.62375,1.87748,0.278507,1.01266,3.41521
0.0955654,0.568306,5.02214,5.29305,4.07125,14.4881,16.4551,7.84544,0.680199,3.17777,3.42961,14.8059,18.4969,11.0795,1.11584,0.103749,8.11746,10.1322,3.53465,1.62771,3.13301,0.0538808
0.253257,0.360198,1.50827,2.61943,7.06566,4.29919,10.8396,6.6033,10.705,8.7295,6.15059,13.3117,12.0752,4.39683,0.402467,0.0411129,2.47898,4.36996,4.30418,2.58624,0.63954,2.55651
0.394023,0.273644,4.94693,12.5711,11.0415,7.72984,16.1596,9.17482,10.2408,7.29487,5.25745,6.93004,8.83885,12.4333,1.95852,0.764728,5.30726,5.77881,1.55254,0.0570725,0.39296,0.479523
0.412808,0.742497,8.70525,8.86083,6.54436,9.80248,0.199306,3.2705,1.51529,0.454235,3.20086,8.67521,6.83503,1.23282,0.352871,1.17426,5.0419,6.00424,2.7985,1.69365,0.488727,0.794883
0.279791,0.525712,6.76025,12.2414,13.3539,13.7794,3.268,0.684885,8.73395,6.7049,3.04127,6.9451,10.6185,8.9546,2.70195,0.561056,1.21009,0.126073,1.614,1.25714,0.389039,0.407251
0.178975,0.0379056,0.81982,0.156412,0.95043,6.15698,9.51997,2.27595,14.2733,9.75221,1.82015,3.67878,1.81234,3.20243,1.425,0.423722,1.69125,2.39662,1.92391,1.48035,0.419997,0.793116
0.031671,0.521252,5.13634,6.08344,3.45403,9.59966,9.80807,2.22739,8.3773,3.83046,1.33775,1.82949,2.38781,3.13789,0.276471,0.331636,0.319489,0.175248,0.32463,0.700697,0.517966,0.429083
0.00436815,1.07346,7.8887,9.85498,3.84158,5.3597,6.55224,3.52254,1.84963,0.648589,1.87065,2.87106,4.48107,2.80096,0.423208,1.067,1.0108,0.884205,0.204782,0.050736,0.00273549,0.0339363
0.387691,0.5625,4.41244,6.56321,2.36918,4.97876,6.59056,1.89933,1.10734,1.4785,0.146237,0.214284,1.06643,0.200963,0.302923,0.30802,0.674138,0.605579,0.0545291,0.27735,0.109995,0.131732
0.50179,0.075087,2.14003,2.92498,4.09866,5.57848,1.19022,2.22881,2.1053,2.08854,0.499853,0.571476,0.0105,0.726815,0.472719,0.175228,0.328536,0.147146,0.149486,0.00547518,0.167222,0.658902
0.0995786,0.908329,6.00338,7.05401,1.15892,0.0719501,1.67599,1.45363,1.64683,1.12686,0.283475,0.344247,0.288267,0.11985,0.317398,0.0774246,0.45727,0.833179,1.1362,1.21066,0.945063,0.359516
0.294836,0.413289,3.35402,4.70716,1.6079,1.8901,1.03152,1.89703,1.43436,0.185771,0.21519,0.0304212,0.134225,0.228379,0.318693,0.230842,0.165678,0.193732,0.639477,1.16759,0.848379,0.00783373
0.252514,0.925449,2.07583,1.72494,1.30186,1.13591,0.909247,1.07545,1.69153,1.78166,0.0997422,0.0560775,0.127107,0.514476,0.107611,0.459414,0.713769,0.261208,0.0578485,0.346318,0.153435,0.0199407
0.0452891,0.838887,2.92337,2.60129,0.225629,0.851058,0.599899,0.860014,1.18591,1.58111,0.209279,0.602957,0.146464,0.471138,0.120081,0.211679,0.344122,0.611408,0.748441,0.161699,0.526431,0.256833
0.266551,0.460651,0.0452925,1.11745,1.34105,0.779283,1.09755,0.838,0.292783,0.357277,0.543422,1.439,1.04361,0.301292,0.0186977,0.0827178,0.290099,0.445548,0.0417295,0.151156,0.481624,0.389851
0.799866,2.07769,2.54281,1.37552,1.20145,1.06181,1.04273,0.111425,2.7286,2.50125,1.16864,1.55912,1.32917,0.536411,0.198889,0.168699,0.467424,0.126826,0.188483,0.598785,0.185706,0.795887
0.713342,0.628534,0.160616,0.0539606,1.18118,0.876551,0.266637,0.72559,1.12617,0.90748,0.225245,0.218528,0.544148,0.284975,0.165512,0.0210561,0.187612,0.138156,0.347099,0.787678,0.309072,0.334151
2.65771,5.65681,5.61078,0.555128,1.10228,0.316361,0.816287,0.448129,1.83259,1.93718,0.103631,0.693383,0.287185,0.100366,0.164664,0.229963,0.488876,0.754491,0.140878,0.554465,0.459264,0.118842
1.70142,0.63346,1.22638,1.20721,0.483749,0.0495576,0.262871,2.53894,4.08023,2.4331,0.529031,0.207211,0.436213,0.842042,0.311436,0.240771,0.623609,0.374137,0.446627,0.55364,0.140759,0.048878
5.9694,14.164,14.6456,3.16936,0.330762,0.268136,0.853478,0.416769,1.17888,0.324758,0.660806,0.557664,1.15003,0.86927,0.32139,0.447863,0.344286,0.0569069,0.101193,0.324545,0.128095,0.125379
2.65147,0.227068,3.49573,2.27723,0.286742,0.0798635,0.123762,0.119644,0.0892382,0.0702472,0.0918349,0.0413726,0.401543,1.03702,0.752982,0.0849126,0.654877,0.795946,0.248135,0.731031,0.0573221,0.154591
12.868,29.8742,30.0329,5.10233,0.920362,0.339683,0.129243,0.533749,1.02911,0.576984,0.0930366,0.436786,0.991135,0.852747,0.0300145,0.301235,0.488298,0.68645,0.0248788,0.451976,0.221823,0.0829623
2.53056,1.61917,5.21933,1.72038,0.559614,0.219035,0.721835,0.100848,1.24531,0.954632,0.327535,0.427272,0.441419,0.0965503,0.0678261,0.0806206,0.141344,0.352683,0.603918,0.242561,0.248356,0.108145
19.6775,53.013,50.7653,8.44551,0.219935,1.87832,1.9176,1.69072,1.68917,0.54748,1.32404,1.04911,0.329511,0.12151,0.896003,0.676658,0.0763645,0.0469869,0.345674,0.697028,0.325564,0.552435
18.9524,16.1808,42.42,159.616,171.086,81.1311,37.6802,27.5786,21.0873,12.3762,4.11369,9.55318,0.845242,9.34473,7.16631,3.29046,0.0983575,4.87119,10.4365,11.4073,8.06749,3.10562
13.6865,18.1416,64.2877,85.018,1.99096,32.2637,7.96376,10.5856,5.13117,1.63264,0.65554,8.64557,4.63482,2.73343,0.542894,0.973322,1.3635,4.21104,3.62646,0.508617,0.248139,0.464366
1.81316,48.957,127.522,93.2843,6.5794,0.939824,8.09209,0.521419,7.18041,5.81079,2.97261,7.30006,11.0798,7.44558,1.66141,0.023661,1.33041,2.31726,1.76963,0.804314,0.631134,0.411834
24.5356,73.3656,83.4017,13.9563,4.8415,2.89738,1.55633,0.948964,4.95082,4.37443,1.6216,2.84866,1.53467,2.63339,0.473372,0.291786,1.68242,1.84227,0.0341944,0.677722,0.175855,0.387304
12.5278,20.3194,5.59803,17.8982,9.75239,5.1098,7.20423,1.41809,0.337589,0.42659,0.475792,0.351268,6.05266,6.33674,1.48711,0.380773,1.94954,2.44705,1.01076,0.0772569,0.958788,0.129106
17.4618,33.475,39.6208,18.2633,2.47149,6.95212,0.18542,2.4399,8.22753,6.06545,1.03128,1.78846,5.44095,4.60287,1.02285,0.139068,0.631803,0.427264,0.624546,0.443464,0.559795,1.42977
26.2869,51.6148,53.1476,20.1588,15.7474,13.8663,0.779229,2.99918,6.10188,4.7134,0.643799,1.32677,2.52631,2.33976,0.299372,0.473825,1.51571,1.78778,0.668816,0.0819169,0.135757,0.0873657
7.06435,9.56852,10.722,8.44,6.22989,2.46447,12.072,7.12735,0.387992,0.549642,0.0669336,0.287346,3.1507,3.24709,0.606812,0.045418,0.133265,0.0536254,0.0934906,0.10224,0.114701,0.366007
34.8807,65.9708,68.4552,24.5316,11.5082,13.2909,8.86855,2.48704,0.354761,1.07721,1.7395,2.69391,2.49033,0.965559,0.559313,0.626665,0.843862,0.79486,0.186635,0.145815,0.219389,0.198219
15.2759,26.8501,32.0595,16.1477,2.46895,0.772345,17.5068,14.9073,7.48293,4.61971,1.02542,0.702117,1.18653,0.0538885,1.13292,0.547614,0.548791,0.674496,0.105188,0.341721,0.202624,0.462362
28.2142,51.9802,36.9215,10.9188,10.5367,7.23521,18.9352,11.8446,0.997982,0.626565,0.796276,2.45446,3.92655,1.78801,0.850111,0.680622,0.67104,1.29576,0.773913,0.16155,0.00241622,0.101488
25.2926,54.9458,43.0953,12.3181,17.3367,2.09869,5.90555,7.13984,11.2441,9.94308,3.46959,4.40096,3.38329,1.07845,1.76417,1.43558,0.403232,1.24812,0.84824,1.2296,1.35959,0.796409
12.4704,24.07,28.9698,7.4633,16.1092,1.21329,29.2634,21.4329,6.60196,4.98754,0.11172,4.24429,2.27619,1.07378,1.73678,1.2578,0.645826,0.187807,0.192645,0.335073,0.619028,1.02525
39.7489,78.1807,71.9706,18.1953,16.539,2.07325,25.3314,14.467,9.70634,11.1256,2.26688,0.113792,0.446983,0.117296,0.912817,0.136612,1.0419,2.37734,0.70107,1.7911,0.2453,0.741083
9.23569,19.7006,10.8552,14.898,14.3323,7.38222,8.28014,8.39687,11.2574,10.7108,1.00807,4.53497,1.49302,1.03628,0.589345,0.545819,3.53407,5.89551,0.872612,4.48486,4.30466,2.17837
35.3068,71.2039,82.2293,39.5986,13.8084,14.5151,40.395,22.9746,6.86211,7.39305,3.56737,8.6585,4.66796,0.373359,0.987658,1.87405,6.12388,7.2182,0.136732,3.40598,2.19739,2.93984
32.5451,67.181,80.7051,31.0619,9.95957,2.95749,35.7768,18.8603,15.5238,14.8514,3.61518,6.58785,6.76609,2.32598,0.891154,0.0416829,3.6638,4.97284,0.189274,1.24897,0.226482,2.34808
19.576,32.657,17.5842,22.5205,30.6888,18.9629,6.61057,1.1317,0.274893,0.513376,0.915392,3.36238,4.25763,2.22857,0.228305,0.519457,0.582564,0.289306,0.0359696,2.06497,4.07633,3.25513
51.9391,94.5602,83.4599,18.535,17.1863,35.1383,45.7631,20.5284,17.4233,17.1718,4.1048,3.82484,5.21514,2.89333,0.259238,1.22337,4.45397,6.5809,2.52367,0.494379,4.0132,5.88837
13.746,27.5161,37.8527,22.1762,1.06977,22.1925,44.8404,27.5867,8.01025,10.409,3.0123,9.80461,7.99015,2.95026,0.841979,0.192066,6.95726,10.2608,0.45866,9.70298,3.45041,5.87959
43.2886,76.1478,46.3911,21.3259,1.74738,15.0022,0.275824,8.7887,14.049,12.9388,0.214584,9.12084,3.23524,3.66921,1.14576,0.684079,6.61624,9.60886,2.15817,8.40819,0.165055,3.96734
43.15,76.5931,46.9359,32.047,36.1036,32.6567,36.121,8.73667,22.297,18.7658,6.93261,7.63577,1.13188,3.84063,0.326975,1.61171,2.21569,4.17004,1.3276,1.36921,6.56773,7.27942
13.5913,30.0706,41.8126,16.0148,13.3229,24.455,38.6827,29.3367,0.774675,4.31558,0.138472,3.73831,5.20837,2.11355,1.57316,1.91889,2.41325,5.83541,7.81717,10.2841,4.70837,4.31761
50.9745,96.9319,82.1023,12.1007,7.60097,5.34482,12.2582,21.12,19.2405,14.0403,2.61274,0.17106,4.38037,7.46709,3.61849,0.65621,7.26796,11.1781,4.64095,3.61551,1.37298,2.03427
15.4187,28.4152,8.95325,27.0215,15.6034,3.73217,5.17437,5.75132,17.0425,13.1546,0.762473,7.99895,5.9794,3.64402,4.048,0.722185,9.52316,13.5817,2.23624,7.39682,6.5021,3.17324
38.9454,79.9395,94.7559,48.8859,13.419,0.0339711,18.0001,23.36,8.5679,2.22785,4.61111,12.0247,13.2024,5.02132,3.95542,4.61274,6.20378,6.03343,5.00401,12.3209,7.23596,3.61501
43.6125,84.8989,97.1142,34.8825,4.19324,11.2757,26.6706,30.486,21.8816,14.7291,4.74824,8.56517,7.34094,3.92151,5.29507,1.75928,1.80968,4.10196,6.0525,4.20115,1.66621,3.23751
14.0098,24.6042,13.7509,19.9621,27.8587,27.2401,32.4961,23.3058,11.553,6.92079,2.26496,5.41425,5.05556,12.815,9.58418,2.08798,9.15447,13.0422,9.27116,6.12956,0.22644,2.53285
55.0252,101.534,95.9829,28.4422,23.3726,30.3568,13.8897,5.80041,14.0913,11.5145,2.25176,4.88606,5.23793,4.99862,7.63363,7.1401,11.3358,12.007,6.38299,9.8108,6.68566,0.27502
18.6759,40.6279,57.1965,32.0671,3.72447,0.162668,29.6405,26.4382,14.804,9.5807,2.00071,5.34498,0.0745803,1.91556,8.19997,4.07805,0.0218492,1.1006,3.14047,4.56303,5.45557,8.05758
44.0121,75.4727,44.1476,27.8466,14.0362,36.0489,65.1878,35.8041,0.706622,2.86631,2.63445,10.9858,7.97376,4.1068,9.85226,2.63485,9.07417,10.5676,9.41495,13.5979,12.1794,6.84244
47.1229,85.4832,59.4913,19.2156,22.0181,23.7823,33.1379,9.20397,17.0998,13.9855,8.14944,14.6047,12.2054,10.6554,12.4977,7.20625,8.36688,11.6204,10.8253,9.16891,6.60048,4.6189
9.1316,17.3832,20.4378,3.57711,9.28306,13.1512,32.4459,20.0123,17.0877,13.3788,4.12802,15.6645,12.6746,1.40626,9.85348,4.50744,3.59439,5.61804,3.32361,0.47757,0.812283,6.972
51.3188,96.6355,76.0253,1.81447,5.23835,20.0098,57.7645,33.0271,4.10068,0.0946722,4.71023,10.8213,2.29302,0.344482,7.40508,3.20891,0.842672,0.217721,0.306386,0.375029,2.40925,3.48875
24.6433,43.2591,18.0665,32.6191,30.1213,6.64384,22.8136,15.1875,17.308,15.9691,5.60539,4.27022,3.98259,11.5754,10.8077,6.30726,5.4926,6.33536,3.98919,1.70223,6.79029,3.99831
34.211,69.5792,84.1766,40.22,1.72273,22.5959,9.79355,2.52147,20.1911,17.4335,1.88238,2.23013,8.9356,14.1631,10.7906,2.41771,6.53687,8.92269,8.02443,8.37676,4.85246,0.872688
49.8209,92.5687,94.907,32.5615,3.48254,4.09938,18.1118,16.0661,6.20795,2.48306,2.58525,3.83577,3.54707,2.40066,5.99905,3.64906,2.99646,4.26644,3.35543,5.51422,3.21876,0.466692
5.52735,9.47176,7.74295,3.7259,13.9795,6.16617,22.4389,18.6631,12.3795,14.2745,0.64569,9.03255,15.4476,7.48048,4.52456,4.59833,3.05474,1.90352,0.719557,1.98484,3.87128,3.55623
53.7394,97.7574,98.2973,40.2581,27.4516,8.63221,23.9149,13.4953,19.389,17.9862,6.35952,9.06018,9.93951,7.13474,4.59819,0.498011,5.57654,7.47618,7.22838,11.0842,7.56133,0.306971
29.048,56.9246,70.4427,27.6089,14.5201,5.64564,19.3373,10.3008,3.83998,4.55694,2.68351,4.92763,7.30576,11.4488,3.2442,0.970281,3.43605,4.17682,3.42737,0.539266,5.84509,6.94493
26.7101,49.4187,29.0428,29.9121,31.9224,8.07769,5.59934,4.27811,13.5213,13.6582,0.0156193,4.7199,0.152972,3.61063,1.59891,0.030194,0.188164,1.14701,1.81397,1.01591,0.560028,1.88371
44.097,85.8074,70.0721,4.94725,9.5262,23.9546,32.1837,13.6076,19.2902,16.7597,3.23639,4.65258,13.1575,12.7256,4.37813,1.86896,3.66901,3.9823,4.15799,6.2257,6.7411,4.34632
4.26317,5.55612,7.7309,5.36686,0.728838,17.8368,37.3492,21.624,5.76425,7.85232,2.65056,2.46292,2.49046,2.47375,2.35698,0.154281,2.80428,3.44128,1.78563,2.62926,3.79216,0.164343
43.4902,78.8999,55.0658,11.1735,2.14142,0.569779,14.8451,11.2347,11.3095,9.6566,2.61259,5.16647,11.9094,7.74439,1.1367,1.72575,0.861056,1.6048,0.995708,0.165691,0.358349,0.464492
30.1479,55.6087,31.6988,29.0036,29.22,13.4519,4.88093,7.79412,22.2946,17.5408,2.25492,1.96711,0.976052,1.28759,1.10544,0.957786,1.07589,1.48818,1.93409,0.596035,4.57735,3.38064
18.8728,38.1383,47.7825,16.4237,13.4288,14.3521,11.8839,5.74814,11.503,10.0612,1.95403,0.108668,6.00457,7.16356,1.47506,0.658516,1.03237,1.11925,1.50163,5.47693,7.80587,3.79176
43.2432,80.9709,70.9388,19.5435,19.293,14.8066,11.7376,10.4919,5.01929,4.31636,0.968645,0.598538,3.59691,2.30223,0.672034,0.159875,0.500727,0.743252,1.36381,4.79408,11.2282,6.01372
19.0449,25.5984,9.31442,22.1094,25.4487,17.1831,12.8032,11.0538,14.4259,11.3789,2.99051,1.02081,3.07911,5.55241,2.81046,0.499905,0.412398,0.775788,1.40121,6.67656,14.9427,7.1522
32.7239,60.5719,67.5293,22.2173,10.4923,13.6844,6.25706,5.82172,10.5951,7.54894,1.00034,4.39509,4.91648,3.74457,2.11772,0.693186,0.346344,0.608111,2.02143,12.5182,19.9056,9.20287
36.0805,67.8204,68.9392,29.4936,16.9569,7.20637,1.02179,0.901879,1.40213,0.280303,0.894129,4.34946,4.72184,2.07434,0.419466,0.390556,0.204852,0.370145,1.2937,9.62427,20.5363,9.00012
1.02199,4.26165,4.99041,4.97282,8.89777,8.31756,6.03869,1.19628,5.77643,5.16009,2.59401,3.13893,0.793299,0.739844,0.294118,0.228626,0.0525285,0.217595,0.99656,13.6228,23.498,10.9755
39.9689,70.1391,67.9726,17.3267,2.88323,5.95071,7.17746,1.80386,5.80934,4.56719,0.796263,2.56454,0.45289,0.952495,0.00087805,0.054617,0.709962,0.79913,1.16933,13.1092,22.1208,9.35124
26.4745,51.1066,53.5202,20.9364,5.22954,0.929853,1.66801,2.81334,0.395759,0.408899,0.174339,1.20935,1.17202,0.0751543,0.783127,0.420546,0.430866,0.840872,1.24634,9.96259,21.3465,11.1617
5.00786,15.1975,13.3654,1.25556,2.31873,2.81888,2.84363,0.754366,3.5291,3.07597,0.537656,0.315437,0.200509,1.10651,1.17745,0.354577,0.186384,0.189574,1.7214,12.3477,18.3887,6.88925
37.3986,61.8514,53.7649,10.7369,0.547437,0.278197,2.10602,2.15043,3.16272,2.83054,0.774021,1.64765,1.5373,0.946504,1.20792,0.527812,0.584926,0.491468,0.401752,6.58436,13.854,7.06107
25.059,40.7726,36.8939,8.41141,0.607966,1.31303,5.0109,5.02707,0.708967,0.258624,0.927829,1.97056,0.619607,1.38603,1.56488,0.470471,0.487326,1.1519,0.494347,4.31069,7.66798,2.8876
0.454956,22.1814,26.3047,67.9801,107.03,22.8016,15.8888,7.92077,7.36004,10.4598,19.1185,21.0227,9.78385,1.79259,3.30226,2.42763,5.73877,6.39796,1.75436,5.15389,0.584384,2.54592
12.9507,25.8396,25.3558,38.6033,87.7928,69.7486,15.7345,2.58999,4.76641,0.549609,1.43241,8.33368,2.08898,7.95835,3.77551,2.6971,7.31834,11.0779,6.74932,1.72039,1.26857,0.161847
20.6999,18.8376,8.55529,6.01548,14.2701,0.180556,4.86148,4.50078,6.04257,4.92574,1.03218,3.33089,1.77018,2.92213,0.171812,0.186598,0.703133,1.81661,0.624905,2.79783,6.05301,2.13962
0.155677,4.63451,23.3521,21.0496,1.9941,7.37956,9.72765,2.88804,3.70503,3.41637,0.83294,0.737269,4.1339,3.64493,0.963153,0.0559243,6.761,8.80364,3.68921,3.79767,8.18792,2.32464
17.9575,31.0745,19.2618,5.28744,0.966371,0.404268,3.02836,5.28968,10.9493,8.28761,0.41733,2.35688,1.89178,4.21877,2.32302,1.2905,5.19721,6.62352,3.46381,8.6883,12.5484,4.3921
11.016,10.8017,4.28749,4.03965,6.58753,4.0112,7.11567,1.29322,7.83833,6.12061,2.64762,6.02451,8.75286,6.08489,2.00896,0.223932,0.747103,1.07056,0.643918,7.15528,12.1554,5.35261
7.33348,3.91374,1.18431,0.18663,2.38752,0.056279,1.5659,2.57261,1.71537,1.44941,2.63912,6.11952,3.79325,0.116865,1.16709,0.2093,5.83763,6.99302,1.83131,6.87088,11.3835,5.05702
3.85012,3.86995,5.78745,7.2745,9.05814,17.8757,20.3994,4.46552,10.3151,7.66923,2.96086,5.90293,1.71904,4.4298,0.635341,0.138007,2.48248,3.77142,2.35931,7.36353,10.3081,4.37118
3.69673,1.45825,0.629921,1.60153,4.61879,13.007,12.6368,0.121025,11.8805,8.32425,3.69162,6.97588,6.2961,2.09812,0.0330153,0.93924,2.79991,2.83932,1.67946,3.74852,4.6577,2.8825
3.41672,3.87091,7.45371,10.0967,3.76639,8.14552,8.5244,2.37602,3.66209,2.46414,2.68907,5.62888,4.67579,1.55491,0.291183,0.900951,2.84655,3.40647,1.76711,4.43198,6.95513,3.18324
1.25004,1.59716,5.0528,6.81931,4.77981,7.7678,8.66278,1.93063,3.12474,3.14179,0.973347,2.69622,1.65312,2.79697,0.163371,0.211113,0.0664379,0.149015,0.320139,9.00811,15.094,6.29411
0.873248,0.269063,1.15274,4.47336,3.59783,4.86222,3.92038,0.00843536,4.66776,4.24299,2.088,3.32064,2.19931,0.00989554,0.800122,0.118025,1.09045,1.55389,0.237659,13.5985,21.9102,8.38535
0.619723,1.24396,6.28815,3.9422,5.61572,4.03535,2.26936,1.26356,3.33403,2.11113,0.806649,1.9209,2.18756,1.8765,1.16775,0.119208,0.36816,0.393736,0.838147,14.4196,23.3221,9.20358
0.0937582,0.519307,5.19441,12.4069,15.5173,15.0052,11.2656,2.74722,2.48315,1.1218,0.647392,1.20606,0.207133,1.20453,1.14136,0.793661,0.453156,0.147137,0.165097,10.6674,17.479,6.57617
0.641868,0.511265,1.39077,4.07483,12.0412,9.26398,5.20131,1.97382,2.17486,1.5429,0.663286,1.31976,0.417138,0.356123,0.840018,0.173443,0.332714,0.30043,0.263918,4.53565,7.53202,3.10385
0.152766,0.665016,4.22795,0.517843,10.3938,5.48179,0.566032,0.151703,1.17149,0.924307,0.540048,1.18516,1.24337,0.10797,0.898076,0.564451,0.0945973,0.231723,0.172787,2.15697,2.52401,0.718591
0.316103,0.465739,3.67485,8.90749,10.9046,5.29226,0.364606,0.192096,2.08155,1.50113,0.703047,1.22212,0.943354,0.820226,1.11258,0.560736,0.080396,0.396265,0.56893,6.58117,8.8559,2.91511
0.150045,0.164027,0.0388806,2.3584,6.14139,3.98549,0.302199,0.421091,3.57907,3.07058,0.226566,0.813468,0.300108,0.577214,0.51727,0.196474,0.867012,0.504744,0.308262,7.38757,11.8675,4.76444
0.305608,0.662635,2.20052,0.855345,2.49346,1.72134,0.315033,0.0720207,1.63054,1.41913,0.621981,0.89645,0.553104,0.305758,0.622404,0.706803,0.470804,0.230691,0.537542,7.47659,11.5856,4.26948
0.141473,0.0589949,0.949159,1.51571,0.319951,0.0590434,0.627599,0.280159,1.66449,1.24363,0.27733,0.315611,0.316596,0.0182141,0.287224,0.122219,0.0876703,0.173942,0.573891,5.93379,9.5276,4.10384
0.310212,0.359763,0.469818,0.735471,2.4087,0.895616,1.62279,0.207944,3.06491,2.59576,0.367862,0.144322,0.106707,0.38857,0.356569,0.265334,0.550494,0.00671072,0.719171,1.97218,4.95663,2.35445
0.0457703,0.0152861,0.195764,1.77419,4.08384,2.48258,1.22186,0.997702,1.1049,0.997857,0.154821,0.61346,0.508215,0.430206,0.600736,0.537567,0.000716596,0.329166,0.132124,1.14127,2.59144,1.72201
0.0663899,0.121508,0.139236,1.13784,3.82767,2.41553,0.897404,1.35063,1.43824,1.23913,0.0722364,0.698338,0.354375,0.115737,0.135746,0.0815777,0.224496,0.529175,0.350754,0.0971405,0.0748963,0.311607
0.132175,0.0120117,0.109632,1.22471,2.61976,0.742362,0.993544,0.858699,1.93577,1.56799,0.473885,0.877066,0.614698,0.017128,0.0302994,0.0276122,0.170609,0.0789041,0.115005,0.753655,0.748549,0.504003
0.0153905,0.0238825,0.0870983,0.379877,0.583615,0.108806,0.248131,0.178355,0.826544,0.558641,0.274542,0.79341,0.550729,0.184787,0.0555655,0.0021836,0.425968,0.766139,0.405194,1.46377,2.80281,1.36767
0.0913172,0.0489693,0.0204516,0.3463,0.935558,0.721007,2.90369,2.04434,0.928683,0.65015,0.219266,0.656343,0.238127,0.112062,0.258636,0.39988,0.028046,0.20272,0.20067,2.20219,3.51535,1.09842
0.0107914,0.0135875,0.170991,0.62156,1.91323,0.115004,2.50206,1.62996,0.968351,0.638211,0.217254,0.379639,0.115702,0.00171121,0.0501508,0.133887,0.0987016,0.0949831,0.197556,2.43437,4.23721,1.39895
0.0268236,0.0569445,0.110132,0.964185,2.4242,1.90164,0.404371,0.0708998,0.00926425,0.0347237,0.292006,0.252399,0.177065,0.0842784,0.159211,0.0322431,0.223893,0.0356044,0.143033,3.12203,5.47484,2.37754
0.360404,0.561106,1.02819,4.60389,2.00309,9.06826,2.65813,8.28233,12.4721,5.70896,3.20862,6.4089,0.226896,7.08679,6.36116,5.87899,6.75415,2.89805,1.14571,5.16691,7.36298,2.53606
0.225024,1.58991,8.89265,11.6657,1.2791,10.5233,6.56903,4.14979,17.2092,15.0651,3.93602,11.2453,3.06363,11.4633,4.19313,0.0601041,4.14737,6.17993,4.05633,0.169398,4.67148,0.190309
0.45055,0.28257,5.51379,9.67118,9.32044,12.4897,9.9524,1.54919,0.595448,0.843462,5.15397,13.1927,9.05002,2.45793,1.39397,1.36839,8.32379,11.5462,5.93255,4.91115,5.97149,0.80272
0.576138,0.032394,0.681762,4.79156,8.0783,0.00856473,2.22193,2.99107,15.5625,13.2022,5.7745,12.7139,17.8579,10.813,0.367034,0.705476,4.98474,6.5151,2.35565,0.742126,1.62618,0.0641491
0.0342262,0.251836,5.20408,3.23293,4.45648,4.16393,4.86337,2.2922,15.7674,13.6389,1.56896,7.05135,2.42561,0.763043,0.623103,0.356133,3.49946,4.29198,3.2433,1.5521,1.58505,2.88106
0.315533,0.760133,7.53462,14.0452,12.0578,10.9779,12.3906,6.1998,1.28419,1.13902,1.87263,0.703547,8.86733,9.34901,0.978991,0.38688,6.85741,8.42822,3.43864,1.95335,1.20981,1.82664
0.0386203,0.877624,7.24107,9.01261,3.07601,18.5035,18.485,9.84535,13.1305,10.6399,1.03616,0.743812,4.91369,4.16273,0.0523726,0.855521,2.73805,4.21082,2.48433,0.963077,0.633465,3.18827
0.140752,0.11147,2.45376,3.94808,1.77914,0.433636,1.28601,4.09067,17.1596,13.4577,3.17089,1.00245,5.6188,7.99881,2.47748,0.549243,3.13084,3.21634,1.18755,0.473067,3.66094,4.46968
0.22547,0.168839,2.7062,2.71382,5.75151,19.4985,21.2063,4.81242,6.7931,4.35806,0.922319,5.77937,9.96723,7.64757,2.54608,0.0724895,3.29528,4.28876,2.67418,4.84865,5.98626,1.91648
0.188482,1.3987,7.95728,13.9258,11.1472,9.38896,10.5268,7.35471,6.49118,5.16734,1.10875,4.93697,5.11053,2.5864,0.360479,0.0534049,1.63085,1.08876,0.287393,3.66459,8.03482,3.52815
0.420251,0.190048,6.86904,5.8626,2.17189,3.90786,4.19574,6.94257,13.1363,8.7241,2.8231,2.11728,3.38956,4.34627,0.0418279,0.606412,1.56835,2.28234,1.30636,4.40402,9.29626,4.06859
0.162648,0.770027,3.30731,7.97074,9.57274,6.80608,4.7178,6.30582,9.6709,6.14834,0.458501,3.41079,3.58274,1.22642,0.0731353,0.359681,0.318181,0.0692978,0.6175,6.04999,10.1106,4.44342
0.260868,0.369684,3.65093,7.72316,10.6533,14.2232,11.1515,4.36668,3.44195,1.83751,0.275037,1.5639,2.12407,1.41019,0.266656,0.214268,0.579745,0.50978,0.297463,4.89158,8.81677,3.95671
0.30476,0.963835,7.34574,6.05189,2.57046,0.923787,1.16951,0.690891,0.0142403,0.637663,0.460561,0.587307,0.0639896,0.560299,0.204067,0.046134,0.0284475,0.00954689,0.150917,3.54054,7.53839,3.92421
0.206549,0.359425,3.89806,8.13296,6.2818,0.938854,3.88289,1.51783,1.00663,1.05772,0.144565,0.679365,0.138602,0.19549,0.173694,0.271952,0.211397,0.140093,0.070812,3.56582,6.80047,3.17888
0.0952761,0.540638,2.55498,4.03938,4.50697,4.12988,1.574,0.345968,0.3476,0.0797517,0.0634525,0.36978,0.162711,0.205007,0.0761313,0.113989,0.211652,0.245183,0.0993887,3.45871,6.86144,3.40598
0.146785,0.63971,4.25238,4.14115,0.700213,1.49266,0.284323,0.026775,0.0429293,0.108365,0.326314,0.649683,0.548574,0.21676,0.036181,0.141481,0.281465,0.162751,0.287585,4.1036,7.17413,3.4562
0.0163923,0.0624747,1.08294,2.62972,2.33189,0.230999,0.590197,0.138603,0.355368,0.380203,0.310365,0.666213,0.696632,0.411801,0.135518,0.0676556,0.0820718,0.0281503,0.245296,3.99802,6.84521,3.16165
0.159173,0.334659,1.47486,1.97587,1.81548,1.22906,0.533413,0.147967,0.217032,0.0700719,0.331341,0.461573,0.103766,0.138055,0.0227481,0.253135,0.64188,0.501382,0.318972,3.3027,5.68208,2.47046
0.0698804,0.0564044,0.525609,0.228381,0.972306,1.01548,0.566599,0.331846,0.210329,0.165337,0.142954,0.320671,0.0635676,0.0117674,0.101572,0.0197573,0.0497477,0.0406334,0.0954338,2.06841,3.67499,1.64839
0.0114603,0.0719289,0.181013,0.22387,0.590897,0.15877,0.111517,0.194903,0.525865,0.29683,0.0804182,0.369685,0.563818,0.355306,0.00870277,0.012056,0.224826,0.231634,0.00786229,1.18957,2.15695,0.957399
0.0266222,0.02877,0.0334078,0.0917659,0.113251,0.127633,0.386144,0.187082,0.249993,0.289798,0.0207498,0.00121654,0.133869,0.0606488,0.0450621,0.152809,0.322032,0.377212,0.0794476,0.178039,0.288339,0.381147
0.0255192,0.0115626,0.0406986,0.068317,0.242691,0.177894,0.202914,0.295835,0.279162,0.17535,0.0464526,0.109173,0.214183,0.12684,0.0551223,0.0577107,0.0487198,0.0457285,0.0541976,0.654997,1.19912,0.573352
0.0444981,0.0384425,0.0411969,0.159597,0.402585,0.305816,0.226718,0.29948,0.423658,0.319608,0.0571614,0.0968315,0.216367,0.314457,0.158303,0.0305416,0.195142,0.173267,0.245539,1.74776,2.82164,1.28451
0.0173104,0.0152836,0.00589271,0.150079,0.518529,0.667176,0.465968,0.217063,0.179923,0.0602181,0.000256847,0.19984,0.145931,0.156079,0.281754,0.176042,0.156634,0.187353,0.0443187,2.00669,3.69555,1.69748
0.0665705,0.0380041,0.0197607,0.148899,0.377926,0.285668,0.000693411,0.215582,0.14555,0.117386,0.434932,0.6007,0.472745,0.0667919,0.106052,0.0328517,0.0756227,0.0956324,0.199963,2.6843,4.31382,1.60235
0.0258471,0.0127174,0.000228784,0.136578,0.301653,0.139028,0.013661,0.0634911,0.184329,0.339774,0.09975,0.546337,0.190955,0.356509,0.291103,0.0272892,0.0485577,0.0720581,0.400517,3.63257,5.79215,2.41816
0.0346786,0.0187793,0.0134948,0.00375928,0.0447911,0.0349339,0.00378055,0.00990275,0.0117232,0.297303,0.293406,0.185292,0.0251511,0.0974504,0.162778,0.209904,0.33564,0.297438,0.105822,3.20167,5.25497,1.81801
2.35705,6.91208,27.5881,20.6156,55.5477,18.0084,41.5709,1.28575,12.065,8.27648,2.96795,6.87188,3.21628,6.68663,1.75867,8.34935,1.44182,4.66876,3.28272,1.00039,0.274928,0.515535
1.00913,6.77645,37.7228,131.973,154.987,80.6399,4.05876,0.493989,19.5011,17.8848,16.6577,8.1795,11.1025,16.1142,2.79405,7.9638,2.24212,2.93478,2.54478,2.08029,1.93453,0.0737645
1.845,22.4309,86.0453,110.486,37.544,14.7743,8.34481,6.65554,10.8465,9.03679,4.72978,0.542033,8.6378,6.69909,0.451526,0.152336,2.18429,3.35209,1.5019,2.58365,4.23269,1.38799
1.2949,43.4034,93.9897,49.1025,5.53708,12.0929,3.67131,4.88437,6.47267,3.85759,0.203519,0.328939,3.79244,4.52201,2.38303,2.49826,3.79298,2.66816,1.00237,5.17558,6.51089,3.34618
12.7227,36.5134,38.0768,0.192727,12.8771,7.65071,1.15249,6.14337,3.45614,2.66048,2.91456,0.634277,7.47955,6.22172,0.849238,3.29281,4.6309,4.19473,0.394305,2.07845,4.16328,1.21235
15.494,22.5192,15.9414,3.93864,13.1458,15.3295,9.59984,4.79091,6.96859,7.77848,4.56089,1.33292,0.357573,0.211416,1.16473,2.15859,1.33034,0.780123,0.614774,1.7114,3.06817,1.25072
2.7189,3.2308,0.559573,4.78506,10.3281,8.49573,1.14835,4.07768,4.79365,6.79205,4.98848,4.15393,7.99778,7.19419,2.27677,0.693534,2.28315,3.06362,0.810509,0.512819,0.00320709,0.874821
8.69032,21.1289,32.6844,16.536,5.81133,5.71366,5.41893,8.59476,6.10308,6.3735,5.90327,2.51681,3.12622,2.66138,0.03555,0.135021,1.03289,0.308476,0.782814,2.0315,2.93503,1.70944
14.9356,30.866,31.0948,12.309,11.8397,10.0369,4.44176,2.48696,2.4065,0.335364,2.99406,1.29028,3.05206,4.51203,3.06126,1.21308,1.58177,2.08712,0.293807,2.50402,2.96279,1.66173
4.82903,7.76277,6.94934,16.7003,2.4877,4.77527,18.5701,18.7124,8.45355,1.77962,0.0185489,0.552601,0.829849,0.434135,1.05481,0.81664,0.457349,1.24757,0.938566,2.2825,2.71741,0.774525
18.0185,21.9714,14.0107,7.02094,21.815,18.5661,6.42549,14.4873,7.24372,1.78025,0.362754,0.335769,1.35152,0.764775,0.297986,0.7244,0.114539,1.16369,0.954994,0.918798,1.61172,0.933542
33.2388,49.0278,26.7265,20.0619,19.0524,4.50345,8.07406,9.86654,3.26433,4.83014,0.709348,0.0045717,2.87771,3.20019,2.02756,1.54603,0.85395,1.53313,0.107237,0.0830797,0.553093,0.891863
37.4859,56.1641,38.5848,0.544134,5.01634,19.4669,30.3003,21.1828,0.0917229,3.94227,0.119651,1.1532,3.43633,2.79154,1.20241,2.58287,1.21332,0.805549,0.849657,0.0767926,1.26489,1.22706
10.9102,22.4529,26.3178,17.2735,16.0594,4.31799,10.6388,8.12474,5.67762,7.19036,3.1282,1.95415,5.99614,6.50543,0.175745,3.34377,0.266086,2.496,1.39261,0.928752,2.09966,1.61007
28.8354,32.6225,11.2689,2.86077,28.3095,26.7661,18.5456,10.9241,5.60213,9.52549,5.00278,1.26216,5.46015,7.08474,0.637507,4.36535,0.428127,4.74227,2.53154,2.16219,2.94354,0.741274
54.8805,79.853,68.5571,4.0957,26.4753,25.4421,29.6386,22.1849,6.33289,2.72168,2.88234,2.16598,1.44469,1.57996,3.28522,5.05296,2.31255,0.495386,2.64413,1.51934,2.26836,2.87602
49.357,82.4513,73.995,24.2629,20.8531,22.581,20.215,15.3544,13.293,8.20407,2.40959,3.48805,6.86653,6.69139,3.35548,4.15418,2.65296,3.55959,5.19458,5.9116,5.0497,0.74319
23.9816,29.3666,3.37923,19.6527,2.54251,8.44065,11.5467,5.03021,3.30038,2.04079,1.54816,1.54268,0.0703385,0.179436,2.2011,5.7531,5.19265,3.72602,4.79159,2.61366,3.84669,3.51773
26.5935,42.7204,44.6127,26.8001,19.1514,20.0609,33.8588,30.7757,20.8463,16.7295,5.23754,1.91017,6.90364,6.06453,2.03182,5.7111,3.79134,0.00190743,0.493084,6.92316,6.58277,0.719674
62.7433,83.9207,41.476,31.8065,35.7466,28.227,30.354,26.4337,16.2716,10.1517,4.12876,2.48407,4.00748,3.9597,1.24647,5.63757,5.9374,4.27383,2.48333,1.86438,8.31207,6.85532
62.5481,85.8747,47.6786,0.645445,23.8248,17.2037,0.464746,0.924052,6.6372,5.78807,0.0445818,1.35467,1.69719,1.1724,1.9317,3.78519,4.22975,6.41706,4.5333,3.93168,5.8042,1.78617
26.0524,47.2016,60.9078,26.2246,14.0142,4.7248,26.6213,27.5646,20.1372,13.4606,2.90246,0.865287,3.88665,5.64094,4.5654,2.27359,1.23804,0.761203,2.40048,10.8459,12.8686,6.62658
23.2958,30.5702,8.22587,14.3785,4.00083,11.695,35.7738,29.1674,7.5291,2.92101,0.382802,1.97023,5.74789,5.10499,0.920096,0.494173,4.423,11.6074,13.2553,6.24569,1.98992,1.62985
63.7509,101.066,99.3211,26.7536,14.54,19.731,22.076,11.8065,11.224,10.5822,0.327232,2.28718,0.319698,2.24169,1.07328,1.66539,8.72996,14.2803,13.3256,14.3074,14.8908,9.30881
73.4079,105.588,89.0164,31.8103,25.0048,8.33346,14.5903,16.0794,15.9022,11.4121,1.88421,2.16382,10.1759,10.3149,1.52887,1.04868,0.246051,1.242,3.23224,2.05637,0.957509,0.691381
35.5531,43.3335,7.01237,34.1114,32.6769,10.6918,30.61,25.3338,4.34256,7.91238,3.07949,0.0661471,0.561694,2.0758,0.625707,0.853692,2.57006,8.05083,5.67889,1.29355,5.77927,7.0962
11.4434,24.6195,32.1627,10.4508,9.17827,10.6081,40.4251,21.7757,12.7215,14.1553,5.69086,1.24426,16.7117,17.5363,2.02037,2.5588,6.50486,11.8479,8.55923,6.26731,0.762511,5.37047
64.4462,81.9004,32.1168,25.0988,3.57116,13.6237,1.97813,4.02714,5.24551,8.59877,5.62272,1.3887,0.973465,0.812889,2.73581,2.934,4.48076,5.74584,4.3433,6.43415,1.31395,5.45218
69.1544,98.0477,64.3669,0.0865315,13.3699,11.6379,20.8552,18.3722,9.17622,6.82778,6.49778,10.373,21.2321,21.6446,10.5322,6.70107,3.31281,3.70702,1.02784,6.73346,1.49874,6.38963
41.7733,67.7654,78.5034,34.194,0.140352,22.1135,52.9097,27.0906,11.4251,6.6114,7.53034,2.89787,0.868842,1.67224,3.21318,5.53958,6.00443,5.405,2.94217,11.2636,9.75022,0.347219
14.0785,17.0889,8.02194,8.2531,27.5238,20.7897,20.2236,21.7026,4.13214,8.56659,12.8753,4.80321,14.2333,18.0857,3.31942,7.65224,14.3775,8.67988,2.24264,3.95872,10.1235,1.61416
61.9558,98.1591,102.164,48.0079,8.34995,15.443,9.39115,2.50777,13.3691,16.5502,11.0579,4.21558,1.26359,1.4264,2.19815,5.41909,5.22711,3.89209,2.92347,3.4714,11.8032,8.14591
71.8716,104.882,78.2524,2.57423,26.0994,45.5834,44.3122,15.8764,9.33063,12.9907,8.84537,5.94564,14.7336,14.1118,4.19358,3.85779,0.528269,1.89741,10.5494,16.3715,10.4952,0.303671
55.4024,61.5161,11.3465,31.0669,23.8457,15.1683,27.6656,32.689,4.36215,5.03641,8.81499,5.26284,1.85417,2.62737,1.15344,3.75883,3.2597,3.20822,8.09548,6.38196,7.45195,10.2192
10.0199,10.0592,2.99163,5.00297,9.28794,38.6653,43.2296,26.5777,19.3459,9.46091,3.55002,2.42236,19.5923,16.6768,1.4545,4.77782,4.92828,9.41322,1.36002,6.71681,2.20082,5.46656
52.6962,68.9123,22.1987,22.1183,30.6036,50.946,22.8952,0.30012,16.0045,12.4264,1.09762,0.456792,4.07377,2.59479,0.554182,1.89667,0.500423,6.48403,7.13043,4.15552,5.87066,6.10046
72.1845,103.47,81.4968,3.30709,5.06018,8.84148,16.5975,22.6373,0.915572,0.614753,1.10889,3.91599,15.7395,14.9483,1.9374,0.98915,2.53354,1.78548,5.38728,9.39259,8.37375,8.15037
44.0547,74.7587,81.379,46.893,46.0424,60.667,57.3389,31.2096,12.8771,9.11839,2.47652,1.72906,5.97108,4.42829,2.1246,2.21046,6.68159,12.735,2.76901,1.33174,2.00871,1.84639
0.922308,1.36963,7.77671,14.1518,0.142766,10.8159,12.2368,18.224,10.018,8.98621,2.96382,1.79538,11.9846,12.2303,5.32714,5.46859,1.17933,8.53255,3.3584,5.60478,8.40441,3.5789
32.8848,63.5633,72.2819,29.9374,11.1119,28.9589,10.9254,1.11247,3.69525,2.48901,0.834106,4.07066,9.47571,6.22829,3.92946,6.54532,3.93941,1.10468,3.62212,8.0746,8.0611,2.28083
75.1242,97.4703,61.509,9.2585,31.7346,46.8865,41.7233,20.5793,10.354,8.41194,3.79278,0.0166497,6.61401,8.29405,0.106377,5.30784,7.84145,9.68481,3.11824,0.233307,2.35799,0.654916
53.1627,71.007,32.1364,6.69856,6.55123,1.41483,22.6631,33.5439,22.8372,15.3796,6.06013,2.66941,3.18993,4.92592,3.36759,4.07744,4.43075,5.17569,1.86915,3.40811,5.70533,5.09588
8.60543,15.5605,21.462,0.227312,40.6054,54.0876,38.9263,22.0877,12.6667,9.15746,4.15032,3.09999,8.97056,8.75288,3.34192,1.63952,0.688783,0.611688,1.81666,2.30873,0.98124,0.415037
37.9921,46.9244,15.7561,27.3936,15.2417,5.81155,3.75041,2.00054,9.41253,3.92809,2.99894,2.78595,5.23539,5.66756,0.935431,1.40934,0.829296,3.60948,0.914377,1.57599,1.36226,2.99044
61.9988,92.251,77.0356,24.8882,30.1375,26.0784,1.72023,11.6446,9.79778,1.93378,6.46049,0.649178,9.43026,9.09258,1.46506,1.70561,0.589632,2.96013,0.742858,0.410669,2.32319,2.39129
52.0771,82.8436,73.7525,10.5541,7.82971,12.8594,25.3035,12.8644,7.16265,6.45681,0.514993,1.56551,8.06756,5.62637,0.505642,1.18625,0.0236972,0.658273,1.28597,0.725124,2.64656,0.640749
26.4514,28.008,2.64976,18.8662,3.35781,0.390917,15.4071,15.0988,2.48932,2.23997,1.05596,0.100721,4.4167,6.30454,0.996051,2.77893,1.4379,0.499287,1.71865,5.06432,4.2354,1.3118
22.5054,35.9247,37.5144,9.69761,9.97038,14.2235,15.8461,8.08323,3.69484,3.17416,1.76651,0.687606,6.82018,8.92275,4.08213,2.05082,0.794887,2.9144,0.656451,1.45902,3.72403,1.94805
51.9656,70.7078,36.4576,8.84886,10.3451,15.348,6.38512,2.60592,9.91684,4.54517,2.21747,2.68197,5.73522,5.96124,2.76046,2.5374,0.123148,2.74678,1.97697,0.73392,3.2775,2.79522
56.6841,78.5777,49.7161,10.7553,15.7258,6.04609,0.768506,2.62567,3.03768,0.12885,2.93163,2.41287,5.59558,6.3972,0.324834,2.76526,1.22836,0.374423,2.12099,3.83217,2.00489,1.28291
30.8877,48.9947,46.0121,24.0545,24.1649,14.026,2.10196,4.2834,8.50731,7.51173,3.04384,1.52034,5.42106,5.94686,2.1136,1.37802,1.41389,0.388412,1.65314,2.92149,0.693047,1.40748
0.394676,5.35142,9.08676,16.7807,24.4174,13.1626,3.06617,6.87827,10.4784,5.12652,0.244074,2.35978,3.80176,0.721301,1.54966,2.89456,1.52348,1.57702,0.434733,0.53194,1.82607,1.27097
38.3173,56.4878,53.6568,13.4868,9.16047,5.25393,0.0256449,6.25377,9.19835,5.12954,1.75347,1.32049,5.00554,4.05271,0.0729878,2.53119,3.29007,3.03905,0.981348,2.00624,2.3911,0.138235
56.2223,73.3021,46.9211,3.80808,8.36276,6.35913,0.539565,0.915509,1.96091,1.00392,1.52761,0.511318,1.6533,4.44085,1.7576,1.00458,1.47131,2.87451,0.19481,2.46761,5.48556,6.12582
50.7679,64.669,39.4065,2.60589,2.05383,4.84956,6.82674,2.84796,3.83497,6.29594,2.88762,1.30788,5.80861,8.98787,4.16326,0.533356,5.63689,7.97469,2.70893,0.353278,0.867552,1.72812
29.0676,38.2502,31.5428,14.0396,13.2962,9.53641,0.264801,2.10877,1.00142,0.86066,0.759951,1.20043,6.96138,7.93935,0.427484,4.48741,3.41294,1.07862,0.886054,2.32482,3.25778,2.38278
0.650594,0.533036,12.7444,2.37,7.11041,15.3093,0.0732264,9.81011,13.9705,6.16166,9.88136,1.30023,3.91927,3.87962,4.89841,2.98803,2.65736,0.465617,0.517046,1.54327,2.07477,0.10018
9.74218,28.0196,87.756,163.977,154.875,78.5822,25.0133,14.8913,35.1105,13.2811,14.9593,12.3772,2.11189,3.21612,3.16597,0.300746,0.42342,0.784693,1.28949,3.67809,4.79066,5.10049
15.5186,26.5521,103.654,143.875,37.1597,22.0576,2.66752,6.3368,10.0416,4.13727,2.76924,2.00553,8.37667,9.6918,4.12217,0.868644,3.45959,3.84942,0.755403,2.49802,2.56533,3.05105
22.5672,27.5044,34.9957,34.3273,12.5992,8.73485,9.80227,0.19103,10.1327,9.26131,3.85512,1.2071,0.216745,1.10574,2.90678,1.82988,4.85069,7.41876,2.55754,1.7138,3.20016,1.58919
16.7342,22.3484,1.74172,20.4959,14.1737,6.92163,1.74292,5.52547,19.3202,12.7697,2.01697,1.64156,6.59484,4.94064,1.5358,2.11621,1.89649,3.71918,1.65533,1.60102,2.61934,0.243682
0.077602,7.37623,4.64949,5.12776,2.51431,1.79176,5.35257,2.70622,15.392,8.79875,1.60976,1.9343,3.73759,3.77186,0.667036,1.07726,3.73127,4.06873,1.15176,1.5443,2.50192,1.80772
9.11115,7.38532,2.23362,7.93036,2.41487,1.66957,6.84937,4.69064,1.1523,2.53868,6.31881,1.25311,3.51721,2.65251,0.364714,1.89137,7.03192,6.3356,0.0838663,2.19646,1.13267,0.355279
4.48505,8.22642,12.5761,9.60121,1.08578,1.26955,2.84925,3.79425,6.46144,9.72993,7.71154,1.1897,6.3357,7.0789,3.11871,1.29154,0.207774,0.272612,0.323202,1.23242,2.46987,1.3415
6.62178,10.2688,14.7445,6.6352,9.58675,13.5773,5.55314,2.24545,7.60863,11.0096,8.31024,3.19327,0.862892,2.76996,4.6593,4.92015,5.01757,3.69043,0.315059,1.9132,4.8227,2.89149
4.37703,1.97492,8.98013,7.70512,0.115161,8.55446,8.97017,1.06901,1.20347,2.99689,4.2169,2.8375,2.51237,1.24504,2.31904,4.7895,5.84072,4.41667,1.03723,1.4672,1.7563,0.148242
2.41387,3.05848,0.967133,10.0624,21.4173,18.0422,0.146745,6.58776,6.38954,3.38147,1.08211,1.1092,2.66434,2.80813,1.15695,1.59657,1.14881,0.826818,1.68192,1.26663,0.756781,1.09528
0.239177,3.24589,10.188,13.1863,4.94356,9.92617,12.62,8.72305,10.4469,7.47306,1.25214,0.00144675,2.70131,3.44789,1.83488,1.35349,0.539864,1.72963,0.0238021,1.27976,1.48765,1.06144
0.468709,0.380995,0.0358679,4.17107,16.8646,15.7905,0.711425,7.12039,9.07844,8.46486,2.55163,1.3445,4.11817,2.91301,0.482644,0.829677,0.588123,1.68785,0.996399,0.986195,1.27215,0.563016
0.394096,2.73595,7.89915,3.46697,2.32058,4.79267,7.23133,2.80259,0.473072,1.17756,0.680943,1.1739,1.43811,1.14641,3.03601,2.2984,1.52757,0.958224,0.226682,1.79518,2.28363,1.62536
1.01697,0.48506,3.79343,1.54509,3.80864,2.31819,1.27312,0.151879,2.60945,1.57202,1.10575,1.31335,0.663571,0.665961,1.23632,1.47614,0.235356,0.13225,0.569631,0.737286,0.770646,1.15777
0.261699,1.09515,4.18122,4.22655,1.9299,0.377589,0.707055,0.0263608,0.536044,0.628013,1.3062,0.371117,1.13441,1.04667,0.00603547,0.433441,0.363231,0.257208,0.0867113,0.2294,1.11453,0.906443
0.245732,2.13711,6.95355,4.05247,4.55844,4.40225,0.542274,1.55363,0.887436,0.125785,0.49601,0.3368,0.477718,0.573644,0.438216,0.750326,0.624118,0.0646321,0.380584,0.41887,1.07535,0.528732
0.331685,0.311613,1.27278,1.56208,5.45779,2.59555,1.04425,0.93345,1.78791,1.59771,0.0606423,0.0417727,0.146165,0.129184,0.534561,1.06252,0.960677,0.464069,0.157697,0.900253,1.10256,0.739402
0.00320115,0.923167,3.04721,5.42981,6.99951,3.81919,0.428407,1.38231,2.23154,1.72104,0.21821,0.0823978,0.0878117,0.0443947,0.693788,0.948183,0.376193,0.0368821,0.280555,0.116706,0.516948,0.343674
0.242635,0.848504,2.5856,4.55561,6.92676,5.01879,0.843261,0.501484,0.234224,0.0307613,0.367535,0.189878,0.355509,0.466337,0.110327,0.420194,0.17491,0.437121,0.250461,0.516888,0.581281,0.140483
0.352242,0.577858,0.257777,1.52218,3.43933,1.95018,1.20675,2.59249,3.28339,1.73252,0.252497,0.141325,0.0251126,0.143765,0.309966,0.403755,0.0611158,0.182555,0.0201847,0.136204,0.0218155,0.288922
0.350804,0.00143454,0.800917,0.43572,3.04947,3.20732,2.25714,2.1919,2.6042,1.34846,0.40187,0.256978,0.217753,0.28629,0.103479,0.109473,0.182723,0.334695,0.0696364,0.158947,0.0183593,0.291207
0.0274782,0.195898,0.508557,0.206482,0.543302,0.875728,0.0241801,0.32966,0.865154,0.822942,0.915794,0.363421,0.181041,0.149494,0.154713,0.437556,0.678659,0.62744,0.281384,0.26457,0.460822,0.321847
0.10472,0.0349058,0.0473226,0.456281,1.48916,1.20992,0.664014,0.825904,1.50599,1.64113,0.901113,0.154861,0.663546,0.706624,0.0876878,0.222883,0.330665,0.432608,0.291728,0.557914,0.790734,0.0729272
0.216275,0.046945,0.0938815,0.965806,2.58295,2.23844,1.4942,0.736466,0.572581,0.90656,0.43311,0.0477436,0.107587,0.287074,0.110326,0.0182675,0.243935,0.220563,0.0491118,0.807155,1.77747,1.26952
0.0129348,0.0733234,0.00268288,1.19447,3.47428,3.37857,2.34414,1.97001,1.01776,0.388858,0.262567,0.351414,0.695551,0.53336,0.0153417,0.24774,0.426353,0.353825,0.0299354,1.24917,1.65409,0.221301
0.0180778,0.0769116,0.0362819,0.114484,0.674985,1.44143,1.4718,0.831738,1.73897,3.0874,0.660876,1.14903,0.283937,0.622815,2.2567,0.758805,2.13972,1.19557,0.0863011,2.35028,3.10137,0.856564
0.143816,0.0844941,0.0908667,0.10221,0.304262,4.07265,6.8879,3.48565,0.495949,3.48584,2.32798,3.35643,3.71775,0.935969,1.19569,8.31586,13.3668,13.4681,4.11811,3.31122,2.35076,0.0580602
0.152804,0.0683112,0.119104,0.666814,4.03929,9.57823,9.18902,1.67484,2.77016,0.189454,3.02766,5.08299,0.428981,5.35144,7.23594,3.91105,15.1036,22.5411,10.6794,1.06365,1.17653,5.74715
0.0111788,0.635875,2.43925,1.41041,2.31014,6.73808,10.3643,12.8777,17.3501,6.07516,20.2739,28.2113,24.5115,18.4193,3.56124,14.2621,0.464854,5.3283,0.911047,2.60989,8.10468,9.14853
0.0602205,1.02824,0.719275,3.32079,13.108,12.9623,0.664094,1.18181,6.25422,0.069767,8.0665,2.10134,5.76986,5.83944,1.60148,13.2573,29.2297,26.6364,7.83788,1.20993,5.00727,12.3133
1.16395,1.90661,9.15959,10.8099,1.77653,16.9794,15.4565,5.30805,3.70215,7.1424,0.896998,15.4117,17.5071,10.7561,2.36658,1.48889,8.56009,15.5698,6.84816,3.13585,0.44256,12.2361
0.637025,0.290906,2.14802,1.5434,10.9549,21.6873,9.39565,3.20415,7.2516,13.849,26.5017,30.2797,15.4571,4.08156,0.66308,2.4241,8.41646,5.75699,1.0702,1.66504,4.32015,4.94023
0.375365,1.82124,7.91105,9.4368,12.1524,17.835,12.7256,4.03972,2.98435,8.69499,2.84473,17.0217,1.1529,8.38101,1.37798,1.87942,6.00075,4.28039,0.0598636,1.54313,2.37387,2.93944
0.095734,0.62354,3.18362,5.55547,2.62328,1.85845,7.0596,0.712589,16.37,10.6228,9.29145,13.8822,3.70174,1.79307,2.74479,4.28799,1.13188,1.24756,1.78596,3.47517,2.57567,2.03645
0.607698,1.92841,8.90805,5.00404,14.0323,20.7062,7.4669,8.47909,17.3669,7.51138,6.44121,2.6939,16.453,11.9929,1.02847,2.71148,6.96704,7.9328,0.134251,3.17727,4.27605,4.17411
0.289978,1.14692,5.00414,1.01963,4.73035,5.13454,14.094,6.08093,3.80075,3.65963,1.35223,8.44603,9.12588,2.52589,2.05998,2.96489,1.66165,2.72919,0.192745,1.61022,1.79855,0.292915
0.40573,1.97568,7.67517,10.2664,8.73221,2.94572,16.625,0.757817,24.7839,17.6122,0.818032,1.92484,4.37855,4.74302,0.768218,1.27077,3.70254,3.57465,0.821909,0.122617,1.60304,0.707798
0.389148,1.67112,6.60174,8.01559,6.69301,3.57272,18.428,7.77163,13.6708,8.89626,1.54099,3.71124,6.05884,2.30442,0.922602,0.847257,6.07191,7.46139,3.84054,1.86358,0.399135,1.09912
0.426948,1.31045,5.205,5.18943,6.13635,15.6343,17.8305,8.79209,7.10622,10.0549,7.36715,3.79876,2.98148,0.89252,1.92015,2.78543,3.76296,1.59536,1.9766,2.97689,3.17127,3.37735
0.569509,1.95651,8.19391,7.70027,3.65474,2.98615,8.40224,13.4751,20.9224,17.2883,3.26426,3.59773,10.862,7.36835,0.114726,1.98706,4.2329,3.85598,0.531087,2.52858,1.09263,0.849122
0.291328,0.517869,1.65956,0.212584,8.31452,13.2548,5.966,4.08464,12.1784,10.1348,1.10861,2.87775,9.8683,6.20447,0.224275,0.760682,4.4114,5.37382,1.38045,0.843244,0.345993,1.50198
0.304928,2.23335,7.95653,6.67872,2.71526,9.48229,14.9675,12.0696,13.278,11.3239,2.06935,2.9452,3.85295,2.20381,0.548688,0.397585,3.32699,4.76954,3.5038,2.55908,0.74105,0.66573
0.635306,0.737252,3.10291,2.41954,2.46673,3.94659,18.3679,18.5065,18.5461,15.6902,3.47052,0.970361,6.05256,5.69703,0.499983,0.946301,3.02624,4.1867,2.52139,1.57567,0.0816887,1.47217
0.290554,0.532493,3.34525,3.92535,3.1751,5.22683,18.4083,12.1625,0.503864,1.71799,0.34038,2.01626,5.46473,4.19936,0.764932,0.179241,0.35167,0.502814,0.760734,0.526141,0.00445842,0.249631
0.488337,1.49862,5.14809,4.02407,0.741568,4.42185,12.5177,2.64385,17.5631,14.7209,4.4384,5.56962,4.88229,1.14206,0.612532,1.03062,1.45518,1.68694,2.3068,2.33358,1.11329,0.953721
0.763964,1.81136,2.11496,1.18428,1.93017,2.71832,10.1506,0.635634,16.7483,13.9073,0.695099,0.870357,6.15715,3.13439,1.16796,0.207425,1.45639,0.829192,1.29117,0.700394,0.174638,0.453921
1.18306,2.46344,3.15589,0.872663,0.734494,4.98939,10.1085,7.11998,6.1996,4.91365,0.756644,6.0526,13.1185,7.91928,0.195349,0.890847,1.1458,2.22816,2.15783,1.11448,0.191428,0.298689
0.195641,0.948648,0.562929,0.0635389,1.94519,0.143529,3.14423,8.47134,22.4949,17.8849,1.67867,4.35716,9.95212,6.65542,0.701678,0.539556,0.539673,1.09271,2.38945,1.00018,0.332556,0.438062
3.64134,4.25515,2.28011,0.266568,0.995602,0.846891,1.72574,4.84779,14.08,11.5615,0.682457,6.48209,9.93967,4.59629,0.39431,1.86417,3.76304,3.49091,0.366937,0.208357,0.211176,0.894535
6.03128,10.7466,9.13041,0.594871,1.05952,0.376726,0.167964,3.62023,10.1163,7.0958,3.35159,1.60896,6.5039,4.07171,0.228554,0.266284,4.34771,4.98312,0.240234,1.66203,1.862,1.80242
0.654677,5.01898,6.19268,1.71179,0.0499906,0.0932931,0.105657,7.33303,20.9965,16.4705,3.89646,6.08376,8.43673,3.92078,0.219088,1.31807,0.718069,0.735585,1.49009,1.18045,0.299273,0.376932
11.1759,15.6868,10.9592,0.828077,0.0970188,2.02843,3.86036,6.24139,12.7009,9.55503,1.60542,4.49665,7.57124,3.99775,0.695789,0.681683,4.45472,7.37706,4.49413,2.43557,2.92165,2.79207
17.8321,29.7413,24.8666,3.02812,0.44738,3.56914,10.6484,8.2043,1.01599,2.31487,5.87238,11.796,7.66725,6.63642,9.02368,4.70343,2.02495,1.77504,0.919499,0.549351,0.387884,1.35227
5.22219,10.4915,9.48333,0.94544,0.927248,3.17067,10.0941,2.94719,11.6014,9.20233,2.53142,5.82174,36.4908,37.0927,8.95206,0.459697,1.06591,10.5409,14.0768,7.02312,1.07444,0.118604
18.9808,26.9349,18.6077,0.111251,1.72552,0.552653,5.87831,0.0187186,15.441,11.7351,0.731812,0.955768,0.692486,2.07058,2.0914,3.23998,17.1467,19.5223,0.747536,7.43765,1.92204,0.356893
28.8197,44.3653,37.9219,3.81209,2.18781,1.56512,2.43892,2.01959,5.10562,3.71525,4.80665,6.52501,29.7204,27.3897,5.72353,1.43039,13.0419,12.5989,10.379,18.4351,6.74691,1.61812
20.2231,18.8114,41.5262,117.467,132.229,64.6182,29.9617,25.3433,26.9778,16.4912,1.62536,0.94955,9.9184,6.02574,0.160937,1.01955,2.04406,9.96754,9.43839,1.62149,0.10259,2.46828
11.6241,27.8241,19.8571,72.2638,10.3139,13.6218,8.83463,0.143806,7.26595,4.94604,1.75731,0.765798,3.71766,11.753,2.31378,5.17021,6.59667,15.8167,16.9884,21.7673,17.5236,6.21163
28.5148,3.72735,73.926,75.0914,8.19947,0.232275,0.963224,10.8371,15.2642,10.0645,2.0587,1.64158,8.6847,20.4952,8.0889,2.09001,15.6317,22.1518,10.9366,10.0537,5.90186,0.405657
21.9528,68.2263,90.831,34.6196,0.520404,1.56476,5.86568,4.14783,13.6412,13.5282,1.54706,0.797442,16.5991,34.6952,17.1453,2.04255,3.23789,6.29568,2.85103,5.3616,7.83548,1.72975
0.67475,7.98692,12.9956,9.58502,14.095,14.6316,7.50452,5.1124,3.27487,0.20155,1.82894,1.18363,12.2103,23.2633,16.8,0.890656,14.4391,17.6049,4.93136,5.11212,8.7941,5.25779
31.8701,50.275,52.1448,19.8834,1.2039,1.13097,12.8988,5.76436,14.925,11.951,2.8885,2.6758,10.9506,37.0362,30.8408,8.88855,23.7892,26.8682,6.27756,4.87632,18.4215,16.3686
38.2748,58.3672,49.06,14.3575,13.7868,8.44176,3.93757,6.63338,18.9517,7.37004,3.24702,3.22537,10.7047,13.9987,6.1475,1.24498,9.41155,10.5372,3.79131,2.33158,4.14566,5.929
18.5271,23.3534,2.40949,15.6596,0.791679,4.91604,8.76746,8.42742,0.0347597,0.58537,0.886128,0.259238,4.54316,6.55928,5.97397,12.4247,37.3305,39.4167,10.381,0.227236,1.57081,0.639229
19.0698,26.1583,23.7162,12.9265,15.0214,10.6958,1.94966,5.80444,1.72225,0.0312112,0.541683,0.879586,1.05383,9.38736,32.2776,27.0479,16.8605,16.2184,3.7394,2.54715,0.348895,16.8121
43.8154,56.9585,25.8719,18.8764,13.4774,3.79546,17.5648,8.89342,0.24699,3.93813,4.48076,4.05982,5.42956,13.3863,39.0882,52.0932,43.6826,29.7705,7.79981,2.2894,2.20459,0.213883
48.1437,65.8797,42.5715,2.51354,2.25853,3.12402,12.664,5.6678,10.2045,4.1148,2.68003,0.21273,3.80027,2.31747,21.1096,47.5836,50.8266,40.9058,14.0802,0.37927,0.250912,2.27446
18.2566,31.8213,37.1566,24.341,21.1446,12.4712,1.4848,7.75946,17.8994,16.6997,2.83757,0.291327,2.63494,2.69568,11.146,15.3938,32.2275,41.5912,18.274,0.686462,1.72002,6.24338
20.7488,27.1847,12.1587,2.79605,22.8503,8.30202,20.5146,12.7252,2.3995,0.438639,0.398627,2.21243,2.29457,1.13471,2.35122,25.5933,17.7154,15.4858,8.16129,3.31596,1.32406,4.81785
46.3374,72.1586,66.7664,11.2865,20.0088,12.3922,11.6772,4.70923,26.0328,24.8644,3.43997,1.51692,6.80235,6.41041,6.47417,33.5064,63.9218,43.5062,7.61287,3.45685,3.81886,3.64613
49.0643,75.1241,66.1494,20.6429,8.64314,7.74964,10.0483,12.0957,18.5061,14.6474,0.0200335,3.03375,0.459063,4.64573,1.95365,8.40746,32.4234,15.0073,4.69614,2.08362,2.40949,1.66475
21.8207,27.3575,5.56052,11.9073,8.03795,0.118007,29.2742,20.382,13.6396,18.4448,3.96755,1.34398,7.49103,6.87653,8.68768,29.4257,21.0235,4.80938,2.04651,2.82407,3.6476,2.28649
26.7121,39.8808,41.0093,28.1417,26.8831,5.20805,26.7447,17.4405,19.6956,24.7524,5.96199,0.287946,0.624647,1.80987,2.4967,9.47806,58.911,61.6964,13.7688,6.28774,4.33646,1.59451
61.3592,80.1753,40.3427,27.4081,35.0203,20.5769,4.05794,3.07739,12.8552,10.2889,1.11023,1.09479,5.88506,8.43661,10.7792,23.4255,13.6211,10.4606,5.43172,2.82695,0.717186,0.878608
62.8175,86.2073,50.6216,1.38825,13.8151,20.9505,30.1925,12.9656,33.5847,32.8351,5.31619,0.58276,0.31153,7.14726,15.9244,5.35147,9.1699,5.50474,12.0992,4.92714,7.86249,8.29943
27.9986,44.9742,52.8481,26.413,4.55801,11.5821,33.4483,21.2667,5.51407,4.11842,1.5513,2.58727,4.6832,4.8884,2.85637,8.67135,47.4939,62.1321,19.61,8.7926,4.26724,2.56348
26.2193,30.932,9.48078,5.81787,12.3833,4.41387,12.0781,19.0537,37.5029,32.6043,6.29071,0.717871,7.562,10.9902,2.78352,4.10615,52.0705,73.7038,20.1829,9.51269,2.98351,6.3124
56.6915,90.6135,89.4809,21.71,20.1388,23.276,19.7177,0.211443,34.8841,27.1682,2.00951,6.86185,18.7972,19.2936,3.04856,0.637054,34.8138,49.7936,7.83083,15.7968,3.24982,6.02101
64.0042,97.2437,82.0107,28.6684,23.4655,25.0333,38.5685,35.2877,20.3052,15.3946,4.4173,1.76434,9.02855,7.43638,0.618723,1.94937,2.76584,17.2575,9.53893,2.00023,3.26206,7.82076
35.899,41.5075,7.44906,31.4834,26.6195,27.6962,32.7913,33.9611,46.6951,37.5629,8.4057,2.80376,14.9031,18.4251,7.26278,3.95676,12.612,10.808,1.53971,2.11854,1.80384,3.3382
24.3626,34.3595,35.2036,13.994,1.1586,4.75329,6.32323,3.84533,13.4539,9.91233,4.15891,1.97121,3.05021,4.29266,2.20883,8.28788,34.1219,36.006,6.77264,5.34191,2.13227,0.669124
62.7533,81.1631,33.331,29.7647,9.75,4.95255,27.7932,31.5443,28.6683,19.5577,1.17637,4.66819,14.5147,13.8148,1.95893,4.43089,14.3543,26.2027,7.33388,9.01729,4.64445,1.54089
70.9137,100.49,63.7065,1.26525,18.3149,36.2933,44.0763,34.9607,25.6396,14.6887,2.84658,5.22567,4.88107,0.343781,2.63614,7.46954,13.7882,11.8949,1.51557,4.30765,2.47751,4.45206
38.6589,64.2812,75.4432,27.6529,9.36963,7.47621,13.4004,14.6599,1.27339,3.47076,4.76641,2.29222,13.2526,16.1532,17.1292,10.5335,15.1299,25.201,13.5768,9.92442,5.23728,3.99312
10.3997,15.4505,7.92108,10.5111,29.2708,29.5357,3.18173,12.0413,21.5719,22.6312,12.281,1.38725,10.4086,7.87244,6.86526,7.1709,22.7668,39.0896,20.0908,1.46886,9.12204,8.11472
56.843,90.0491,94.1217,42.5784,5.34672,27.5919,42.0681,25.1633,16.7759,21.4539,15.3134,4.10582,0.0534826,4.09313,2.35348,2.79496,9.5574,18.7727,6.29219,4.63197,7.6996,0.625451
66.2803,101.496,80.2861,9.06192,18.1456,14.5253,24.4917,24.7599,8.19086,4.66967,10.9487,6.27289,4.5907,5.06889,1.20881,0.675751,3.37374,9.59824,13.8477,13.8586,13.3725,9.89955
44.9209,52.916,9.5913,31.8487,28.6698,36.7604,28.3085,2.91767,25.4845,15.4727,11.167,6.68295,1.87823,4.24257,6.63574,6.2204,20.5534,33.3847,20.4263,5.46177,1.2982,2.62705
8.63557,12.6109,10.1878,3.86553,1.22301,29.4295,33.0499,21.0183,25.4456,12.9456,6.13867,1.8925,4.94418,1.69582,5.41142,13.7284,38.8895,43.4279,14.8635,6.75378,9.73667,4.84697
57.3066,69.7573,19.6118,22.2065,33.7763,38.0106,20.0794,22.7191,9.37321,11.2983,5.83528,2.05515,1.44644,0.234905,1.29874,4.83977,17.887,11.8462,2.05111,0.582336,1.99293,5.61398
68.4238,103.149,79.9817,0.250624,4.59904,32.0932,45.8369,4.2629,46.6707,37.8911,8.15745,0.215696,4.09486,4.97671,1.18029,11.6763,47.3128,47.5653,12.4669,3.37609,3.28504,1.38413
52.1942,79.1768,82.3746,43.683,37.9328,37.9351,9.89706,10.6441,37.4096,26.2479,4.80324,0.572299,2.01119,0.508729,1.12944,0.132794,19.6512,28.5943,10.8627,0.9195,1.37476,0.766991
1.73141,0.800934,2.88643,3.06287,18.1665,26.1793,2.83853,9.60624,0.751908,5.69378,4.84209,2.71782,8.53222,11.1122,4.02471,1.77902,8.89182,9.87933,1.90509,4.50121,7.5762,5.27331
41.7449,72.2278,80.2515,41.5442,5.52654,33.4039,48.01,11.6928,32.8392,23.9601,0.386129,0.976708,0.145688,0.982997,1.11259,4.35466,10.6323,19.3434,6.74452,2.72045,2.99907,2.72884
67.1204,93.6132,61.4314,14.8004,45.7501,35.7897,15.5859,8.70349,47.4156,41.0192,3.91043,1.22449,11.2985,8.66251,5.79651,6.24281,8.82171,14.3616,3.86531,1.01137,5.55096,6.452
53.8852,67.1485,26.3249,6.47648,13.1841,10.0054,20.8878,2.66334,22.277,18.4921,4.37092,2.66852,8.18773,8.21518,2.82763,10.0294,2.31127,5.45816,4.13674,3.22682,0.181612,3.31889
6.75081,12.1721,16.8092,1.82888,38.1736,47.67,34.4662,10.354,27.9884,28.1115,3.62088,2.95421,11.3958,10.3378,1.4601,0.61696,6.46678,7.57423,2.03167,0.396596,0.496281,2.00505
37.7997,48.2409,17.6017,21.4918,1.67424,6.71411,21.7682,1.24189,56.397,42.2045,2.37666,0.806239,11.332,14.1659,9.87585,7.02039,4.85886,0.332372,1.52976,1.94428,4.38529,4.05203
68.3305,99.3705,83.0455,18.7817,12.1977,35.3933,44.5193,15.0295,20.2903,14.6088,2.945,4.8613,7.59472,5.61075,2.95385,5.56459,4.29053,12.8232,6.7848,0.156838,1.5132,0.796961
54.6501,83.8425,78.5354,32.2851,29.8197,24.9469,2.54081,22.2955,36.6723,29.7458,7.99938,5.05294,13.757,10.8496,4.59862,1.16857,25.1206,29.543,7.84084,0.237325,1.24655,0.610061
20.2519,20.6166,0.361303,21.2703,14.34,2.25626,0.346528,12.1588,53.1629,42.3828,7.14227,1.83788,3.47149,2.70034,0.476694,2.62724,4.20441,2.23105,1.02178,2.92091,2.52147,0.178828
20.2255,38.4634,44.4906,11.3544,20.3151,25.6557,22.5842,2.56206,33.352,27.1174,3.39344,1.86884,8.96105,7.59736,0.109581,6.58115,29.2813,32.2223,9.33175,2.09024,1.93711,2.01587
57.1322,74.495,37.5449,5.32239,13.2985,16.4224,17.9279,12.1916,1.46808,2.66102,1.33002,0.251699,2.23087,0.912868,2.27162,2.19791,6.97244,14.8289,7.83615,1.07393,0.550063,0.429321
58.0852,76.1164,45.1423,14.2494,20.754,17.5678,15.5896,17.7452,33.2027,27.8711,6.24604,0.037142,4.24137,5.85825,3.69638,0.733352,2.72861,3.15346,2.92571,0.666112,0.526766,0.673009
27.5035,44.3035,46.479,26.9825,20.7236,15.5936,8.24217,15.0168,34.8604,28.5334,7.21954,0.525953,1.93239,3.16343,2.91583,6.85503,16.6783,9.09917,0.57808,2.8043,2.2696,0.12647
10.4973,13.7117,7.77831,4.20163,7.68536,3.46095,2.1861,3.46295,4.40644,3.97991,3.2371,1.94714,0.905388,1.58952,1.06372,10.5604,37.4235,30.6109,5.61372,0.672602,0.279087,0.542758
43.0493,65.6262,60.8804,16.5084,4.82667,7.02262,5.0205,4.16458,20.8025,15.561,0.539455,1.51765,0.131192,1.89521,2.99914,9.6484,12.748,3.42867,1.56162,0.579878,0.107536,0.353479
56.4362,76.9588,51.7845,0.399694,5.7575,1.81959,4.5214,4.41504,24.108,18.0403,0.978953,0.346937,0.842721,0.231433,1.07824,2.15401,1.60676,9.6339,4.58917,0.901723,1.08592,0.103193
47.9698,58.6385,30.2374,4.24623,4.95501,3.18066,3.88518,3.17133,0.0519201,1.15967,0.187803,1.09969,0.657625,4.57244,4.6553,4.63309,22.6078,25.9309,10.0583,2.68137,2.86469,1.46899
14.102,20.2112,18.7516,4.22757,3.98555,1.14244,0.971259,11.5634,33.9441,26.5518,3.99146,0.571041,3.61158,2.00273,1.9292,3.1766,13.3748,18.8213,6.63293,0.10928,0.374699,1.05683
17.4976,24.234,14.6021,3.50992,6.21983,6.6197,7.84368,4.09479,30.4976,26.7761,4.14985,0.582581,0.43838,1.15578,1.09135,2.45799,4.09233,1.81379,4.05965,0.702385,0.361433,0.652786
39.9068,55.7291,42.7735,8.60668,2.09622,1.54938,5.3258,6.77232,8.95169,9.0851,1.6093,0.970241,0.499348,0.0606898,0.680764,3.32305,3.18228,3.99366,4.14709,0.344921,1.01816,0.374914
50.231,67.0068,45.0283,64.0629,105.95,30.9687,14.1294,10.1584,7.00837,11.7898,7.963,15.7172,7.76575,2.80172,5.6168,2.94397,3.17205,1.59265,1.06391,1.44501,2.63155,3.23814
21.4988,32.5562,29.891,39.5533,75.0648,50.7011,11.0781,7.01546,4.55246,0.22155,1.17011,1.69418,5.78353,8.06636,0.751619,1.11166,0.876455,0.496402,0.210619,0.0785802,2.0627,2.61956
16.1977,9.95808,18.5886,9.78577,12.4076,3.7761,9.01087,5.88815,1.07663,1.85238,0.528562,0.893724,3.28327,3.17541,0.724533,0.0758096,8.89342,15.0681,5.25128,2.57329,2.79638,1.2653
2.11818,7.86581,25.2365,22.0878,1.33736,2.35405,1.20412,1.71569,9.17489,8.87,3.35819,0.322255,3.35117,4.17455,0.73083,3.08268,17.4925,20.929,7.11252,3.11988,4.63657,1.95036
20.677,30.2425,17.2982,2.71392,1.92455,0.61117,3.30883,6.68327,9.87231,7.41134,3.30346,1.54968,2.20108,2.07989,0.0801977,1.0646,3.38981,7.04407,3.56523,0.267712,0.994778,0.383612
13.1588,14.2493,12.9414,12.262,9.12338,4.44182,4.27292,3.33853,4.62193,7.17399,6.52979,4.42483,5.25821,4.56708,0.123457,5.2559,0.391765,10.5441,5.33922,0.437745,0.659607,0.509405
9.63078,11.6689,14.8189,9.04989,4.23296,9.76636,7.86611,1.74939,2.65485,3.30358,7.52673,3.33854,0.617705,0.401155,4.50532,1.75331,36.2102,44.2581,13.072,1.33596,0.666566,0.34478
2.54102,2.35066,0.978753,0.310541,0.891205,1.58741,4.64134,2.84598,9.94684,4.99912,5.49089,1.61454,4.56752,4.1883,4.65501,7.25799,11.6381,26.7942,11.2058,1.65586,2.20543,0.676694
4.4789,0.489216,6.5817,7.2981,9.96674,14.2387,9.59931,0.890672,11.7646,7.52506,3.03779,1.98155,1.69215,1.5442,1.03488,0.0717831,5.58346,4.93438,0.265697,1.25153,1.60022,1.6986
1.90575,3.74632,7.74289,6.07326,4.68811,9.78601,2.73056,1.12203,0.102371,1.12606,1.34515,0.910054,2.5978,2.11931,0.77819,4.71216,19.5385,23.4785,6.79762,0.463871,0.402412,0.306476
2.34585,2.05552,2.0984,1.87214,5.23698,10.4303,2.0967,1.03548,10.5443,7.57333,0.694664,0.00603917,2.91148,2.74146,0.789522,0.541366,22.9569,33.4014,11.6999,0.535889,0.198396,0.0887236
0.158845,2.23791,8.23605,10.3536,12.9401,15.2862,9.53699,0.532447,8.46584,6.33188,0.829248,0.561511,0.0223921,0.0267063,3.40401,2.23036,16.9223,26.2709,8.77441,0.613513,1.00395,0.336402
0.607697,0.558211,2.54057,5.7747,4.22241,0.701317,2.28355,4.94833,5.63441,6.0756,2.50055,0.328354,0.910963,0.259273,0.669587,0.176971,4.01518,6.37001,1.57117,1.49561,1.20675,0.368673
0.350874,1.43429,6.22458,0.969128,10.9718,11.8987,7.27128,5.35647,9.63927,9.96469,3.4574,0.921289,1.54274,1.67019,0.990641,0.0260476,12.3215,19.7144,7.07461,0.0585037,0.805007,0.111311
0.949857,1.1377,5.59258,0.494084,11.2416,8.69601,4.01372,1.21264,2.51774,1.2543,0.703782,0.283521,1.37996,2.5402,3.15529,3.51226,32.6306,42.1072,13.8477,0.171607,0.430288,0.38855
0.210986,0.691672,2.23549,6.52026,9.40555,5.22183,2.36374,2.98608,14.5106,12.231,1.59679,0.2057,1.03664,2.04498,3.38133,6.01488,21.8317,28.3677,9.83761,0.0651469,0.936105,0.247571
0.220177,1.73539,5.27369,7.88273,9.47402,5.79977,1.31833,2.7895,9.17592,6.52638,0.2639,0.496779,0.431092,0.81097,3.27382,3.80019,0.563961,1.07206,0.558441,0.336362,0.79119,0.404949
0.277218,0.890696,1.79536,3.63127,5.3736,3.47901,0.0438585,0.250648,4.52505,4.63406,0.695921,0.350321,1.57309,2.51267,0.868682,0.627013,20.161,27.3845,7.94481,0.567774,0.166645,0.420889
0.443679,0.905725,2.11908,0.683746,1.45978,0.580679,0.553162,3.69444,12.5386,9.98172,1.0763,0.675023,0.477555,0.722893,1.33291,2.69249,24.61,29.3933,7.76373,0.709588,0.549926,0.240359
0.0713281,0.697085,2.12905,1.47467,0.414764,0.932175,0.195074,1.24748,5.32052,4.30379,0.443016,0.464164,1.85479,2.69894,0.749915,2.64231,6.58091,2.72716,0.640831,0.452105,0.231008,0.274723
0.145912,0.286187,0.600147,1.12663,3.05781,2.32974,1.86773,3.13562,2.71837,2.86097,1.557,0.158631,0.0780861,0.111223,1.61044,1.69664,9.51999,15.1185,4.56366,0.871627,0.54781,0.779457
0.0274566,0.00908563,0.581297,0.771668,2.83451,0.243814,9.43338,17.9869,10.0654,1.03275,1.31201,0.0942185,0.571113,0.214996,0.0830328,1.69931,13.8144,17.9709,5.24924,0.730261,0.869804,1.79399
0.0242157,0.0537256,0.37479,1.20126,4.05176,2.47723,1.80147,3.37638,0.50524,0.839351,0.730117,0.629572,0.256005,0.892015,0.721238,0.191105,4.36509,8.64167,3.59412,0.115479,0.71148,0.505892
0.125363,0.125362,0.115456,0.992914,2.73334,1.88592,1.03881,1.81881,0.175031,0.00627116,1.09193,0.142699,0.26969,0.221868,1.05145,0.856359,0.703606,0.348651,0.593528,0.00059427,0.0131238,0.00434397
0.122947,0.120082,0.173183,0.306544,0.365333,0.0420061,1.58184,0.80886,1.62786,6.7694,5.21358,1.60472,2.3558,2.38149,1.27406,1.42395,2.98552,3.65671,3.08462,2.48691,2.22482,1.26876
0.012429,0.00208249,0.133134,0.181912,0.628715,0.374796,0.949789,4.46216,36.4883,54.51,21.4692,0.728798,0.675244,1.70431,1.60421,1.12929,1.85901,4.37059,2.09689,0.541876,0.103548,0.241541
0.151473,0.0234419,0.133453,0.694992,2.39907,2.00667,3.42858,3.67505,44.0725,59.0402,22.834,0.870458,0.875697,0.858642,0.0321638,0.00461493,4.96552,8.40647,4.06854,0.444252,0.397867,0.0507237
0.171493,0.0352319,0.288891,0.630788,1.1376,0.737224,3.03693,10.2231,37.1644,21.1891,3.60602,0.595109,0.0147699,0.999214,0.953403,1.35726,0.102678,0.173479,1.25013,0.463366,0.0159177,0.169768
0.803744,1.18525,0.582273,3.63778,2.34209,9.37722,4.22541,7.40857,18.2852,18.7721,10.4608,5.06453,0.71606,4.67186,3.95429,6.86875,18.0361,14.7271,1.04081,2.75376,0.272162,0.783629
0.564596,0.799949,5.79232,6.41521,6.22962,12.0998,1.39181,16.136,38.7462,27.3339,4.15135,6.24633,6.19566,7.82143,0.472666,5.11158,6.68583,0.130308,1.83649,4.7957,5.14972,1.74989
0.149801,0.263895,0.880884,0.0810791,4.45788,12.6932,8.89282,17.5492,34.2018,10.2403,14.3511,5.90338,0.727294,0.740142,1.29338,2.61954,7.13659,5.96413,1.0609,1.61526,3.80058,1.92204
0.915071,1.63779,8.1594,11.1106,16.3757,19.4576,11.8468,1.67279,11.9516,8.48453,6.93364,2.82088,9.16988,8.57326,1.19658,0.373157,2.03079,2.37,0.867348,3.25602,6.08298,3.49081
0.278498,0.620693,2.64172,5.92209,1.51213,5.6242,2.25125,4.31535,2.0813,16.8734,20.6989,6.65526,1.02711,1.38078,1.34055,2.58661,7.11483,7.01832,1.1412,2.23978,4.18635,1.41509
0.522979,1.82348,8.61074,4.703,12.8301,19.9877,13.499,5.33822,3.61908,2.99923,5.13316,5.94209,9.56332,10.4891,4.93695,6.45,12.3922,11.8707,4.66578,0.770303,2.7389,1.25565
0.544045,0.701702,4.67867,3.48536,2.6886,5.61455,0.629411,7.61682,11.3766,12.5364,7.25981,2.44054,2.75021,2.33551,2.0347,2.61216,0.292413,0.837056,0.415318,1.05316,0.623786,0.642196
0.78659,1.74381,8.4208,8.10615,4.59995,4.86185,1.25741,0.123024,8.11759,4.23354,1.09682,0.285902,8.26093,8.48368,0.415958,0.926163,7.70496,9.04174,1.56931,2.3458,3.95202,2.5608
0.336192,1.5127,6.35287,3.78705,4.144,6.46084,8.16159,0.618694,16.2043,13.987,0.566814,3.31298,6.53679,5.90148,1.96903,0.635862,6.12686,5.47177,1.91777,3.83634,3.13483,0.0822794
0.367416,1.7838,6.8139,10.0617,11.8655,12.4988,11.5078,6.31184,2.16289,7.76281,9.18366,1.94506,3.42736,3.87625,0.11889,1.22011,10.4537,10.8655,2.24965,0.00241659,1.61573,1.50576
0.259953,2.14452,8.18742,11.6948,6.10893,2.86105,6.85938,8.4072,14.2423,15.2573,6.96815,0.0182665,5.72278,5.09068,3.42929,3.32879,3.64066,8.67815,4.79532,1.70857,0.795291,0.033798
0.00573602,0.972612,4.32793,0.405368,14.2637,17.5197,9.16151,7.77632,17.0937,17.3911,7.17,0.120827,2.69367,1.82115,0.14548,0.205352,1.50099,1.31419,0.359643,0.543237,0.156575,0.217163
0.238073,2.51899,9.02674,5.34597,1.3262,6.1084,1.39415,3.25356,3.58198,6.97477,1.24936,1.44263,1.63728,2.31192,0.886986,1.75069,5.70264,6.33532,2.75502,0.520907,0.106821,0.0383817
0.0639879,0.0920688,0.472498,3.17,11.6442,11.8696,2.50463,5.23784,11.3304,10.0748,2.53829,0.594065,1.19436,0.870903,0.620237,0.30432,1.76818,4.03844,1.69704,0.309675,0.0171614,0.18497
0.194751,2.17241,7.94145,9.98055,5.28788,0.366856,0.193441,6.5764,9.07946,2.76428,1.06686,0.0742123,0.135156,0.0611221,0.00321937,2.20394,4.22936,2.88893,0.958209,0.191433,0.168946,0.130504
0.0744468,1.57365,4.93238,5.32595,2.1214,0.0923957,2.16269,4.22073,20.6218,18.0721,2.91539,0.470156,0.0190834,0.355538,1.33968,0.534458,5.37961,6.39881,2.34539,0.0451424,0.132244,0.161317
0.214359,0.193773,2.0371,0.99834,3.66765,3.83955,0.179277,1.78626,7.54767,4.645,0.589886,0.639539,0.333708,0.966728,0.576335,0.0329257,2.93478,5.66371,2.89567,0.0860003,0.357358,0.343547
0.219722,1.27341,4.30468,2.63163,0.773014,0.614287,0.921305,2.75635,3.1168,4.01464,0.364496,0.109381,1.03929,0.755555,0.491047,0.466929,0.69522,0.995018,1.22015,1.26648,1.0599,0.318783
0.0599721,0.893547,2.21359,0.782849,1.85716,1.65082,0.314971,3.19127,8.44939,9.05088,3.50472,0.744648,0.966198,0.803514,0.118535,0.122342,1.81612,1.98884,0.399738,0.872323,0.804349,0.735987
0.129999,0.0879361,0.40885,1.0565,0.795278,0.00705519,0.658577,0.196878,1.97347,0.986641,1.55295,0.202637,1.32301,1.28267,1.1892,1.24243,0.386238,0.270253,0.122635,0.334079,0.284914,0.277933
0.134246,0.191952,0.843163,0.873326,0.634201,0.195792,0.150841,1.99788,4.75018,5.23551,2.11048,0.144532,0.0836736,0.0575456,0.0941348,0.899449,2.28769,2.04171,1.32559,1.04888,0.548206,0.465119
0.0718953,0.153137,0.468055,0.344377,0.143532,0.320481,0.0368978,0.332289,2.65144,3.58425,0.727007,0.623678,0.279164,0.150373,0.17595,0.153416,1.72902,1.61409,0.5903,0.25923,0.079838,0.11725
0.117107,0.0192968,0.127093,0.176778,0.680616,0.20729,0.363229,0.174422,0.330112,1.15308,0.76645,0.127328,0.234099,0.0905522,0.765597,1.38107,1.45164,1.05301,0.377285,0.269139,0.151202,0.0832486
0.210335,0.115339,0.0131284,0.235061,0.419348,0.0318925,0.666216,0.00208103,3.51991,3.749,1.27888,0.0384524,0.256049,0.144164,0.747691,0.689625,0.0875317,0.318669,0.110873,0.348815,0.174728,0.24733
0.0677361,0.035582,0.0244971,0.337973,0.794342,0.553234,0.473073,4.43589,7.38024,3.24638,0.136365,0.457836,0.39156,0.0156643,0.28141,1.13054,1.57655,1.12227,0.334278,0.0202182,0.0679997,0.128138
0.0600303,0.0189932,0.0368343,0.192262,0.701283,0.362471,0.32844,0.979175,5.15976,4.91702,0.995157,0.394954,0.27304,0.138022,0.186545,0.275527,0.000223559,0.788793,0.108865,0.595758,0.208503,0.961501
0.0572357,0.0068277,0.0509523,0.162473,0.157654,0.400542,0.316008,0.0979704,0.842396,0.97661,0.464323,0.426878,0.432972,0.0877331,0.639644,1.5724,3.35964,3.17163,1.26928,0.310024,0.411176,0.283249
0.0652518,0.0858888,0.091943,0.137248,0.357537,0.352872,0.781813,1.02946,0.750447,0.276646,0.767152,0.104191,0.262085,0.213082,0.435669,0.771894,1.22575,0.0183325,0.817087,0.496103,0.0313587,0.0914152
2.87804,6.26414,26.5283,22.1112,56.4174,17.554,42.1486,2.97568,11.9042,6.9899,1.32488,7.02239,0.943638,5.7689,0.173794,5.10487,1.79257,6.63277,7.58007,2.15175,5.37945,0.424573
5.30505,10.1417,37.3376,129.107,150.118,83.0272,4.92581,2.20497,19.5357,12.9094,15.0315,16.8876,1.27996,7.68498,1.04999,5.091,1.4926,5.18462,15.6563,11.9051,2.08378,1.24685
0.0549443,18.5719,82.9568,118.662,60.2997,14.5041,12.407,2.7897,16.8462,13.5003,1.14765,10.1203,6.86784,0.846996,0.343088,0.614463,0.35442,1.11854,0.629769,0.51964,0.432867,0.690395
0.474031,45.1711,89.8516,41.209,0.00447683,10.0704,7.94291,2.73673,7.83438,5.75568,9.74329,15.4004,9.39265,3.56475,2.58195,3.81568,6.03229,2.2451,2.16384,0.629822,0.211681,0.983661
10.866,34.2971,43.571,8.95224,13.8955,15.1379,6.14575,0.628033,2.3853,0.756618,5.27358,0.614004,2.66422,2.18449,2.79277,0.134753,0.0651892,2.61853,2.38489,0.0787817,0.762027,2.7215
23.4489,21.3085,2.74001,9.2922,2.83372,2.09071,3.50716,1.1594,14.8942,20.8828,4.52581,6.84206,0.997503,6.74323,4.42884,0.707999,2.20134,9.29605,5.60011,1.52556,1.21064,0.344997
21.482,25.063,17.6755,4.0088,2.44679,5.81534,7.4409,3.53503,4.75143,4.36785,11.4081,15.3912,2.82826,1.17808,0.265277,1.60587,9.00138,12.4322,4.44257,1.03092,4.52783,7.65863
27.8514,27.8843,7.17975,9.08994,4.90497,10.0596,8.34927,6.38392,18.2836,6.98081,22.9513,21.0805,2.55351,1.96407,0.77388,9.23234,18.1363,14.1315,4.06976,1.06607,7.05689,7.97948
32.267,33.6121,15.7145,4.61623,3.33483,2.59388,0.577415,4.74896,20.2545,13.0778,1.42216,4.2124,2.77581,0.216508,2.22255,4.17252,0.519738,4.48548,2.18107,0.879536,0.861887,0.184946
28.7213,41.366,41.2968,19.7975,19.9082,29.6842,18.2479,2.21303,16.852,23.2756,20.0329,10.6543,1.33283,2.5082,1.64784,13.2246,20.4563,15.0908,4.98829,1.27965,7.07592,6.52632
16.4556,14.6895,5.61679,12.2291,2.31463,6.54813,15.7179,16.7105,30.048,13.5897,25.7831,22.3101,4.70302,3.58174,1.68212,3.85167,18.9691,23.9233,7.64416,0.801261,0.20228,0.141118
1.73865,11.0818,19.8198,2.94731,20.3718,9.91878,3.50289,13.6222,45.594,25.4856,18.9631,9.90227,2.73392,0.825942,3.31437,7.86866,4.86224,14.0999,3.70878,0.6929,6.70443,5.35659
13.8217,11.4414,3.94024,2.03179,16.2057,32.5917,23.6192,0.332951,20.6555,19.7137,6.349,18.9995,6.98106,4.99308,0.649575,12.5144,13.8373,4.00635,1.03232,0.937671,4.53271,3.75178
29.5379,38.7953,36.2805,6.25904,19.4644,2.00281,16.048,18.7025,53.9785,47.1801,6.28198,19.488,2.71868,6.58835,4.00958,0.173222,7.84963,12.6993,4.36543,1.09611,2.57555,4.05351
47.3318,45.5748,8.93157,3.96232,32.0506,25.6761,1.40776,18.6813,53.3386,32.0896,24.2513,22.7277,2.1884,1.61871,0.865612,8.77952,0.937178,10.384,3.77555,0.397564,0.715242,0.302988
61.669,77.5379,58.7512,8.10717,9.9759,19.0209,20.1887,11.7755,11.9557,15.7631,18.4184,9.71274,4.71078,10.1213,4.89747,0.938521,0.0560387,2.24493,1.3864,2.13265,7.84811,8.05752
75.8149,85.5331,48.214,1.78825,1.8599,17.1711,22.4368,27.0731,67.8904,55.0244,8.44055,6.75198,2.52513,6.89473,5.67336,9.19646,6.89154,2.69226,3.60553,2.68059,0.317349,2.40417
67.6897,73.7568,33.6247,10.5611,6.37673,4.64237,13.3346,11.1241,51.0697,32.0181,30.1606,42.8953,16.3929,4.37982,2.62969,1.38899,4.84585,8.42673,0.998655,2.6683,3.05711,3.10467
59.5569,84.0598,75.2358,25.0968,10.0785,8.07517,21.0118,2.52197,4.81167,13.4278,1.02772,9.23318,11.201,11.4593,4.80533,1.13411,10.0052,17.8773,6.57343,1.65768,1.4455,3.56904
43.9059,39.4871,0.125093,6.5242,32.5196,31.2765,11.7872,12.0186,33.2402,22.0299,29.1198,45.0073,13.2979,8.61405,4.6658,5.55172,9.28051,5.63492,1.66575,2.86124,8.70893,12.3869
16.3727,25.3893,31.7033,3.49216,52.0071,30.205,9.94397,3.90669,26.5547,24.7313,39.1462,65.2595,41.4677,10.9585,4.39812,0.579225,7.01389,13.4845,7.24175,1.94437,2.67986,0.554187
17.6466,15.945,6.91652,5.4918,12.5742,4.811,15.9155,6.93939,22.0852,24.1859,25.75,54.275,47.8721,22.466,9.3602,4.98355,20.0822,19.035,2.52826,0.128734,6.15945,3.3494
39.833,59.3473,63.248,21.7305,19.6125,17.2824,2.7219,9.31632,29.5184,19.9802,5.7909,5.20577,8.28642,4.34173,2.67188,1.0148,13.0754,22.1411,9.68703,0.784669,0.500532,5.71042
70.0912,65.4285,9.73895,11.1555,25.2734,3.79493,18.6887,10.9407,10.1649,4.53798,10.8153,34.6535,33.4629,15.2879,2.87891,4.73253,1.19374,8.77419,5.18645,2.80247,6.35213,5.75911
84.5598,110.409,90.4831,21.5541,0.349832,5.00213,0.565625,13.6941,52.1499,42.9964,13.3438,38.7099,18.7056,3.60541,2.77328,0.730262,9.13293,17.4832,11.4838,3.64952,0.326821,4.67225
93.6911,103.081,53.5177,5.14082,3.47782,9.45403,20.2912,1.17565,29.9869,16.1904,12.9756,33.6132,11.0223,6.41766,2.30037,0.554326,17.8872,23.5903,3.14948,5.31968,5.80684,7.87471
89.5947,96.7797,44.9467,21.2615,35.7594,38.5418,19.9117,13.2325,25.8626,21.5826,43.9385,65.8891,26.0361,3.07737,2.05717,3.60302,17.2913,22.6628,4.77762,5.3861,6.24878,6.60726
70.5159,98.0008,85.08,40.7595,45.9548,30.2199,3.13655,17.0289,65.3186,54.1197,5.70349,40.5798,31.015,6.32944,2.35861,5.08173,10.4137,11.3829,4.58872,2.04918,2.85989,2.8421
57.766,48.0574,0.176402,20.0085,8.9724,32.997,34.9501,3.22129,22.9382,9.05191,20.0657,9.94918,5.04521,3.56531,4.45322,0.973443,11.1976,19.518,13.258,5.00315,1.03354,0.757952
23.0551,37.6555,46.9493,7.25438,46.6684,42.2629,8.1646,3.57639,26.4986,43.6824,33.7989,10.4316,10.3141,11.1701,0.617642,12.1096,32.441,31.2798,8.63379,2.01542,0.781091,2.47209
4.37967,6.7369,9.4919,8.3348,33.7941,7.51776,21.9353,2.94864,8.54776,2.11718,0.0498687,14.363,12.6229,3.02894,0.9924,4.38351,20.6044,27.0363,9.61317,2.00127,1.80911,4.35138
37.8587,51.4313,50.1668,21.3706,5.27114,20.039,15.3184,5.03323,2.39946,1.68066,30.1488,49.9952,15.3318,10.0826,1.82433,7.43837,4.78292,5.19958,6.20427,0.194771,4.72659,3.58533
62.1786,54.9966,0.259734,20.2938,22.796,18.9392,6.30636,1.48515,15.3398,12.9441,24.3475,54.0776,23.661,7.15836,3.26769,1.57504,16.4353,27.896,13.3702,2.19505,2.15592,4.06072
77.1676,108.754,97.2031,28.9274,13.4273,30.0821,23.9149,1.57666,24.3585,25.7783,31.9764,52.1681,32.1322,4.41715,3.77232,5.54248,18.7667,31.0286,10.012,2.94792,9.40756,9.20349
95.3264,100.412,43.8486,19.8292,30.7181,27.7067,7.98315,8.78764,23.9316,20.829,21.3778,36.872,27.8931,11.6093,3.68001,0.326937,12.2379,14.4889,2.16131,3.54156,0.312416,1.82388
93.4316,103.601,54.3826,9.01676,15.4745,23.1434,22.5315,7.09243,38.4521,24.8686,4.01429,10.1069,5.61608,5.42873,7.56464,6.21871,3.18022,7.91225,0.514263,5.11851,8.78923,11.14
72.3977,97.5463,80.9777,39.6112,55.8453,50.953,18.661,7.20941,38.6321,35.9373,1.64054,11.4763,7.84865,1.4476,1.67196,5.82593,30.2843,39.9802,16.0774,3.47767,2.95511,2.01811
60.7097,53.6502,7.00656,30.3313,35.0897,13.4552,14.4272,1.65159,23.232,17.8237,11.3506,20.0667,1.96282,2.58802,4.13443,10.7472,26.5014,29.1121,8.31772,5.36256,8.08058,5.95504
32.3507,51.4954,56.2411,24.9138,7.0954,25.9095,20.7918,14.6429,59.2383,47.8304,17.7146,18.625,9.7388,2.36871,4.09908,2.31666,0.742839,4.99005,4.78032,0.797071,3.07619,1.41816
8.79599,1.69313,12.1389,0.514625,21.8004,0.608704,14.7192,13.5923,33.6921,29.5602,8.97523,5.96056,14.8906,10.6463,5.45652,4.14645,22.5177,22.2069,2.98133,1.39393,1.9186,1.81906
21.7911,29.6193,24.5831,13.7351,13.8731,0.180351,9.82473,3.19768,17.6649,13.2662,3.87954,2.71371,8.36467,6.40541,3.08344,2.87273,20.3535,24.4446,6.88059,0.910831,0.849309,1.99899
48.8937,46.4742,8.31923,16.958,0.856365,2.03869,6.02925,17.3737,57.1932,46.5438,4.07056,0.500369,0.594053,5.71382,2.92268,2.6316,0.739602,6.30144,5.04621,0.231856,3.19408,5.29357
64.569,86.9108,74.2091,29.4587,22.1902,23.0938,15.2151,19.4294,38.0929,25.6667,1.10587,6.0307,1.61888,7.24258,2.61165,4.82617,16.6101,19.4108,6.77594,1.8145,1.55033,0.783943
80.1166,81.7242,31.7371,29.534,45.337,23.7242,5.86443,6.65115,8.62668,2.72508,10.3653,13.0004,7.00734,0.03728,3.56157,2.76408,8.83032,15.3471,4.48668,0.411422,3.75585,1.71672
79.1499,95.1801,60.9387,16.7777,32.025,12.8995,13.3561,24.1506,52.7868,43.4963,15.0707,7.98704,0.458589,2.08488,2.35389,3.37643,0.112292,2.0437,0.757903,3.42762,2.99655,0.0797952
74.6861,90.1462,61.7971,11.0246,5.08946,1.33122,6.38507,9.67783,43.4862,36.5356,6.42684,3.07842,8.18264,5.38329,0.517754,0.00918431,3.8249,3.94839,0.357101,1.30491,2.7009,1.80966
63.6748,63.4574,22.5776,20.0473,27.3871,10.0144,12.9514,6.85176,8.22885,12.127,5.61002,5.03732,3.72802,1.40608,2.68404,1.66709,3.43892,5.7143,1.48788,0.931655,1.0642,0.701537
45.0899,61.26,54.2385,27.1341,26.5923,19.0548,7.77342,5.39224,28.7209,24.7551,0.74939,7.15837,1.84092,6.93403,2.07131,0.536639,3.50191,5.4328,2.41265,0.423244,0.555197,2.17015
27.2493,22.8818,1.28749,15.3885,11.5828,17.956,17.7574,2.22885,21.3274,17.265,14.4926,15.7493,5.68865,0.204094,0.348435,0.510422,0.1067,0.245694,0.574477,0.145473,2.0268,3.12085
1.85621,6.47834,9.85344,9.06349,2.82808,12.119,13.742,6.57691,6.55284,8.26049,9.572,2.76742,6.19224,5.70553,2.1189,1.25863,0.698552,2.85888,1.41675,0.160792,0.673689,1.76689
17.919,19.4397,8.42858,7.42653,16.8005,0.0365896,10.7831,0.0897594,12.9584,10.4529,3.27824,1.88227,2.9173,0.0301167,0.884961,0.051856,3.29789,4.28933,1.04918,0.67153,2.11877,2.4587
35.7237,46.9252,39.4956,2.63534,27.9153,35.2679,17.9588,7.09142,10.7146,8.9497,4.7588,2.23573,7.32818,2.84143,0.0701407,0.547571,2.15812,2.2707,0.63983,0.156419,0.265286,1.10931
51.9134,52.1614,17.3719,2.07933,14.9495,6.13008,2.86004,0.221946,4.25963,7.6973,16.2839,20.004,8.63175,1.22491,0.99221,0.410646,2.35935,2.1389,0.0202104,0.679553,0.69527,0.803705
58.424,72.7778,52.3959,1.46807,10.3951,6.20963,12.7176,6.95679,11.0626,9.00197,7.37613,12.0752,6.15816,0.63294,0.845857,0.422061,1.9154,4.13393,1.86674,0.553565,1.00414,0.801781
63.0269,66.5737,30.1582,3.21024,4.71015,1.91179,1.40767,1.59657,12.6429,9.94356,2.34214,5.1197,1.20849,3.17525,0.0338089,0.0628737,3.3339,5.19984,2.54901,0.062523,0.0349868,1.01413
67.2209,74.6064,43.1534,1.02436,7.97343,13.6484,12.7389,2.60788,1.69837,1.48828,7.8096,10.7702,2.58104,2.51234,1.17025,0.034084,0.615826,0.142208,2.05058,2.35032,1.44193,1.89838
62.8876,63.9209,46.7229,1.26766,12.4594,14.1434,3.2788,13.8069,10.3592,4.25027,2.0596,9.85698,3.86307,0.135812,0.717037,1.40346,0.377626,1.86856,1.30037,1.54754,2.39625,2.30722
41.273,43.3667,74.3704,154.45,168.409,94.0266,28.3776,21.9811,40.8786,23.3838,2.11752,6.83908,5.83171,0.158281,2.42424,2.62062,0.27031,1.74181,0.541083,0.109519,0.720919,3.27711
29.5131,34.9665,106.23,144.123,34.3933,22.4491,2.42846,4.85453,16.1473,10.9172,5.50306,3.17906,0.0599622,5.14146,7.03286,2.70266,2.41267,4.84784,3.42691,0.716022,1.93345,1.03338
30.6055,32.7689,38.6268,35.8457,8.13898,9.5595,9.75652,15.4313,10.5935,0.374595,5.18282,4.12871,1.5113,4.16802,1.43662,0.123031,4.13155,6.14708,2.05282,0.594437,1.01285,0.57643
23.8617,26.3016,1.03317,19.2203,4.49045,1.52484,2.07272,8.6545,15.1303,10.2855,4.70588,10.3586,2.92202,1.85229,0.857861,0.727521,2.60006,1.07707,1.52618,1.33918,0.918439,0.71831
7.26009,0.154564,1.67077,5.6083,6.95816,3.80007,1.29814,8.38936,16.8612,8.78827,4.0852,11.3128,8.79851,2.79064,0.846229,0.614098,3.11587,1.99853,1.71542,2.10549,1.93826,2.75371
3.41802,1.56684,0.169155,1.22108,10.0119,11.5279,1.12825,3.38854,1.33344,3.70726,6.40693,12.5664,6.84845,3.07305,1.07757,2.78755,6.28891,5.37014,1.10997,0.497524,1.35963,2.83318
7.64988,7.08004,2.45376,1.36886,0.891406,2.13605,1.31263,6.21288,23.7203,25.0312,7.42056,1.2146,0.375707,0.0188252,0.293157,1.54877,1.5511,2.64571,2.86319,0.859865,0.00331404,2.49709
7.3773,7.31403,0.923776,1.65664,13.4977,9.62979,2.58075,1.05096,9.9619,7.70228,4.34193,1.35239,0.615326,1.57264,0.697156,1.10219,5.41684,6.58499,3.31691,1.89845,2.24257,0.425922
8.38249,5.93039,1.0812,6.74696,18.5587,15.9942,1.37015,3.13792,0.696198,1.49587,8.49423,12.6447,3.20315,3.90684,2.08319,1.1353,3.95749,5.22665,2.53771,0.813776,0.264028,0.669636
7.27677,8.90649,10.5808,10.4771,9.31282,5.31973,5.7781,3.59694,6.2965,8.89452,14.9011,17.8441,5.29695,1.47843,0.217271,0.439589,1.69152,1.84631,0.192743,0.435977,0.386725,0.367991
6.30999,2.62021,5.71999,7.18388,1.89096,0.740556,0.182509,3.91706,14.1671,15.4295,7.36061,2.36223,5.56815,1.79325,0.453017,0.0542726,3.3281,4.67016,2.105,0.135151,0.609082,0.166733
4.27721,4.74996,3.73809,2.07434,0.913427,6.48959,7.77603,5.58453,2.31154,1.41896,1.16101,4.94191,1.95427,0.700016,0.156215,0.450478,1.75439,1.73626,0.0270047,0.417932,2.36494,1.58503
2.12843,2.90462,3.02119,0.615814,6.07829,7.21013,3.62266,3.04235,6.4068,6.31581,8.8462,12.1121,5.0641,0.150825,0.720187,0.476361,2.15338,1.393,0.14987,0.432955,0.847777,1.33068
1.08399,1.15466,4.87093,0.855957,6.24839,5.44966,2.29084,0.0157248,2.43591,3.12585,6.00475,8.08984,3.3007,0.25642,0.185469,0.0056085,0.490013,0.778311,0.518502,0.806792,0.479191,0.229033
0.442733,3.53984,7.98752,3.8928,2.31937,0.842448,4.19879,5.50591,8.88098,7.05327,2.16426,0.848384,1.51938,0.345403,0.0564316,0.781762,1.82644,1.87291,1.47793,0.259437,0.47169,0.736286
1.36562,2.17149,6.47551,4.28254,0.991515,0.445176,0.18913,0.354672,1.7161,1.22429,1.96353,1.86093,0.687145,0.477303,0.72432,0.0522266,1.73259,1.7422,0.998329,1.26594,0.906257,1.57113
0.106707,2.59331,5.4391,5.59627,6.46823,3.1001,2.67315,3.80704,5.08099,3.71515,2.9715,6.02533,3.33256,0.933163,0.200748,0.208567,0.778544,1.13483,0.868178,0.286725,0.0936525,0.523654
0.645116,2.45122,3.69662,5.34345,8.79939,4.81883,1.33273,0.994114,3.35136,2.71984,1.5603,3.11448,1.57863,0.639431,0.754055,0.201752,0.614116,0.26141,1.49125,1.821,1.05726,0.368141
0.0204436,1.26591,1.94636,4.52575,11.3051,10.9583,5.50896,1.39727,3.19228,3.69466,1.87183,1.23927,0.772048,0.496145,0.134959,1.09579,2.26024,1.24826,0.193731,0.0868525,0.261963,1.78021
0.0725196,0.726726,0.983212,2.72793,4.81604,1.38741,2.0884,0.273402,2.86031,2.96374,2.30855,2.25959,1.15378,0.436978,0.2431,0.668688,0.736343,1.50306,1.51466,0.883659,1.03183,0.211666
0.0418296,0.187225,0.12102,0.104263,0.0514561,0.0329317,2.2597,0.272587,7.13061,5.69514,0.0530678,0.36096,1.15788,0.0208471,0.282176,0.0856556,0.646872,0.681532,0.765458,1.67817,1.27959,0.266445
0.0808462,0.140704,0.0683276,0.797559,4.38211,5.75387,0.27321,7.89222,11.9988,7.52532,0.651222,2.58687,1.19429,2.72857,3.55552,2.24199,0.998551,0.358242,1.46371,1.63299,1.41014,2.09111
0.155561,0.00185399,0.43313,1.35869,2.05627,1.34542,1.74045,1.73278,0.912554,2.101,3.18081,3.32904,0.0917959,1.43212,0.11959,0.440486,0.345792,0.25729,0.640778,0.608408,1.00482,0.926148
0.159449,0.0178358,0.0820883,0.627934,0.146323,2.96761,3.42987,0.678414,4.99444,5.71667,0.630798,0.744375,0.186501,0.261506,0.384568,0.236163,0.140619,1.50425,2.12995,1.5694,0.994528,0.537246
0.0665797,0.173769,0.239267,0.791786,1.19459,0.408688,1.12718,1.25032,3.16682,1.59738,0.972377,1.05153,0.515245,1.11985,0.748248,0.326131,1.11378,2.0141,0.384672,1.70688,1.11869,0.116361
0.0991301,0.0758525,0.0264724,0.580763,2.12832,2.33354,0.26409,2.6403,4.95677,3.13192,0.791327,2.64192,1.95088,0.155165,0.668776,0.595382,0.50906,0.321764,0.131063,0.111095,0.505563,1.32838
0.130982,0.137272,0.0708407,0.321648,2.01226,3.9175,3.30942,2.14902,8.7597,6.26095,0.760741,2.17491,0.699453,0.215638,0.195305,0.0800758,0.0480024,0.128468,0.474873,0.530569,0.104525,0.773668
0.00788884,0.0521524,0.04747,0.00972873,0.933131,2.85031,1.03416,0.0727718,1.04813,1.90025,1.93909,0.116353,0.430769,0.235844,0.273575,0.438488,0.142438,1.61167,1.11072,0.455774,0.445607,0.827093
0.262146,0.275327,2.23234,1.08056,6.9873,8.73408,1.60479,6.09758,10.847,4.48825,0.365425,1.37088,0.543146,3.79936,4.86319,3.91486,6.10832,8.63821,6.86279,2.11114,0.780068,7.27278
0.498908,0.377158,1.70487,3.57802,5.28728,11.1883,7.50615,1.47547,14.3214,17.9767,0.400514,8.93067,7.38838,7.43755,4.6233,2.94429,8.85547,5.85748,3.55965,2.07741,0.798481,5.38262
0.0414614,1.86364,5.43104,1.64412,17.3993,16.7751,8.88968,2.8444,14.2352,19.4523,0.944923,12.3902,8.97526,3.91777,1.9776,0.482702,0.433392,5.19141,5.13764,0.659883,3.16772,1.80632
0.480541,3.13464,9.74473,3.27417,10.3552,3.78363,5.03697,5.39804,10.0118,5.1661,7.25177,17.5835,8.1364,2.73507,0.786898,0.159876,5.203,6.45103,0.580733,2.54832,3.26179,0.38074
0.569235,3.54108,9.25277,9.92851,12.9739,15.3966,11.0827,8.14253,10.2155,9.43798,4.85954,17.5458,7.83295,5.28993,3.76444,0.80977,7.57372,13.6145,8.07111,2.21171,2.77599,2.0082
0.718524,2.11192,4.629,10.2465,22.0037,11.6632,6.19857,7.8504,9.55101,5.92875,6.73778,16.0204,9.57649,1.61305,2.16263,0.323469,0.633138,2.33425,3.20857,1.40345,0.479627,5.80252
0.101722,0.00557499,0.656564,3.55151,9.18557,0.909317,8.40341,9.20055,24.2759,23.4556,10.7412,11.8341,5.80179,2.13167,0.903511,1.78621,7.35049,9.88314,4.5335,0.524564,0.634622,0.470642
0.251878,2.58848,6.15985,4.93965,5.99249,2.48559,6.0965,2.43521,0.138659,4.51168,7.2776,9.78917,3.19607,3.54633,2.0343,0.108099,3.3646,2.22596,1.77469,1.58525,1.02263,0.576835
0.480477,3.7285,9.19454,7.05949,4.03598,3.41276,9.34929,6.14455,4.34556,0.262548,6.90127,8.59626,3.78963,0.344779,0.87447,0.806204,3.80542,3.47396,0.176556,2.34995,3.01627,0.681042
0.266024,3.36137,9.08693,2.61347,7.94168,3.5768,5.29621,0.332969,13.7942,10.9984,2.71571,3.40519,3.11313,1.92676,0.951078,0.366854,2.11905,1.51234,1.54761,1.34394,0.159677,1.48859
0.0541145,2.32421,6.88618,0.742495,13.5302,4.21047,7.06993,2.63936,15.4508,11.8848,0.966339,4.38119,1.13902,0.364177,0.644978,0.122027,0.642412,0.932134,0.522369,0.273866,0.377225,1.05329
0.262402,0.403006,1.71537,1.41291,9.00002,10.9784,8.03988,5.62979,0.453088,4.06617,1.59769,4.6605,1.65201,0.0587642,0.23226,0.219352,2.14591,2.84328,1.63627,1.36546,1.22059,0.309129
0.0739301,1.01914,3.82495,1.66025,4.07662,0.83743,3.25504,1.17648,4.44471,1.63272,0.177702,2.03364,1.42091,0.438016,0.31819,0.199524,0.288462,0.670348,0.255875,0.0299801,0.116456,0.973812
0.516295,3.05583,6.70108,0.0712379,12.1045,12.1001,4.98547,2.3166,2.60641,1.26118,2.21706,2.94031,0.966531,0.0740508,0.0472599,0.00908454,0.0969926,0.737809,0.273005,0.80985,0.190984,0.388931
0.819791,3.67887,8.09624,2.3958,6.8126,5.45173,1.40268,0.221591,0.113083,0.404808,0.445517,0.230072,0.292416,0.349237,0.668432,0.0853543,0.578411,0.143901,1.07402,1.79416,1.5923,0.202222
0.705577,2.21018,6.51504,2.9927,2.01365,0.328656,1.54266,1.70392,1.90947,1.20912,0.260483,0.806811,1.28282,0.680858,0.16373,0.51721,0.0823854,0.546354,0.454908,0.51559,0.475664,0.0450603
1.88286,4.45758,6.3083,2.81104,0.947823,2.06832,0.818649,0.694422,0.338084,0.702934,2.20643,1.56006,0.066626,0.334001,0.0890914,0.109081,1.65125,2.17917,1.35304,0.931185,1.65036,2.64241
2.18206,1.41016,1.03468,1.08627,0.787868,0.999844,0.758235,0.40413,0.681435,0.993927,0.828341,1.04982,0.538833,0.532429,0.336243,0.267152,0.156679,0.0796938,0.746833,1.08662,1.08282,0.0649413
2.24997,4.57725,4.67166,0.508326,1.47825,0.612173,0.741658,1.05958,0.861475,1.08301,1.52971,1.00128,0.200866,0.043578,0.12775,0.0168987,0.29659,0.761009,0.672504,0.733483,1.0773,0.309942
0.771201,0.635016,1.20723,0.705949,1.74654,1.80232,0.685477,0.160382,0.396808,0.444592,1.15554,1.45487,0.806075,0.0514165,0.0566196,0.0731188,0.18111,0.150038,0.130415,0.235246,0.401528,0.196873
5.74288,4.81378,1.38712,0.0250754,0.836396,0.151647,0.0492004,0.0120608,0.581115,0.548101,0.733664,0.793196,0.083746,0.237205,0.0072649,0.274841,0.329993,0.023161,0.207093,0.155659,0.562487,1.32277
12.8608,16.0017,10.1796,0.0852237,0.601755,0.35442,1.00595,1.25185,1.54462,0.887894,0.819889,1.43912,0.722569,0.191074,0.488376,0.0884105,0.476075,1.35404,1.15313,0.711215,1.0611,1.04054
17.7876,25.2518,18.2003,1.80877,0.617678,0.814244,0.231655,0.149129,0.243843,0.341256,0.505589,0.403332,0.0730804,0.701777,1.05794,0.785359,0.0173138,0.320802,1.33121,0.59972,0.0557029,0.56533
17.324,25.8674,19.47,1.46654,0.970582,0.249076,0.356051,1.22127,1.69894,1.20004,0.355792,0.211369,0.201722,0.346947,0.135924,0.589211,0.883997,0.917812,0.799672,0.279858,1.42076,0.944378
1.87506,8.97217,10.5171,2.78195,0.884983,0.206457,0.724295,0.066366,0.928185,1.02779,1.25481,1.93498,1.21572,0.0588652,0.0488078,0.803427,2.20455,1.19907,0.0100407,0.486945,0.867337,0.812093
18.625,20.2285,9.96042,0.756178,0.490829,0.18621,0.988838,0.990478,1.20942,1.4117,1.70502,1.64322,0.460482,0.576599,0.879306,0.569777,1.99727,0.662823,0.723936,0.20125,0.336166,0.47696
45.0187,56.4511,38.8129,4.49577,0.098707,0.0245909,0.544206,0.203024,1.16136,0.626363,0.194267,0.315328,0.200674,0.0378153,0.260517,0.540912,0.994151,0.120129,0.265937,0.561124,0.40978,1.08575
56.5334,76.5454,47.0132,0.898799,0.650329,1.63658,1.80186,0.350206,1.4708,0.583909,1.24366,0.594009,0.155965,0.100854,0.590661,0.853492,1.21892,0.903417,0.244337,2.06241,1.05485,0.871486
50.6566,54.9318,19.0471,151.045,154.315,71.2561,38.775,37.0662,35.0636,22.6105,8.12885,9.79482,16.2858,18.2069,13.46,7.67847,4.6918,0.56812,7.17719,8.43895,5.62775,2.24524
26.6578,43.828,7.89797,70.9261,7.7316,24.5796,0.803379,5.95841,10.2551,4.84544,5.18218,6.59905,4.60193,6.21572,2.95879,1.14609,1.33744,4.05189,2.16112,0.580339,0.237953,0.769454
7.89166,28.5334,102.44,83.2219,10.0495,1.02598,0.314638,4.43486,11.3378,12.2647,0.12495,6.55925,3.10582,0.0565417,0.295441,0.818674,1.36019,4.17826,3.39945,0.557691,1.30748,1.08438
1.46681,27.252,45.279,16.7102,7.93098,7.70688,1.53839,1.96821,3.07953,0.981573,1.65836,5.87366,3.78466,0.071111,0.608839,0.759509,2.3954,2.07179,0.424927,1.51507,1.22023,2.23436
28.3317,32.9169,17.4453,1.02504,6.92616,0.554522,6.1522,1.88989,0.28889,0.126155,1.85386,3.88758,0.870762,2.29332,1.52842,0.868044,3.71453,6.04857,3.38504,0.469799,0.0413694,1.55336
47.6992,63.4162,53.109,16.219,2.61,2.03365,3.10169,3.74397,7.19139,4.87666,1.03101,1.70927,1.30905,3.2513,1.45391,0.285073,0.0681284,0.106445,1.17644,1.84879,1.83323,2.16807
52.5282,63.4716,39.9048,2.17423,0.647714,7.97912,13.6161,8.65294,10.3794,9.5576,2.61537,0.336623,0.762526,1.61093,0.522303,1.42784,2.90685,2.70086,0.969425,0.110522,0.174587,0.610065
50.376,55.505,23.9899,9.68125,8.17387,10.6128,7.29401,0.970061,5.52615,7.92015,2.87176,0.20907,0.179299,0.090448,0.138153,0.160466,0.249816,1.28358,1.3777,1.26988,0.453681,1.19259
37.3453,55.5063,50.2103,17.6661,10.8848,3.74491,7.99909,2.87019,4.96235,2.9075,2.85647,4.03449,0.483921,0.504907,0.334602,1.00163,2.74146,3.17039,2.069,0.837364,0.367658,0.411629
25.2139,23.5534,0.114991,9.84192,11.4847,23.5302,18.2376,1.21625,19.2377,18.486,1.84328,7.06215,1.91208,2.43104,0.694052,0.542758,2.371,1.52536,0.607247,0.486707,0.657607,1.33014
1.30515,6.75175,14.4069,6.05049,19.3238,32.3583,18.9887,6.05562,7.37446,6.75807,1.78869,8.13934,3.36733,3.84101,2.54741,1.08906,0.820063,1.5832,1.90416,0.34187,0.476994,0.93583
20.3318,21.0044,6.96553,1.91291,16.7437,16.3459,8.76985,5.18973,26.6782,21.5977,3.55274,4.21335,6.362,2.80989,0.12282,0.526086,1.15653,3.57123,2.8836,0.0689953,1.04673,0.148349
40.8494,56.0039,51.8007,4.83807,43.2286,55.019,30.7848,5.65177,8.59205,9.86881,4.56231,2.16167,4.25905,8.74123,2.56993,2.75063,1.77566,6.72408,3.12472,0.608429,1.19846,0.990012
63.1873,62.7972,15.7617,11.7221,21.3671,31.7316,15.7237,9.13789,31.8511,31.1362,10.1695,11.0432,6.25414,4.90003,4.14539,1.89134,7.86467,9.99037,2.84733,0.791928,1.84723,1.73558
71.6314,91.0273,66.6959,14.4125,18.9113,31.7854,21.0278,1.74739,20.4189,15.8153,5.68367,18.5683,15.3366,5.49581,0.410079,2.96322,9.96044,12.7933,6.36436,2.54712,2.38074,0.88407
80.1336,93.9557,58.3378,3.57683,27.9864,45.5077,33.1644,15.1452,22.1998,17.0371,2.96647,13.1339,13.6787,10.1725,5.96704,3.16343,0.150814,1.0165,2.31379,3.24915,4.57669,5.47998
71.9531,75.6673,28.7233,8.73041,1.36397,1.30058,1.09821,10.6915,43.4326,41.4801,10.3018,4.71336,4.5453,3.14243,3.15208,1.93568,5.42846,6.37223,1.05573,3.23282,1.97062,1.37065
54.9878,79.2911,77.2351,21.8045,2.49407,23.6659,30.3461,6.93883,3.11059,5.68172,0.258028,6.12062,12.2466,9.75309,3.09958,3.29378,7.92679,16.9363,4.52129,0.412551,5.36645,5.61919
34.6625,27.2007,7.85005,5.10182,34.9541,10.0761,18.5033,18.6745,41.8706,33.6048,6.8293,10.4156,12.1329,9.34175,7.19119,0.825947,15.604,25.6227,12.0272,0.820174,1.05184,1.99568
0.832481,5.45539,10.9851,2.338,31.8646,37.0158,16.1388,7.31948,29.8536,25.1513,1.59714,11.0649,0.169428,3.65256,1.27184,4.92735,15.1097,12.4487,1.97869,2.25875,6.04199,5.01625
28.5679,27.5693,5.58282,2.49968,21.3233,6.7416,24.4742,12.4538,22.3431,19.594,1.02359,9.30898,2.7476,5.12327,2.49724,0.685674,2.17221,2.27973,0.603554,1.25377,1.13832,3.93398
54.8927,75.1174,72.4232,10.3593,51.3634,41.7176,2.59413,17.5409,51.0503,45.671,8.54335,0.434964,2.8622,0.505054,0.598741,7.33267,20.8906,21.5001,4.64725,3.22241,3.75829,0.617982
78.477,76.5838,17.7259,14.1342,25.1601,39.0552,28.197,6.15281,4.51523,0.521123,3.41775,8.86318,0.73087,2.33289,1.78566,1.66145,21.1329,33.4098,14.8682,1.94793,1.98493,5.24039
92.4805,115.924,85.3296,17.1077,8.02235,3.45614,15.5209,18.5604,40.7268,31.2494,9.04208,15.0019,12.005,4.08794,4.03923,4.46689,9.82951,18.036,3.47711,4.07066,5.76525,3.90279
95.4907,112.38,68.0717,2.11409,9.79478,23.6773,24.1472,2.66178,41.528,38.4618,0.885435,18.574,17.0648,5.12932,1.60747,3.65197,6.50971,4.85666,1.70639,1.04057,0.417276,0.466712
88.3206,91.8942,35.9831,21.5995,19.1594,6.47474,23.9921,9.37526,12.0852,14.4537,0.572696,11.8021,5.54871,7.16216,8.19273,4.73032,10.4584,17.7321,1.99623,3.71527,0.112707,5.22258
68.6763,93.4545,85.0722,28.8417,10.2965,11.7979,6.58384,10.8592,43.8939,38.171,7.02231,0.48236,6.81688,12.3866,4.77856,5.74736,29.4383,41.0197,18.101,1.36314,1.51858,2.05793
41.1472,33.8992,8.49387,7.11995,36.4781,5.87167,25.2393,0.742646,24.6631,17.4655,6.14208,10.6925,9.6379,0.807604,3.31675,8.36162,25.4557,25.3237,3.17498,3.94893,3.47216,2.21874
10.2049,15.6034,22.3586,5.71454,55.0962,38.3551,3.78241,10.6193,21.2378,15.3929,7.63926,18.4967,4.29602,13.3424,5.56067,2.32908,0.0568525,2.26053,0.977667,2.91309,3.71638,0.981754
24.9552,22.6128,4.42956,7.50415,8.39927,21.1414,23.1828,6.40339,46.0995,40.696,3.61842,26.6614,9.54778,7.99536,3.13346,8.22322,28.1875,26.988,2.55121,0.348267,7.26089,6.25806
49.152,70.6471,71.7185,16.1854,35.6201,18.8022,16.9047,6.03863,2.34944,4.79452,5.86615,25.3772,21.8457,8.71301,0.103726,1.49486,27.0455,46.9863,22.9185,0.627704,0.540602,3.24741
66.6095,62.3754,3.72219,20.3055,25.7905,29.9451,13.629,5.40374,25.5785,16.3761,7.33129,17.7562,17.4785,12.2561,4.11937,2.88077,9.96538,14.7435,0.789376,0.747918,9.62801,7.9258
83.3061,111.6,91.6223,24.9017,10.1904,4.03123,20.365,7.48645,44.9685,36.1005,2.98065,9.05195,6.34454,4.91683,5.26185,2.78533,10.3532,19.3542,9.30492,3.59249,2.94714,2.39489
93.1806,101.652,53.0582,5.42874,12.0661,9.30895,3.72907,1.8682,8.03468,6.50455,0.591818,3.81314,7.52198,5.50595,0.855241,1.3785,22.5787,30.0897,4.42276,5.7452,6.53893,8.66136
85.5809,91.399,42.2842,19.3034,27.4687,6.276,16.5816,4.08145,36.7089,30.7309,0.479606,12.8006,6.95246,2.11291,0.67573,4.1521,24.1976,32.1089,12.7722,1.86637,0.428729,1.71142
67.5962,96.5847,86.7876,41.5533,44.7161,26.3026,6.78414,9.61679,39.9076,28.7394,13.5036,20.143,11.5928,5.06264,6.24948,4.66247,5.67752,4.58168,2.53988,0.491905,2.87691,5.92897
52.9149,41.3056,7.34194,22.4878,2.09813,11.9159,12.6748,5.06587,10.0314,12.2201,5.7115,25.8063,21.3961,9.63119,3.52716,5.85545,22.2765,27.5877,12.48,1.19416,1.94855,2.96936
20.2982,32.4227,40.2603,2.44424,43.4168,21.9935,14.6657,1.88025,33.1232,30.0577,4.53802,26.1064,18.5488,5.06138,0.370299,7.44352,27.2227,27.2338,5.58845,0.336872,0.278189,4.16671
8.90487,11.0652,9.43524,13.3423,43.9208,36.5927,8.69849,14.4025,38.3131,26.5485,9.4545,16.0689,6.0599,6.26841,2.58722,1.00599,6.44147,13.1864,8.1195,2.95594,2.33202,3.8879
35.1356,48.1748,43.4598,20.4286,14.4709,18.1519,14.8083,6.20149,12.8704,11.9372,5.43207,12.5525,0.625794,11.5214,5.04431,5.67863,15.2305,12.9945,0.480108,3.98506,0.418764,3.8881
63.3294,59.6429,9.28763,25.3719,2.76007,9.09099,4.6158,9.04564,30.2066,26.7466,3.84643,6.11851,5.29706,0.807819,3.34553,1.94541,19.8963,30.0688,13.7417,1.99365,5.04023,4.76262
78.5049,103.432,84.0176,28.2435,17.129,4.7515,16.5394,15.8126,41.5189,35.1957,4.76027,2.26803,2.12374,4.90489,0.205133,4.30619,5.29461,13.4254,4.88849,1.54537,0.454218,2.34256
83.1512,89.578,40.4717,19.475,30.9074,22.4257,1.89775,8.53508,17.4604,9.77013,1.50924,8.54232,8.95725,0.761865,2.60534,0.571161,4.65269,6.67359,3.81107,0.284994,1.89506,0.540546
85.6223,96.0876,53.1493,6.59699,4.06038,19.1794,21.3198,7.73569,10.5443,6.19068,1.90771,9.40259,6.90579,2.16263,5.23663,3.22032,6.37616,10.6969,3.08664,0.533026,1.3281,0.672104
72.1797,92.4432,70.1224,32.128,48.6093,30.0639,4.74633,20.3995,47.777,39.9039,4.65287,5.45765,2.42362,7.73493,3.39515,1.11657,2.15568,2.00352,2.23945,0.925466,0.320901,0.622828
56.6434,52.6308,10.9026,30.3392,48.2525,47.5086,20.2654,8.02607,31.3992,22.1131,2.85891,0.159573,3.03618,4.73435,2.23973,0.262884,0.163454,0.812199,1.79803,0.618688,0.0828445,0.390883
34.4038,48.3254,46.5609,26.499,21,15.4396,9.56298,4.69771,4.61472,6.14436,0.740511,3.48381,3.93624,6.8673,3.82603,1.85382,0.500064,3.48713,7.43447,3.87618,2.11243,1.63298
13.2013,9.18473,4.16036,10.0996,5.78888,23.2401,18.5217,4.91556,23.4714,14.4491,3.7262,9.09304,4.75598,1.78196,1.00776,1.23118,0.145136,5.29168,6.39487,2.53633,1.297,1.24876
7.10029,10.2675,8.98826,0.813733,1.83162,1.91898,5.74667,8.45545,35.0925,28.1826,1.53741,14.137,11.1762,4.06649,0.521637,0.358046,1.84793,3.71067,3.15377,0.390349,2.09582,1.20431
32.3493,30.8336,7.2537,2.3548,20.2503,27.8681,15.8766,8.38491,11.2232,5.0682,4.15613,12.4145,8.62939,1.25316,0.768351,0.681855,1.15957,5.82962,6.49499,0.369605,3.30191,1.51432
48.6157,65.6336,55.4727,10.3373,10.1428,4.57041,1.27281,1.573,9.70627,9.25861,5.61923,8.67142,2.75151,2.97807,1.31451,0.98394,2.08045,0.4343,1.86495,1.72172,4.53267,2.69901
64.319,64.2874,22.4741,12.6518,8.40104,16.2207,14.3245,10.0178,16.2918,10.6078,2.28946,5.62884,1.01572,2.49278,1.23183,1.68798,3.48153,2.58526,0.415855,1.95088,1.80893,1.12616
71.4588,84.301,55.3591,10.6504,9.96221,1.94998,6.95599,0.770269,11.3705,10.6018,3.33862,2.01033,1.61943,0.783219,1.98547,2.00039,2.98981,4.56422,2.97278,0.33315,0.919524,0.705025
70.7374,76.57,39.9143,9.48092,13.7757,1.60302,10.4733,3.9382,4.59705,5.76741,1.25233,1.71326,0.996756,0.242063,0.575718,1.3939,2.59854,2.61707,0.24586,1.46816,1.36665,1.30383
64.2962,71.723,39.1412,2.21827,9.5952,12.0733,8.68156,1.18394,10.0437,10.5473,4.38631,4.1577,2.72663,0.198573,0.0711264,0.907119,3.57689,5.89282,5.67341,4.74352,3.50498,0.377911
59.7683,67.4513,41.6461,1.89489,7.93106,12.8524,9.74085,0.438934,1.99164,3.61194,6.60605,6.35004,3.86722,0.344774,0.494702,0.604904,1.40703,0.0221737,1.50961,2.46138,3.25727,0.103866
60.1084,38.2462,6.26646,67.0566,105.498,18.8944,28.233,19.9975,16.6874,14.0673,13.3342,10.9077,2.9123,4.10409,5.19458,2.13332,1.15025,3.68809,2.00623,6.02702,0.53141,1.02047
13.8851,4.55777,12.2201,40.3102,76.9343,49.4991,1.30771,1.05469,4.77081,1.53471,0.659479,2.65406,0.297406,3.08321,0.501919,2.8072,7.15701,8.24838,0.315011,8.57531,5.23626,0.571233
9.16644,0.0727854,24.1435,4.45343,25.0034,8.18928,2.45928,3.29948,10.0534,12.7947,5.0097,0.124425,2.06376,3.63771,2.47033,1.24948,2.27084,6.42447,6.01784,3.72785,1.01332,2.29123
6.23515,7.68565,22.8143,23.2418,4.35688,0.676125,1.35784,2.36464,10.7171,7.81759,2.69608,4.66247,0.0104213,2.85954,2.35086,0.0526466,5.48145,7.93032,3.19846,2.0797,3.213,2.63034
10.7221,23.6785,20.7265,6.64492,11.9059,10.0157,4.66418,1.66441,11.0351,6.728,1.26921,5.01698,3.71075,0.155867,0.212137,1.80194,4.20652,2.98767,2.09771,8.03917,8.5298,2.49402
7.41825,2.02666,1.06439,4.1379,0.300202,3.69948,0.0221325,4.51467,11.8734,9.79944,1.20549,6.67685,4.25291,0.168661,0.283088,0.0681626,2.30529,2.09748,1.37103,3.2246,1.52513,2.19496
0.963053,1.82197,2.02337,2.46666,6.76797,7.08859,2.795,0.422376,3.14767,0.504111,8.39116,10.1077,3.99365,0.358982,0.257469,1.1362,5.28564,5.9473,2.74449,4.15811,7.94502,3.69952
2.62358,5.04658,9.32623,12.1079,18.1102,14.419,1.48838,8.44623,19.7525,11.1213,1.10669,4.89981,4.45707,1.2874,1.82237,0.720257,0.235313,1.73554,0.365591,10.0569,13.1274,5.44957
2.46204,3.41081,12.2905,11.3491,8.36017,4.99576,0.145734,4.49321,8.24037,0.500693,8.82691,9.66507,6.82467,4.13619,1.32495,0.878533,4.82338,4.20596,1.13229,2.18366,8.70705,7.39931
3.65562,5.294,7.33354,2.25737,6.08999,6.2636,0.861434,2.47535,5.47173,5.90926,1.77114,5.52272,6.39736,3.49709,1.23677,0.150632,3.18019,3.99541,2.27655,0.40102,2.78196,1.97167
1.24821,0.136312,2.56209,2.42557,12.511,9.95403,3.701,1.48407,6.89859,13.9925,12.8705,6.9397,0.576177,0.231871,0.721048,0.931025,2.06399,0.501848,2.20279,0.76798,2.14327,2.45127
0.797839,0.153704,0.481472,4.07388,7.0077,1.17902,0.356576,0.535532,7.31195,6.40337,0.173707,2.72899,1.21568,0.387016,0.692029,0.841002,1.96949,4.48682,3.55597,4.3384,5.53777,3.38009
0.36178,2.15271,4.88878,5.9751,5.00326,1.65937,2.52169,3.95609,0.736819,2.23231,0.295018,2.96263,2.56864,0.168314,0.648006,0.117596,1.88136,4.07447,5.26264,1.62901,8.44855,3.12647
0.0455042,2.6931,6.84064,7.56264,6.90513,5.15579,1.39355,0.698679,1.09241,5.57915,6.09988,1.70477,0.323714,0.479967,0.712188,0.418091,1.25956,4.67912,0.958743,14.7434,18.1324,5.52444
0.339588,3.06433,7.55043,8.79177,7.8995,2.10721,0.946756,2.05181,2.44885,3.19017,9.23383,2.86631,1.06053,0.696347,1.90947,1.26568,0.426286,0.113073,0.744848,1.29303,3.34242,2.27279
0.619234,3.43059,6.68001,8.9574,11.7649,5.64957,1.83601,2.34332,1.97473,4.4644,8.76668,2.18249,2.47273,1.16196,0.334918,1.07038,1.98867,1.13072,1.77277,9.92872,13.3447,3.41357
1.42225,3.09355,4.54939,7.35706,12.9358,9.39137,0.241124,1.25573,1.0705,1.36841,2.84366,3.69647,0.616522,0.0857956,0.427929,0.811679,0.446525,4.56572,5.52105,7.80806,14.9658,6.65306
0.0376522,1.26273,2.11707,5.00576,10.028,7.60067,3.13511,4.41395,8.23973,7.97246,2.7326,0.580682,0.411298,0.482114,0.10794,0.632123,2.44718,4.86351,4.84018,2.2782,1.81082,2.19435
0.255098,0.85981,1.06657,2.39682,4.13363,1.27951,1.12144,2.47016,8.10036,5.6548,1.18091,0.765125,1.11098,0.277942,0.090216,0.616516,1.48835,3.93949,0.515734,11.392,8.20782,0.429971
1.29381,0.730394,0.00955354,0.993929,2.85979,3.56564,3.82045,3.27414,2.81958,7.60211,9.10005,2.85845,0.389729,0.0183376,0.287688,0.0575798,2.34178,6.59213,7.75598,6.73554,6.15975,2.3042
0.496198,0.043672,0.564006,2.73596,6.74457,4.69648,1.16427,0.286083,8.23999,13.6857,10.1695,2.57713,0.15373,0.903353,0.347337,0.224235,0.385453,0.446477,4.06311,19.9682,25.0905,8.4776
0.0987794,0.165609,0.302295,2.3597,5.64432,2.5062,3.04645,0.706973,4.22507,4.42842,2.34855,0.00597747,1.00702,0.0581552,0.297547,0.0586889,0.496955,3.79063,1.10428,15.7254,19.3403,3.92962
0.320747,0.0208654,0.427887,1.83571,2.32852,0.250915,0.138817,1.50663,0.30763,1.7464,0.267197,1.4214,1.07871,0.265551,0.577806,0.545408,0.246361,0.146438,4.58542,13.3666,11.5531,1.88449
0.0201261,0.169358,0.531165,1.04034,1.08952,0.906745,1.53282,0.442135,3.14692,2.45022,2.12239,1.78263,1.12118,1.21172,0.238203,0.23761,0.639507,2.44265,5.05645,15.8906,20.3517,7.35196
0.182199,0.261507,0.475911,0.671025,1.41725,2.11212,0.00542608,3.57366,8.63857,13.0988,8.60599,0.880401,1.37052,1.38099,1.1241,0.340327,1.17575,3.36479,3.43572,8.96237,14.7404,7.06965
0.0583673,0.0413492,0.139462,0.271615,0.677468,0.229155,0.453772,0.860591,0.636674,2.91732,1.2321,0.222731,0.71156,1.01402,0.934821,0.345558,0.415441,1.48477,3.47382,3.1227,10.3197,3.79461
0.159945,0.180092,0.0746998,0.239573,1.39133,2.92848,1.34412,1.42596,1.34271,0.428132,0.365734,0.102711,0.160358,0.293294,0.275982,1.01956,2.93141,7.32172,6.42106,4.67678,13.1876,7.7242
0.0946038,0.0426801,0.133216,0.943044,2.02281,1.25617,0.905413,0.880214,0.654559,0.342191,0.68469,0.128957,0.266251,0.512233,0.00632296,0.75862,2.21939,1.7009,2.90822,13.157,16.0599,4.99382
0.170211,0.0682705,0.714119,0.297397,1.66849,0.680778,1.00012,5.06029,2.53626,0.0710575,1.65613,3.09426,1.65712,3.48492,0.106664,3.55603,6.11204,0.670991,2.70464,8.8576,14.1752,7.33681
0.338231,0.739936,0.227454,3.65597,3.7972,4.33302,6.57208,5.44404,13.9409,11.3134,8.3636,15.6882,6.79876,5.30214,3.6497,3.50184,8.10823,3.66937,5.06571,4.08743,0.175113,8.16753
0.336253,2.32962,6.44857,1.78018,9.67966,4.71695,3.26499,0.855792,5.27813,8.38992,1.56851,11.4502,4.4305,5.35779,3.2299,1.08397,7.51408,10.1805,4.14548,12.3532,22.461,6.36778
0.267896,3.12206,8.14709,7.62599,4.0497,1.7946,1.96111,2.35329,18.1879,19.1794,1.10443,10.1315,5.10146,0.856206,0.791827,1.31868,2.2236,7.71473,5.74555,13.16,23.5835,4.46072
0.265404,2.70207,6.04026,11.2806,19.95,8.53087,5.35015,4.73023,3.37635,6.108,6.09819,4.79223,5.58105,1.29212,0.299151,2.09523,6.41826,11.0166,3.52317,21.7221,31.2124,12.9054
0.123736,0.918114,1.71513,6.61606,17.2819,14.1567,0.710804,4.16631,8.82623,11.1045,3.05884,0.971259,1.54632,0.516148,0.0762349,0.557607,3.84463,3.99946,5.52932,0.589634,14.8208,14.3032
0.408293,1.82435,3.869,3.48146,2.28648,4.29111,7.97287,5.83014,10.6884,7.78403,0.0715109,1.40458,0.9991,3.02149,2.23472,0.464634,0.0532175,3.84259,12.0552,18.1687,16.1837,8.90905
0.219004,2.9482,6.54068,7.39323,12.8613,9.65537,1.31273,7.42245,17.6006,14.6246,1.58666,5.43425,0.545825,3.74364,2.51265,0.226949,3.13096,1.78361,8.52442,12.7364,14.9722,9.09524
0.105693,3.70956,8.87345,7.12328,7.11521,12.7603,11.2232,2.35903,3.24064,13.8719,10.35,1.42532,1.34567,1.61671,1.02875,1.10456,0.723427,1.31829,0.312196,4.08423,5.67662,1.26285
0.0933613,2.77177,8.25578,5.09,5.48804,5.14477,2.19382,3.013,2.72382,5.20436,2.58605,7.66111,4.10786,0.404556,2.08554,1.89889,1.29426,1.32169,1.30237,0.868183,1.74688,0.193806
0.0225216,1.26129,3.36427,2.21777,5.81303,13.2379,10.6248,0.523115,12.6525,11.9459,2.00769,1.90649,0.471852,2.07857,1.06152,2.03718,1.09845,7.90441,7.27301,8.26848,11.7491,4.03968
0.0229317,0.814555,2.44805,2.12828,9.22759,5.23993,1.77725,2.13987,9.8019,8.0986,2.92922,1.58584,0.361281,1.93431,0.869141,1.12419,2.32914,0.952637,1.37345,1.56608,3.27663,0.1564
0.268745,2.74422,6.75886,2.43875,19.8905,19.8845,8.88049,3.57544,0.918762,0.122127,0.543129,0.582235,1.04563,0.154296,0.0531816,0.00777298,1.53048,8.79869,12.5467,4.73846,0.746273,0.209528
0.888944,2.60731,8.24285,1.16727,15.0479,9.60443,1.51951,1.3079,1.43031,2.87569,5.63602,1.49169,0.117493,0.89729,2.36872,1.28419,1.86147,7.8028,8.65914,0.809572,1.63559,0.118849
0.627929,3.31055,8.37773,0.868744,7.36891,1.45694,2.66225,0.933092,4.52027,10.7936,9.93228,4.63364,1.91555,0.292892,0.683806,0.247487,0.433619,0.0641889,0.856168,1.07352,2.96964,1.19194
0.462285,2.71719,6.0335,2.01774,0.138588,1.99489,1.2433,0.439178,1.28016,1.44391,0.813468,0.160479,0.488555,0.496256,1.00369,0.821564,1.96939,7.94148,8.70584,0.570008,1.09699,1.54707
0.105796,1.868,3.99733,2.7597,1.74967,0.161922,1.82786,1.02069,0.576884,1.08223,0.133455,0.0349751,0.639567,1.25991,2.35554,1.21768,0.167933,7.76342,9.85165,2.08437,0.891464,0.714393
0.187656,1.29875,2.11302,0.931727,0.412966,1.37151,1.49712,0.375643,0.427888,2.47107,4.88473,3.04848,1.73925,0.389009,1.44289,1.11799,1.43183,2.68269,7.50063,9.18327,6.65906,2.35089
0.022264,0.356784,0.260524,0.703719,1.02365,0.0452556,0.616478,0.14674,2.62653,7.85085,6.91233,1.02318,0.288533,1.19758,0.58922,0.152782,2.14948,9.74733,9.12151,3.20724,8.71974,4.30449
0.0863905,0.0221579,0.355281,0.466092,0.383718,0.0355219,0.567197,1.16282,4.99559,4.60176,3.05361,3.77303,0.00507305,0.46071,1.78564,0.563484,0.399686,4.33585,5.17244,4.67991,9.4379,4.82901
0.121556,0.00424227,0.424508,0.27311,0.621786,0.624724,0.147042,0.00173038,3.85365,10.1364,8.50696,1.63368,1.0468,1.01415,0.633904,0.126624,1.3973,7.25168,8.11844,1.30369,0.83013,0.751329
0.136914,0.00217924,0.182716,0.181476,0.177843,0.542374,0.356751,0.30819,0.514492,0.649837,1.30852,1.11234,1.01228,1.55991,0.773486,0.211673,0.987225,9.6273,11.2218,0.173997,2.76279,0.524455
0.15578,0.0398658,0.344658,0.271883,0.146621,0.115329,0.126399,0.81538,0.80382,3.56547,5.49063,2.05014,0.00024116,0.63865,0.573868,0.289145,1.24486,0.0964807,3.32356,2.75839,3.28821,3.76808
0.047809,0.0463726,0.0982275,0.309456,1.31091,1.8355,0.824218,0.639186,0.0831175,3.77839,4.02428,0.00702342,0.698598,0.873086,0.654789,0.455927,0.985105,0.94457,1.37184,6.07825,11.74,5.26853
0.0689401,0.0683786,0.0570162,0.200406,0.481903,0.12845,0.14093,0.270561,0.869711,0.779038,1.37305,1.75141,0.912131,1.37978,1.59048,0.530964,0.838823,7.21649,7.59703,8.67008,16.2509,6.69106
0.0894977,0.0420667,0.00118554,0.578917,1.19973,0.717342,0.620351,0.119362,1.98457,0.708288,1.54088,0.0235757,1.62566,1.47265,0.967298,0.704558,2.75962,8.51097,9.58276,0.223754,9.39251,6.38071
0.163486,0.0805593,0.065918,0.515184,1.5095,1.85147,1.36233,0.246049,0.686088,3.56344,1.77545,1.66068,0.959198,0.48667,0.27829,0.578613,0.586668,3.86275,3.48366,4.46382,9.83956,5.89568
0.0275373,0.0260732,0.106632,0.116428,0.79513,1.48606,2.02751,1.89609,2.22466,8.64862,6.64344,0.669827,1.01621,2.46985,0.547736,0.066967,1.40044,11.0358,14.6282,13.2091,14.0787,5.51284
0.31953,8.47816,24.2508,23.1886,51.6855,20.2695,38.6763,0.943384,11.7685,8.4956,0.942527,7.32564,0.194483,4.89573,6.13523,8.39137,0.584116,0.0148988,2.42404,9.47727,18.5066,11.3945
2.52626,2.64109,40.6474,131.17,153.232,79.3485,4.17858,16.8112,4.30026,7.30522,14.4996,18.5463,4.43425,6.02711,0.9091,10.521,12.3093,14.0719,12.121,0.347797,7.0349,1.4384
0.44808,21.5407,91.4501,117.135,36.3084,9.61564,0.16221,9.10889,10.4615,2.31223,2.30872,3.88862,2.93425,1.20725,1.2712,1.3545,1.25409,1.10164,3.90284,0.146531,3.01235,4.06347
0.848299,48.1538,93.3196,36.7581,11.0155,1.44828,1.35963,5.71332,8.33997,6.02284,4.08985,5.98145,4.45429,2.4504,0.400701,4.16234,6.48846,7.51015,3.82001,1.22911,1.83755,2.73538
13.7458,36.9879,44.2866,8.5199,5.31464,3.34887,1.35518,8.78029,10.2878,5.05773,4.34688,7.34229,5.18958,0.0949588,4.99758,7.58185,6.81763,1.81559,4.35066,6.27484,5.2466,3.4322
23.2791,23.4173,6.63088,11.5881,10.999,4.04886,1.70808,1.4167,1.47594,2.39157,4.98148,7.81704,3.04656,1.23699,2.42162,3.68586,0.80327,1.23891,1.0599,0.735828,0.0669659,0.538648
23.7428,24.5741,12.0456,0.470823,5.31546,13.7611,9.70229,5.34676,2.55633,3.90364,4.72328,8.20964,3.44816,2.09806,1.43477,0.0145829,0.0641031,2.5676,2.44128,1.16756,1.62565,2.2042
32.2863,34.5967,14.4244,3.23027,5.5345,4.07878,20.1111,20.1253,15.602,9.70365,0.0968997,6.74233,3.03989,2.43994,0.192242,4.0803,1.28284,5.29009,3.25202,2.22148,1.75494,1.82767
34.2365,34.1382,12.4699,9.91073,14.9137,15.0286,8.27912,3.50258,7.84172,13.4673,4.49582,3.07469,0.123968,1.86042,1.18265,2.22875,2.73409,4.93998,2.24136,2.13213,3.19934,2.23272
26.5759,42.1461,45.0671,12.3008,6.84684,8.68163,19.911,15.4543,7.35792,3.00875,1.73535,1.10463,0.451788,0.866083,2.7781,2.94423,1.27389,0.521892,1.28415,2.67658,0.221099,0.819218
19.3541,16.084,5.56894,2.13192,34.0054,12.1951,10.5119,2.04934,1.99691,0.62701,3.38788,0.642511,1.0281,0.356247,2.59483,4.9544,2.87185,0.482653,1.83449,0.890454,2.15958,0.545255
2.04921,10.2731,14.9157,2.59883,16.5731,5.93029,10.6614,10.4884,1.37074,5.48335,0.471398,3.39707,1.25212,1.67361,2.7391,7.30236,2.55458,0.163372,0.350999,3.30338,3.35938,0.268683
16.1831,10.7411,3.71901,0.212947,16.0605,3.56875,29.9189,24.5162,3.62866,9.62604,0.110084,12.7641,8.45268,0.309947,3.30657,7.98739,0.197482,6.83807,2.86483,2.41002,4.36008,1.75134
36.713,47.8903,43.4959,3.2753,21.3897,3.52739,24.0795,8.2368,1.14965,6.67415,2.96282,16.7703,10.9236,0.354165,4.73094,9.41241,1.59687,5.73818,3.66318,7.06346,12.0707,6.08921
54.2698,50.0251,8.90589,9.42365,3.75859,1.09264,18.5622,29.5763,16.2168,5.38008,3.79642,14.8112,9.94196,2.25254,8.37797,14.4005,14.7682,18.2835,13.7951,1.17867,6.18148,0.818229
64.4846,86.8805,67.512,10.4602,0.765071,12.9693,15.85,9.13743,12.8129,4.06611,0.894067,6.71405,6.30524,4.72597,10.7097,15.4325,14.7789,10.5477,1.25657,2.55623,0.0633985,0.737286
81.5406,91.4237,47.784,5.96188,5.33494,22.2735,12.1201,14.1673,16.5146,5.07564,1.84522,6.62232,4.68723,1.26566,6.77423,14.6548,7.11461,4.02313,5.98088,1.26281,1.68645,2.56655
78.8705,84.0149,39.2806,5.02332,3.02443,2.69625,1.48273,21.1143,18.4814,9.87185,2.03846,17.0362,12.0041,3.42753,6.63127,16.0634,3.01471,4.53244,0.65545,3.99533,5.33702,0.574991
61.8365,87.4536,78.3748,15.7382,16.439,32.2143,36.0229,6.21169,7.01661,6.11283,6.09752,25.1447,16.0469,2.35499,8.36855,12.355,6.02246,16.9955,12.426,4.55112,3.91739,0.590225
43.7291,37.1382,3.05525,9.39087,26.4122,21.5982,11.4882,14.0295,1.05625,15.365,1.45435,21.6969,14.9905,2.58544,5.33489,10.0623,0.628911,9.04363,5.36097,6.49734,8.74725,3.29588
12.9213,23.4586,29.125,13.158,1.7192,20.8031,38.4742,14.4974,14.7319,16.5264,0.759161,11.3158,6.58151,1.64386,7.03681,10.4841,7.88104,5.33288,6.79019,10.311,8.57636,3.78224
16.1919,13.8694,3.85079,13.7907,39.0404,35.1255,10.021,2.5549,14.4179,13.966,5.03889,2.31437,1.80029,1.38447,3.69882,7.563,9.68476,10.4019,11.8988,8.39378,1.58349,0.406238
44.0774,64.0838,60.5932,4.37719,28.5798,1.64084,21.1949,3.83029,0.932987,7.22386,8.48236,13.3006,8.91857,0.788104,0.762833,0.746379,1.01384,0.735322,0.106931,1.6963,0.219284,4.49437
70.0111,67.1186,10.8374,22.212,11.7298,29.6119,15.7724,2.02798,10.398,4.59775,7.4847,19.1841,13.4016,0.319109,5.72468,8.83539,2.36836,1.28874,5.72049,5.38253,0.890393,4.44424
87.7388,113.817,91.3743,32.1147,25.1923,16.9514,10.807,18.2646,8.32236,5.08923,3.44391,16.9971,10.5149,2.2704,10.53,12.3863,1.63074,12.3506,4.56424,5.22326,4.31809,1.95167
95.1896,105.309,52.3001,19.5976,11.3272,22.0235,23.8639,11.3739,6.15826,6.90055,2.49014,8.93596,6.9809,1.91006,9.09552,15.5626,0.473585,7.00662,1.08048,4.04189,6.02116,3.09014
89.8384,96.948,47.7755,1.13976,7.78826,31.1558,38.5606,28.9464,20.8807,18.0875,9.12049,4.29566,2.3049,1.74208,12.8606,26.1654,11.2049,1.52126,3.25304,0.992009,7.34656,0.0647841
69.1331,99.1544,89.5668,27.0822,2.37564,20.1327,30.9056,29.5017,28.8086,20.1404,11.2304,15.4957,8.90834,1.832,13.2187,26.2553,18.0941,5.71702,6.84759,12.9131,11.5012,0.988071
59.6744,50.9578,1.99541,26.7213,12.2887,42.0499,42.8906,16.6037,7.9846,14.349,18.4667,27.3584,15.716,1.37852,9.0559,22.3751,25.7279,25.7997,15.2872,11.6463,11.6042,4.04057
25.199,38.5788,46.2528,32.6552,13.5505,4.74133,23.0122,35.4925,12.8646,3.80798,6.91429,19.8943,13.5398,1.65018,16.7851,24.2219,11.823,9.16905,12.3609,3.44626,6.66425,9.95954
5.5754,7.17412,5.0077,15.6508,41.2946,49.8551,25.5605,9.95839,11.3784,2.33178,7.76358,14.1103,7.68975,1.60061,10.1234,20.5979,1.6281,14.3976,6.8644,1.23422,1.25894,3.26288
35.5724,52.5476,55.1154,17.0638,19.6402,23.3002,5.84185,23.827,6.11073,10.3991,5.85219,1.71339,3.02112,0.689203,4.70631,7.70459,2.70558,5.49246,0.77618,1.14515,0.854232,2.63667
62.975,56.1623,1.19814,35.131,28.0558,33.6723,7.61791,25.4744,8.1444,13.5973,10.9086,12.4308,8.32772,2.99596,5.16221,6.9852,4.38816,1.18516,1.91151,6.1399,2.42212,3.14227
74.4691,103.791,92.3226,43.8363,45.3894,45.177,20.7478,0.882018,12.7589,14.8431,18.8376,29.4581,17.7267,1.82825,6.40467,8.39124,3.07589,7.07007,0.745606,4.4516,3.81975,2.43988
90.1432,96.6011,41.9342,21.5045,13.5154,3.56776,9.48249,31.9055,27.2691,14.7488,21.4944,39.411,23.4086,0.795926,9.29305,14.1194,1.27685,12.8147,11.879,9.731,5.61153,5.85391
90.7073,100.777,51.9954,14.7203,33.5426,44.8805,37.7124,19.3595,8.62684,8.76944,24.2428,44.8152,26.0645,0.413036,12.1731,20.882,4.36479,0.445175,3.79253,1.48012,3.4225,8.74934
78.0317,103.162,88.7195,41.601,32.2405,19.4196,15.5319,25.4091,14.3798,2.03733,20.1439,39.2616,21.2088,0.331828,15.8595,27.3878,11.9694,4.37929,9.29277,3.5282,2.66244,3.56032
56.7415,51.8055,0.277378,30.0417,3.67295,29.8912,37.0928,23.7587,3.19115,2.8069,12.7102,30.3173,19.3651,0.553266,10.2022,21.8063,10.5311,2.56255,1.01746,5.94566,5.69018,1.21384
31.1195,49.2135,55.8506,21.4247,16.6315,20.9629,4.46679,9.23012,11.8727,1.96272,0.947465,11.8109,6.71638,0.557342,9.95746,16.0583,11.9096,8.55954,3.00668,1.05315,1.58661,1.57621
5.37281,0.0762218,8.41288,1.10444,5.88455,18.9407,36.7732,28.6371,5.36392,7.5413,2.76342,1.95483,2.19011,1.3973,4.4387,7.04676,13.0227,13.7693,0.844852,7.51289,0.807116,0.492496
24.7107,34.8742,35.5678,23.1591,0.306464,19.477,0.64834,5.23004,13.9497,15.5646,11.8011,15.9731,8.87358,1.10245,0.995656,2.96275,3.1126,8.32291,2.56619,3.11137,0.821781,2.17949
57.108,52.4499,6.23055,21.5358,6.95659,15.3223,20.865,19.2661,22.3724,14.8281,11.5875,22.5972,14.7204,0.221765,7.73969,14.4512,9.31695,1.00591,6.55117,6.59549,4.22992,3.41022
69.2381,93.3624,79.5614,20.802,11.7128,21.7869,0.969075,13.7646,9.3143,8.67107,13.237,22.6835,11.2132,4.87391,8.69981,21.0885,17.5303,15.7113,6.68034,1.3466,0.47632,0.227675
81.6987,84.7769,32.8592,11.0391,0.760504,5.26448,4.96165,7.81625,11.53,1.9717,10.178,20.6059,12.3967,0.359767,12.4878,22.072,12.9044,10.1959,8.60425,2.31841,0.470519,0.944998
88.6198,105.074,65.8199,6.09908,26.8342,29.921,10.7378,11.5877,10.3352,4.05423,3.73952,12.2173,7.11556,2.43801,11.8392,15.5373,0.00963225,11.125,5.58666,0.706694,1.81887,2.56106
76.565,95.4469,65.6887,13.5968,12.521,5.71679,3.78082,3.01308,1.21021,5.01519,0.31236,4.59546,2.23026,2.08437,5.6238,7.87241,3.02449,13.7757,7.74477,1.73134,2.1826,0.0755315
68.6613,66.1639,20.015,7.25564,12.7309,21.3605,14.8176,4.70562,1.71211,13.6406,6.48096,3.76335,2.05546,2.06526,1.65285,1.35245,0.662841,2.50156,4.65097,1.06777,1.09258,0.218591
46.0195,61.5559,54.8406,7.27946,18.5198,6.96156,5.29974,10.7411,3.17323,8.76761,6.45227,8.95838,4.54529,0.935497,3.34016,4.98517,3.38957,10.6673,6.32762,0.559242,0.560235,0.356741
23.1572,20.185,1.76742,7.77408,7.01382,6.13853,16.1217,3.04709,1.97246,1.15815,4.05371,11.6149,7.80922,0.573381,4.47733,7.54936,0.722393,1.94744,0.591243,0.833781,2.11165,0.510965
1.90632,3.24876,4.96122,8.46578,6.41177,6.47826,1.30162,10.7493,0.717362,6.54892,0.70106,7.4722,5.28525,1.54617,6.24001,9.4271,8.45508,11.7826,9.07068,1.41706,0.530269,1.12251
18.9458,21.8011,11.0654,7.5144,16.3385,1.71738,13.6557,9.48974,1.85301,6.32669,2.59295,1.17152,0.424124,1.28404,3.49753,7.51248,8.88838,13.8774,10.0823,4.73233,4.87161,2.37572
39.0179,51.7073,45.1722,16.6643,2.66068,16.7949,10.1683,2.70325,2.20739,0.126096,1.76643,3.94009,3.43239,2.26317,2.44239,6.64784,4.14871,1.73209,0.265819,3.44089,4.12226,1.24418
56.4899,55.9558,17.8569,17.1547,10.3292,0.105559,9.43282,8.57932,1.18793,2.06917,3.26097,9.4193,5.82627,1.37436,2.1731,5.56907,0.258855,7.07066,4.98247,0.398121,2.22128,0.455361
63.6117,78.7924,56.754,12.3525,10.9852,19.2516,14.4588,4.02801,2.4947,2.87137,7.38342,14.7851,9.41631,0.519488,3.4159,3.87079,0.384506,1.99031,0.224288,1.54922,0.48441,0.598878
75.812,77.1649,36.941,2.38732,1.74365,3.61133,4.53147,2.26698,2.78296,1.96355,5.94921,14.8042,7.79621,1.85284,1.56906,0.098516,2.51822,7.8277,6.14481,0.558235,0.765233,0.954023
67.319,76.346,44.2359,1.15291,5.72803,11.5925,12.5053,5.45668,6.16463,6.98979,3.6232,13.4976,7.18262,2.28269,1.29822,0.224212,4.69657,7.43607,2.90518,1.30495,1.12335,0.529658
63.6409,65.0618,49.5889,4.79442,11.523,17.4655,5.94425,12.2586,0.874293,3.13256,0.964597,10.8782,3.69453,2.00893,5.38382,0.804467,1.47804,6.19097,4.12132,0.943,1.77938,0.00661074
40.568,44.7182,79.5766,156.654,160.08,83.7641,20.4813,27.299,36.2703,16.231,4.30045,13.5199,7.96648,0.738652,7.96859,11.0171,5.28277,2.3873,5.11,1.55459,1.41669,1.80883
29.4049,30.9644,94.3273,137.236,46.9481,9.46731,4.9457,7.7669,13.0431,7.64014,3.05496,5.56648,2.00857,1.49075,2.03404,0.7166,1.932,8.56064,7.16422,1.19392,3.23988,1.13258
30.4155,35.0517,43.7197,39.9569,14.5761,2.76293,0.751774,6.59495,3.10979,2.66671,1.5345,5.58778,3.57475,0.0848794,0.311457,0.234098,6.13108,7.63414,0.112577,0.297906,0.761359,0.546472
21.8034,22.7986,0.216848,18.365,14.9785,11.6032,2.43603,0.648732,8.16875,10.4518,0.973429,5.11797,3.39291,2.28937,2.99038,1.61639,6.66254,11.7948,5.53318,0.544245,0.919371,0.700246
2.23826,4.93067,7.38811,3.36388,1.80379,0.51957,3.96775,6.28956,1.26486,0.355884,1.94602,4.99199,3.39081,2.4774,4.54172,4.80035,0.937358,4.04543,2.21557,3.97759,4.31459,0.25128
1.86567,2.92142,5.77524,10.4141,13.0086,6.89311,2.22109,6.77118,6.95504,5.48764,1.82368,2.61798,2.18474,1.67301,5.16218,7.61664,9.35692,9.37019,3.24285,3.10758,4.17519,1.96176
6.04858,1.96069,5.02602,3.65043,3.24822,4.14558,3.1923,1.72047,9.75041,9.73758,0.753242,1.75626,0.745179,1.20448,5.13508,8.02579,8.96996,9.63684,4.10551,0.778797,2.32949,2.12508
6.52047,7.77824,3.50819,9.256,14.8032,7.32417,3.79613,13.6394,14.861,7.17084,2.13404,1.18918,0.0338532,0.69284,1.66087,2.13428,1.66162,2.85927,1.89695,0.829699,0.253474,1.58505
9.1272,7.27762,2.09673,7.11825,17.0046,8.27504,1.09268,3.36637,9.29627,8.92079,3.10076,0.959961,0.656706,0.702753,0.406,0.111413,4.30263,7.25154,1.35919,2.25048,0.915642,0.338709
7.11406,5.77933,4.3745,2.4081,2.54828,3.3882,4.63636,7.28106,1.14511,8.85152,5.25344,0.0111415,1.87729,2.7133,4.72891,4.76392,8.23561,13.9392,8.03345,2.88995,3.93181,2.57382
8.26654,7.33945,2.8198,7.80896,13.1109,3.44129,0.103314,5.91805,2.64452,0.32049,2.27775,2.01529,1.32388,1.55278,3.96536,5.67492,7.3407,9.54813,3.50031,2.30133,1.52426,1.52774
4.78342,1.15521,5.63291,1.36609,13.547,9.26995,2.62799,2.38114,9.69696,7.8547,1.67327,0.703457,0.666736,0.487549,3.38675,5.80907,6.41389,3.92545,1.81446,5.97519,6.45608,2.54484
3.12836,5.86261,10.1246,7.1137,1.7458,5.50197,1.30397,3.38049,1.14735,2.39745,1.76434,1.41287,0.480435,0.334728,3.47647,5.69665,6.38345,8.85894,5.96157,4.30146,6.04082,3.09534
1.85918,1.55501,7.74136,9.03245,5.82003,3.23155,1.78066,0.63302,0.296913,1.84998,1.60855,1.95381,0.728429,1.68325,0.742132,3.55643,4.7211,8.1392,4.54002,4.69651,6.76297,2.91716
1.33681,3.36871,5.05303,3.34322,4.30809,5.19465,1.07182,2.70968,4.72855,3.64882,1.74458,2.34302,1.02128,0.519236,1.48057,3.50739,5.35793,3.27412,2.66311,0.31595,3.90112,0.280676
0.0836092,1.03499,1.47712,0.914658,2.63471,1.89182,0.38437,1.08201,5.21327,5.32857,0.417173,2.01953,0.236484,0.765906,0.793862,3.62786,8.71835,7.5029,0.258908,2.32343,2.27705,1.40561
0.43155,0.310528,0.695696,0.0234593,2.18086,0.241516,0.169958,4.45837,8.05776,6.68115,1.46494,1.96804,2.03446,1.08312,0.470526,1.02834,4.06051,6.37593,4.58194,0.426234,0.703655,0.509228
0.362444,0.268681,1.28847,0.682303,0.24215,0.593695,1.69772,1.51807,6.34655,6.90641,1.14791,0.535389,1.18963,1.07634,0.465132,1.16857,4.86369,7.06538,3.877,0.421398,1.61472,1.21872
0.187133,1.0629,2.39462,2.67089,3.72797,1.53161,1.56296,0.297115,3.02734,2.45841,0.369485,0.335205,0.198402,0.239066,0.688782,1.42599,7.76567,11.034,3.70838,0.442297,0.141887,0.865802
0.352338,0.692552,2.22832,2.6061,2.90799,1.48851,3.24523,2.43198,5.96462,6.62681,1.01761,0.104473,0.443186,0.418789,1.13442,2.89991,8.71074,9.47642,1.69546,1.89617,2.14421,1.55865
0.271547,0.452161,1.31259,0.182151,1.50988,0.562525,1.46173,2.6036,2.81594,1.41133,0.50347,1.61678,1.10908,0.750683,2.04639,2.92743,4.66529,5.5648,2.13305,0.805934,2.1782,0.830563
0.197648,0.358158,1.25541,0.445188,3.11312,0.798067,3.69231,2.81004,1.47456,1.53826,0.900196,1.44398,0.037489,1.42024,0.329576,1.06222,0.387883,1.26017,1.70742,1.79015,1.70339,0.70833
0.189241,0.269083,0.87519,0.2118,1.57816,1.17998,1.61513,4.76381,9.01801,7.19246,1.49647,0.883022,0.656681,1.14346,0.0869693,0.746683,1.0653,2.18335,1.24691,0.425574,0.679231,0.227728
0.451954,0.177831,0.053007,0.453559,1.02346,1.74356,4.18274,1.72204,2.30446,3.2285,2.02954,1.41098,0.110456,0.871138,0.242853,0.647383,1.45688,6.56025,9.91797,3.03556,0.862185,1.85955
0.0729254,0.125725,0.103264,1.16944,2.80653,1.55075,0.743406,4.94967,9.57035,6.8913,0.68626,0.77104,0.0864709,0.497384,1.18915,1.53402,1.2776,1.70105,2.67267,0.7449,2.31012,3.24583
0.0771121,0.0334163,0.244979,0.245508,0.573553,2.13291,2.0486,0.144641,3.26645,5.10065,2.5195,0.270321,0.360815,1.46963,1.2183,0.617152,1.59949,9.98472,10.6808,2.74505,0.0855609,0.646873
0.123076,0.069794,0.190761,0.220078,0.904564,0.148635,0.948522,3.52283,2.6452,0.244004,0.42625,1.40869,1.72121,0.422426,0.705942,1.13899,0.422091,1.86919,1.79669,0.0983823,0.22881,1.07385
0.0505109,0.17358,0.235673,0.343685,1.78828,4.32027,0.425209,0.414813,1.05343,2.68481,3.36029,2.48562,0.510337,1.47263,0.644393,1.60538,4.73533,9.7277,6.32514,1.43166,2.21292,0.543792
0.867746,0.97171,3.12677,10.9939,11.8058,8.5576,6.91744,1.48523,10.8226,10.8596,8.03089,8.02195,4.44505,2.30101,0.00663538,9.03535,16.212,15.6977,6.97316,0.0163831,1.96813,1.01178
0.201452,2.04114,8.48649,10.9737,3.7151,17.5536,13.0173,8.46063,8.80892,5.89743,4.78831,6.24825,3.40704,0.241994,5.03793,11.2701,10.6951,2.38744,7.05931,5.12081,0.388509,4.04851
0.087432,3.25789,9.19622,14.2772,15.5439,8.28528,1.2632,0.237353,2.31804,3.72608,0.84998,0.0874264,0.445291,4.13319,11.2516,12.8467,0.067364,2.08855,6.06278,2.98693,1.20967,6.09089
1.01082,1.43063,4.22749,6.625,17.9606,22.0776,12.7355,22.3138,32.7776,17.1243,4.63477,4.62692,0.0336805,6.4516,11.1788,7.85512,12.6391,20.4158,5.65699,2.7916,3.06745,3.72888
0.119739,0.353206,0.726427,5.24252,5.62418,1.23792,2.10474,5.4562,16.3043,10.1371,4.35029,8.21508,2.83399,3.79153,7.00216,6.28569,8.14479,17.5635,7.74014,1.69768,3.19073,0.17298
0.463547,1.70716,6.07014,14.3859,25.5589,20.6799,14.2613,23.4754,6.54799,15.5202,11.2295,10.1541,6.27882,0.170304,0.0436629,1.02756,2.46876,1.83097,0.580417,1.13438,0.916514,2.58872
0.614238,2.75854,7.82883,10.8974,14.0961,13.5933,2.29254,15.1504,8.3376,21.7407,9.0855,8.9867,6.88725,2.81087,6.23069,3.50995,9.63514,10.4724,0.0998223,1.7646,0.225777,3.26247
0.048032,3.34063,7.6099,0.0218718,12.2677,12.56,4.84344,8.60634,22.2892,14.6365,4.48663,9.80499,6.07024,3.02018,3.27266,2.62741,7.19236,11.5755,4.11575,1.1014,1.27121,3.82679
0.0304985,1.91057,4.22062,7.16704,23.0573,20.4566,4.30339,12.0979,11.0052,1.18883,4.981,9.37046,4.63167,3.01891,7.04206,7.27435,0.501046,8.79236,6.82091,0.0426203,0.578265,0.453012
0.184549,0.41874,0.893047,5.12782,6.60335,1.2668,1.69217,18.6652,22.3846,7.30582,0.927764,6.38102,4.30579,0.789838,1.57571,2.49878,0.299625,1.98684,0.191374,0.13249,2.46552,3.39191
0.594912,1.53254,4.38475,2.98051,15.0164,13.9916,10.9965,2.29367,19.2765,17.1531,2.20856,6.88177,3.82959,0.848393,1.30862,0.978217,2.6054,3.73182,0.611423,3.07421,2.0331,1.48187
0.584563,3.20584,7.65236,5.47412,18.5964,6.51027,7.08798,10.4172,10.5431,6.18265,2.96741,3.56897,1.85195,1.16481,3.13802,1.77589,3.29227,8.61133,7.27928,2.05248,0.0867534,1.02448
0.639843,3.21831,8.23165,1.43323,6.28706,0.46523,2.90022,22.2522,29.8389,15.3558,3.22112,2.16943,1.22999,1.02707,4.27307,3.94845,0.188715,1.87218,1.47584,0.056421,0.155239,0.302769
0.533894,2.60716,7.76594,9.77032,8.73319,1.16994,5.84946,14.2213,6.29526,14.3063,0.455712,2.60897,1.38509,0.509331,0.0726382,1.16236,5.7274,8.88285,5.20705,3.16275,3.44741,1.37103
0.652992,2.35439,4.52061,7.15706,9.60981,4.40825,4.54813,11.3639,13.0714,6.92915,1.96049,1.95701,0.826644,1.6314,8.11319,9.19635,8.85922,9.7525,3.65318,0.147468,0.46168,2.69307
0.721476,0.284281,0.102901,0.24627,1.6316,2.30057,3.73862,9.59914,2.46648,9.92093,2.55059,0.991766,0.809347,0.23849,1.60355,3.13456,7.12483,10.7684,5.30846,0.891657,1.28943,3.13227
3.01098,3.39559,1.04735,2.15354,1.43738,0.510191,4.46496,23.127,34.1456,18.9575,2.46935,0.719145,0.269063,0.990412,1.72818,1.73512,0.532483,0.574643,1.46785,1.57838,0.309204,0.0305548
2.84563,4.99125,4.3358,0.797956,0.594222,0.990686,1.23151,6.05292,3.63327,2.90303,2.06074,0.638503,1.04079,0.291235,1.27155,0.973519,8.01318,16.9217,11.2922,1.22469,0.672742,0.907138
1.6193,3.14585,1.69622,0.69762,0.402762,0.255636,3.15818,23.8344,36.9734,16.9499,1.50283,1.23924,0.0370635,1.04378,1.20471,6.52858,4.55197,17.9423,8.0283,0.206675,0.785765,0.874504
1.81509,0.261717,2.02452,0.867302,0.943191,1.27122,1.73566,25.682,41.5014,18.5172,0.655926,1.51215,0.532313,0.309265,3.67641,7.00108,7.73769,17.834,5.82201,1.3547,1.93268,0.979017
10.8274,11.8382,6.77543,0.0482472,0.643661,0.369448,1.83583,2.37717,11.8919,9.81455,2.61005,1.14151,0.639136,0.119828,0.0304061,2.49223,11.5741,14.7757,5.64702,2.57286,3.42999,0.271146
18.3531,23.9713,15.5997,0.611931,0.459566,1.13856,0.643272,9.02401,20.4925,12.977,0.998217,0.256161,0.465437,0.776175,1.53532,5.88987,9.6164,7.7334,2.52426,2.49679,4.32071,2.3145
21.1473,29.9292,21.8209,1.57139,0.386843,0.176343,0.650528,13.5683,35.4669,23.7635,2.23334,0.529588,0.373594,0.859691,0.493074,10.8371,17.2139,4.50966,3.44889,0.7688,0.973536,1.05319
12.7885,19.2986,13.8973,0.234801,0.673865,0.139282,0.796463,15.0112,30.472,17.7509,1.4643,0.35412,0.154121,0.506473,0.113268,4.5911,15.2216,17.3769,7.18709,0.44741,0.919112,0.860801
4.56835,3.17806,0.848769,0.387306,0.945113,0.809575,2.19202,7.00253,4.56966,2.65306,2.11163,0.0826421,0.31669,0.103969,0.609865,4.42997,2.64267,14.7997,7.38814,0.81364,0.231424,1.05923
27.2074,30.8186,16.3809,0.919804,0.122027,0.499737,1.22022,6.58188,17.2193,15.6207,3.53626,0.335049,0.550479,0.359402,0.586798,5.85667,30.3114,30.6059,5.89839,1.48241,0.319364,0.121939
45.4724,56.7748,38.4851,2.60794,2.48391,1.18691,2.27964,2.77182,5.20301,5.03564,0.704408,0.597235,1.23097,1.21004,0.347109,0.838967,6.91844,8.6998,0.776902,0.288703,0.867881,0.468074
49.3209,66.3708,42.4251,2.97593,3.15914,0.952368,4.03202,4.04745,3.4119,1.90357,1.07746,0.687424,1.31825,1.94523,1.58563,8.71903,59.837,68.9227,16.0541,4.45726,0.14854,1.09493
42.82,46.1909,12.4099,127.475,138.398,63.5858,30.0029,19.7898,3.16118,7.05985,1.1509,11.8122,12.4177,9.47708,6.83953,4.93021,33.9993,52.4485,21.6791,0.522032,1.85178,5.73656
17.2776,30.9101,13.6548,62.5647,0.376351,27.0623,0.859819,2.1164,0.448569,3.08453,10.0587,16.2526,1.81802,3.44972,2.34647,8.57932,9.93587,2.73404,1.54851,0.74409,3.63004,3.5999
0.0393403,32.8198,98.2783,71.9077,3.28638,10.5788,2.53697,2.31458,2.77188,1.93042,4.31387,10.809,5.3465,3.11884,0.925382,8.14356,23.2869,55.669,30.0163,2.54201,0.473437,3.85184
6.49191,20.8818,40.4342,6.57597,14.1319,8.37891,6.56072,3.20576,2.89567,2.97559,4.58782,9.24068,5.89636,0.878775,4.0388,3.97486,65.5934,111.358,43.4446,3.40294,0.612243,0.542825
25.1094,34.1209,23.7355,1.15871,6.28765,5.73235,2.98689,1.34669,2.42456,5.83698,6.60188,8.10116,3.95434,2.3778,2.12856,6.4586,100.131,145.537,51.5047,2.31994,3.10424,0.796948
44.1931,55.6398,41.8234,10.6696,1.61211,2.92621,2.79481,4.91765,6.18169,0.000836946,4.70766,5.66934,1.97779,0.320807,1.40156,7.05158,47.9352,82.5467,37.6714,4.3775,4.14003,2.48512
47.1291,58.4941,41.2344,10.3943,13.8797,18.9252,12.6429,10.0405,14.1624,8.89207,4.25463,4.70476,2.32677,0.722723,1.78762,15.7751,15.7322,57.4286,26.1586,2.15968,0.313551,1.1344
34.2546,37.3031,11.1307,13.0404,8.88117,10.0721,6.61251,1.5232,4.25377,5.05259,2.75041,5.79691,2.0133,1.06307,0.355062,28.2534,52.5234,28.5087,4.11202,2.33252,0.20539,3.15087
29.1703,42.3967,39.1432,10.5274,5.85266,11.9584,13.5195,4.57418,5.1354,2.03165,1.72388,7.04819,3.44955,0.152513,3.98835,22.1679,103.907,103.746,17.8987,8.95183,1.34673,0.0452992
18.0406,16.6831,1.37544,6.03903,10.3356,23.397,15.7625,5.86239,12.3132,4.64471,1.3947,7.27833,5.5229,0.1805,1.72253,28.7416,100.644,100.047,26.6312,1.29294,0.839493,0.00347348
6.14184,2.21489,5.947,14.4595,12.5475,3.35104,2.86745,11.5908,5.61189,5.22949,0.0264446,6.24597,2.97123,0.0165946,3.61763,42.2353,71.1096,31.8976,1.41753,1.16998,1.72421,1.15727
23.4295,19.0844,0.565392,2.53374,25.536,24.4953,1.50293,14.2157,1.76586,9.6662,2.55971,3.17943,3.51021,1.521,1.52005,3.00399,20.7695,47.93,21.4843,0.333175,1.06134,0.196448
39.3974,54.6339,50.6524,17.7045,4.83733,26.4009,29.3822,8.02108,0.353098,0.887774,2.82146,4.45395,1.54802,3.00793,1.99151,1.04802,16.4936,49.2279,27.8812,3.3559,2.12681,0.252863
55.6702,54.4656,11.8249,29.2918,27.6898,10.9129,10.9877,13.8894,9.97509,8.4163,8.14997,12.4183,9.42091,3.24601,6.17022,25.8845,92.8388,113.518,36.7461,5.38676,0.251438,0.213592
58.8758,76.3112,56.4607,16.409,16.6021,26.4732,29.9501,16.851,18.3835,21.1497,8.94744,9.15365,5.08334,1.4926,1.20598,1.66271,49.6812,88.8643,32.9842,9.49675,5.23514,4.32542
67.5533,81.3539,49.9621,1.16543,0.777279,12.3996,18.7193,7.74675,7.03822,0.194982,7.04652,9.45209,5.80219,0.895074,4.29694,13.9629,49.6011,66.3881,24.9568,1.24024,1.65075,1.32652
62.5705,66.0727,25.8692,14.3516,13.4087,15.0782,8.4473,0.271792,1.98396,3.32438,1.85115,4.18333,2.14836,1.04457,5.0529,4.80006,3.78435,5.08589,2.4227,0.257535,2.38193,2.35004
51.4633,66.4048,62.2145,29.3809,8.51131,13.5774,14.4716,10.4265,24.9652,18.4545,3.38765,2.24095,3.81964,0.00645284,6.88324,13.8867,30.4716,66.7373,23.9133,4.90351,2.50099,1.44412
29.4839,27.9448,1.23555,16.7159,2.35326,6.40633,20.2321,20.626,15.8322,9.25079,6.21999,7.41673,1.71531,0.953631,3.30765,35.0205,127.108,127.101,27.5114,3.90235,2.56895,2.57413
0.472095,5.58941,8.96357,9.22109,7.56372,9.66831,14.7581,11.2223,23.0082,18.7332,6.09943,6.84138,5.98969,2.29896,1.24037,8.19301,1.27728,21.4964,16.2706,2.49673,1.02025,0.594247
20.3391,22.0323,3.71724,6.9851,7.8282,11.6659,41.66,35.0844,14.0458,1.39334,6.28968,3.78301,2.56904,2.46091,5.86867,0.735643,47.7957,61.4193,11.7703,8.5051,1.87654,0.449315
53.9814,70.0155,63.2236,32.9561,17.8493,0.502057,15.6702,26.7691,13.2212,8.61968,6.01082,0.518645,0.132059,3.20852,3.97071,3.38929,62.4099,90.3416,31.4046,2.57036,3.57103,0.142978
76.3271,72.8968,12.8614,43.7816,36.4886,4.29572,37.1111,29.2762,29.4314,25.741,4.95994,3.83405,1.20931,1.69798,10.4029,18.573,7.70097,7.67053,7.96625,3.70396,0.0697268,0.342197
89.8448,115.273,86.5439,19.3085,7.10721,0.608368,10.8118,32.0977,18.5417,5.94803,1.41791,6.41471,4.25547,1.28604,12.5036,24.3755,31.3581,23.8509,0.455747,7.7016,0.231361,4.08852
91.5697,107.261,63.7823,12.9507,21.847,3.0973,18.0771,0.259697,7.29687,6.71936,0.354723,8.2343,6.40295,0.994431,12.1097,29.406,41.2098,31.7122,6.36733,3.22168,1.62217,1.76916
90.9481,94.1338,35.7607,32.2194,30.6458,4.16044,8.03763,24.7791,12.8188,7.25804,1.076,2.78399,1.98473,1.10362,14.9066,11.6982,0.256419,13.2327,17.7074,10.2466,7.68813,0.40779
65.7439,93.0138,89.8438,39.7736,12.433,7.05685,5.23518,21.6135,17.271,8.58685,1.39243,1.77731,0.875083,2.8997,11.8984,39.0842,34.4688,7.47188,1.42071,2.63633,3.88343,0.493803
42.7326,34.3534,8.08078,16.6533,12.696,13.5667,30.2858,0.183114,0.656799,12.3143,0.646647,8.32307,4.1973,0.625206,10.1696,11.3984,16.7315,25.5152,8.28091,2.86745,6.35565,0.785522
14.3947,20.5392,20.475,2.28193,5.71027,5.64877,23.4404,35.3569,21.7304,1.25212,3.51391,19.2411,12.4443,2.8479,11.6595,15.5343,11.3422,27.26,13.7828,11.9258,11.6871,2.93469
20.811,20.352,2.81649,7.16125,6.76559,10.29,35.2881,15.9013,15.5967,24.2313,1.21223,21.8045,13.9353,0.793912,3.8799,3.30567,32.8509,51.5009,23.3012,1.1308,6.49228,5.44184
38.5126,63.15,70.2552,37.5464,14.9756,13.5654,21.0271,30.0662,41.5578,29.2423,2.67538,18.7374,11.784,3.47409,1.89918,0.513842,16.1992,22.6225,4.47075,1.56413,8.20755,5.53345
67.0587,61.3613,9.4705,25.3505,19.4989,5.46025,22.6728,10.9643,17.8555,15.0689,5.54973,8.49465,2.98746,1.2728,5.33482,7.61009,18.3825,36.4106,18.5545,5.92523,7.34514,7.71446
84.8936,108.169,84.9177,18.4032,0.405712,6.94818,10.8942,10.6477,17.1758,10.5543,5.66591,9.91336,6.27636,1.42276,15.0944,19.5202,29.8969,59.0219,18.2529,8.00888,7.42993,5.47593
84.9577,99.1069,56.0717,9.78391,24.1167,10.8479,12.9098,5.08789,19.9982,16.3362,0.643153,2.34886,2.06378,7.4074,20.9596,17.5145,33.1975,50.7873,7.86472,8.22534,0.604967,0.883246
80.9108,86.9859,35.9134,28.1283,34.4214,11.5431,2.91784,15.2642,28.4242,22.0413,4.7933,1.81389,0.238085,1.90731,14.2226,30.6266,19.7915,8.28827,7.43156,7.61348,8.24382,8.16766
71.2446,97.6215,89.6098,27.6526,4.13565,12.6272,15.3036,8.34189,21.5145,1.28761,1.20546,8.27875,4.60071,0.375481,9.98702,11.9051,3.9344,6.44533,4.24839,5.66754,3.30809,1.88155
49.6276,40.361,5.43915,2.29888,41.2663,18.2391,4.43339,10.8415,26.7894,21.1392,1.13631,10.5268,6.54853,0.433013,8.8005,25.2448,25.7699,12.0021,0.319055,3.40503,0.336932,3.02771
22.6352,33.2739,34.8335,1.43731,22.7491,1.99797,24.9532,2.68919,18.0938,11.7375,2.785,11.5056,4.6452,3.83803,0.532905,1.57051,11.6754,11.7909,5.78762,2.02321,1.67544,0.721159
8.44098,9.44528,4.10389,4.35674,13.5369,1.55457,15.1055,16.5358,11.6208,1.0041,1.94863,12.7461,9.63104,0.0243227,3.85184,3.70068,5.25093,3.23765,6.0358,4.71521,0.78404,0.247973
35.895,50.099,46.9093,3.02269,26.4197,0.895122,25.499,3.75471,8.95949,1.21542,7.75868,12.5153,4.18818,0.0163717,6.34426,17.27,8.94397,2.35334,1.79166,3.86893,5.16094,4.0309
55.5942,53.0215,8.29646,11.6999,7.58037,7.5502,22.4619,25.5259,4.3858,5.54438,5.51332,9.62342,6.10085,0.144992,13.1966,11.4263,17.4085,17.432,1.63897,6.68895,5.69796,3.11376
71.0006,98.9986,85.6103,26.3584,10.0497,8.64524,17.8509,8.24509,6.94569,8.97705,8.97771,10.3637,7.5681,1.45937,15.4235,32.9926,27.0064,11.823,4.75855,0.0900968,4.87098,4.94454
87.2303,90.5036,36.7751,20.0337,13.2625,8.54943,17.2278,12.0685,0.466817,3.6335,6.25694,6.49613,4.23843,0.867449,12.4738,23.0667,19.0252,14.4063,4.82771,2.01121,5.40775,3.9158
78.3484,91.1158,53.7104,3.0832,0.0999669,10.4575,6.39195,22.7327,23.3595,9.64948,7.37727,6.63559,2.74027,0.664366,7.33618,10.1486,4.26712,3.27205,0.384137,5.62055,4.50103,2.37646
73.3538,92.7251,70.9845,14.9258,2.34569,4.45824,3.69367,8.74912,20.1621,11.5322,5.1266,5.78414,1.11122,2.19278,3.4829,4.22643,0.373001,1.70823,0.256573,0.661946,1.59655,1.15156
57.5768,53.7547,8.49988,15.1195,3.42285,7.80683,1.29449,22.8546,18.659,5.77262,1.79763,6.50951,2.83364,0.976407,3.90333,6.67111,1.50192,6.17026,3.20723,0.645034,1.52599,2.37259
34.9433,47.1602,47.6506,23.242,0.714316,6.77945,3.93494,17.1648,24.2609,13.4794,2.89782,8.08457,2.70252,0.387055,8.02008,10.7889,3.00309,9.61391,3.8406,0.422124,0.466494,1.01656
10.2662,6.90319,4.8112,14.2136,4.93218,12.5809,3.70053,13.9179,8.02823,2.70204,1.26779,6.62028,5.92003,2.06935,7.70535,11.4497,3.00783,3.43626,1.4454,0.397781,1.33232,0.657323
11.6794,16.9924,16.6741,5.44965,8.14824,8.69508,6.757,13.3758,4.95028,2.89813,1.68637,5.83836,2.14689,0.700187,7.30573,15.6454,11.1068,0.0804497,2.63218,0.843218,0.0302697,0.459843
37.803,36.3813,8.39774,13.4978,4.59146,18.6582,5.88511,5.62303,3.57944,2.68602,2.8477,7.15997,4.18893,1.70159,4.95516,4.35012,1.8965,2.25284,0.0220015,0.452791,0.692714,1.44705
50.4946,67.6194,57.153,19.2721,9.57213,8.05815,1.14179,6.12317,1.76206,5.70616,5.14454,6.44042,3.18399,0.13919,4.12874,9.47736,2.04379,6.17615,1.57002,2.12284,1.39955,0.461145
68.6399,69.0438,25.7343,11.3892,11.0111,19.1047,10.1066,2.27566,6.4464,6.8636,4.04221,4.50946,2.42919,1.18289,2.44726,3.04207,11.7195,17.891,6.60068,0.766088,0.382502,0.851339
70.1523,85.8777,56.2314,0.613931,7.00442,6.93377,2.29268,4.2193,1.69018,0.984613,2.1771,2.63657,1.1419,1.25555,0.21861,0.50322,5.08117,7.33076,1.76249,0.600594,0.141722,0.234627
72.4554,78.142,42.523,0.0965172,1.9586,9.63253,9.51234,1.47334,2.73675,2.55437,0.669492,0.517519,0.340014,0.326952,2.25354,1.29211,6.70753,7.76269,1.00765,0.336936,0.396634,0.930789
67.8367,71.2733,36.6159,0.448987,3.52716,8.25965,6.40212,0.546065,1.09042,0.775071,0.978479,1.13687,0.700919,1.15835,2.25877,3.78314,10.5465,16.5246,4.60655,0.139951,1.09331,0.47215
55.8272,66.0778,43.6533,5.09038,0.579888,6.0481,10.4265,4.83386,0.208122,0.865421,0.202919,1.26727,0.124695,1.34665,3.63745,7.61279,2.65465,10.2226,4.81466,0.0244517,0.494824,0.649157
56.7643,30.9732,0.806721,64.292,94.1338,8.42391,29.8131,22.3692,19.0798,7.52803,2.23574,1.61875,5.12441,9.09491,2.48145,5.69229,9.22435,9.94799,11.0742,10.7187,6.54453,5.80867
14.617,4.84724,9.52935,30.3454,62.6392,38.6594,6.17532,11.1356,14.8165,11.6961,4.82566,1.23821,1.69221,6.40581,3.34883,1.6786,7.67031,6.14918,0.0474332,2.48574,1.56183,4.27094
10.8566,0.15594,27.1397,10.5537,10.6548,5.42027,8.0057,8.64728,11.7353,8.78555,4.44533,5.87612,5.9363,3.62193,0.987421,1.37351,0.877662,1.48968,1.1443,0.0363066,0.693949,2.40001
2.96708,5.95095,24.8199,20.8204,11.3656,14.7628,4.58198,5.60832,4.138,1.27634,2.75862,3.67693,2.53827,0.477909,2.25154,3.85558,0.8723,0.65906,2.80782,1.60013,0.741508,1.24716
11.2815,20.7807,13.8717,3.65067,7.66025,2.6416,2.00631,8.41817,10.4502,4.91174,0.663582,0.502003,0.0170253,0.977899,4.28936,5.25553,1.33808,5.36184,2.65072,0.5337,0.211926,1.25696
7.56175,5.93111,6.08757,7.73937,10.0857,8.60696,0.565517,0.218064,1.52522,2.42106,2.98079,1.85944,0.965495,1.68764,5.61307,7.36816,3.3453,2.114,2.5337,0.480594,1.44245,3.58662
1.68967,1.43277,1.47093,3.88166,2.17254,3.05421,0.167925,9.99466,7.6282,3.34895,4.65512,5.18442,4.94957,2.95991,4.74169,5.23962,1.57893,0.200662,1.34651,1.59456,0.907048,0.86203
5.66516,7.29063,12.909,10.7361,2.68167,5.08634,4.33209,3.53721,9.38293,11.2515,4.9188,5.38742,3.5688,1.55847,1.79476,2.28024,0.821108,3.06558,1.47887,1.10958,0.0730904,0.736619
1.77468,1.83952,10.2447,10.1666,2.2796,9.14917,3.19198,4.27397,4.52486,1.95347,4.64575,8.42757,6.36527,2.6286,0.776687,5.04446,12.3194,14.194,5.28157,0.351424,0.448437,0.787169
3.49468,2.35516,0.31808,0.712807,3.73465,1.57691,5.5411,10.6138,2.85469,4.98468,1.77281,7.4608,4.26537,0.696899,4.06814,7.29508,6.7337,5.90031,2.26824,0.562787,1.0062,0.488252
1.20173,3.27091,7.6006,5.60074,5.21439,10.2775,8.58622,3.87886,5.70129,7.04908,1.23478,5.61171,3.22388,0.608237,3.81721,5.21922,1.41399,3.29428,1.11362,0.396946,0.835099,0.115631
1.04784,2.1941,8.952,9.3808,0.00860085,5.74563,3.90736,0.73376,3.41242,3.05426,1.82592,3.92148,2.48906,0.290629,3.83731,4.12689,0.110694,1.3728,2.37354,0.165145,0.065562,1.32411
0.916798,3.0371,8.23543,6.0124,3.50668,5.94702,8.46365,8.84731,5.38131,1.70584,0.484367,2.41015,0.969496,1.36916,3.15638,6.95548,13.028,13.8248,5.07688,0.902184,1.27903,1.15876
0.895743,2.16045,4.72672,0.829363,1.93724,5.48463,0.255779,4.21047,2.6817,0.347737,1.19901,2.14889,0.969509,0.442936,1.31934,2.89099,9.61363,12.8283,4.81106,1.04917,1.76734,0.608816
0.597085,0.796493,1.49736,0.41444,0.96785,1.85176,4.35384,1.81567,2.33908,2.64866,0.930756,0.884088,0.739305,0.248507,0.414563,0.638039,2.45996,7.99576,4.52988,0.525987,1.8124,2.17406
0.254459,0.288372,0.41315,2.14154,4.79894,3.019,2.53348,3.55179,2.33777,1.41919,1.38324,0.978472,0.70167,1.20675,0.655873,2.31345,7.13968,8.69973,3.94243,0.0463301,0.601995,0.570689
0.564593,1.5069,2.54049,0.150916,2.4799,3.36772,2.68909,0.999177,1.88207,1.85936,0.053743,0.500932,0.331362,0.436924,0.579382,0.103808,1.33702,0.931928,0.789984,0.595286,0.533109,0.306027
0.0820662,1.38027,3.82107,4.10013,3.67282,2.38957,2.28785,3.47042,1.40108,0.164611,0.202808,0.686682,0.487764,0.00457613,0.688781,3.65432,7.931,6.70077,1.31906,0.292286,0.318471,1.00238
0.339194,2.02571,4.06616,3.86664,4.76419,4.90081,0.87552,0.819059,1.02611,0.957353,0.0158681,0.229229,0.846714,0.54628,0.585459,0.139226,3.8852,7.6517,1.76976,1.12018,0.416384,0.427607
0.202262,1.33011,3.04855,1.33226,0.170245,0.964973,0.458404,0.447246,1.26678,1.60906,0.101714,0.477154,0.0401584,0.553287,0.708295,3.39125,8.75239,10.9836,4.30182,1.08767,1.26466,0.800967
0.111518,1.12706,2.34524,0.221881,3.69777,3.0606,0.814113,1.91588,1.90432,1.45414,0.0414937,0.0992369,0.204663,0.424889,0.495031,3.12443,6.9622,5.96853,0.60786,1.06678,0.390921,0.243954
0.112703,0.661807,1.36113,0.234689,2.01292,2.72499,1.25241,1.3947,2.20978,0.347416,0.639323,0.422262,0.483131,0.602086,1.13248,0.642986,6.00779,7.77371,3.66567,0.564155,0.28807,0.447821
0.148513,0.0849684,0.552024,0.840031,1.4494,1.05943,1.60326,3.22804,4.71083,3.57971,3.20961,0.134872,1.77929,1.13704,0.643523,1.07975,8.49819,13.8635,4.07169,0.231329,1.4455,0.689361
0.017926,0.211941,0.200002,0.759427,3.07503,4.2675,3.11446,22.5449,68.3791,70.9372,34.981,10.588,1.29979,0.807197,1.32936,3.64817,9.44804,11.3428,5.32624,1.13183,0.0757271,0.731326
0.121977,0.01151,0.0229471,0.114662,0.591313,2.32722,4.13084,25.0509,22.366,0.433389,1.21493,2.06962,0.702205,0.848804,0.043911,1.41071,6.37107,3.75884,0.996711,0.14815,0.129313,2.37378
0.258032,0.140005,0.150936,0.269285,1.04666,2.78716,6.80676,39.6866,53.6855,26.5954,3.61725,0.304462,0.444577,1.55113,5.48568,6.56038,1.94178,1.13174,0.297829,0.369448,0.243777,2.48835
0.0979108,0.0964324,0.0604697,0.248516,2.09943,2.74903,7.23948,0.79302,27.6085,25.9545,3.31672,0.318465,0.812936,0.757632,0.602975,1.7988,5.72623,9.71938,2.63954,0.767261,0.573722,0.341015
0.129312,0.196331,0.10329,0.233621,0.801652,1.59407,2.93313,17.7916,8.59744,6.78727,1.79759,0.311757,0.404297,0.789448,2.75444,2.04857,9.56654,15.8093,6.65079,0.329079,0.494441,0.496154
0.256451,0.785703,1.04257,3.96981,3.80196,9.66398,5.91962,1.09225,14.2005,11.845,2.97345,4.3863,1.84733,4.89501,0.227866,8.30023,3.68097,1.52012,3.62928,5.54311,3.65968,0.296576
0.070352,0.499113,1.1466,5.77976,6.44397,4.11663,8.1358,0.44293,8.23619,13.5365,5.7133,8.98923,4.83392,2.06187,6.8361,13.7884,14.6887,11.8568,2.08086,1.10645,0.796937,0.150024
0.832809,1.41078,4.10654,0.342295,3.1289,11.8207,5.26426,17.651,21.2067,0.0911289,0.471646,11.8767,5.43606,2.75571,4.86874,16.6607,22.665,21.446,8.59005,0.11785,0.0175197,3.82824
0.660664,0.579259,1.77451,0.526312,3.70976,0.394474,5.52924,20.9818,53.5486,43.1776,2.55538,12.5091,7.36969,2.06118,7.34147,11.5068,7.72925,4.05916,0.156271,2.5078,0.792647,6.77858
0.606709,0.844903,2.68452,2.11577,5.2446,10.3375,5.72737,17.4339,37.8608,19.9044,3.34128,9.6157,7.35537,3.44595,2.22663,3.68922,12.4372,13.5372,6.91001,2.20016,1.53001,3.42247
0.159397,3.43886,6.31659,1.71215,4.70365,4.50299,0.186278,15.4215,15.041,1.56037,5.44996,6.85754,4.95342,3.3999,2.42113,1.50809,8.38626,8.79837,0.129405,2.26349,1.09083,0.150977
0.0898949,3.68268,7.54094,0.64568,7.94858,8.66153,0.938663,0.194582,23.1941,22.9323,2.1149,4.56105,4.43692,2.17068,2.16633,4.03919,11.7925,3.75734,1.949,1.11171,0.458118,0.78558
0.256705,2.14643,6.61609,0.58392,13.1208,8.97704,9.69299,48.8161,64.4215,28.9276,5.53991,2.74292,0.170681,0.114729,3.96446,8.97414,4.17413,1.3311,0.235079,0.0395541,0.536878,4.32913
0.226813,0.550704,2.72015,3.39369,1.10607,2.0827,11.6827,2.76168,6.25071,3.32941,4.49073,0.396169,1.1563,3.55704,6.55584,8.46189,5.84754,2.11684,0.296666,0.59393,0.540529,5.37545
0.387625,1.27963,2.48889,5.83079,13.1616,3.8022,4.28385,1.57018,3.19857,1.39655,1.4634,0.940557,0.0747719,2.65098,2.9833,3.40081,7.82403,6.76128,1.86165,4.92589,0.874134,1.36998
0.266937,2.57088,7.21488,1.97096,14.4234,3.20284,11.1442,10.0042,4.89165,2.76019,1.0761,0.449649,1.14122,1.03263,1.37572,1.13328,1.28975,2.10754,0.512758,1.21282,1.40504,0.903303
0.38102,2.96057,9.33498,8.25468,1.73106,6.80554,3.92798,8.16845,19.9863,17.3009,4.38039,0.762514,1.58909,0.789933,0.265336,1.07915,4.77103,6.10111,1.02895,1.87757,0.941464,1.06371
0.371493,3.1558,9.07941,13.7345,13.1521,2.04428,6.32073,10.6626,11.9524,3.87167,0.127905,1.09953,0.530792,0.223189,1.45735,5.27926,8.6059,6.28323,1.02315,0.0983163,1.11948,0.792312
0.487934,2.10604,4.36442,5.19648,11.3317,11.0908,6.40469,11.0963,11.8203,4.85562,1.10232,0.531615,0.0977089,0.299882,0.148213,1.62386,3.00916,0.228196,2.28538,1.11262,0.251724,0.327428
0.0405095,1.10166,0.544832,2.09876,0.533674,4.4057,1.46451,1.3523,7.30097,5.80684,0.351754,0.168849,0.117605,0.107538,0.470763,2.03202,3.28429,2.50468,0.848225,0.0368279,0.00266778,0.0734307
0.0947832,0.54097,1.20071,0.867465,1.60289,1.81212,0.897746,0.628074,0.73619,1.41428,0.730022,0.0724173,0.405598,0.795753,0.107816,2.19778,2.09886,1.41814,1.08739,0.127375,0.0666402,0.253554
0.550122,1.21969,3.38925,2.23931,1.64475,2.22827,0.989235,2.36224,2.53532,2.96777,0.976272,1.23618,0.602022,0.120388,1.61314,1.43728,3.24062,5.53552,2.33332,0.278431,1.1728,0.897309
0.26785,1.40621,3.6761,2.67443,1.42433,1.25636,2.54839,8.64191,12.9164,9.1205,3.71188,1.81099,0.774556,0.372846,0.900076,1.53019,5.08729,6.80114,2.48167,0.683421,0.586179,0.1234
0.121604,1.30367,3.21895,2.02855,0.0546756,0.290067,2.18308,2.35124,0.152781,0.639279,0.575464,0.101364,0.0380513,0.711235,0.869326,2.92769,4.7868,2.44244,0.581914,0.945737,0.0127071,0.64417
0.0298696,0.999552,2.30141,1.45608,0.0685894,0.799649,0.482003,2.30312,0.0447995,1.10546,0.10019,0.257008,0.423726,0.0382628,0.960164,4.63127,7.50437,3.93308,0.142846,0.27438,0.145384,0.815663
0.181656,0.815371,1.49461,0.939348,0.560793,0.468381,0.488662,0.100518,3.09465,3.43763,0.807889,0.236969,0.58569,0.600385,0.340284,1.44891,2.75692,0.964157,0.434307,0.425661,0.459214,0.381834
0.0262173,0.365954,0.706414,0.417574,0.370411,1.08646,0.204517,2.16428,1.01771,0.230669,0.673689,0.0870827,0.598879,0.2926,0.209864,0.0619183,1.70151,2.31635,0.776133,0.27606,0.140535,0.0868251
0.20393,0.0273879,0.22286,0.0864052,0.115324,0.43543,0.104203,3.756,6.23527,2.30448,1.01309,0.50744,0.532591,0.913572,0.00343519,1.35181,2.62295,3.17034,1.34963,0.376908,0.0732681,1.0941
0.0594382,0.0268815,0.172509,0.0212955,0.399781,1.5653,0.636482,3.7796,3.44217,0.68872,0.841715,0.303032,0.256232,0.111826,0.476704,1.22236,3.0598,3.98528,1.21588,0.800451,0.441783,0.0206123
0.0425351,0.0274965,0.0978378,0.0219929,0.214398,0.287884,0.943794,5.53011,9.83356,5.96913,0.517461,0.529916,0.107762,0.429942,0.20199,1.35573,0.323746,4.44881,3.4818,0.641655,0.0956668,0.50727
0.0446969,0.0479603,0.081965,0.00844495,0.50087,0.179085,5.25059,7.89496,1.36438,0.503081,4.85055,1.61287,0.690744,1.66389,0.655858,1.71298,1.88658,3.61275,2.40017,2.78386,1.37425,4.33082
0.001348,0.0202544,0.026709,0.16162,0.543117,0.273122,5.64142,6.07335,6.12859,10.3457,1.81502,0.613836,9.70222,20.3006,13.4987,6.23949,11.8342,14.1413,22.2085,28.6013,12.3799,2.60323
0.167173,0.0718599,0.0602215,0.0143957,0.0749405,2.95314,8.73395,1.9762,11.7241,8.41288,0.501376,5.3271,22.4665,22.5013,5.117,3.00439,9.60449,9.35113,19.2282,37.6838,17.0331,1.9061
3.32735,5.48386,24.5704,14.9267,43.9817,11.1714,18.7513,4.26307,5.10102,5.18777,2.04189,7.1391,6.42482,4.87109,6.82106,6.19183,13.6319,16.5965,5.88098,21.1615,10.219,1.29483
7.5745,2.22819,45.4318,125.906,134.786,73.2866,11.0743,5.86207,2.84557,5.03863,10.182,16.0687,21.8871,19.7404,6.56533,1.65365,4.67037,10.4366,4.99751,11.3302,10.8299,2.42113
2.18033,20.5441,83.7001,115.599,52.0642,3.86465,4.47951,5.23393,11.4805,5.84994,1.25021,9.1154,22.2628,23.3433,5.25808,2.47063,3.85745,6.20304,8.0128,23.4296,14.478,0.876109
4.94905,49.3014,90.291,41.3849,2.80114,10.0151,6.75249,3.0565,7.92076,3.31017,4.55071,10.9648,11.7461,7.75701,0.0715877,5.86028,6.13796,3.75044,11.42,21.7429,11.7253,0.258552
10.1388,30.1032,35.7374,6.79608,2.14184,1.37707,0.538373,11.2916,11.8665,4.56178,5.3705,6.25684,13.3554,22.4459,10.4007,5.82095,11.2911,13.6626,16.1112,22.425,12.8046,2.421
13.349,13.6046,4.72117,8.33334,10.7304,1.3513,5.4507,1.7024,7.96148,5.85293,3.13519,4.22672,18.0194,25.5956,9.33401,5.92296,16.5113,18.9613,20.9063,25.178,10.2209,1.6506
15.208,11.7502,1.94847,0.312426,5.75456,5.7123,2.47418,10.8456,6.61671,0.85879,3.98863,10.0386,15.3541,9.61313,0.620999,2.61583,6.62082,8.74564,21.52,28.152,9.02199,0.778809
15.635,8.61947,6.81408,7.15378,2.02263,10.2636,11.0572,0.130401,7.40659,3.90677,0.622623,8.282,21.8345,19.3887,6.26367,4.5806,12.6994,14.0494,3.10331,12.156,3.78893,0.786807
20.9969,21.7907,14.8683,2.81431,10.8775,2.08346,0.317627,12.3497,24.3353,17.973,1.32996,0.159483,13.5043,13.8743,2.13139,4.30966,17.5285,23.6539,16.1832,9.16061,0.339525,1.94525
24.2571,18.4605,1.29557,1.05133,16.6895,17.7603,11.029,5.6673,7.46938,8.28333,6.27357,1.19772,14.9226,16.1718,4.88242,0.454008,9.46391,15.228,21.3182,20.0563,4.26157,1.35851
30.5284,37.7941,31.4182,7.97454,12.9883,24.6764,10.775,18.7938,31.9303,18.399,5.54451,8.55829,17.573,15.9537,5.40318,0.68594,4.17999,6.91823,2.41262,7.85705,1.23473,2.02201
38.2594,30.9363,0.523237,15.0552,5.91778,15.9459,6.75113,6.53584,22.3664,22.0549,5.96258,2.48651,15.0917,16.6664,6.44099,3.6386,6.98011,15.3264,9.88079,4.25622,1.18936,0.260844
48.2647,61.1234,50.7626,14.3381,2.48965,10.7545,12.4735,6.0845,15.7516,7.59488,2.9613,0.667886,2.17983,0.0752717,4.59461,6.63011,8.63713,18.2805,10.3459,4.96115,2.7042,0.962858
56.8644,50.9988,11.2584,9.73965,8.14129,26.8693,19.5416,7.786,30.2715,27.0243,9.92074,5.19067,11.1564,22.0448,5.41916,2.52395,11.8234,17.5731,4.16669,4.79423,3.01506,0.355726
66.964,79.1042,52.7445,4.25564,7.55451,16.4683,6.15026,4.16067,1.52311,7.40354,3.04545,3.26105,21.4556,34.6325,13.946,3.03031,1.41309,3.35668,3.38553,12.6962,6.85398,1.19439
82.2032,81.8096,39.3944,3.94755,5.5753,9.09514,20.3825,3.21779,18.4769,19.186,8.85288,9.21,20.9916,23.7431,6.8553,1.90617,2.12101,4.67071,9.33318,14.3222,7.92695,0.503329
85.0915,89.3938,45.3095,0.331584,1.09497,17.187,19.402,3.0788,17.8685,21.4514,2.36162,14.2572,5.38929,2.49308,3.49601,7.18129,14.1225,13.7108,8.40051,8.75731,6.21044,0.0311782
83.6753,96.7275,58.3689,0.296829,1.67264,2.0321,11.9689,11.0927,4.12953,0.72984,0.455736,1.50397,22.4169,32.6777,13.6159,8.85198,14.1755,12.8067,3.95206,2.30429,3.04116,0.317407
87.4302,83.1482,33.0307,8.26994,4.71723,12.9335,28.7573,13.4454,17.3676,22.8741,2.73047,3.64173,20.2018,30.3131,18.6614,12.8029,12.0248,11.0005,4.52207,2.08306,2.40968,2.51249
82.0244,101.891,76.9517,23.753,18.3822,5.83532,0.278377,18.3808,25.5954,12.1608,3.86316,7.15608,12.8259,14.9664,0.676899,8.42261,6.13385,3.53617,4.93972,6.36775,4.1855,1.17421
77.1152,64.1282,7.66495,29.5132,31.2335,38.0866,33.8728,19.3586,5.38314,10.2704,1.3466,3.69992,29.8155,36.8274,8.46067,3.06471,1.4986,2.2184,8.26945,14.7629,8.91874,4.54282
66.6897,88.9368,80.406,39.5218,31.7157,36.0474,25.0291,13.4526,42.0278,26.5215,5.75421,16.216,4.34645,3.91522,3.56489,3.29765,6.181,6.14806,9.75229,17.2816,7.11192,4.98537
52.4333,41.6045,5.8348,29.7414,9.71432,7.10275,19.5054,23.2968,19.1621,8.14208,6.84715,20.621,39.7127,34.924,7.99135,2.58015,7.50103,10.1642,4.77178,13.5234,8.09384,4.1165
47.149,63.3692,60.9483,19.616,18.1372,45.1037,41.882,3.99876,37.5959,23.8473,2.35508,9.07419,27.938,24.2287,8.684,3.19355,3.26959,6.44267,0.480016,3.17676,3.92482,1.60884
35.5251,23.0134,8.98837,4.13027,42.0112,33.8363,15.3204,10.3573,33.1528,20.4348,0.344098,1.44554,20.8651,22.6316,2.29189,2.5635,0.288367,0.151147,4.96104,5.18113,1.92995,7.78257
20.7705,29.1889,29.7036,10.0275,40.2452,3.04133,20.0657,6.24989,13.0237,4.78674,1.28311,3.64817,27.6395,28.8451,10.0124,4.0209,4.26554,8.71364,1.56102,5.25547,1.67759,3.05558
0.871869,2.07965,5.78422,12.7831,25.9741,10.1864,33.8051,7.32018,17.3204,15.2482,1.77753,5.72187,14.9251,18.1529,4.15853,10.6145,7.0693,17.4716,6.52751,2.28983,0.452409,2.59939
14.6712,15.2912,11.0911,7.04046,7.6144,6.8221,8.0788,22.4914,6.67824,7.4344,14.5287,19.4187,3.78206,14.628,5.87112,12.0658,8.41623,18.5595,5.07451,2.52954,1.42259,6.04945
23.2236,20.4689,2.45123,7.94279,20.5257,13.0572,25.5603,5.38582,3.57979,4.17011,3.49664,18.2861,35.1055,22.3767,6.08448,4.27839,3.37943,7.46304,0.867461,2.97495,1.05941,4.77358
38.9209,53.767,48.6782,8.61232,47.1678,22.8323,10.7017,19.6415,5.52836,12.2409,8.6123,0.0852131,0.556843,0.628025,1.14863,4.10039,12.2521,15.7272,8.30585,2.33284,1.42481,1.51083
53.7501,40.1312,5.24441,5.83467,59.1396,47.7718,9.82613,5.0847,0.911924,4.5837,7.85225,2.85866,16.1459,16.2063,1.74366,6.40835,21.5546,25.5242,5.71913,4.22865,0.309111,0.648337
64.7238,87.8682,78.8464,8.49812,40.6512,32.5807,11.4047,13.8233,3.69524,12.0848,6.16027,1.96283,9.59826,8.06227,3.01626,6.79597,16.0003,17.7195,1.56679,12.6638,4.96984,1.36179
77.7616,62.8083,0.727042,24.0859,6.73056,3.28184,19.8555,24.1379,26.6829,17.2214,16.2145,22.1004,12.2901,1.06322,5.58644,5.42505,0.0253184,2.32959,9.2661,12.7995,3.15964,3.15233
85.1128,109.919,93.3075,36.4076,23.3458,28.3658,26.3625,20.9168,12.683,0.631245,12.5452,28.9193,23.6769,4.57665,0.799956,5.69443,18.3958,22.9547,10.7686,4.16225,1.49075,5.00505
88.884,78.0918,13.9417,36.8708,33.2633,15.9352,6.58882,25.192,32.298,19.5183,2.3171,5.27441,12.9855,14.3088,8.67597,13.552,20.7381,23.6011,4.18103,2.15137,0.715938,2.51707
97.3958,117.339,86.1009,30.9623,28.3717,1.63419,23.3289,16.9462,13.4902,6.65481,6.59874,25.3042,36.4451,22.8493,11.1649,13.1491,15.6261,10.9373,2.92633,8.22735,6.37354,6.53709
98.4993,93.6045,34.6478,17.173,21.6637,8.60585,5.34016,18.3359,23.7504,6.67344,10.1561,13.1013,4.91171,2.3976,4.0539,4.84163,4.3071,9.60147,3.41819,2.05719,4.68004,3.91551
96.9275,109.817,64.1766,0.564053,10.3706,26.558,14.3627,0.635645,9.03551,11.9829,4.06748,6.78285,13.7645,10.5727,1.23597,0.402433,19.6847,27.0389,6.2893,2.13915,2.74919,4.76092
96.4647,103.578,56.8861,2.59635,12.8501,22.8676,13.0991,10.6588,4.73956,5.76134,9.80912,16.7822,0.723624,7.72734,5.38642,1.98527,17.6161,25.6839,8.93869,0.233708,0.890621,1.6706
100.23,99.9046,45.2554,0.470151,2.82091,12.5855,7.59119,10.6053,9.70807,0.178904,4.70192,18.0019,6.1784,11.7759,12.4725,11.1228,7.69761,1.85963,3.03527,2.87583,0.908085,0.135026
95.7056,109.755,72.6842,9.42385,10.4003,26.8704,11.054,8.59467,7.02317,11.8704,7.92212,20.1921,6.22469,11.9369,8.63791,7.60894,17.3434,19.5427,7.33269,3.46326,3.49025,0.447177
88.2034,79.4848,24.2977,18.3778,19.8003,6.91355,6.14976,19.6545,36.6852,16.2198,16.4425,31.0726,18.1499,5.46671,6.43763,3.8888,11.0011,17.7087,12.9571,11.2076,6.90522,2.98129
78.7709,97.096,75.735,35.003,29.5221,0.152872,13.7642,7.14006,11.4875,3.24312,8.68528,25.4259,31.535,20.0668,12.8123,11.6914,3.40894,1.84668,5.35521,6.96174,3.89585,2.64279
67.3107,56.3914,6.06581,32.3562,29.8138,20.6872,7.07524,16.6694,30.3102,11.9007,0.326948,2.1985,5.27512,7.66804,4.50274,11.9472,15.2915,13.9447,6.28254,1.77013,1.44349,3.98471
56.9669,72.0192,62.0973,28.1348,20.7423,30.2079,30.7989,6.75716,14.7302,11.1279,1.84296,0.0179172,11.4965,10.806,1.21348,4.3324,9.93505,11.1072,7.61009,5.37331,0.605776,1.42015
48.2009,37.7471,0.270512,10.223,8.53638,2.54753,11.2223,16.9028,5.92681,5.58653,3.17473,1.6607,11.5419,12.081,2.47404,0.348318,0.302841,1.48101,3.75442,4.5398,2.79559,0.268084
34.7606,47.5839,41.9257,1.21241,32.693,33.8538,22.0167,13.2461,4.22266,0.944845,8.08128,16.4173,10.8749,2.005,2.679,2.68728,2.17001,3.28587,1.45079,0.60473,0.430839,0.0510632
26.4065,16.7039,5.74112,7.25307,33.6391,16.1068,0.841915,2.88072,12.729,10.6527,4.36272,11.9953,13.9426,6.08406,1.89866,4.09891,1.09685,0.903153,1.52415,1.85394,0.799583,0.996599
13.8806,19.7785,20.3339,3.59809,20.6673,5.27726,25.7267,24.6006,27.7593,16.8497,1.25381,3.59671,1.92508,4.85076,1.34509,2.52707,0.411507,0.722755,0.536767,1.1989,0.0458422,0.361689
4.9376,1.39839,6.2872,3.1779,10.0799,4.91654,6.49575,3.99577,5.55456,7.0603,5.19453,7.59276,5.08335,0.752838,4.89645,7.74766,4.03349,2.15809,2.47691,2.42993,0.851085,0.269326
4.39117,4.78777,2.08299,0.138627,10.4147,20.6844,10.681,6.2289,16.9217,11.8376,0.861309,1.63431,2.03283,0.570063,2.7522,5.25367,5.85834,4.5485,1.98112,1.44866,1.74894,0.844527
12.0914,12.7508,5.92452,4.25015,3.87443,3.23894,4.80304,7.66179,24.7251,18.9033,4.79413,4.47112,1.31277,1.68973,0.80978,1.35785,1.32261,0.140776,1.86296,1.51634,0.317675,0.996805
20.1155,24.588,20.7678,15.3732,7.43813,8.72219,3.64982,10.5716,16.6371,12.556,0.187789,6.64618,2.35083,2.65772,1.85035,0.264837,4.17879,5.75752,2.53108,1.65032,1.41696,0.666885
26.9263,24.9611,6.77011,6.7388,4.87519,13.4387,19.6041,8.17038,6.22703,7.45064,1.87511,9.56855,6.71219,0.699449,1.41264,1.75817,2.92943,5.48271,1.00704,0.344673,0.6143,0.126026
31.8668,37.7115,27.7593,2.31073,4.31755,5.37433,6.43706,6.47818,18.8521,15.6434,6.86451,7.81589,3.35247,3.13269,3.43317,2.07251,1.16102,2.47508,0.785201,1.62762,0.620188,0.367131
35.7926,34.1876,13.0957,1.35468,10.474,14.9311,16.0097,9.95929,6.20019,4.54643,0.449945,3.41465,2.49436,6.94505,2.63123,0.781497,3.0895,3.0359,2.62628,4.08398,2.96153,0.755938
37.2778,46.0659,17.7437,2.29227,9.18933,22.4985,7.05436,18.3171,10.1294,9.98109,5.14239,0.653405,4.15717,3.90874,1.2603,0.973382,1.77438,0.180766,2.48266,5.89951,3.6507,0.0393356
17.8238,22.0885,46.7297,167.889,174.393,100.823,43.9301,3.53463,7.10427,0.730571,6.2128,7.50813,6.41884,3.84211,4.44954,10.7461,8.87508,3.98812,4.72184,9.10629,6.66557,3.6086
17.4482,18.4513,67.0587,129.369,31.5788,21.1267,6.00858,13.0122,6.83386,1.53021,0.221233,4.70936,9.49635,8.21597,2.12306,4.32321,0.0440459,0.37525,0.961951,1.58243,0.141905,2.93895
13.9374,12.0338,15.0919,36.7952,17.3355,5.40534,10.2145,1.85689,4.6507,9.29813,0.202219,4.22089,3.43869,1.57193,1.2584,2.2905,1.4515,3.45268,0.0975406,1.78995,1.10143,2.00683
8.77813,5.49344,9.92671,11.4937,4.71147,2.48263,12.3537,13.367,13.1442,8.79808,3.33733,2.05878,4.90225,5.87809,0.818236,0.0645602,2.07139,3.62051,0.655494,1.28814,0.954815,1.33579
26.4752,35.0808,25.0906,8.20815,9.06094,9.60749,16.0082,15.9902,6.49132,1.41008,0.863364,0.430026,1.14576,0.0663985,0.773862,2.55005,1.94774,1.07921,1.16371,1.07518,0.645575,2.46381
17.9991,17.6689,4.59655,11.0985,12.4882,9.12847,6.0262,8.09167,21.3304,12.3452,2.64908,1.3579,2.18725,3.49332,4.22979,4.59813,0.524885,2.52296,0.180959,0.160969,0.0725776,1.41466
13.2658,15.0203,10.807,4.27786,5.71409,1.87041,4.08613,8.26892,15.4353,11.3948,1.4913,2.80144,4.56608,2.34549,3.54601,5.58172,0.822529,2.64506,3.14188,2.62156,0.573491,1.67615
1.68417,2.41483,3.72152,2.26837,5.70296,1.75955,9.13784,0.175501,7.47819,1.91748,2.26165,4.47695,4.19396,2.39643,0.850161,2.96152,1.64549,0.0813743,1.31427,1.6347,0.592023,0.587602
1.16101,1.62348,2.39038,1.74464,8.4038,7.15659,9.53186,14.789,0.333189,7.42655,3.96841,3.46012,0.748924,0.808415,0.0574145,0.215538,0.273272,0.365963,1.75897,2.51868,1.06178,0.0356917
8.88538,9.16791,9.66303,12.3549,13.3422,8.56462,6.02347,1.90564,1.33529,1.28727,0.467669,3.11931,1.32684,0.894824,3.40284,3.49204,2.5985,2.23515,0.426624,2.88654,2.066,0.616071
10.5772,4.41294,7.1079,14.745,12.5932,1.3681,5.38662,14.6605,1.48559,7.73221,1.44788,3.59358,3.74259,1.42827,1.02907,2.22195,2.47583,1.94852,0.86428,0.644681,0.824912,0.0270879
8.77294,10.2233,9.78015,7.25164,5.03075,2.74068,14.8881,16.3216,9.38087,5.30149,2.75096,1.16756,0.680049,0.154379,1.76804,1.66658,0.404116,0.117969,0.129238,0.01736,0.0206837,0.125342
7.58166,3.39134,2.63197,1.10381,3.69246,2.2603,1.95393,5.47229,5.15131,6.64986,0.128636,1.91822,4.61389,2.4373,0.998668,1.50596,0.174866,1.13512,0.834107,1.82491,2.1308,0.980864
4.93625,6.84014,6.45201,0.784171,5.95537,0.0483032,15.0467,24.1384,21.1427,10.4533,0.746986,3.40207,0.642098,1.23086,0.359032,1.45897,1.21154,3.03466,1.83968,0.743052,1.71083,2.36252
2.73411,0.330536,3.31374,2.44937,1.04459,2.8396,4.11431,4.45372,2.4011,2.14296,1.53942,0.676859,4.94939,5.86834,1.51438,0.303191,2.65543,3.17925,1.01687,0.0935158,0.504348,1.29781
2.35552,4.0413,5.47512,5.22881,4.3769,0.806844,5.39942,9.0527,9.81579,7.16416,2.06901,0.905882,0.879038,0.132479,0.578182,0.0144663,1.06325,0.923822,0.663705,1.71137,0.787108,0.483022
1.57914,0.305142,2.84834,3.48065,4.12827,7.91007,11.3594,6.96604,0.770737,3.06344,1.40137,1.01062,3.86183,3.50775,1.00907,0.730976,2.89163,3.5271,0.626003,0.958617,0.0928355,0.263991
0.587148,2.32853,2.83881,2.11048,2.48894,7.91359,16.8169,13.9548,9.30587,8.35513,3.27222,2.1245,3.464,2.54954,1.00826,0.952627,2.93139,2.58699,0.652782,0.0161319,0.774403,1.11228
1.0322,0.530755,2.02964,2.76623,4.28214,6.51564,6.71566,5.18746,4.08374,0.645719,0.31778,0.255785,1.38072,1.40368,0.0378984,0.44045,2.16107,2.48542,2.49225,2.28662,1.05493,0.0573708
0.355586,1.14754,1.54038,1.64243,2.60164,0.338623,2.70192,2.59172,9.58388,6.99788,1.81938,0.261768,0.957414,1.37425,0.479935,0.0947795,0.989942,1.69246,0.791714,0.740238,0.678115,0.0280615
0.395497,0.923034,1.66664,1.94663,0.770682,2.08725,3.93242,1.07993,2.95986,0.591335,2.52741,1.40796,0.950279,1.87195,0.0355718,2.10373,3.22022,1.9031,0.493756,1.15992,0.95342,0.0832645
0.930003,0.0183347,0.640542,0.30635,0.701881,1.13475,2.58129,2.38551,4.05977,3.88588,1.27788,1.35598,1.11783,0.0869599,0.826526,0.872118,0.877082,1.33519,0.364947,0.394823,0.525146,0.0546102
2.09942,1.26707,0.14703,0.946341,2.52436,1.48938,1.06492,1.95679,0.856066,0.105996,0.247191,1.0313,1.31306,1.24169,0.64872,0.085605,1.55728,1.97325,0.172305,0.338035,0.408785,0.0430292
0.0477974,0.134356,0.0506238,1.02043,2.48831,3.12512,2.26884,3.10987,6.11991,3.70285,0.794911,1.25008,2.15187,2.48832,0.18282,1.34571,1.58187,1.63557,1.77391,1.99033,0.708851,0.34901
0.0641615,0.284899,0.773464,1.27536,1.83633,2.84465,2.25479,3.20013,8.14983,6.22714,0.149161,1.15552,1.14553,2.35337,0.448511,0.866047,1.17293,2.07864,0.509465,1.57438,0.299109,1.62518
1.40642,0.945016,0.37196,0.296442,0.648945,0.390245,1.68121,2.09622,0.297436,0.790225,0.390902,0.74611,0.517266,0.559782,0.553751,0.506024,2.27617,3.54671,2.21065,0.749993,0.815694,1.01318
0.114332,0.0174092,0.00552482,0.222361,0.117767,0.577769,1.32698,1.39498,8.12603,6.35582,1.77721,1.897,2.38842,1.39074,0.284317,0.158149,0.0897785,0.336608,0.520842,1.05824,1.08658,0.626456
0.21051,0.140172,0.416176,0.647668,1.32372,1.21289,0.957518,0.787237,2.51441,7.52801,0.3453,2.99152,2.23582,0.484856,2.00442,0.623213,1.16256,3.76643,0.480099,2.2906,0.048431,0.0131124
0.868048,0.595366,0.0766499,3.4079,5.65811,0.760896,4.7792,13.6083,23.3812,19.2716,4.64681,0.873206,2.28928,1.88954,3.88116,8.0722,1.55273,7.23863,5.28095,0.654247,0.476989,0.497904
0.468231,1.38412,2.52927,1.6512,9.83783,16.2776,12.9079,14.0892,7.38293,2.5036,2.69257,6.18395,9.13291,4.31274,6.85279,10.8874,0.403587,7.0652,4.1443,2.11717,0.898786,3.7145
0.0953766,3.77219,7.17104,2.3394,3.38624,9.03968,6.50703,9.5222,16.6979,10.7692,6.77804,11.0943,6.84516,0.256143,9.042,13.3737,3.30067,2.98465,1.17024,1.24073,1.09583,0.333476
0.0409538,3.15802,6.47775,4.36384,0.847654,5.34652,8.44719,10.0049,1.01754,8.99856,3.48759,11.4432,2.00737,5.44168,8.39811,11.6707,7.18739,2.82025,1.84812,1.34209,1.90391,4.29582
0.567688,2.16289,6.85919,7.19223,1.59878,9.17766,3.3745,4.66051,6.297,2.62755,3.92024,10.019,4.2339,2.99205,5.18355,7.24069,6.94779,5.52351,2.22682,0.106777,1.93223,0.388455
0.191191,1.51384,6.05425,4.57762,3.38011,1.31947,14.6618,17.6219,5.81982,3.17996,5.64977,12.6164,11.5696,4.28837,1.2698,0.19596,1.66338,1.84707,0.81747,1.40381,1.3837,5.34094
0.195617,0.584134,2.92333,3.32985,13.523,0.370732,8.55757,10.9229,21.2146,9.88834,5.22243,10.7472,4.47393,0.371644,4.15885,6.57661,5.41567,2.96591,0.160168,0.631289,1.09584,0.0479681
0.509027,0.622504,0.403903,11.3268,24.8792,16.7878,5.06314,7.12436,9.63387,3.80281,2.5566,5.91146,0.295051,3.97783,3.79328,7.63772,4.16773,1.83569,0.275861,0.94478,0.283627,0.141149
0.600273,0.0901167,2.03944,15.0216,26.8039,21.7857,8.05792,11.0754,15.185,3.94955,2.79678,6.69763,3.64984,0.148957,4.14651,7.39388,2.59124,0.248608,0.624752,1.1002,1.77153,0.79271
0.45191,2.25672,4.98447,11.4149,14.5431,4.11278,1.31482,3.14627,6.77583,7.61776,2.36108,6.34486,4.62023,2.22521,2.15163,1.9157,1.59266,2.46979,0.406644,1.31832,0.461313,0.713527
0.494654,1.92823,4.32747,1.12589,2.87702,7.75504,6.34752,0.237436,4.89886,5.90474,2.19056,2.52605,0.636851,0.612503,0.966022,0.901741,0.152664,0.194875,0.826499,1.31839,0.473348,0.232095
0.264533,3.54163,5.36985,5.10075,10.7107,1.32233,0.422779,9.34832,9.23957,2.24577,2.19681,2.38795,1.50024,3.12145,1.9256,0.788521,0.811596,0.589147,0.160897,0.708203,0.493501,0.455829
0.256957,2.35929,5.87988,0.963189,7.94598,0.265167,6.53194,5.25479,3.5712,1.98865,0.994206,2.78424,1.09759,0.934392,1.19803,0.771755,0.824291,1.11465,0.348174,0.805553,0.972615,0.590326
0.118464,3.37034,8.27686,6.11668,1.73877,5.12205,2.48761,0.617641,2.74582,1.73491,0.389929,0.850038,0.483717,0.662218,1.38768,0.931782,0.585499,1.4622,0.632792,0.0782405,0.342496,0.21177
1.85791,4.81093,8.16365,5.80106,0.305184,2.4081,2.62803,2.18576,0.00411261,0.561051,0.728743,0.977902,0.759888,0.496303,0.4162,0.55128,0.294107,0.0736408,0.546361,0.891242,0.578446,0.313929
2.89939,0.583872,3.20215,0.624911,3.04151,0.0490761,3.19454,2.39791,0.165365,0.519247,0.0393264,0.784846,1.44442,1.03487,0.155531,0.69429,0.525157,0.0707364,1.10837,1.29552,0.323336,0.465027
6.11117,8.74381,7.90265,1.03653,2.08059,0.70263,4.16947,2.33576,1.63731,1.79257,0.753467,0.418043,0.44662,0.715833,0.217954,0.0903515,0.789711,0.949404,0.615227,0.69233,0.459481,0.517629
9.17655,9.25492,2.84371,2.39845,0.197216,0.406674,0.708541,1.07954,0.623993,0.390261,0.227817,0.258231,0.0138474,0.188222,0.046326,0.53019,1.59769,1.99184,0.778153,0.0565002,0.126262,0.365202
11.5128,15.407,11.2026,2.09914,1.37098,0.0494667,2.94584,1.92325,1.81765,2.45763,1.06777,0.308208,0.984706,1.39522,0.330408,0.265663,0.0971338,0.611573,0.276944,1.21286,0.896935,0.799289
9.95549,14.42,10.536,0.607285,0.982152,0.638732,1.24548,2.50469,2.52538,1.51761,0.73172,0.260564,1.23337,1.81357,0.945069,0.476658,0.313756,1.0663,0.443085,0.0816073,0.355542,0.605667
5.96601,11.3312,10.1676,1.82795,0.28403,1.0197,1.70189,1.06545,0.5245,0.826136,0.862466,0.970071,0.4168,0.370567,0.152212,0.362378,0.546999,0.468776,0.459485,0.609449,0.313212,0.00319397
2.61214,0.173772,1.36734,0.0369782,0.575227,1.08649,0.338758,0.846149,1.47327,1.15979,0.154401,0.715988,1.26811,0.704653,0.694259,0.611817,0.00197243,0.165594,0.231624,0.887875,0.600437,0.378363
19.5502,18.8573,8.10081,0.724924,0.772403,0.838004,0.390652,0.0399624,0.484668,0.741739,0.0790054,0.210199,0.70073,0.459371,0.343335,0.229883,0.530516,0.643733,0.0761235,0.0423724,0.233075,0.158273
37.3557,41.6525,24.1677,0.473464,1.09439,0.798306,0.21607,1.1285,2.63643,2.15165,0.340092,0.323348,0.622758,0.475565,0.0774809,0.297708,0.658025,0.370431,0.076181,0.576763,0.691736,0.145284
52.3224,59.9247,34.114,0.586148,0.0677844,1.24728,0.944564,0.342896,3.46971,2.98886,0.298936,0.567578,0.65612,0.490375,0.455289,0.1653,0.574829,0.196221,0.372846,0.439175,1.08594,0.513542
63.2613,71.7034,42.4854,0.809745,2.15983,0.164158,0.0439267,0.524388,0.325251,0.440293,0.392453,0.90251,0.987556,0.196949,0.112643,0.635278,0.537945,0.0260643,0.233574,0.244272,0.261712,0.0475569
62.7025,73.8495,45.8,3.70442,1.60398,0.457417,1.89589,0.995887,1.89604,2.35342,0.629169,0.0468347,0.0131221,0.25614,0.477229,0.242141,0.0732451,0.11677,0.2074,1.06598,0.806491,0.287616
59.9257,62.5893,34.6441,1.74736,3.83934,0.873879,0.143661,1.04042,0.822189,2.2829,0.459546,0.347203,0.693424,0.186591,0.465006,0.372364,0.762892,0.181073,0.186421,1.01011,0.00107858,0.268359
55.4923,53.0943,70.7336,145.089,142.133,47.0038,18.64,23.0107,6.15377,12.991,13.3814,0.282861,7.58557,7.66514,6.81346,4.44132,1.2944,7.7937,11.007,9.77541,6.51897,1.32674
28.6953,12.4544,38.3628,76.8511,7.54802,32.6283,1.91975,7.80167,3.4066,5.69639,7.62987,9.20308,1.3401,1.41743,0.553866,4.35841,3.37555,1.96209,1.56238,0.0194109,0.136351,3.04478
9.3197,52.773,125.276,83.6278,5.12066,10.4256,1.3599,4.40173,13.1672,7.18914,2.91506,4.78005,2.13969,0.563715,3.26844,5.43804,2.74148,1.21243,0.491588,0.591071,1.19841,0.0211818
7.53985,42.7617,63.4334,16.421,10.4533,6.63709,6.38288,1.48418,7.12855,4.00494,1.09642,4.55333,4.81167,3.0747,4.73984,5.72104,1.08337,1.25901,0.107544,0.397772,0.0828017,0.930774
10.9472,3.87574,6.6013,3.36317,4.81634,11.1594,13.9324,11.5282,8.7768,3.16906,1.39414,2.97348,1.99832,0.609518,2.21504,3.28629,0.289598,1.38117,0.00378599,0.750602,1.43551,0.341727
16.9554,5.91971,12.4218,9.27537,3.57369,2.24018,0.734199,1.42617,2.23176,2.3277,0.850291,0.4642,2.00995,2.733,1.64134,0.629638,0.83594,1.03435,0.326825,0.734262,1.48578,3.41338
34.3568,39.9887,30.0941,1.85528,24.3132,29.5782,22.3803,8.05184,1.21201,2.82783,3.85265,1.80604,2.21435,2.61318,2.86251,2.83866,0.828441,1.99888,0.509626,0.442988,0.985684,0.299059
43.0329,35.9879,3.10018,1.59076,28.0299,32.4189,20.3307,2.43892,5.74712,1.59651,0.892434,3.23962,1.49537,1.10876,2.2351,2.73154,1.29778,0.0343294,0.449387,0.00224687,0.23233,1.16141
56.2026,72.3515,63.085,10.5466,24.1036,17.9759,5.25815,6.17806,4.73399,12.6423,3.57246,4.77618,4.84071,1.89669,1.16615,0.323682,1.46744,3.07853,2.78291,1.45527,0.287803,0.717466
61.9517,52.8976,6.36467,7.93701,12.8222,7.73812,21.6719,11.3012,4.33554,1.87372,2.72514,7.02451,7.11317,3.33875,0.215988,2.20844,4.4238,4.44887,1.46132,0.88221,0.398306,0.43188
68.179,83.6922,62.399,5.66027,2.35332,21.3014,27.7562,13.6228,7.87522,15.5522,7.34563,4.55133,3.79656,1.90822,2.0732,5.20601,6.38666,6.80514,4.38517,2.07799,0.123103,1.49214
74.4221,69.3892,23.6158,9.6497,10.0698,12.3458,0.314719,13.075,20.5647,12.9219,3.82215,7.01416,6.70507,2.48857,4.50383,7.03964,5.8384,4.55264,2.81286,1.80187,0.606164,0.862394
76.498,89.202,57.394,14.3284,15.2827,9.10215,29.8159,15.6344,5.26109,11.9933,12.8124,20.6588,16.1288,6.1746,6.86136,8.64025,4.25367,0.200341,0.67748,0.586704,1.4377,2.41653
84.507,86.5598,42.2572,15.4193,20.7414,6.55514,19.6233,8.41882,31.9211,22.0325,3.26761,16.6477,11.5078,1.92127,2.00499,4.33125,2.30554,7.65323,5.25542,3.53733,2.49836,1.43495
80.1964,83.9305,43.161,4.58365,8.70802,9.457,14.8087,15.7058,8.15366,1.44495,4.62645,2.58194,3.68708,5.93733,2.63463,0.489587,9.59381,15.8611,10.6146,6.84711,4.12302,2.61786
81.2482,94.3093,61.0954,11.7303,9.0069,15.1727,30.9992,3.51644,35.3795,24.7938,2.44794,12.76,9.9803,5.70317,1.97502,0.323003,10.2828,16.7578,9.61957,5.00057,3.34136,2.49977
77.2888,71.7005,22.2379,25.849,31.0533,9.36057,6.66764,14.1794,26.255,11.3716,1.55996,10.4797,6.49398,3.38157,4.84615,4.83217,4.25906,8.93258,3.30169,1.33152,3.23174,4.1065
69.8339,90.2701,74.4345,37.983,44.0239,45.6327,28.721,5.73455,30.7603,18.7589,8.95064,18.6262,9.43464,4.70729,6.96655,7.63317,5.11445,4.57344,3.73738,1.7825,1.50426,4.19415
69.3012,56.9047,1.92759,35.5934,32.9546,37.9448,29.0454,9.75083,41.053,26.4684,7.33185,21.8836,12.2334,0.154061,5.55393,8.99677,17.081,20.7039,8.59735,0.0819653,3.61036,6.67914
56.3653,77.4682,72.4041,28.819,3.86946,8.6671,6.48219,9.76854,13.2418,2.27582,4.48643,6.54097,7.63165,5.29961,1.33677,1.8359,17.7616,25.3872,6.27717,4.43212,4.54039,4.26067
48.6964,35.1485,5.04569,2.8514,34.8169,45.3282,33.2745,10.0086,43.933,27.2127,6.24703,15.3666,5.40841,2.05715,5.18359,4.54389,10.7526,17.3537,2.48556,3.85278,2.32976,5.43415
32.9783,48.0562,47.3112,6.46431,50.2369,36.3564,17.9479,12.9326,10.3743,18.5519,10.8275,16.9702,15.3719,5.20255,3.66809,5.67858,1.2207,1.7907,1.17536,0.948568,2.80493,5.75322
18.3832,9.93636,9.95681,12.1884,40.793,1.41198,25.0638,5.98934,23.2061,11.3843,3.17478,15.5124,16.7323,5.08776,0.648755,5.21893,18.7555,22.337,0.308354,11.2486,1.41821,3.9219
2.32211,6.57438,10.7281,7.13752,21.1583,5.15346,30.0321,18.6501,16.7636,26.2454,5.13583,23.1418,9.51708,2.46902,1.28439,2.35203,24.6234,30.1693,0.414081,13.2541,0.872202,4.69145
14.8402,11.2308,3.08764,5.34493,5.80884,8.29716,7.65813,1.74334,9.88111,10.2266,11.7843,16.9312,4.92315,4.20546,3.29846,6.23144,17.6781,21.3231,4.05542,6.16794,1.09487,3.60047
24.9502,36.4557,33.8069,7.42727,25.9532,10.2221,32.0806,18.8535,5.41008,16.121,1.02957,4.68266,0.645282,1.87966,7.19406,13.518,3.83273,2.69715,3.29807,5.38944,0.729668,3.58246
41.4806,35.6435,3.87352,9.43196,40.6473,16.7328,5.68142,10.0286,31.8399,24.9907,13.16,14.79,2.99193,4.59188,9.29621,12.544,16.0232,27.8068,1.7738,11.2022,3.17022,0.3463
56.3849,73.3103,63.9283,7.52919,36.9499,45.5756,28.0323,18.7075,14.2237,3.88565,2.87846,12.7133,11.7921,3.40757,7.6414,6.74107,22.2222,34.5456,6.97121,7.08765,1.04086,2.087
69.0126,53.0476,6.07502,21.6784,21.8713,31.4496,13.8534,12.3639,33.0205,26.1169,0.247722,20.6957,21.8509,9.08308,2.82631,0.736676,15.5201,23.0806,11.0649,2.33697,3.02523,6.89778
79.7625,102.673,89.156,27.5985,0.504101,9.49179,21.3429,28.5958,36.8528,21.8546,16.3301,25.148,12.9704,1.0974,6.44138,4.90267,7.88991,12.7268,5.11294,1.77735,1.25286,2.34319
83.5702,72.5855,7.98887,32.052,19.3466,25.0344,17.6253,8.07148,17.4012,6.53624,3.58692,8.14982,1.79325,2.70813,1.73605,0.459937,24.4854,35.5481,15.3467,4.54909,1.94476,4.95724
87.5322,112.048,87.785,28.7978,23.5585,14.4985,5.71915,25.1895,39.8071,24.7261,10.2119,11.5659,8.00226,4.84325,6.26853,3.50889,20.2823,32.1288,13.5037,2.2071,2.33532,9.58122
98.9265,90.1092,27.558,23.3095,22.0663,4.09591,19.444,4.56863,1.9938,14.4075,4.16528,15.7228,6.03465,3.28508,0.439298,5.07667,4.16211,11.2948,2.02979,4.0896,4.23423,1.98052
101.974,118.483,76.6601,14.4217,20.4439,11.9133,4.17348,11.031,21.4372,13.9407,0.37323,15.3727,10.0712,0.0187498,6.59138,12.3695,17.6556,19.8553,16.3231,13.4784,9.14341,7.72671
102.06,102.594,47.9356,11.8104,24.7255,34.856,16.1854,8.55639,11.224,22.2722,13.1692,25.554,20.2054,4.69747,7.16599,14.2057,29.5566,34.3479,17.5084,8.37857,5.69298,7.23055
98.4888,104.9,54.6702,5.40202,17.9946,24.2546,20.7746,16.2296,20.2222,11.1281,16.6006,30.5874,17.6079,3.68534,5.20087,10.5208,22.2706,24.4577,6.68596,2.15306,1.20907,0.39161
99.157,111.571,68.6255,3.61528,11.0546,7.44842,1.51963,17.6925,6.45628,8.6205,0.640643,10.4064,4.19451,2.49768,0.342991,1.66541,2.13765,5.47035,8.49889,6.35483,1.70982,3.13571
88.676,84.329,30.0377,7.99914,7.92656,25.3843,21.4031,22.6718,39.4666,23.8133,1.34106,2.17494,2.04754,4.30011,2.44543,4.38425,23.9523,32.1279,14.8628,6.36248,5.97992,1.91625
85.0269,103.659,76.9544,26.9971,27.4292,17.2002,4.84856,19.2643,29.055,14.5015,2.38038,2.48049,2.06791,4.05952,4.42047,2.2105,21.0302,29.2373,5.63602,3.4096,0.375769,4.42765
85.2093,70.1652,8.2719,40.9227,35.729,0.980915,20.2147,21.09,29.9129,17.5555,4.90433,7.74395,1.61756,5.8003,6.9045,5.38204,4.39614,8.86551,2.19308,0.867227,5.50615,4.95669
64.5459,86.0348,76.0046,39.2321,29.6275,10.8821,2.21509,14.6834,32.5573,18.9037,11.6781,22.9929,14.3606,3.53225,1.38687,1.24679,12.3439,15.8561,0.47902,3.8893,1.83331,2.81561
58.2544,44.5168,2.64693,18.9567,6.91943,20.588,27.7931,21.1271,0.644306,12.5274,9.7023,17.2331,15.4298,6.5937,12.1073,11.3552,18.4727,30.6989,7.49637,3.5726,2.8715,5.77762
41.7311,59.1206,55.6255,6.79564,19.016,1.13305,7.59112,2.0153,12.4716,12.472,3.59083,8.70645,5.48057,0.851721,10.946,15.0834,3.12589,13.3935,8.01754,2.46871,2.37123,1.90274
33.3541,20.6989,8.33044,5.73585,41.2646,38.0602,30.1294,18.7054,8.67054,13.8468,5.85705,10.9433,0.496334,4.11261,1.25607,6.5659,12.3101,11.9497,0.279544,6.36804,3.53278,0.366754
17.3334,28.5205,31.4588,4.86249,39.5129,38.5502,21.269,6.88248,26.2323,18.0111,7.44431,5.51466,5.21993,3.76356,2.116,0.599531,14.4006,14.8322,0.340066,2.82063,0.0306377,0.858229
6.07588,0.444593,11.0614,0.555061,18.3668,1.29691,14.1178,10.7545,2.79366,2.31416,5.17584,7.44374,1.07153,3.91439,0.569488,1.62419,4.0553,10.4031,10.307,5.09176,0.192497,2.40628
1.81076,1.28882,2.79825,2.80956,2.32014,9.21834,14.3507,14.4277,35.6059,21.0266,4.25864,6.48987,8.87581,4.27701,1.23813,0.725401,6.20027,7.59343,1.11151,1.51598,1.61941,2.21371
14.0568,14.7579,9.29814,7.45525,3.57819,10.295,8.12347,9.131,21.3101,13.7866,1.70637,2.51344,5.07442,2.87341,0.656303,1.41064,6.71979,9.33781,4.05555,0.812855,0.877697,1.34155
23.3892,29.2313,25.4781,9.04441,2.54259,11.5034,8.1672,7.98556,2.22276,7.3226,7.87629,6.92325,0.136922,2.18756,4.58783,6.69107,3.74471,2.40725,0.733011,0.341801,1.29618,0.185046
28.4805,25.7768,3.71684,9.60229,5.37996,17.907,10.493,0.918511,7.6697,10.6242,2.75831,2.30939,0.862941,1.36533,3.05011,5.36434,0.730674,0.707577,1.59872,1.42945,0.11947,0.96611
37.176,46.3431,38.8793,11.2385,9.16574,18.0586,8.92988,4.23811,13.21,10.6913,3.15494,1.78838,1.96168,2.47206,0.937648,1.48393,0.453374,1.43261,2.30543,2.09838,0.625132,0.259851
45.2808,40.0054,9.87547,3.27274,16.7249,4.7763,13.4659,5.02618,15.3226,9.1546,0.453741,3.02761,0.953022,1.78618,0.111683,1.45312,1.17206,1.07037,0.95752,1.05733,0.525397,0.519749
48.2893,61.1669,47.0234,2.2621,23.0453,9.70161,2.28028,2.59695,1.10788,1.1655,3.48209,6.32658,4.74451,1.36966,1.04578,1.46711,2.99485,2.29045,2.1107,2.86595,0.495113,0.348922
57.3491,51.1682,14.9872,0.60648,20.361,23.8713,17.0454,1.91522,11.6977,12.4525,7.36784,6.66257,4.2362,1.05124,0.109575,0.0894772,1.2187,2.54722,5.44663,5.06288,0.880814,0.604442
61.9727,70.5567,48.8172,7.5788,5.09647,3.77303,2.43932,0.157164,4.79989,1.13579,3.8772,5.10583,3.84157,0.796851,0.401667,1.07332,1.06932,2.15166,3.04954,6.14012,3.48569,1.58895
61.1156,57.3151,18.5474,9.52084,3.91648,12.9027,13.1215,2.52183,2.13468,4.21321,4.09201,4.11673,1.59542,0.220807,2.68291,3.77608,0.868665,4.34086,2.49999,1.43908,1.00614,0.471461
28.4658,35.8007,32.9147,75.0898,93.8524,13.3328,24.6074,21.7447,26.3908,17.28,9.33672,4.1423,3.99394,6.57734,5.76029,4.61601,5.72381,6.81975,2.24822,3.46986,3.50489,0.339668
0.638425,1.06731,6.4564,30.4671,63.6471,41.7553,4.73965,16.455,24.7567,16.7615,7.42797,4.07803,0.239852,1.24314,3.18358,4.20519,3.72088,2.81942,1.56919,4.45936,0.199796,0.867804
8.51885,2.23389,20.0393,0.296458,27.4292,6.48775,5.48907,4.97578,2.97509,9.14756,4.37848,2.13028,3.68086,1.54619,0.0534559,0.596743,2.62754,3.36574,2.87345,4.96198,4.33203,0.205913
3.13672,9.81806,31.9541,32.4855,10.7701,1.51651,3.95066,9.75456,12.6167,7.55937,2.05172,0.431407,1.7914,1.08114,2.47557,4.30949,5.89802,5.72575,2.87721,3.96287,3.74526,1.58088
15.1695,22.3499,12.3523,1.61953,0.631934,0.497422,1.29522,2.5219,2.9112,6.41856,0.307059,3.79209,4.09414,2.42067,3.77263,5.91011,4.95712,3.12289,0.389916,3.59159,2.69957,0.940772
6.93917,5.80649,6.66041,9.70789,10.2204,4.84906,0.15789,1.47293,1.5804,5.50089,6.69477,8.08783,5.12354,2.11188,4.72929,5.70538,0.722522,4.24631,4.04588,7.83802,8.31546,4.03652
2.64018,0.877009,0.00465606,2.22003,4.43802,6.15951,1.87947,9.8477,5.68107,1.81164,0.507852,8.02226,3.76468,2.06916,2.74213,5.41503,1.91188,6.03609,2.05285,1.19851,0.25009,0.791888
4.97536,7.65729,12.5183,15.0538,13.3461,8.74788,5.48927,8.48382,12.1975,6.39887,4.08072,9.41251,5.22874,0.253419,2.38751,3.36074,0.311502,0.0490786,5.1406,9.38943,8.48739,1.70458
3.31517,2.06079,11.0931,12.1133,6.32254,0.489115,2.57766,12.6312,16.8734,11.99,8.88415,9.95184,7.11929,2.97006,0.180451,0.62824,2.40622,1.14071,4.81479,8.40562,6.18336,0.201191
2.55306,4.39179,5.94615,1.95782,4.73276,5.62732,5.23831,11.0182,11.7829,5.27757,4.97079,7.81581,3.51742,1.08995,3.83687,4.37003,1.30424,4.52774,0.613013,6.83356,4.36413,0.0109468
2.43439,0.158757,2.92595,6.04587,14.228,4.33133,5.80968,2.43342,3.31201,0.173304,6.30575,7.34975,3.0319,0.560854,2.09593,2.99894,0.192116,2.23732,0.0464822,1.83513,3.52378,0.984646
0.229926,2.28082,3.28234,9.18287,17.9716,4.4884,7.12528,6.7691,2.01099,0.655175,0.822969,3.92527,3.86597,0.994022,0.429147,0.421969,1.17221,0.475318,2.08811,4.52033,3.41375,0.0452057
0.519825,1.42694,2.51016,3.64248,11.6291,8.18219,3.68906,5.67882,4.44598,0.78526,4.3995,3.29292,0.024946,0.835332,1.18816,1.2957,2.05061,2.15402,2.07667,9.25884,11.7052,4.39622
0.218471,0.406914,1.41375,0.249425,3.9318,5.26727,1.45957,0.956614,1.03933,2.00305,1.37899,0.073479,0.197064,0.714405,0.235462,1.11719,1.80253,1.00175,0.173525,0.579233,1.0815,1.64722
0.539054,0.0298282,1.7126,1.45034,0.200893,2.30538,3.75038,1.89085,0.460374,2.67392,3.75435,1.33221,0.0498036,0.118943,0.160367,0.501375,0.965992,1.17369,0.0568424,8.84552,10.4585,1.63561
0.0401981,0.325356,0.0240565,2.58963,2.17194,2.15588,1.36958,1.71394,2.69124,8.91921,11.0305,3.4922,0.252654,1.38197,1.95013,1.6671,1.65369,2.02408,0.156286,3.90178,5.09784,1.48297
0.222497,0.161339,0.584328,2.82653,3.79257,4.51953,4.02404,0.429961,1.93593,2.97939,7.79979,3.88744,0.278412,0.484253,0.456653,1.01012,2.14939,1.54453,1.23646,0.486753,1.51571,0.847596
0.509681,0.273313,0.083221,0.587902,1.71968,3.10218,2.7348,0.882377,4.11797,0.965657,3.42414,2.06656,0.164066,0.065864,0.182508,0.378036,2.47957,3.94926,2.3275,5.65972,9.33833,2.83114
0.94214,0.653,0.566894,0.251186,1.16658,1.11951,1.66759,0.467701,0.131407,1.43784,3.15948,1.48218,0.650015,0.618604,0.196696,0.330579,0.390685,1.41958,0.429144,8.13769,9.16798,2.06122
0.87864,0.818785,0.161531,2.07082,2.82565,1.14853,3.29107,0.0767587,4.62856,4.25072,0.00782635,0.539639,0.290981,0.0227787,0.111163,0.145606,0.0404872,0.442028,2.58774,5.54133,4.0351,0.219881
0.100726,0.330615,0.608841,2.42367,4.6727,3.14713,1.11944,1.73409,0.308182,6.09282,10.9504,4.68536,0.726515,0.880611,0.8306,0.963309,1.72186,1.25703,0.200601,5.75752,9.25595,3.60116
1.16744,1.18694,1.23473,0.494679,3.24148,2.79781,0.615331,1.66937,2.08204,7.29294,12.4494,4.29007,0.370962,0.295368,0.674379,0.488941,1.05401,2.59521,1.34485,7.80451,12.2358,4.34833
0.955595,0.970676,0.80864,0.58544,2.97655,2.81913,0.931555,0.137757,0.756508,3.15771,5.9792,3.82829,0.739137,0.143713,0.00714438,0.393695,0.21923,0.134548,1.57229,6.59974,7.51925,1.85607
0.525379,0.459719,0.187485,0.872696,1.19442,0.519609,1.61731,3.52191,7.26549,9.25702,7.03104,1.97126,0.0794878,0.735944,0.232454,0.161438,0.632048,0.9792,1.1066,5.85279,5.94895,1.80759
0.129393,0.232223,0.399725,0.231744,1.08511,2.99911,2.13167,0.5137,0.594587,1.95396,3.48844,1.68898,0.473251,1.06045,1.10364,0.503277,0.47455,0.0618867,0.409515,2.73655,4.59487,1.74164
0.652469,0.434803,0.407678,0.466276,0.130257,0.157937,1.60045,2.47574,1.19408,0.830113,0.751754,0.213701,0.332568,0.467722,0.81618,0.988743,2.00933,0.180466,5.52914,4.43479,1.05765,1.19281
0.842948,0.801855,0.968141,1.66578,0.750138,2.9851,3.53793,1.39362,3.96742,6.35428,3.46129,0.919186,0.501291,0.0492299,0.558205,0.505339,1.51663,5.83689,6.70478,4.17696,10.2857,3.33289
0.24433,0.2815,0.543363,0.0286483,1.1298,0.0121674,0.669195,0.558084,0.135544,2.29591,3.26862,1.07238,0.176421,0.0573622,0.314023,0.929272,0.483207,1.12334,0.0280154,8.93781,11.1132,3.90744
1.02236,1.73636,1.47301,5.13033,6.50935,16.3878,4.32342,8.25762,7.47616,8.91053,7.33399,1.00986,2.20226,8.04744,3.21565,3.94426,2.83506,0.171166,5.01645,9.08424,5.36009,4.29493
0.621136,1.2191,5.75858,9.49767,7.03409,1.40816,4.33249,0.143853,7.1469,5.1084,11.8105,20.1244,7.68161,2.52719,6.91179,13.6115,4.4553,2.95368,2.30606,9.68752,6.51644,4.34399
0.0837485,1.9853,6.48617,8.97772,1.63735,9.73323,2.87926,15.0759,15.5663,3.88114,3.55072,10.8087,4.92863,1.98533,6.89169,10.843,0.416874,3.98971,3.06283,8.29909,2.59643,2.6668
0.427269,1.79581,5.16683,2.32003,5.67516,1.8317,5.13395,0.960642,11.1494,11.5458,9.19792,12.7956,10.8183,4.27561,5.23501,7.90792,2.38362,0.847592,3.10037,0.376802,7.74179,9.42058
0.00696872,0.523852,2.14353,7.16199,19.028,4.96125,3.41105,15.994,24.1421,13.9156,1.45338,6.59004,5.97623,2.41795,1.72355,2.93249,3.88367,1.62912,2.01958,2.50153,5.09483,1.21485
1.18503,1.16595,0.875043,12.4466,25.763,15.4572,1.17156,7.32369,9.81944,5.59346,1.17655,0.490072,4.60984,4.67704,3.66154,3.45995,0.569145,1.25012,2.60384,5.01686,5.089,0.583495
0.29147,0.857129,2.88998,13.0976,21.5706,18.198,9.32083,9.01927,17.2124,3.83723,5.12964,4.83385,3.84373,2.69673,6.55168,8.40538,1.50794,4.91714,4.68932,2.63273,4.09995,4.98161
0.502184,1.12279,3.32355,4.01819,5.49441,5.71011,9.37938,12.6247,1.32545,10.7675,6.31578,4.60272,1.2919,4.71924,3.30774,8.9818,5.42272,5.13636,8.50664,0.890556,6.44787,5.84607
0.489247,3.07445,4.79232,5.08328,14.8139,13.214,7.48644,2.80879,1.40397,4.60143,3.53346,5.37296,4.24605,0.510956,3.48688,5.31845,3.05408,2.35507,7.3556,1.82513,3.16637,1.42971
1.03355,4.21696,6.90356,8.6536,24.3185,14.8324,7.54973,9.80378,4.98528,7.39727,15.2474,12.9296,7.15764,2.50302,0.479871,0.707614,0.373288,2.44039,7.79206,6.52549,2.4073,1.105
0.14226,3.30242,7.81824,4.87352,17.734,3.64267,8.64343,11.9048,16.0728,8.81347,0.794843,2.52509,2.32229,0.0497046,0.439469,1.04021,1.22471,4.44572,6.47631,4.37574,3.52104,2.68229
0.329812,3.86624,9.48647,2.6427,10.4884,7.53353,1.06417,1.02456,3.46551,1.13142,4.80354,3.47778,0.366003,1.79632,1.50723,0.556355,0.0652688,2.8099,8.96207,11.3062,6.9708,1.59967
0.192621,3.78885,9.3278,4.17452,9.21149,13.6938,9.25381,5.25599,0.217849,5.62514,5.66963,3.80694,1.55653,0.482283,0.346088,0.0281636,0.154656,3.78123,7.89052,2.82104,0.630478,1.70325
0.453003,3.56539,7.43762,3.22042,12.6431,6.57955,0.273931,3.82211,1.26242,0.927621,4.77191,0.77146,1.64978,0.0534977,0.192953,0.126496,0.376617,4.85879,10.1218,3.04701,4.39056,1.37978
0.542918,3.64831,6.39922,6.58533,14.123,2.91689,0.844119,3.56108,2.56746,4.36772,9.01992,4.79385,0.374457,0.58702,0.818174,0.116489,0.81288,2.27728,4.00034,2.15065,5.39284,1.70256
0.29245,3.62682,6.56848,0.0808338,5.67669,2.11475,1.45541,1.09041,0.467595,4.47342,8.37755,2.71723,0.417151,0.21729,0.375573,0.238887,0.211917,3.77578,4.57244,3.47343,4.65029,0.195512
0.970793,1.17884,4.48995,4.34047,1.61025,0.455954,1.18559,1.32208,0.511584,4.79374,8.41671,3.76349,0.334656,0.235762,0.410869,0.343676,0.116088,5.50919,13.771,12.9476,5.33159,0.230045
0.577911,1.18125,1.03186,0.638855,1.73902,1.14556,0.0512112,0.320961,0.400093,3.21058,5.65687,2.30013,1.10319,0.912135,0.23376,0.210972,0.121009,3.46721,10.4126,13.4412,9.86466,2.60234
0.183357,0.0848276,0.162133,0.130117,0.0485431,0.581903,0.365033,0.302778,0.553263,2.19062,3.4885,1.96467,0.707079,0.0478349,1.59699,2.06238,0.903919,5.50013,9.99929,5.10064,1.8219,1.42567
0.620633,0.045725,0.559551,0.202633,0.203567,1.18531,2.00154,1.53915,0.281916,0.30773,1.22494,1.11289,1.4743,0.906032,0.476678,1.49299,0.752212,8.29245,15.8557,5.91776,2.43899,0.0250781
1.35484,0.681771,0.121104,0.377002,0.187293,1.03737,0.983118,0.360666,0.944083,0.754851,1.61916,0.689553,0.147617,0.291869,0.592074,1.15611,0.133189,8.21505,18.3565,8.26548,2.31479,0.636432
1.13164,0.955183,0.431286,0.312465,0.974374,0.902336,0.341902,0.219073,2.79638,8.47389,8.29685,2.27297,0.667617,0.878433,0.866778,1.11129,1.20419,8.4515,18.0369,8.53426,1.147,0.804029
0.0891755,0.282625,0.245164,0.2589,0.871945,0.589168,0.614768,0.968789,2.48838,1.90589,1.50272,0.474674,0.335618,1.37228,1.39564,0.212955,0.696629,8.97288,17.024,9.95885,2.98447,1.08666
0.579318,0.593733,0.401788,0.317216,0.706848,0.252054,0.557387,0.759529,3.86793,7.06665,5.98811,2.82974,0.842879,0.38066,1.58027,1.18174,0.22774,9.30283,18.4459,11.8552,3.30499,1.28634
0.0820229,0.292287,0.650941,1.2042,1.27804,0.0904002,0.543823,0.684962,1.91999,1.00106,1.5709,0.861421,0.229062,0.198007,0.220177,1.93442,2.00826,5.74238,9.91345,1.733,2.1819,0.434042
0.624737,0.21238,0.179945,0.216942,0.636595,1.05775,0.917893,0.617994,2.40855,3.98781,1.09917,1.0141,0.276595,0.232185,0.514187,0.585602,0.605899,3.69084,4.9271,0.0552819,2.06982,0.497808
0.964414,0.426465,0.106059,0.0673231,0.1266,0.0660974,0.371351,0.458294,3.84337,9.86089,7.64581,1.11546,0.142603,0.399377,0.794305,0.322816,0.441117,0.907448,2.47303,0.216633,4.31234,3.17014
0.263016,0.483209,1.09378,0.0949015,1.93217,2.14542,1.81773,1.19829,0.978546,0.376777,3.18149,2.81846,0.836912,0.260901,1.29877,0.392389,0.913269,2.83111,5.00382,4.84483,2.40636,0.0447366
0.487935,6.90237,25.1427,16.4769,46.6893,19.9078,38.5541,1.43348,14.5021,5.03502,5.10359,5.57237,2.77899,7.43369,0.408531,5.30424,3.94887,0.79509,3.41886,7.09331,4.44074,1.44043
6.94486,2.59232,46.1034,132.501,153.997,87.2824,9.71483,2.27551,15.1191,9.48639,5.92983,6.81077,4.58076,9.83885,0.345409,6.08381,1.7718,0.361918,2.84743,3.12141,0.483509,2.31585
1.45589,21.8009,83.0818,107.764,46.0053,6.36096,12.3149,10.8392,7.76022,3.44253,3.50363,8.76896,8.10608,1.29547,0.161787,2.44766,0.230595,2.31642,4.96922,0.275916,2.9128,1.46895
2.12077,47.1479,94.3597,50.4075,5.95139,7.68784,2.26614,0.697636,7.73355,10.2685,0.149133,7.05689,2.93291,2.92816,1.91108,0.733466,0.095066,5.9507,11.0969,4.82588,0.754091,0.747521
10.1784,30.2575,29.2613,5.74342,7.28402,1.10512,7.90042,5.70538,2.95424,3.53686,1.60876,8.84472,2.98596,5.90036,4.15937,0.747951,0.0182636,4.99674,8.89759,2.00719,4.95519,5.05827
16.3395,14.5784,1.70441,19.0773,15.3521,0.434164,1.58392,1.00284,7.30061,7.13235,6.3309,8.95489,1.37597,4.81209,2.99534,0.444781,0.707201,5.40651,5.19198,2.7046,3.93102,1.56891
14.9158,11.4158,1.04104,1.59602,4.73316,7.12426,9.98052,4.44883,11.1758,16.1156,4.71817,6.1725,4.36287,0.554149,0.58993,0.304518,0.757059,2.93981,1.11039,3.63786,3.34871,0.298022
18.3175,9.72871,7.53189,4.6701,4.78995,7.24076,11.6994,3.10333,9.83275,15.0291,1.77332,3.71557,0.708488,2.00937,0.940904,0.509171,2.91596,11.6112,10.8957,1.27564,1.58037,0.632821
27.5954,27.0728,18.2294,1.89872,14.054,2.94987,3.12797,15.2345,12.5552,11.4462,10.0544,4.47909,1.43271,0.254879,1.81814,2.62025,5.24781,12.1353,7.08182,1.68918,0.846115,0.688609
31.4,25.2011,8.12558,15.0469,29.9275,14.1878,0.727023,3.53439,18.1727,21.9878,17.7025,14.2605,7.03917,4.10928,0.497936,3.5086,1.64104,3.98952,0.649337,2.20331,2.25525,1.03536
31.6876,43.3711,38.7297,3.9238,24.6812,31.6469,12.0363,6.49981,3.97597,1.67817,4.04879,13.8059,6.93324,2.46498,2.07945,1.30275,0.617303,1.71884,0.190341,2.10241,0.913225,2.87974
45.266,37.0157,1.99985,22.0632,6.28031,31.1069,33.6437,11.4313,21.6739,24.2851,1.96591,14.1511,3.33402,6.60991,1.04476,2.03547,5.88212,7.8334,2.14961,1.3727,1.91187,0.540964
53.9268,67.7002,49.2875,0.47716,6.16782,9.39915,10.7688,4.5414,5.41151,0.617854,11.3505,4.41265,1.04024,4.8392,1.59753,3.06942,6.99572,14.3526,10.1123,7.13133,4.06166,0.854698
63.0333,57.2403,9.5172,25.2314,24.4914,39.8621,40.6133,11.6814,21.2043,24.9008,9.99743,0.731784,0.171045,0.0823531,0.56899,0.255102,8.76683,11.9806,6.04652,3.73333,0.732971,1.21184
72.8698,84.3924,55.7208,14.7039,21.7689,23.0975,3.09637,16.4095,23.708,15.8856,5.35518,6.72029,1.17479,7.58789,3.90264,2.77711,5.78343,3.77142,3.40225,7.22953,6.8598,2.2695
78.9266,80.2979,42.4711,0.23132,7.41173,4.56131,14.4462,2.28888,11.4687,4.00373,4.04677,19.5625,17.3957,0.153197,1.52824,2.02403,8.40214,13.4653,4.53537,3.15143,6.79518,4.13232
87.1444,91.9595,54.4405,14.6955,7.19226,18.6054,18.6425,12.2391,31.6066,18.5907,15.1917,27.8963,17.5451,7.26378,4.59807,2.17205,17.0674,25.8367,5.80771,7.71783,6.72564,4.39886
86.4573,99.4894,63.8899,9.66145,7.73276,6.95156,7.56601,7.48796,5.5048,1.14445,10.5045,3.60734,3.03329,5.09317,2.68589,3.39756,20.2304,33.4074,17.3148,3.35462,3.04374,2.07804
89.8754,84.7018,28.3502,28.4265,27.3671,9.80058,32.0833,5.40848,20.0086,20.6676,4.26395,10.276,8.72543,2.0021,0.45428,8.86745,19.9965,24.5758,8.79821,0.375418,1.38215,0.286187
85.6478,104.012,75.7426,27.309,29.8533,8.85032,20.4405,9.62356,16.624,21.9717,15.8707,17.638,8.83131,4.08204,1.98101,2.58644,6.60925,11.4248,10.4787,8.32283,6.82807,2.62565
75.6905,63.9073,10.0308,21.9053,22.024,36.0328,37.7776,19.6058,5.1244,0.892051,9.30614,7.03322,7.0241,1.47538,1.09342,2.54303,4.63548,7.8772,3.28092,1.29653,0.300857,0.449794
65.4572,88.3804,82.9298,35.2434,15.7544,25.7553,28.2553,0.146469,28.7855,16.1109,22.346,30.8356,15.6309,9.24929,1.77737,6.69124,16.4154,18.8492,0.285932,10.7323,6.91988,6.61594
60.049,46.7035,1.54979,6.21678,15.2945,12.3875,18.0954,21.2985,19.0346,5.1761,5.60722,7.49926,15.1147,11.9093,3.80997,7.76066,25.4451,30.135,8.2628,4.04061,3.62472,2.28187
43.4177,64.9879,65.2183,13.9059,29.2709,45.514,29.6254,4.55046,21.7177,22.4225,11.1451,2.18105,2.15875,1.11896,4.21578,2.93557,9.27496,9.99441,0.259185,0.669893,1.18974,2.35333
34.4662,21.2605,15.4567,11.1801,29.3417,33.1567,16.9015,6.99203,31.4701,30.4454,22.4464,20.0792,13.5907,9.01167,0.217197,8.71089,18.679,22.1737,5.39353,2.11314,6.86744,11.1653
18.9798,24.1691,24.3829,3.52177,27.4438,2.66383,5.85382,9.04813,2.30756,13.1905,10.8102,5.25801,15.1812,13.098,7.02218,4.87866,33.5764,44.9134,12.2774,7.63573,2.03936,2.93002
0.81092,2.3601,3.777,11.0825,17.8314,14.9886,38.9049,13.2868,17.5655,9.63739,19.2742,27.5349,14.0174,6.90634,7.94405,1.5703,32.7252,43.2687,13.5249,2.54202,11.5992,8.85459
16.9872,18.6938,10.2746,3.62445,0.946601,6.80333,5.67594,5.55028,23.6203,17.9065,4.22582,18.9293,10.4742,5.51821,0.391633,2.66236,6.77477,9.14638,3.57796,12.2647,8.41935,2.99733
33.0548,25.1965,2.35197,5.85531,8.40451,17.3343,39.7093,27.2929,8.27422,9.34277,17.1092,12.756,4.28688,5.9389,6.58763,1.96608,21.2691,23.9123,3.28463,3.25613,6.43386,6.20545
41.068,57.8268,55.4285,7.75393,27.3961,16.878,3.7267,12.5349,21.2329,27.6059,30.8843,21.583,8.97408,11.374,16.4365,5.36792,32.8114,50.2911,22.9909,4.57388,0.378466,1.5079
56.121,44.6886,0.994237,5.41485,52.1439,49.9143,25.7625,11.2398,14.8107,24.1381,17.6191,4.10423,13.6466,9.04915,7.48415,4.28448,16.1397,22.9591,1.32406,7.23275,4.09138,6.33403
64.8301,88.7457,82.2012,17.7787,30.1544,31.425,1.81421,23.552,22.0873,11.4062,9.05747,22.4596,15.9571,5.46616,1.37166,1.93945,8.30947,5.77382,2.04438,3.25692,4.30727,4.42874
75.2638,61.6695,0.951703,20.3764,6.56773,3.71634,4.20116,2.82138,24.2964,18.728,10.4772,24.9888,13.143,8.56415,11.7835,2.75934,20.5567,31.4844,19.7494,14.8001,10.9434,0.432225
84.5858,107.63,86.0354,17.1966,1.79959,15.4968,0.269271,14.3273,1.30723,1.91518,17.8332,26.9347,7.96011,11.7371,8.2846,2.15844,24.5488,33.095,12.1709,1.95752,8.69761,5.49708
92.18,80.9316,15.9589,31.1127,24.8347,14.7242,11.1621,7.99415,13.6066,19.5339,8.78042,3.29137,4.48201,0.649238,5.94697,7.97779,14.9203,21.2104,10.7698,4.36129,3.66709,2.65204
97.4543,117.911,86.0218,32.0424,29.0439,0.284333,15.777,5.52364,19.6416,20.9125,3.87806,0.387551,9.31426,16.9741,13.4453,7.42328,1.98787,11.3177,10.3922,5.62228,5.0801,6.51817
100.492,97.0622,39.919,17.6491,27.5671,7.88649,27.0154,23.3087,5.92679,1.90025,3.65048,4.25995,0.150044,11.1667,4.60277,5.50952,25.9696,32.8047,11.4561,5.71511,11.1692,6.53139
97.1047,105.234,60.0091,13.4964,27.4139,32.7473,24.8231,14.5586,13.9186,10.5715,9.30365,19.8899,13.999,0.336519,0.496398,7.69575,31.7844,41.7763,15.7209,3.11981,3.84272,2.52707
98.4019,106.206,59.5254,1.33841,9.32518,22.379,34.9088,30.2319,25.9654,17.3189,10.8581,30.7452,20.5091,7.67191,6.49529,5.40793,13.9814,20.6346,11.8898,8.74172,10.8737,6.09146
90.1836,92.5952,40.1724,16.6715,18.5166,20.3554,24.2896,12.4322,9.62278,9.71969,11.3977,22.6752,14.4397,4.95602,1.8206,5.57993,18.0846,20.2643,6.51306,3.66485,5.73949,2.41564
89.763,102.046,66.2545,13.0405,21.596,35.0458,22.6302,5.71361,4.47611,2.41518,5.14765,7.94608,7.69937,4.69655,2.68156,7.04866,27.2076,29.4755,5.98804,4.27821,5.79338,5.62391
79.8927,72.0736,17.2665,30.1005,30.4218,11.3397,16.3513,10.7814,16.9418,13.0832,15.4888,22.6447,15.9344,11.3694,6.46715,0.496133,7.25677,11.8861,10.0515,9.35198,8.72241,4.82736
69.8483,86.692,67.12,29.3426,23.4579,0.635263,5.34976,14.6225,17.0588,5.49729,4.71112,1.98858,2.58333,2.68095,2.57154,6.45952,19.2399,22.8189,6.83191,0.985611,0.928151,1.24328
61.4683,51.0108,8.81351,13.2991,7.48031,7.9871,10.4768,7.67269,7.58679,10.1007,2.40071,14.3244,14.6018,8.51258,2.2669,3.2002,20.926,28.2403,6.14698,4.51989,2.4635,0.572222
51.9667,67.8411,62.6433,19.9941,1.70936,16.4404,9.21799,20.5253,35.4333,30.4269,21.8729,22.4124,17.0714,12.0381,12.9724,9.39683,6.46007,16.728,9.89762,2.63087,0.932969,3.08593
44.4797,32.7502,2.03778,1.13739,25.8674,9.29603,6.3702,2.46777,15.1406,16.0863,5.37252,10.8661,8.84403,1.47653,8.426,12.043,9.08586,4.24402,1.40135,4.74013,2.13411,0.722487
26.0984,41.7371,42.3096,4.65598,26.8938,33.2298,13.2348,9.82361,10.7143,0.491165,16.1692,18.7002,1.49694,5.8273,1.74923,0.933036,3.17148,4.13797,1.66436,0.913473,3.05672,2.28779
21.7128,12.5011,10.4518,9.16935,16.8276,26.3954,26.3196,7.51383,23.9985,19.5442,6.87547,15.8191,13.5466,0.643403,7.69692,4.85593,1.39731,3.51629,3.3549,1.62759,1.07602,0.561177
7.35826,14.1651,16.8347,6.52871,22.3148,0.298443,5.56034,0.241326,17.9589,16.5794,3.66515,0.940502,1.88714,1.01352,3.01738,2.53363,1.053,0.134867,0.879323,0.787363,2.21156,3.06036
5.36195,1.04245,9.32916,4.78857,21.4199,2.39112,21.3414,19.232,7.88641,2.81487,3.14325,1.19963,6.4928,2.85582,2.77795,2.27855,0.660722,0.882764,0.734601,0.66451,1.50907,4.02739
11.6352,14.2632,13.718,9.00478,12.3321,20.453,10.6277,2.19732,3.04614,3.30334,1.26559,0.674204,0.614308,3.17715,4.40755,1.15259,1.45454,0.887431,2.25834,0.137481,2.35878,4.16692
20.1575,17.5791,6.74086,2.4784,6.55582,1.25216,15.4475,17.2586,13.9723,10.9098,7.04677,9.75594,3.19339,5.08762,1.53556,5.49841,3.80677,4.5966,3.46566,1.18043,0.382753,0.357231
20.7533,29.3147,29.7778,14.7416,2.05319,15.0184,12.2469,3.61253,2.9514,6.05359,1.12078,2.1308,4.57827,7.408,1.06893,5.89801,6.3085,5.81502,1.17389,2.28747,1.42778,1.56958
32.7138,29.5975,12.6698,7.3063,10.793,1.13526,2.94945,11.3874,9.3131,3.0611,0.838365,3.76895,1.85225,2.84365,1.21832,1.0135,4.34821,5.93399,0.265524,2.89144,4.9068,6.33951
36.7795,43.9541,37.4976,14.6794,3.83705,13.6826,19.3641,4.35603,5.82808,1.8959,2.13596,1.9217,5.95537,7.28701,1.73637,0.387028,11.6612,17.1199,7.91762,1.48444,2.45992,1.5948
41.311,37.9017,14.5288,6.79863,18.6622,17.6147,10.6065,5.02236,6.98731,4.38773,2.17259,4.63489,8.32075,6.62214,1.76743,4.75823,0.477027,4.7232,2.57333,2.59545,2.38539,0.511339
50.188,57.1426,28.1375,6.43394,0.238066,40.2414,27.27,1.54784,17.0201,6.79725,13.4294,7.75679,1.90139,4.45097,5.36763,5.63104,4.32584,1.61541,2.58767,4.43377,3.66333,0.600545
23.2847,27.1291,43.1483,156.883,162.897,96.5739,35.7535,4.95924,23.7243,12.8774,12.5503,13.5205,4.96019,3.27555,2.5742,3.23113,6.38121,2.32415,6.93463,5.72843,1.56878,3.76312
26.1452,30.1915,56.283,127.793,35.3787,21.1525,1.73292,0.853601,7.90277,11.8957,0.14947,6.71023,0.73619,8.73481,7.5858,1.80652,9.22855,9.65811,3.3544,1.95505,5.30482,2.46213
17.8318,13.2012,19.6174,43.3115,18.8792,2.18281,0.414727,7.11,8.01841,2.90912,2.01749,4.98547,2.59274,12.2973,7.03184,0.499558,2.79791,9.68834,9.76889,6.69169,6.11314,1.07173
13.7911,13.9567,15.9799,10.2768,3.796,2.0257,5.78976,7.33614,5.95875,5.51109,3.29003,5.61396,1.65407,6.71723,5.74352,1.41902,0.177114,2.25238,3.05215,2.41273,4.51231,1.12532
40.9156,46.8856,24.8836,3.82059,0.372029,4.80335,3.00966,1.90933,3.82505,0.269035,0.753579,1.48243,0.248618,0.0468061,0.0420729,2.61639,5.43685,7.92908,6.28379,0.375497,4.86648,4.75339
30.0537,29.3464,9.74922,8.6255,7.35027,0.649867,7.74,11.2907,11.4136,3.314,4.03415,3.68223,5.8255,7.65503,1.24872,5.22726,7.26706,7.637,2.81984,0.643137,2.43211,3.36353
23.4181,25.4237,19.331,14.3964,15.1468,3.8278,4.26586,9.39077,18.5741,11.7862,1.21209,0.00023327,1.59906,6.29418,2.97393,1.49091,0.827087,1.83161,4.2833,1.62056,0.0813398,1.03512
16.5951,15.8892,10.4673,0.701762,10.8851,7.07979,4.24775,2.66853,21.5448,17.6772,3.88129,1.09878,3.22597,9.48595,7.94947,2.05223,0.621931,3.65477,4.51088,2.94181,2.79356,1.40739
12.9594,13.6198,6.00609,2.25898,11.827,9.12236,2.31205,8.03563,12.2203,11.4214,4.06779,0.442888,4.6743,8.01817,3.79443,3.55351,5.93195,2.45302,3.39095,3.16063,0.533468,0.500327
2.6271,3.5041,5.07914,16.5401,13.9823,3.3862,6.50204,2.24571,13.4719,13.6288,2.05124,3.19104,3.14506,0.515888,0.36104,1.11161,4.13609,8.46582,8.54023,2.92684,0.351268,1.73809
0.013566,3.6091,0.924667,10.0939,5.2867,0.74041,0.151905,3.34528,9.51047,10.7744,5.24636,2.49655,1.55419,4.51839,3.38318,1.79714,1.64015,1.71509,1.05264,2.44732,0.425928,0.773418
2.59491,2.53743,8.55451,15.6141,10.3344,4.36869,8.45873,4.47167,12.3683,13.6782,1.81228,0.225896,0.981269,1.83847,2.81,1.22968,0.901946,3.70409,4.21617,2.65193,2.9553,4.13826
3.15128,0.806829,2.82354,2.87581,2.43176,5.43828,5.45082,0.881109,7.4718,4.42772,3.19395,2.55678,0.397034,3.02147,4.81359,3.75937,0.240139,4.35816,3.73804,3.26001,3.82236,2.93298
7.08518,6.22874,2.13427,2.8856,3.39811,1.11598,3.16504,1.35167,14.515,13.9561,4.6413,0.532296,4.82154,6.63354,5.12053,1.93725,4.2999,6.1469,2.86627,1.0366,0.278722,0.735741
4.61331,1.3092,4.59243,4.05733,2.60186,6.52112,2.92993,9.55404,25.1792,22.4769,6.48123,0.881302,2.53928,2.92469,1.23855,1.41013,1.13667,0.560428,0.13134,2.18513,2.74749,1.67373
4.00861,5.33914,5.01994,3.92119,4.1655,2.99086,4.68648,8.27121,5.5319,1.56716,3.20945,0.333549,2.75287,2.17013,0.855445,0.89927,5.70373,8.59005,5.72775,0.154887,2.86574,0.335641
2.06348,0.410499,0.747164,1.83648,6.56979,7.55399,0.364757,5.70796,9.32546,10.4762,6.3702,1.52789,3.01638,3.37091,0.0733111,1.89168,2.62272,7.51282,3.29376,1.64716,3.70986,1.85274
2.01839,3.28935,3.61639,4.4296,6.78071,2.52511,3.50141,3.44419,1.0029,0.674552,2.72357,6.16143,5.61077,1.10287,0.0128597,0.298677,4.04027,5.15733,1.42813,0.702095,0.273321,0.495775
0.573709,0.677017,6.89451,15.1338,11.0512,2.09469,1.45933,6.87819,8.70454,6.76509,0.921805,1.92416,0.758986,1.12962,0.624769,0.979816,0.439403,1.5558,1.76549,1.7443,0.760229,0.735602
0.813756,1.36911,5.31953,13.227,5.59908,1.40716,3.67157,6.93197,5.23603,3.88342,1.9079,0.358752,0.0791774,0.717506,0.214365,1.26237,2.76464,0.914479,1.77913,2.93034,1.23931,3.49942
1.24465,0.116671,7.38255,8.80448,2.09647,3.29686,0.00514296,4.07896,8.67793,6.95852,1.70374,2.36986,2.87169,0.770814,0.545403,1.27665,2.15232,0.899373,0.249345,1.11562,1.66692,1.67634
0.738895,0.0280118,6.70898,18.4841,15.1882,1.47558,5.84181,1.64259,0.158439,7.02385,5.16294,0.372209,4.13239,6.58092,4.17263,4.70919,8.15298,6.99535,4.33036,2.09507,0.340435,1.08714
1.55547,0.968649,8.32659,15.599,8.04118,4.84455,5.17529,8.75626,24.2048,20.1789,10.312,5.09456,7.96867,15.6482,6.03898,3.85194,2.4694,4.08536,9.01579,8.19511,3.58983,1.32295
1.97197,1.85749,7.10669,14.1229,5.35985,2.26304,2.00515,13.7718,31.072,19.3071,0.37817,2.6566,0.903535,0.211562,2.58894,2.07263,4.81952,0.881484,6.97495,6.97963,3.42148,1.8656
0.975095,1.20103,10.769,23.288,15.0092,3.05982,8.10434,0.413959,20.0442,15.5211,2.82518,9.25815,28.6196,21.8249,4.25598,4.10086,3.48109,0.40995,11.8723,21.7047,10.8963,2.96722
0.611402,0.751957,5.52137,9.78087,0.2223,9.27925,16.64,10.7977,1.14767,0.604406,3.07257,1.09778,2.85693,6.95488,4.12302,6.52256,19.5881,15.3651,6.41254,21.7181,13.8346,0.422755
0.675088,2.77193,10.6854,21.9089,19.066,8.20387,2.2354,5.16439,17.1154,11.7371,1.91971,0.643661,2.04566,14.8308,14.2434,4.66987,17.8295,15.3507,4.42448,1.90489,5.21211,5.83322
1.27184,0.993401,0.243707,0.179641,8.59037,8.26828,5.79229,0.0998576,30.9794,30.0132,1.51812,10.1616,2.56305,27.5785,23.4954,8.05384,19.9508,26.4075,8.77489,1.76015,1.23768,3.67378
1.22241,1.09145,0.507914,1.19706,3.39902,7.76644,18.2835,21.536,4.41348,5.22001,3.1868,1.78752,21.9144,73.8678,58.9307,10.8616,19.5516,27.9911,8.88009,0.0795323,4.02272,2.74106
0.818098,1.01199,4.68831,10.6337,16.2067,13.3935,5.73216,9.85302,28.9402,22.0779,4.87382,6.80165,26.3292,65.7182,31.8544,0.562742,4.00079,4.94007,5.22686,1.13575,1.39477,3.55024
0.269093,2.36355,7.45403,11.3642,12.4899,3.54437,17.3598,24.3289,13.011,5.35995,0.891275,12.4369,52.5234,55.9165,16.0594,11.1263,31.3623,26.6656,1.59455,9.05451,7.36536,1.34146
0.463657,2.61619,1.89892,6.01951,8.31695,7.91855,1.94722,5.99307,10.1303,10.5903,0.67028,16.2575,23.1239,14.1276,4.75969,1.22721,3.67636,0.0844004,1.41297,1.8867,0.391819,3.45733
0.816663,3.02104,7.47236,6.35067,3.45136,4.56812,10.4783,13.1284,1.5307,2.92553,2.96066,9.84468,15.8439,28.6566,21.152,2.09951,0.982427,2.19874,2.17623,3.41919,1.22936,2.27626
0.869683,0.658988,4.61281,1.75509,9.67775,0.538005,1.60893,7.50418,8.1975,5.08237,5.40631,12.4335,22.7536,29.061,14.6626,2.82275,6.9283,5.56297,1.09813,0.498377,3.04454,5.02476
0.703104,1.6336,0.539115,13.7147,22.9888,5.87149,4.67942,4.23231,12.6735,11.5237,0.130302,6.66176,5.87945,0.145728,5.83081,3.15408,3.83293,4.621,1.32042,4.0775,0.816125,1.01954
0.760184,0.304286,2.0242,0.819164,11.9513,10.9258,8.99594,14.6536,5.05354,2.19253,0.800778,5.9026,6.82448,22.8452,15.1418,0.85789,0.586357,6.02992,5.74236,2.69486,2.04287,0.504977
0.254772,0.909512,1.7244,6.9004,15.1353,17.3309,16.5225,9.43789,2.29318,4.99312,5.6774,8.24454,3.62627,17.8252,9.61106,0.633624,5.82804,7.35947,3.13721,0.731742,1.0086,1.59503
0.939269,2.74134,7.08189,13.2102,10.247,2.87013,9.62604,9.17444,3.49349,4.93348,4.02139,10.4232,3.84937,4.72666,5.15438,4.61934,2.55714,0.180727,4.10476,8.43898,5.24652,1.34498
1.51097,1.20643,0.887015,5.53213,4.67947,3.77701,8.22475,9.54213,5.9293,1.58219,0.569737,3.4948,4.05878,4.92409,3.98465,3.99534,4.28833,7.22712,0.943153,4.47298,2.03809,3.94344
0.206989,2.19229,7.35137,8.12648,5.52639,5.09974,0.260719,8.56693,15.1508,14.8783,3.36121,4.80016,2.40222,9.62424,3.16042,0.90868,3.23982,6.89563,2.51616,3.22482,3.91942,0.465313
1.44263,3.23936,4.53217,0.821545,5.43885,3.51501,11.1997,1.77406,6.96177,0.882773,3.20894,2.83698,8.58692,22.9053,8.71269,4.12495,4.91629,7.08701,5.78177,4.2734,4.70281,1.47287
2.84253,0.114879,3.6687,1.64721,9.42021,5.57803,5.12957,7.48961,6.47466,10.7099,10.7055,3.48685,9.02725,17.9223,11.3304,2.95098,1.7581,0.0943605,0.521644,2.48088,1.12914,2.23189
3.27139,6.13219,9.37159,6.66828,0.0587829,4.10465,6.21431,0.638837,10.2433,3.35876,6.69161,0.715487,1.91029,8.68699,8.4681,2.52149,1.86693,0.845876,0.625503,0.755545,0.87732,0.631819
8.54657,7.29196,3.70496,4.76285,5.88109,3.2847,5.03781,2.83945,0.580888,9.86952,16.2583,4.2061,6.02885,0.880422,6.18803,9.72236,19.2689,18.7999,6.26248,0.292171,2.2941,0.26243
10.1936,14.3733,13.5953,7.10897,2.00715,3.7149,4.37394,5.16549,7.30862,3.41504,2.31188,2.90153,3.90635,8.86624,4.76623,3.12935,2.2793,4.45094,4.1866,2.49057,2.48176,0.723378
12.5593,15.1816,8.95848,0.526144,0.932167,0.629122,0.341789,0.348395,1.12591,1.97316,2.54277,0.22317,5.0272,9.57935,6.93186,5.68082,9.57376,6.29011,1.7263,2.2823,0.37818,2.07122
12.3088,18.4452,14.191,0.80315,2.74032,4.77185,4.52617,2.34645,2.45857,3.33665,2.26537,0.631541,8.3936,14.5202,6.19915,0.514023,3.90751,10.3828,7.99657,3.85825,2.71601,1.21165
5.17001,9.36327,6.5005,1.8898,1.42977,1.46663,1.54504,0.844402,3.97828,4.45842,0.771542,2.4613,6.36071,12.6508,8.59486,0.738028,0.991089,7.17854,6.19733,0.802074,1.27879,2.15003
6.26989,4.26811,0.533622,0.0182189,0.525205,3.19952,1.86732,3.15306,2.15646,5.22904,6.04383,0.392331,6.43798,10.1982,8.17194,5.37239,5.21681,6.62064,4.22926,1.35844,1.61238,1.37095
21.4221,22.7425,12.1643,0.486833,0.814812,1.28303,3.77739,0.203529,6.01084,4.72325,1.0746,0.735904,0.154018,0.556505,0.855275,0.948136,7.11622,5.6812,0.428954,0.404626,0.445068,0.292058
38.2733,42.375,24.1798,0.158364,0.162381,0.667836,0.188859,2.4474,5.35612,4.96285,3.04415,1.02549,7.02987,6.05362,2.5377,3.96749,2.40314,1.44428,1.95092,0.450477,2.05616,0.374008
48.3375,55.9148,33.8054,2.88799,3.14092,3.20675,0.107472,1.32081,0.530618,0.59268,1.81037,2.4103,3.37689,3.98264,1.98873,0.370465,1.38473,1.43761,3.91521,1.25285,1.79126,0.282281
58.165,65.2532,37.8044,1.19876,3.09502,8.9842,7.0145,4.51814,6.29729,1.73649,0.905333,0.430047,5.1517,4.20902,0.084044,0.473307,2.2618,4.2488,2.11901,0.0479704,0.725759,0.679566
61.2978,68.4466,40.8997,5.63611,1.7762,5.20637,16.1863,11.4901,2.65222,2.28615,0.0630121,2.45377,1.29308,0.957517,0.128997,1.58713,3.56744,2.46989,2.02874,3.02096,2.57182,1.33403
55.1864,65.2081,42.4043,4.17241,2.18653,7.78895,14.1618,13.3309,5.51522,2.108,4.05258,3.87438,7.14304,10.3801,7.99397,4.517,2.05865,1.35604,3.25998,3.31068,1.60419,1.79551
49.7506,48.4058,25.8939,1.27123,5.9176,1.49291,6.1436,1.46513,3.63149,0.201576,3.20093,1.34775,4.33233,7.22319,3.66816,0.357143,1.28824,1.39838,0.297584,0.40389,0.673968,0.945726
45.4882,43.9086,66.0874,143.197,139.304,41.5842,11.6,24.0927,17.265,2.05691,7.60718,2.53258,6.34861,4.25194,3.03087,1.41928,0.508685,4.46823,9.41631,9.99802,6.06603,1.90489
28.9693,10.7574,34.6226,73.2824,8.03414,35.9607,10.8076,4.59239,10.4683,8.50356,5.06681,8.57437,1.83811,9.50742,6.55087,2.0989,0.698459,2.66647,1.28388,1.14049,0.984801,2.08364
4.63628,43.9585,113.295,77.0637,6.60767,5.19888,6.40741,3.97634,12.9963,10.9685,7.61341,2.9433,17.2018,20.8561,5.76711,2.02467,7.22601,14.2611,7.75766,8.59099,12.2925,7.48907
12.3548,43.6036,60.4734,20.9626,2.54196,1.10179,0.209946,4.16595,10.9612,6.7511,1.60465,6.26019,19.5393,23.9103,16.0782,9.48878,2.35075,10.5412,28.8377,25.637,6.46463,1.13892
14.8737,9.87773,0.0131857,4.14408,1.44754,6.93028,3.73547,4.71398,2.04202,5.96677,7.12823,3.67859,31.6973,30.288,7.56512,5.86406,1.71157,15.3912,5.63155,2.74933,2.18003,1.405
16.2207,6.79621,11.3929,5.86281,9.75389,3.29055,0.65732,0.485116,14.1823,15.6553,7.02667,13.2056,42.3403,26.6301,0.929151,0.560919,17.9034,27.7137,1.92122,10.9987,1.90182,1.75913
30.8632,36.9226,29.4031,1.66267,25.1177,23.473,7.5542,0.603004,4.33401,4.99927,0.733005,3.945,21.7985,23.8268,6.93187,3.44328,24.6019,33.4701,12.357,1.54566,0.603983,1.75173
39.8524,33.9301,3.7076,1.89892,27.0183,32.5853,14.8123,2.21836,12.0488,8.00872,8.93779,21.0494,36.7181,26.8373,7.68938,2.90223,10.8709,20.4387,17.9465,12.2441,2.69683,1.381
51.5408,64.5352,52.3452,4.12123,20.1997,16.1607,13.8165,9.10901,0.0578903,4.51345,4.65831,21.6776,63.5287,52.3725,6.91472,5.06383,6.83552,4.39544,2.38913,2.5486,0.384609,0.350399
54.7006,46.4592,3.14103,19.62,2.43309,10.8445,22.6498,17.4161,20.5084,21.2884,7.73001,21.2531,52.6973,35.8981,3.14603,3.22995,17.1282,23.4794,17.3098,7.89987,0.435109,1.54134
60.9329,73.591,53.3536,13.6388,15.8316,36.0312,43.1671,25.4556,10.7029,11.0658,9.33024,1.03722,5.43928,4.36622,1.83106,0.139028,15.55,15.7512,1.77625,5.22032,0.535574,2.04584
67.9861,66.3974,27.5016,9.70721,19.5886,22.4018,2.16034,11.2626,11.1741,3.95215,6.38175,17.9639,44.888,15.56,9.21121,0.598805,6.06268,8.22338,7.68402,5.49304,3.13723,0.541436
76.7443,83.67,51.5404,16.9198,16.8053,8.69825,21.6167,9.81624,8.22411,5.44536,15.2817,0.863393,61.6565,57.8355,7.02216,9.3335,24.5225,27.3809,4.27981,6.23762,4.13729,2.20172
74.3475,79.396,43.7113,1.07542,0.912962,19.4302,18.4529,1.68252,1.62916,7.89237,6.68754,39.9491,80.0673,44.0413,1.24458,0.917283,13.2707,12.2929,0.808619,1.0386,2.05954,1.1257
74.5119,77.0468,36.238,10.2609,10.4586,4.54225,9.20144,17.9946,15.7877,2.04193,13.8775,12.8735,1.95665,7.79121,3.78363,7.93869,23.5302,25.3153,7.12978,1.24346,4.22198,2.9563
78.2811,91.3817,59.9609,14.7859,13.9468,11.613,27.5491,1.03743,20.2427,6.37993,9.126,26.3748,77.8204,69.0416,11.9176,4.7211,31.2172,38.2248,13.2125,0.754217,2.02243,0.465352
75.9511,69.8565,21.2845,23.1696,25.4647,3.54494,18.7446,8.43464,10.7462,6.41643,5.43516,9.55248,30.329,25.954,1.78406,4.02754,13.0445,16.0371,8.74368,7.09832,6.79475,1.20374
69.7865,88.1581,73.7479,33.7864,31.0392,36.5432,34.1913,13.0149,15.0828,16.7953,15.0695,14.5963,19.1562,29.1655,2.99232,1.58084,21.6873,26.53,8.68577,0.99132,2.34062,0.324711
59.3425,50.5492,6.33597,12.5275,6.14055,25.605,25.1488,3.98839,32.7506,28.1728,0.210528,24.1024,36.0049,23.891,3.90318,5.51425,31.1529,43.3415,15.3358,2.79815,6.02975,9.05563
51.5155,70.7241,65.4842,18.5142,7.37735,13.097,20.6975,23.0079,19.5114,17.905,18.764,19.3863,22.6558,20.0272,4.49817,4.60217,22.3277,31.1743,7.53205,2.82798,0.335311,3.30148
46.5477,33.1464,8.57344,14.0282,23.893,42.3748,28.5715,6.63619,28.4343,11.2488,15.0904,13.055,11.8339,10.8169,0.512192,2.44504,0.575989,0.344178,1.97451,5.00154,8.65955,7.28855
24.9582,40.4028,39.8408,3.98297,36.6524,31.667,18.8555,2.82844,36.5582,26.839,0.486093,3.55832,8.17799,9.47905,4.95911,6.25699,22.6369,29.127,7.26834,7.11875,0.373122,9.38511
16.1865,8.79908,10.951,1.44799,20.4255,3.79751,12.0361,6.68227,6.6697,8.11793,14.9492,14.3377,3.42645,0.610048,3.1735,2.69418,30.6468,39.5081,6.06164,9.7413,0.98697,5.79164
1.758,6.58078,13.2285,3.58925,8.62164,14.4971,38.2596,9.22493,32.6183,34.5895,8.12491,25.8232,32.0818,4.8986,0.788932,6.11821,15.1923,29.0359,11.0728,0.343741,5.13582,4.50195
9.12142,9.66668,1.7262,6.82494,5.94406,5.05334,5.66449,2.71571,26.9762,35.9879,33.885,19.1282,23.5526,31.6267,4.27688,5.79306,1.37234,0.0141002,2.73174,4.80701,1.61505,5.47789
26.1874,35.3839,34.0658,3.84456,14.0426,11.2232,31.7349,14.7558,5.91906,0.15625,12.6254,4.31225,16.2102,0.568332,6.72514,1.39921,19.7671,25.984,9.81248,1.20735,1.98655,2.33663
33.4832,27.1699,1.91706,4.29152,31.3487,14.9171,6.96853,24.4355,45.5519,28.652,4.30987,8.79173,12.6807,7.69139,5.65718,0.708351,30.6215,38.9122,11.7427,0.97917,3.49969,2.07186
54.1698,69.7251,62.203,10.741,33.0775,48.7687,37.9111,27.6785,33.8944,15.3995,12.7961,15.843,13.6742,5.81868,1.97774,1.60302,17.0033,25.0708,6.59588,7.40133,7.71945,4.13805
63.1303,51.484,1.47164,6.98018,34.3627,34.7718,2.28789,21.6393,23.1297,28.7056,18.7458,8.61442,6.8658,9.90487,11.3531,6.61114,2.05897,1.47929,2.21121,2.61309,8.24535,8.32962
70.3299,92.9899,80.0807,11.884,18.1249,3.43275,10.3909,4.25182,23.8448,27.8922,24.86,36.4573,31.0875,9.38542,5.73013,2.88559,27.0549,42.9793,19.3203,4.90463,3.12935,1.20913
83.2197,70.0406,9.19032,17.2058,0.992005,17.9997,14.7333,4.68946,0.0417221,7.49584,0.03554,12.6374,13.1912,3.91034,1.37501,7.01746,47.5183,58.8767,18.0514,1.47521,4.7181,4.66777
91.7061,112.85,89.0582,34.7441,26.516,16.403,12.0249,5.59476,18.8061,15.3331,1.22402,3.93958,22.1168,22.5164,3.72111,6.18572,21.2858,25.8487,6.65544,0.897665,1.34251,7.00917
100.173,91.7116,32.9758,20.9466,30.0952,0.763163,30.7446,24.0874,31.8029,22.7046,4.35677,7.90368,5.2856,0.0610835,9.28649,3.4588,18.5081,20.6441,2.97768,3.27805,12.2848,11.1591
101.749,120.403,93.6586,52.5331,51.2221,15.5433,24.4441,24.1991,10.1693,1.9246,7.27484,0.222445,12.7539,22.8516,9.22849,5.22924,38.8761,51.397,19.1841,0.246387,2.10161,5.68976
102.647,103.109,54.7566,3.42929,22.5961,32.8364,35.0902,31.9727,33.0068,27.1694,19.8293,30.0191,18.391,0.716922,2.7898,6.38606,25.4581,35.7177,14.5009,2.93905,4.74829,6.33687
95.4018,100.799,50.4179,1.90681,9.68864,29.9045,39.4434,31.3034,30.2664,17.8826,19.6873,38.6193,24.7853,11.5154,7.77157,3.37134,1.33742,3.33037,0.371382,2.89168,4.73087,3.06052
92.1211,103.823,63.9632,6.08278,7.26687,15.8486,20.3175,19.1656,7.38918,3.32728,3.6324,17.152,14.1264,7.6886,4.20087,5.79111,30.5942,38.1994,14.0658,5.32116,6.15867,2.32778
88.0836,85.9321,33.4408,18.4721,29.1717,39.0824,21.3888,6.63477,25.8187,23.8323,4.64729,11.8577,20.6099,13.3212,0.697878,7.40715,28.0894,37.1953,14.3318,2.35096,6.69458,5.91993
81.2511,103.154,82.6481,33.3284,27.6429,18.7428,2.41128,3.63639,21.4663,20.8839,0.0864045,8.48078,0.905365,7.32219,2.5878,0.0240457,9.44676,16.354,11.1537,12.2606,13.6206,7.46694
82.1805,65.8008,10.2822,17.6044,6.92657,5.19091,6.36365,22.6225,1.70169,0.569899,12.311,1.79429,18.682,20.2636,0.743797,8.89302,11.6894,11.4529,1.77386,4.03037,2.82665,1.97266
67.54,85.3802,74.5894,36.2487,20.6338,6.68567,2.69847,4.76855,25.7299,15.5376,18.8228,22.6815,7.10982,7.74063,6.43808,5.3821,25.1983,31.0736,6.44343,9.30901,10.3335,4.99912
55.6126,42.5979,0.781961,10.4185,0.334093,16.5298,2.96639,20.1818,19.5492,3.93273,2.98535,23.0539,14.0718,3.17085,1.22016,0.9933,23.1007,30.766,11.4143,3.59018,3.01928,3.62176
44.5192,57.9154,55.1049,15.7549,11.3003,1.9382,8.72884,3.78237,4.66352,7.94149,15.4322,22.2597,2.38679,14.032,1.13388,7.52582,1.45544,4.69797,6.26574,3.3546,3.53542,5.10891
33.3412,24.7782,1.72091,3.15398,20.9727,26.58,17.2399,2.60085,18.688,19.0684,2.15843,18.2563,12.9187,1.56392,2.65596,2.10435,17.7606,20.2948,2.02561,9.17977,0.619896,0.514096
11.2472,23.8712,26.8405,6.58554,37.727,44.6305,41.8905,18.6336,9.27341,15.1656,21.3599,28.9463,24.1677,7.18895,9.74992,5.99679,19.1712,27.3529,4.57287,8.46305,4.69931,1.02131
9.53665,2.30018,11.5203,2.64575,26.3855,5.56641,18.2484,9.34019,3.10408,11.0085,10.5397,1.88137,4.08808,7.85999,5.54837,4.3606,1.22961,2.41827,1.70268,0.827068,1.12714,0.0812461
1.80132,4.61356,4.54524,6.24114,7.79322,19.3601,41.9029,15.999,12.7221,9.28405,0.613221,0.716576,7.96007,11.1489,0.397303,0.87809,13.8002,14.8882,0.905708,0.686134,3.99307,2.11108
19.614,18.3619,5.84677,3.05548,2.73909,12.2614,17.7131,18.7137,25.5968,19.1787,5.73952,3.35285,11.259,5.44544,5.6162,4.83875,5.54176,8.97441,1.74878,2.66065,1.29011,1.17604
26.6978,32.5845,25.3018,2.54084,7.06452,11.7591,27.6819,19.9166,19.4797,14.5188,7.23838,9.8259,1.34763,12.7154,5.13723,1.58009,0.816179,1.64448,0.0984986,1.11136,2.4873,1.50528
35.7011,31.0166,5.98183,1.69213,20.0895,18.2005,18.9167,18.5341,7.78823,0.231087,3.43828,6.89276,8.44932,14.7542,1.18962,5.7286,1.54759,1.85622,1.63222,0.466319,1.14218,0.108988
40.1233,51.9203,46.378,12.4306,16.5235,27.2923,17.0401,11.3907,18.095,10.4755,2.37805,7.59322,10.6095,4.90259,0.0208109,0.653077,0.543954,2.1829,4.14443,1.81998,0.689438,1.72682
49.6075,44.0125,13.1176,6.80221,21.8546,1.43894,20.4152,10.9506,12.8024,10.5198,1.29148,1.04509,3.48838,6.22492,0.538658,3.45332,3.60275,2.67332,0.845596,1.07493,0.244402,1.42512
55.0301,67.11,52.0966,4.35045,15.7339,1.46734,5.74162,4.57407,8.65578,8.57489,6.63896,3.31286,2.03231,3.61378,0.999815,2.23818,1.68682,2.13756,0.914352,0.586588,1.01854,1.11055
58.7013,53.7323,12.8996,11.6247,8.51984,19.8965,21.4477,9.73973,5.92259,5.08812,2.67486,6.92012,4.29685,2.1846,3.44896,6.72747,10.4543,5.42482,0.94355,3.71438,4.25978,1.92221
60.474,70.8906,44.6946,2.18955,9.62237,4.15591,5.19346,16.652,23.6982,20.3429,5.07154,9.03448,8.50009,0.717363,4.1976,4.10514,6.5349,5.65343,0.353281,2.04091,0.719858,1.05802
62.7858,60.2195,21.4891,5.72478,0.0649151,20.5357,26.803,9.92447,8.72832,1.43052,1.03897,7.90154,6.0069,14.1139,3.46999,1.47155,11.5181,13.0439,3.57896,2.4707,4.43828,2.26542
38.1611,40.9327,30.9951,68.1964,91.4809,26.4961,8.1149,9.82844,12.6468,14.3713,20.0211,15.7457,4.70835,3.67175,6.03699,1.33338,2.59518,10.692,5.31621,3.41122,0.168366,6.12627
1.32034,1.99074,8.52416,36.9465,65.6287,34.6236,12.141,16.4347,14.3691,5.02887,4.08936,5.92414,3.98579,8.55084,3.32059,7.66949,19.5646,18.4945,4.36913,3.65005,1.41752,1.5251
5.35203,1.28047,22.8766,5.09835,19.1961,1.5371,7.08983,0.785049,12.9484,9.77038,0.95093,0.39584,1.94275,2.46788,1.89052,0.992477,1.59797,1.47361,3.4523,2.8364,1.69205,3.63035
3.93727,8.99807,30.8696,34.7623,12.5426,1.92084,11.9705,0.658123,23.3708,18.3133,0.564876,3.54325,2.09926,1.1383,1.28894,0.686987,10.0633,13.3304,4.71609,2.63455,2.65153,3.52519
13.128,20.2544,13.2567,1.23709,0.761188,1.82968,0.912847,13.1223,21.7589,10.1599,1.56674,3.47012,0.758373,1.59435,2.2036,3.70126,0.946318,2.2158,0.971448,1.82049,3.83638,5.27288
4.69454,3.60293,4.85041,13.0485,17.0838,9.62593,4.30688,9.85993,12.0971,8.10581,2.54626,7.1042,6.14512,0.787512,2.72481,1.95189,1.06697,4.21593,3.2551,0.902321,0.311084,2.9499
3.56336,0.669195,6.51833,9.81641,9.30213,3.58779,4.38461,6.35253,0.954175,6.0416,17.0103,14.9365,0.704906,2.951,0.456697,1.9893,9.93805,22.5636,10.3325,0.0682734,1.22704,0.135186
4.49205,7.40089,5.0293,5.16097,2.39874,7.31149,6.05342,0.0858528,0.0921136,4.47365,2.15816,6.29985,5.85415,1.59224,0.130102,5.92161,39.1796,44.9778,13.1258,1.08795,0.516991,1.21268
2.10186,1.59347,11.9019,16.6105,6.33099,0.291181,7.53538,5.56615,2.10397,6.41141,6.70315,6.3054,1.9054,0.991324,2.06112,0.523771,5.14901,6.7179,4.32733,2.55167,1.28991,0.503358
2.22075,3.05665,0.660884,5.74863,6.77038,2.56196,1.19688,4.86419,14.8699,10.3507,4.93166,6.82847,5.11732,3.16684,0.327891,5.78816,34.8133,39.7319,10.1428,1.61156,0.441633,3.05859
1.67041,0.225545,5.57804,1.28565,8.41492,4.27866,4.53946,19.7217,32.4071,20.3995,0.960124,2.89116,0.812696,0.171415,0.224284,3.27214,22.6492,30.2344,10.1308,0.411561,1.71003,0.910227
1.06517,0.978526,0.242596,8.36611,16.9276,8.20493,3.89193,7.83624,33.1721,24.8603,0.797055,1.02721,0.163349,2.72019,2.26044,5.66236,8.03574,2.11665,6.10812,1.00628,1.20986,0.315196
0.269965,0.874953,0.197587,8.00169,20.9658,12.9725,4.06513,6.72905,3.84847,6.49106,1.02822,1.38377,2.336,0.317454,0.0848194,2.91852,17.1532,19.3799,7.16018,2.59916,4.01353,4.06099
0.926497,0.526891,6.08997,23.6681,31.3575,17.8,8.10583,7.84123,38.0291,31.5792,2.88117,7.03721,11.6961,9.75373,0.955895,1.26925,9.92986,7.66128,0.119052,0.966966,0.745627,2.28195
1.86945,1.58487,3.02709,0.11894,5.62972,1.0711,3.56833,6.05517,37.2837,28.4987,3.4041,2.39025,5.60016,2.47867,0.942667,7.47724,30.5432,31.253,5.85298,3.97607,2.12324,0.872157
0.0338648,0.0461456,0.362226,0.973239,1.32886,0.700594,0.566735,6.01782,10.7543,5.48309,0.347825,0.341825,3.30226,4.56911,2.99477,1.66365,18.4868,23.9568,7.86795,0.380347,0.708272,0.346151
1.00529,0.640585,1.01511,2.62076,1.52854,1.17279,0.28753,3.5043,16.9305,16.3198,3.25768,1.71868,4.65348,4.68069,0.814237,5.10908,8.85773,1.90175,2.13138,1.33583,2.03255,0.639761
0.672756,0.375399,1.94841,4.55458,3.48554,2.70164,3.67332,8.03193,14.5545,8.9593,0.774075,1.09437,3.34819,2.58585,0.128968,7.22149,13.6625,4.62761,1.34174,0.232583,1.54411,0.41429
0.426222,0.593163,0.93916,0.0792681,1.54201,0.759032,0.856955,4.33146,3.44331,0.937146,1.24789,1.46761,1.65271,0.876593,1.8505,11.9663,41.5817,32.8001,4.60616,1.08295,0.673189,0.253019
0.248316,0.638871,0.964821,0.864439,2.71819,0.557301,4.24347,4.05904,2.6349,0.305659,1.81826,1.31935,0.157494,1.34577,1.32819,24.3799,35.1937,11.7066,2.25585,0.211782,1.40381,1.41601
0.457217,0.09939,0.551252,2.80879,4.46202,2.99674,0.601514,12.9482,25.1888,16.2686,3.58593,1.16088,0.596786,0.28017,0.731101,2.4866,9.46924,2.32161,7.04271,5.81067,2.51264,2.09368
0.259147,0.238689,1.77813,1.24691,1.53625,2.27225,3.79626,12.9529,34.8204,18.1447,2.61427,2.82125,1.37891,0.226916,2.07373,26.7691,65.5565,56.8786,17.9736,5.7055,3.67369,1.69954
0.16609,0.237564,0.457902,1.34951,4.27813,2.98953,0.0540814,13.0413,27.2329,14.4539,0.202036,1.31714,0.886787,4.16674,1.52483,10.9922,12.7782,5.30848,4.73715,1.98665,1.11509,1.3304
0.121958,0.830716,2.44723,3.68292,2.89608,0.684833,0.945613,5.40134,8.40009,3.6759,1.15598,1.85325,2.4675,6.51588,4.18552,3.62681,12.4997,11.499,4.66576,1.42915,0.509792,1.12688
1.2301,0.75521,0.80782,1.3498,1.49004,1.54006,0.265006,1.79003,4.71327,6.03608,1.18091,1.58071,0.194768,3.06031,2.21291,6.61447,9.38282,0.155238,3.49099,0.0250034,0.820211,1.29917
0.644472,0.325726,0.315571,0.345689,0.0126399,0.0848417,1.58233,1.76177,1.80916,1.51134,0.730616,0.6712,1.89567,0.364708,0.765039,2.62623,38.5287,52.7166,17.9302,1.33299,1.42155,0.598487
0.771765,0.540079,0.901926,1.76062,1.13207,1.36865,0.654438,1.93893,0.353433,1.07184,0.547918,2.31377,3.50418,2.6055,4.34059,16.2018,40.9013,45.0656,16.8286,1.14242,0.217651,0.0562578
0.32595,0.116848,0.250242,1.21374,2.14288,1.54949,0.120403,3.85746,8.77721,5.70622,0.756267,0.831281,0.834035,1.18774,2.81341,6.34423,2.37446,3.89904,4.92152,0.440418,1.08565,4.28811
0.112442,0.778627,0.614842,2.30852,6.80708,12.9476,0.802124,11.8861,17.0908,13.0876,1.43169,2.60008,1.1753,2.19967,0.805188,3.09583,14.5579,9.57133,0.0597389,1.53745,0.280534,5.34983
0.405386,0.99772,5.77758,8.7106,3.06801,2.88662,6.54333,13.5888,2.24155,3.06801,4.79702,8.53201,3.72283,3.06863,2.73592,10.9759,15.7935,2.7281,3.21701,4.0027,6.22861,3.04698
0.24264,2.35601,3.78011,4.45555,13.005,9.08225,0.182639,9.84512,13.2664,5.46272,3.95647,8.94093,3.97415,0.628551,2.24619,6.98768,35.351,34.1618,7.9382,0.466363,3.22739,1.51142
0.20922,1.95407,4.41663,3.95976,14.6,7.44207,3.06087,10.7186,34.6717,21.1624,2.53372,10.9001,11.5905,1.99133,5.55755,5.42024,6.9191,17.4161,8.91746,1.18111,1.80562,5.72109
0.0180872,0.116612,1.25376,3.71608,10.3216,1.76971,8.73977,29.0512,46.3695,23.5361,4.20491,4.7121,0.676618,1.58038,0.987751,6.11948,12.7478,5.1094,2.70863,1.07216,2.34261,5.03237
0.116943,0.00531744,1.58444,2.70204,11.6817,7.03224,0.927714,10.4131,21.0479,12.0426,0.494261,1.55339,1.28094,0.482462,0.484977,2.55988,3.61917,0.694035,2.03907,4.94241,1.524,0.629916
0.317893,1.23252,3.09938,4.38297,9.5856,13.3029,14.351,11.3372,3.86652,9.23467,1.18931,1.28478,0.977373,0.252921,2.74065,0.189315,13.7683,16.4558,3.12001,1.92339,0.0303018,2.87886
0.222225,1.96929,5.76632,5.04645,1.53499,1.78404,2.65991,0.944196,3.72573,0.718869,1.14935,0.69724,2.1813,0.634057,0.833739,3.6547,2.043,6.6985,2.66704,0.133602,0.707669,3.21274
0.486288,1.57076,1.93132,4.87534,11.2774,13.3224,9.41394,0.604903,0.535337,3.64009,0.945739,4.27543,5.42563,3.34656,0.852903,5.72081,17.3523,14.4217,1.57179,1.05769,0.128732,0.704211
0.517477,3.0966,8.42966,2.38582,10.3805,8.88284,1.87861,5.22575,12.405,8.73702,0.0590514,4.36491,4.60596,2.48457,1.80925,6.61592,5.03616,4.39774,4.06884,0.492588,1.02956,0.877078
0.987474,3.69924,6.27417,4.90431,12.6601,1.88832,4.74609,1.92443,16.1141,14.6845,3.53643,3.55747,1.85104,1.41633,0.506851,1.56044,7.07258,6.92259,1.37501,0.986944,0.868394,0.634619
0.195359,2.33059,4.02758,5.2276,16.6041,12.5436,2.6048,5.09396,13.1121,10.0077,0.132361,2.6184,0.281104,0.438847,1.66409,4.11364,4.4187,1.10784,0.208689,0.335235,0.186088,1.36158
0.169768,3.20295,9.57667,3.09414,10.555,12.1742,8.41747,2.29721,0.487971,2.49631,0.692467,2.10643,2.05401,1.45614,1.27055,1.43025,3.46782,3.80031,0.150743,1.96968,0.679822,1.13401
0.185884,2.38711,5.76759,1.03372,9.29797,5.35483,0.985303,5.62573,5.60013,2.48918,1.51509,1.5242,2.18103,1.23933,0.621536,2.27183,1.5314,1.12067,1.03674,0.363144,1.49233,0.534663
0.50349,2.15694,1.82017,7.93728,10.9271,0.960248,2.9757,0.475331,0.972513,0.470584,1.06716,2.95192,0.863319,0.791544,2.46269,5.37543,2.31348,1.93654,2.04677,1.18178,1.11722,0.850651
1.48087,2.23814,9.56838,4.85037,7.58115,8.13084,3.69849,1.99105,0.992777,2.54079,0.85509,0.762513,2.28754,0.547081,3.23967,4.56815,1.50241,1.7597,0.258718,2.05516,1.98422,0.439222
1.32487,2.66539,0.283754,7.59576,4.24912,2.99288,2.40837,0.444589,7.61175,8.48413,0.924506,5.64722,4.36731,1.21996,3.48016,1.70559,6.72317,11.0465,6.4679,1.47201,0.246977,0.0611965
0.453354,0.62468,5.08238,3.70587,4.17358,3.49927,0.246838,1.7435,1.80649,4.55777,4.92814,1.37636,1.10117,0.337989,0.176504,3.03571,6.47723,4.75432,0.564317,0.394488,0.0393649,0.264641
0.0187489,0.881408,0.471337,7.30855,9.92341,5.5497,1.10506,1.93557,0.502449,1.55212,0.906881,1.97205,0.1883,0.553963,3.07034,2.58511,3.30726,2.39456,1.32547,0.639834,0.376465,0.988392
1.54756,0.475605,1.98502,0.305761,4.89011,1.80468,1.85581,3.1631,8.23675,5.34066,0.0811232,1.40498,0.126577,0.996802,2.66705,3.46041,1.89654,0.661261,0.144745,0.236906,0.417624,1.36092
1.12766,0.890978,2.84256,6.54743,2.06499,3.3542,2.94825,3.43604,10.5622,5.73386,0.611539,0.324448,0.58025,0.706217,1.6312,3.52719,2.16134,5.49536,1.5489,0.391453,1.7078,2.33026
1.36471,1.07188,4.09003,6.77209,3.18169,1.41697,1.87198,0.140674,1.69293,1.90355,0.402234,0.715594,0.528816,1.08692,0.114738,3.3397,1.43534,3.56856,3.83658,2.09179,1.74996,1.59561
0.753235,1.93764,0.0469174,7.99396,10.1004,6.8416,3.31462,3.83429,7.69649,4.62737,1.32187,0.193179,1.92053,0.644777,1.38024,1.13506,3.71783,4.07218,0.635456,0.304424,0.530973,1.41034
1.03235,0.701648,3.98225,7.68138,3.95482,1.42639,1.59617,3.87954,3.55619,7.4194,3.24428,0.674391,1.13201,1.31967,0.790191,4.16329,5.28325,0.201111,1.33562,2.28588,2.42266,0.437437
0.211305,0.338675,6.55011,9.20228,1.50458,1.44117,1.61408,1.9513,2.75105,5.69247,3.04761,0.175007,2.83231,2.62601,2.07845,2.11092,14.8446,14.2767,1.69344,1.73708,0.00640448,1.51233
1.4021,2.90797,10.3288,17.9358,10.5796,2.22505,5.82452,7.57087,8.84968,6.34501,4.45476,2.88357,0.206982,0.496184,5.45836,8.37029,5.20169,0.766755,0.466544,0.0425775,0.557286,0.0512769
0.840594,2.67811,1.75921,1.38486,7.81455,6.74407,0.461079,0.425203,0.0127229,0.782562,1.9357,1.21837,1.11269,3.62937,3.71056,1.08142,7.23514,6.77802,0.16528,2.74432,0.912933,1.02962
1.56267,3.93337,9.56074,15.8187,9.39427,4.77637,5.91902,1.03247,6.40527,7.81442,6.15573,0.673282,2.54212,0.20722,2.46414,6.02795,2.9505,5.08639,1.88393,1.69105,1.55191,1.61294
0.279083,5.73639,25.7332,11.2489,48.8295,11.9838,38.2564,0.882397,20.357,14.7637,6.87139,0.732397,4.64609,3.38251,4.89589,6.39353,4.30979,15.8592,8.60618,4.19272,4.96856,0.953994
3.06548,0.631237,47.0231,133.902,150.494,85.0821,12.5931,0.477804,17.9307,15.4048,5.13848,2.38159,6.39202,5.24533,1.7175,0.132635,5.00444,8.54465,1.0951,4.27902,2.1862,0.0283132
1.51984,20.3915,85.8284,119.217,53.9128,3.066,11.3502,1.81584,23.4354,25.0572,2.50968,5.43003,0.847431,1.44874,1.98762,7.90274,7.06152,0.364523,2.20711,16.8358,28.5138,14.3319
2.3241,46.5752,88.5991,41.6032,0.803143,3.76115,7.32056,5.39709,20.0547,11.0731,7.15169,8.02227,2.75709,2.11716,4.87042,0.261627,16.1952,16.8428,2.9882,19.4033,32.0524,11.1094
12.2325,32.1572,34.0445,0.0222829,1.71161,14.3322,11.9682,1.7417,6.11829,6.05399,0.49148,4.04438,5.12866,3.05622,0.499576,1.47617,4.73191,4.57092,0.498963,10.2313,31.762,19.5044
16.0965,13.8103,4.81179,21.2072,18.3255,13.2886,10.7875,3.19178,27.9934,18.4713,11.8582,12.7235,4.54696,3.28855,1.03084,0.294845,9.8514,16.11,6.27799,5.94486,27.0912,31.2117
15.8654,13.6007,1.45582,10.4648,5.9912,9.15927,2.68127,1.30861,17.0992,3.67011,23.2808,16.1094,3.21139,5.71939,2.65183,3.05176,24.5753,33.469,11.0558,6.81918,42.5839,49.3266
17.0221,11.0481,8.41291,15.5393,5.29693,12.9341,18.7405,8.1133,10.3114,15.4637,12.2594,5.27366,3.14479,4.63351,1.9235,3.21604,20.4572,28.2484,9.09612,1.9358,2.49595,3.00881
20.1995,21.9503,11.0719,13.416,20.1167,0.443949,13.2748,9.22482,14.5586,5.86843,19.3494,17.9141,0.908152,6.37646,0.470187,3.20391,1.00745,0.159508,0.400105,4.27918,38.2939,50.8453
24.6255,19.517,3.88991,9.20409,21.4353,33.776,13.8791,0.367801,5.5115,12.5326,17.6882,14.374,7.43772,5.35954,0.186097,3.93588,19.7405,30.1747,9.90262,3.63117,45.9287,60.7017
31.0171,36.7915,23.6303,10.6924,18.2934,1.13828,4.33946,7.39627,12.9896,3.87505,15.677,15.6039,2.57323,1.97884,0.762127,4.51028,29.5888,40.2067,12.4266,2.75365,5.48028,7.30518
38.8992,31.5378,0.935394,10.252,4.14733,0.0483047,7.88433,8.68062,6.46426,8.09762,3.78902,3.62469,8.26355,8.61668,1.36379,5.42734,27.4089,30.6925,10.8323,1.18231,23.488,33.7712
46.4955,59.5417,47.8048,13.1993,8.32256,34.369,34.7434,4.81299,16.2275,10.4453,4.40785,4.41388,0.59269,3.33903,6.28407,14.0217,17.8226,8.37487,0.305062,10.4171,46.5488,51.0815
60.8687,56.0801,16.8056,14.505,25.6802,41.1258,25.2594,1.92466,3.66871,5.19298,18.0635,12.2236,7.06173,10.6961,1.68038,4.85805,6.76463,19.7414,7.83136,1.52269,2.13651,1.25651
64.2023,76.6123,52.8094,15.1869,17.5118,16.4643,14.0084,3.75733,14.1505,7.19874,7.58128,8.63646,9.6652,9.83899,4.33315,10.2639,31.2559,29.9954,7.28806,4.72092,24.6955,32.4684
78.7186,78.8623,39.644,7.69213,6.69433,14.8936,8.39841,6.62152,7.77999,25.1201,38.2876,26.7615,2.22153,8.88939,4.9502,4.03884,7.62088,14.9394,6.84064,0.0143377,24.6878,44.0908
83.2988,86.277,43.9354,2.0339,12.2071,37.4723,29.5087,8.55645,13.0894,11.1202,4.50032,10.2929,12.8973,12.5423,7.65537,13.3009,14.9938,4.38044,0.422579,4.87901,26.9686,38.6291
81.0414,95.0418,58.9706,8.14947,17.3817,25.2114,20.3319,5.85929,14.5991,31.3659,46.7291,34.1445,2.00837,4.98227,1.0869,9.51808,6.0018,9.39991,8.77449,6.11075,23.015,33.1315
90.8694,82.2872,25.1042,23.5979,35.9104,46.5359,36.3388,18.8905,12.9289,9.20866,6.8151,14.4451,16.2734,16.1654,10.1546,5.23795,30.7754,29.5272,8.74147,3.81591,10.2333,9.43133
79.3966,98.1364,75.7053,35.3798,22.1628,13.3148,15.8053,10.6349,23.6586,32.0242,40.9263,29.795,2.84677,4.39227,0.919616,2.58157,1.97488,9.22196,6.5194,2.31169,7.13991,12.271
68.6045,59.5236,12.4168,17.3809,26.4271,39.0018,15.679,0.400379,2.05711,3.1681,2.54136,11.3402,13.8381,12.3306,4.65342,0.0269014,6.80536,9.25154,2.73778,1.6548,18.4505,30.2164
63.1368,85.729,79.6886,32.8354,11.102,4.91688,20.0118,15.8923,11.8167,18.0128,31.736,30.8906,11.1533,2.8827,5.30387,4.77824,7.00633,12.1113,4.27663,3.21463,11.8434,13.074
57.5123,41.5886,5.2788,12.0131,20.1094,37.3758,36.7386,15.5092,4.7966,3.49501,11.1072,1.27167,13.983,14.309,0.346908,3.53903,8.69493,14.6317,11.467,7.43852,8.04608,17.6213
41.3486,57.5247,56.863,10.4462,13.3185,13.9161,17.0125,0.836776,2.53514,2.60428,20.722,27.8274,10.8523,6.43735,7.18756,0.260315,4.67118,0.48413,6.17585,6.73667,11.8182,29.7767
28.5148,21.3066,8.07129,5.95835,35.1938,37.8811,10.6329,6.93138,15.9701,3.23439,26.2711,24.9358,0.95559,9.35962,2.05864,14.7942,12.8194,2.00323,1.8834,4.12723,6.92879,20.073
18.5662,24.9055,21.3831,5.52827,29.4894,18.6884,12.9045,23.7321,22.8628,17.9586,5.78751,19.6824,16.1825,12.763,6.03878,12.0583,21.7892,13.1073,2.83425,0.796047,4.40882,2.0422
1.5125,0.86003,3.41671,1.61936,2.49656,29.9127,38.282,14.2535,1.82981,3.07,38.4134,45.0071,8.12142,3.60375,1.63145,5.63761,8.99335,0.757377,4.33433,2.37996,15.4512,29.6193
9.03237,18.356,25.4107,13.6928,11.9564,30.4447,24.211,8.18759,11.9996,15.2359,19.7568,15.5691,0.444838,2.85338,2.66802,0.493336,5.71268,4.29082,3.11989,4.75034,16.0002,39.9928
30.1203,21.2039,1.56489,2.64504,28.6473,23.1687,1.96643,9.12196,2.68415,6.17493,32.1466,38.4433,4.09092,11.1279,6.31425,13.3015,13.7982,2.09337,3.41727,9.12474,3.80206,0.0260163
33.8998,49.6951,48.1449,5.79581,31.1778,23.1304,11.715,12.8156,5.92037,16.9285,43.4681,46.3784,9.67338,1.4461,11.6166,21.9504,19.6569,5.35233,1.90734,0.932413,2.52981,18.8416
54.1994,41.8802,5.13281,5.00615,25.7498,9.40135,32.6801,13.5958,2.74861,6.83317,6.68497,6.07997,11.2342,7.5413,2.28975,2.36429,8.39751,4.33463,1.71473,1.47572,5.7631,12.984
74.6407,94.3846,80.0777,12.8047,37.4618,51.6052,33.2847,10.3712,4.34601,5.27617,30.4346,27.1882,0.12469,4.45779,3.37103,3.98703,0.592674,0.397523,1.03423,5.96901,5.63594,10.8642
73.6535,61.3354,0.344849,22.3838,3.19085,3.39888,18.775,22.4789,8.06219,10.6664,13.3112,9.08891,8.37277,6.23249,5.16041,0.328408,1.78701,4.79345,3.00294,7.15322,2.98088,8.30919
84.3657,107.406,84.6966,16.7097,8.2845,12.9254,11.9355,13.0723,9.6574,6.72669,21.0215,23.904,0.868127,5.20355,2.30393,6.29088,16.1051,14.3599,4.17962,14.3607,19.382,23.1059
86.078,79.0043,17.9578,32.6808,13.9686,28.9694,41.7339,14.1158,1.3104,3.71672,5.7075,0.717027,3.23764,6.14408,4.6096,5.32896,1.62268,6.15283,3.01195,8.42874,14.8425,16.3449
96.01,113.214,77.5633,22.5687,39.1577,52.4015,29.7731,3.43744,11.6033,5.03303,33.7022,40.6245,1.76284,15.3695,11.9073,3.48973,5.27208,3.33324,0.7528,3.34347,6.40848,3.87771
96.3206,94.0952,38.4174,20.976,28.6816,25.3993,25.646,17.5652,2.55747,4.48457,0.895904,0.933321,1.0127,0.223048,0.0473658,6.51743,13.9098,8.19019,2.98985,4.08657,12.3223,19.8972
98.1872,107.918,63.6176,14.0195,8.3557,9.29642,6.69958,18.0864,5.60906,3.49401,36.1544,35.1574,4.87248,13.1771,8.61223,9.40111,2.99781,12.1224,2.20183,6.82656,28.287,45.6182
89.8355,96.8867,54.4107,2.35749,16.0133,45.9881,40.6027,10.3447,2.74101,5.35099,22.1169,17.5988,4.88346,1.87743,4.48529,7.88905,1.80924,2.80876,2.60788,7.66248,31.9127,47.4648
88.5912,89.6031,42.41,5.5782,16.6559,30.4773,23.0647,0.512133,8.61318,8.39136,36.5856,38.8582,2.99702,12.5392,3.18054,9.40607,9.20869,2.64528,5.7007,3.47338,20.2741,35.4393
82.4732,94.6661,63.4565,20.3232,26.2793,29.8642,26.7061,11.3645,11.2218,22.9743,24.0049,12.9552,3.47537,3.65255,5.54082,6.77939,24.3264,17.014,1.17486,1.10213,12.1551,18.9058
77.9406,70.1724,21.6355,21.2717,12.8862,10.4792,0.819794,18.5123,7.02886,9.69221,41.8681,40.0973,1.12854,9.61634,4.01237,10.0443,3.33736,6.24956,0.434707,9.90145,0.46628,18.2603
68.8602,86.7051,72.5055,32.9882,39.7856,57.4772,38.9893,12.7414,17.1134,24.8995,18.6673,7.02606,1.67595,2.10743,2.39285,1.38862,4.77723,3.84359,9.4437,11.8185,3.36551,18.5241
61.1605,49.2054,4.17,12.9019,8.45109,21.1891,21.7762,1.64229,16.6976,2.02998,43.3601,38.3093,0.0416195,9.0661,7.94904,23.5963,15.5697,2.93491,6.17368,5.85377,8.35323,27.2245
51.0459,66.307,54.7497,2.62419,23.4632,26.2769,26.9282,11.2447,2.99962,7.2703,15.8865,7.47651,5.16455,6.87252,1.00776,6.73092,22.1037,18.8961,3.8757,1.22253,18.5897,32.839
42.2137,29.763,9.64465,9.686,8.69557,10.3661,1.13005,20.1887,14.7092,4.34089,28.3339,18.504,6.65704,7.71493,3.63953,8.07496,8.82365,6.32068,0.944562,5.75581,22.7276,35.9858
23.0506,35.735,33.3654,4.55433,44.9237,62.8221,41.3794,14.9977,21.7585,20.4597,5.95141,11.7935,1.07708,1.86666,2.04321,5.0351,15.3703,16.0997,11.7558,7.02105,18.0806,30.8442
14.4777,7.58906,15.3456,9.77586,11.9376,7.47832,19.3625,6.97521,1.1255,5.15779,17.429,15.1362,3.93312,7.21649,2.43896,2.29074,8.91987,16.5667,5.79821,0.715773,15.9051,25.4453
7.16724,10.2269,5.87818,14.4379,24.7014,4.50957,13.8103,14.2207,24.7873,22.7753,6.25831,17.7026,11.1934,6.08037,0.0621105,3.51686,11.4602,14.0074,2.27377,4.48979,3.27129,13.344
3.90935,6.65497,10.4482,9.0939,13.8735,28.0387,4.3731,19.1715,27.9714,20.5176,15.5354,9.77418,6.00483,3.35313,4.64739,5.75102,4.76011,1.16434,0.740428,3.82174,4.14741,0.161895
15.1533,17.7265,18.3211,17.7581,4.89966,42.309,34.7438,10.7856,9.8988,15.0478,29.3559,26.1535,1.55296,9.03546,7.34355,3.06892,6.17718,9.35494,5.029,2.16864,4.29593,7.30578
24.604,23.811,14.9113,13.5961,1.02469,29.9871,17.906,6.38305,16.4664,8.48752,5.26184,8.56518,3.27419,9.9443,1.06182,4.76327,1.8852,3.60073,3.39715,3.45182,3.6959,7.87992
30.3026,38.0964,35.6521,14.6431,12.0803,22.0823,9.23518,13.8026,43.6083,45.7207,37.6094,29.0848,9.67546,3.13745,2.73828,6.51114,2.20081,0.706121,2.11399,6.67296,12.3739,7.88476
36.1494,32.5682,9.90539,3.41469,20.4639,18.5918,5.50817,12.1255,24.4421,13.1186,11.41,16.4853,2.42442,0.488472,3.21222,1.42109,6.56339,9.49049,6.05453,1.35262,11.5472,26.4155
37.4177,46.8691,35.8775,1.05861,14.5757,2.30342,3.46941,0.589708,12.1795,19.2805,4.49974,4.61128,1.91306,1.32607,1.80154,1.40487,13.5228,16.2297,3.10742,2.0481,10.5585,26.5234
45.3876,43.4894,14.1405,1.84782,15.8041,21.2035,13.5564,6.5399,9.06988,4.30757,8.37577,10.2689,1.43382,5.90022,6.73508,1.20316,7.41574,8.4406,1.74622,1.09862,0.52413,5.03021
61.4397,61.4519,22.755,4.47955,2.84718,18.8336,5.5893,17.9655,4.67782,2.03111,28.279,51.5205,16.7339,3.47996,8.62123,4.97507,6.41774,10.7244,9.62461,5.60611,10.664,26.9619
22.3612,27.0218,31.3783,93.4547,68.5128,45.2336,20.6823,8.53735,1.89321,10.5102,43.9584,62.4444,18.5639,6.97403,0.215143,0.204594,9.3833,6.42186,8.66574,7.46692,1.29016,0.801859
21.6377,4.81188,64.5691,110.789,49.0631,7.35528,5.60955,7.86313,17.4449,12.2035,9.51647,15.6748,7.09363,1.7034,0.216311,2.56333,2.77748,9.14344,4.85297,0.716565,3.25265,12.8636
23.698,84.5791,135.081,59.447,7.99665,9.40055,9.20644,0.392437,13.4426,16.1368,28.8801,35.1438,17.8544,8.67093,4.56102,1.5951,0.961428,0.690485,0.0248637,0.953944,4.4563,3.61948
6.85667,58.3736,82.9251,18.5063,8.1659,3.10919,3.33018,14.8292,33.6467,7.51961,45.4841,42.9106,14.5911,8.05983,4.527,0.132255,9.02621,10.0456,3.84452,4.89549,1.34555,3.93224
10.2097,3.60656,4.11107,12.0037,8.86526,3.49081,6.66337,17.107,27.4093,3.57698,47.166,34.3731,7.11032,1.16397,1.9274,0.866748,2.7471,1.12603,1.56944,5.0849,0.686397,1.24522
36.2097,45.6882,32.4768,3.93526,1.85818,4.23871,9.207,12.0054,10.1498,0.833713,0.138919,9.87923,10.9727,5.28949,0.168354,2.71689,7.70838,6.79354,0.185408,0.304566,4.96869,4.47983
41.3984,52.0167,40.5646,13.8244,9.45751,11.125,11.0139,5.49075,3.78216,1.96337,17.2516,22.3177,11.6307,6.19279,1.09112,1.84037,0.266222,2.05219,3.62224,4.14845,5.10609,4.99426
23.9675,27.8317,17.3589,0.589341,3.78175,1.21078,1.40388,0.249634,4.05972,6.81064,13.0746,12.4873,4.87213,2.76873,0.685958,1.3626,2.85538,0.893366,1.74548,3.39342,3.03049,1.25983
8.81517,10.989,5.88471,2.3159,11.9574,11.7854,1.65467,3.61173,8.37976,15.5222,17.7969,10.1173,3.95595,2.05303,0.996232,0.127798,2.73575,3.86466,2.7143,0.850165,0.272322,0.223249
4.38881,0.914619,2.99723,11.9996,12.0096,1.2751,8.54239,7.62279,0.128555,1.8285,5.2976,8.50212,5.63801,3.57585,1.42502,0.480843,2.01006,4.16353,2.44033,1.79303,2.41841,1.50424
0.0734105,4.93524,1.59875,7.78479,6.0975,7.81322,10.4771,0.521177,8.44078,4.78356,6.34354,11.4618,7.31753,4.24714,2.51034,0.183865,2.65788,4.48208,3.70264,1.61373,3.89384,8.29059
3.29913,1.86008,8.27963,11.4953,4.32944,2.67737,1.87926,0.732602,6.3944,5.88041,3.59379,0.0954244,2.39753,9.79006e-05,2.94083,3.49098,0.633357,2.21112,2.56506,0.532996,8.74336,9.65054
7.2671,8.9773,4.27131,3.77236,4.09385,6.4044,7.96506,4.46389,0.616408,5.42577,4.96782,0.860367,1.44349,0.245433,0.138855,1.24224,0.367429,2.42587,2.30726,1.63626,1.46609,4.15252
6.502,6.14075,1.09907,6.90154,8.84809,4.53689,0.348881,3.21645,5.15143,2.45922,6.08268,7.27239,0.128745,2.26948,1.02042,0.742459,2.64291,4.57024,3.00328,2.40387,2.249,2.22412
5.503,8.02646,7.82068,3.69228,2.88475,1.42669,0.272554,0.332092,4.85605,8.21573,6.484,7.21971,6.88788,2.77574,0.270175,0.0605966,2.46108,3.97472,1.42533,2.16217,4.67056,2.56945
3.82804,2.13862,3.18683,8.97873,5.31513,5.56864,6.41534,3.63841,2.42373,0.946398,0.691328,1.45606,0.578505,1.57919,1.53238,3.92406,5.02979,1.46784,1.53592,1.74634,3.68794,4.34684
0.367958,2.26036,1.85715,0.31596,5.72847,12.7924,10.7393,3.89357,2.44647,0.661679,7.91638,11.51,4.70023,0.829477,0.0986281,1.24562,1.12206,3.18976,1.27914,1.44352,9.96177,13.8996
1.91902,2.74599,0.655601,7.81333,9.01695,0.63607,2.55132,3.08458,7.19068,5.94994,4.35667,6.84036,4.77657,2.72552,0.645072,1.25156,0.953615,2.54501,0.335937,0.123026,9.10046,14.3907
0.204535,0.925074,7.24934,11.3672,0.473707,10.4621,6.39496,0.327958,2.57474,4.48914,2.75001,3.34936,2.80046,2.11572,1.47013,0.21602,2.68326,3.28188,0.167485,0.816083,5.85566,11.2643
1.28292,1.14497,5.72511,9.83993,1.30668,8.1114,5.05113,1.29539,1.63792,3.3543,9.90817,9.13849,6.02698,2.22508,1.31542,2.15009,2.04733,1.93176,1.41946,1.40593,2.70054,8.02246
0.143931,1.46435,8.21321,14.6606,10.477,2.84892,0.293614,0.804233,1.76229,2.56246,2.71351,6.4454,4.40823,2.49869,0.855049,0.302485,4.20852,7.13712,3.38884,0.844651,1.22327,7.26837
0.330032,1.36622,1.62763,8.83508,7.95903,3.17234,0.0970005,2.96516,5.463,0.103636,11.7857,9.76363,0.608959,1.31622,0.667172,1.21845,3.09584,4.70439,0.807076,0.951147,0.0539533,2.16071
1.89891,4.09314,14.1061,15.2137,0.150145,6.68644,4.67798,3.14731,0.0334639,1.10027,0.316944,0.449315,1.73145,1.51715,2.32835,3.51954,1.95311,1.72531,1.6251,0.787511,1.11082,0.841675
0.342619,0.604796,14.4117,29.3709,14.8143,4.26837,1.76035,2.0922,0.312594,3.11396,9.33202,8.34458,0.478962,5.41959,3.46082,2.01081,6.81355,7.92864,3.6284,0.695948,1.06648,0.15446
0.101963,0.939903,8.54534,11.5463,0.00906105,4.92926,0.833325,0.723829,0.334094,3.85814,6.56183,2.95475,3.9897,3.75054,2.377,4.3822,5.22701,5.68815,0.728644,2.94949,2.33722,2.49878
2.02721,1.78366,6.90009,9.1263,1.07503,2.79384,5.99395,1.13907,0.155084,8.1154,9.45708,4.6707,3.63032,3.79253,1.34694,0.0704326,3.21035,5.78114,3.40033,0.911846,0.210752,4.80532
0.820338,3.67281,2.11501,23.4512,28.856,12.1772,0.439774,2.0832,0.69432,0.471817,1.54299,1.68956,1.50187,1.79477,5.5174,6.47809,4.39184,1.56233,0.821301,0.23393,2.43882,1.17384
0.254347,1.43479,6.15664,2.75138,2.80375,0.249703,0.440944,1.74863,1.22272,4.12152,3.07488,5.51004,0.625477,1.13215,2.81459,0.614455,1.16764,4.16973,1.27977,1.25803,4.64726,3.22426
0.997429,1.31452,0.906926,3.07846,9.87404,10.882,10.7142,7.09149,7.80814,14.9999,9.32401,0.0104039,6.49298,5.66885,0.158641,3.15859,1.49606,6.22112,4.62188,2.28594,0.914904,0.490489
0.900967,0.16413,2.24738,11.6902,18.6313,3.23821,10.082,9.41148,9.54648,10.6539,11.6663,10.4503,12.932,10.8267,2.20883,2.5213,6.12911,5.14787,4.75884,5.92013,0.762582,8.97523
0.720055,3.44616,7.70269,11.466,14.7658,3.33393,14.4455,9.88927,5.85439,6.99842,2.00945,6.21881,7.48624,5.40944,0.295792,1.58191,1.3135,1.51752,5.71061,6.73686,4.93272,12.9843
0.730339,2.52777,3.56745,2.67967,0.285291,0.811473,11.3821,6.67605,8.95242,11.4559,11.851,11.0925,11.0903,10.1497,3.11425,1.56979,5.35118,5.12938,1.31608,3.3956,8.06057,15.7675
0.61846,3.7299,11.7733,11.7361,3.31325,15.1211,14.208,5.08924,0.13652,1.50271,3.83629,7.78294,6.16988,4.76206,1.46121,1.03734,5.17967,8.63282,7.09259,3.9463,9.21493,16.3661
2.77264,0.606167,2.23371,15.8291,19.6426,4.07961,4.37466,1.54773,5.45361,5.08066,13.0553,16.9212,12.1059,7.56048,0.841087,2.91972,3.16502,2.26229,3.3323,4.22783,6.1832,6.74442
0.987367,2.39744,9.87427,8.0688,10.0342,7.41896,10.3518,5.14791,8.09797,8.71791,6.80817,6.75179,8.57525,7.07311,1.60906,0.989486,5.36534,5.15557,0.456917,1.99165,2.47282,4.37168
2.06366,1.62992,5.14919,18.5535,27.3421,10.9201,10.6863,8.20116,3.54577,2.28397,11.3873,16.2652,9.83654,6.56885,3.7908,2.66807,1.59442,0.561285,1.2418,2.50648,3.67425,1.83181
1.06864,0.624644,3.74809,1.1414,7.87617,4.79852,19.2046,10.5932,3.2931,5.01505,3.39631,1.76139,7.98022,8.08526,1.04347,1.44185,2.34286,1.34925,2.09157,2.13054,0.819863,1.34159
0.625704,1.60293,7.03697,12.1474,14.2593,7.14083,3.53155,3.88812,1.23562,1.60185,6.79291,3.9183,0.486195,2.44271,2.70491,0.20899,0.822182,1.97476,1.42196,0.00555501,0.215892,0.0126222
0.893342,3.28273,3.35954,1.12937,2.83906,4.34847,4.12842,3.12797,5.74562,1.76322,3.55457,2.27918,1.74923,0.204143,1.13538,0.150839,0.934532,1.26483,0.116497,0.316045,0.864854,0.977609
4.04588,1.00248,5.91163,5.34926,1.80442,2.86471,0.82342,1.17148,6.27616,3.86574,0.277073,1.1637,3.21944,3.39932,2.33527,2.68674,4.49025,5.48141,4.24296,1.29713,1.17817,1.95195
6.92917,10.6478,10.7301,0.953869,6.81446,3.47469,3.27247,1.18239,7.91348,12.3485,7.17442,2.33206,0.985695,0.271527,0.594604,0.144803,0.621788,1.1641,1.29821,0.330615,0.615426,0.765069
12.5724,10.0126,1.01847,1.57977,8.59194,1.16558,5.01542,1.77227,8.76223,11.8126,5.4671,6.27373,2.54043,0.97422,0.161883,3.13923,6.14455,3.37915,1.03885,1.30325,1.49891,3.40931
14.973,20.3004,17.4141,5.47025,2.03797,8.76794,14.2742,6.02681,5.73809,12.032,15.5286,15.1418,12.9963,15.4868,12.9716,8.80499,12.9129,11.7641,3.15054,0.69023,2.11958,2.88354
14.3338,15.3403,5.92196,0.867662,3.07018,1.91313,5.53708,6.28744,12.9074,2.40015,13.7172,10.8696,12.3456,12.624,2.83391,2.24946,2.93493,5.10965,0.166161,1.35706,2.31711,3.84224
11.0427,18.3469,16.5595,2.56402,4.34682,4.12414,1.85672,0.756072,6.95907,3.15482,2.03254,0.422984,3.46068,7.6377,7.45651,4.11056,2.71008,3.89521,4.62963,2.81928,2.00167,1.87894
5.21449,7.97909,4.05393,2.84827,2.50748,0.311486,0.581235,1.07984,5.84672,9.68239,9.18041,4.86486,2.05028,1.90409,2.38929,1.85205,1.59623,1.0452,1.29872,0.783376,1.64069,0.397447
3.78727,0.79107,3.50696,1.3854,2.20809,0.164439,3.62292,3.00326,1.94181,0.0640057,3.14512,5.33306,5.26494,4.14469,2.19708,0.0487476,0.23452,1.05104,2.62138,1.58285,1.49719,3.66215
13.1305,15.1768,10.9297,4.95143,2.36238,2.95283,3.49324,0.116083,3.96577,6.77187,5.27341,4.48732,3.26909,2.87102,3.57304,1.73645,2.43239,1.12296,0.935082,2.9281,5.22944,5.56964
31.4287,33.964,18.8988,0.0569391,3.37235,5.11808,1.76377,0.308023,1.11272,0.491409,2.75804,0.965225,8.79796,10.3583,5.0003,1.36038,0.365196,0.278714,1.22978,0.396165,1.65164,0.841953
45.707,50.6381,29.0435,1.32531,1.35582,4.04147,2.82829,1.03921,2.33229,0.0279172,1.7021,1.66799,1.66697,2.62918,1.90154,0.570348,1.88373,0.966487,0.5079,1.64951,4.5053,5.19801
55.7804,62.2877,35.0121,0.174071,1.7865,1.70081,0.330611,0.264404,0.725573,0.20347,0.400907,2.35125,4.71748,3.95217,2.29995,2.22306,1.99386,0.688311,1.32172,2.14926,1.85352,1.26122
60.0336,66.8109,37.9943,0.0586851,1.51112,1.66009,2.6298,2.29108,0.338444,1.67492,0.412474,1.69194,0.444519,1.04065,1.00466,0.400367,0.860446,1.32644,0.753909,0.351497,0.261198,0.392351
59.4851,67.7126,39.3962,0.67085,0.981133,3.30744,2.85753,3.07501,3.36645,1.63507,0.493488,0.707992,0.757629,1.79974,1.37577,0.124415,0.0729304,0.429914,0.0711094,0.358017,0.876794,0.0107755
55.8174,60.8635,31.1206,4.84941,3.71816,2.19362,4.28788,0.193528,3.78434,1.94702,2.53722,2.53282,0.498409,1.84114,0.952343,0.246052,0.814928,0.865668,0.49955,1.0728,0.219996,0.943161
52.067,62.1928,42.1475,7.41907,3.46559,2.21109,0.310716,0.0274065,1.95818,1.03369,0.210543,1.54903,1.74533,0.916848,0.600567,1.85645,1.55045,0.590319,0.672644,0.0300785,0.570073,1.14246
46.8972,39.2504,17.2192,7.19219,9.15325,10.8869,12.2065,0.0636322,0.595096,0.996395,0.469896,0.00400039,1.28201,0.111734,0.144034,0.447403,1.26976,0.987636,1.16529,0.200082,0.922935,0.910035
31.2747,39.7817,73.9343,75.2534,1.95907,34.4707,4.98257,25.2884,25.0484,29.1163,32.1039,19.2254,4.8957,2.87578,6.90734,8.57978,8.68647,7.1202,2.89171,0.648376,4.81513,5.69409
34.1256,47.0349,110.961,169.074,102.717,10.9851,7.71828,10.6535,3.99293,2.55095,13.3592,6.78623,0.92359,0.921586,0.996494,3.02822,4.39389,3.65315,2.14132,2.81349,1.61479,7.45315
31.4268,21.4499,82.2152,41.8478,1.04807,7.35258,13.2277,2.31976,8.11402,8.2189,0.719869,1.12023,2.89684,1.84345,0.0875276,0.0307208,1.88174,2.99736,3.13476,3.21451,0.980022,4.91652
27.9285,107.05,127.087,26.0299,1.92248,8.17295,4.70822,0.948862,6.66185,4.06181,7.54288,8.15226,0.38051,1.32888,0.0420493,0.671795,1.66952,0.879393,0.687445,1.1277,1.8272,3.85233
18.9972,24.4514,26.7735,8.12899,6.08753,2.40406,3.71112,0.33943,5.77465,4.0877,0.21879,0.679488,2.01049,1.40147,0.0177838,0.28924,0.846698,0.660982,0.180135,0.581678,1.74533,2.276
86.6153,98.7621,57.8508,8.54171,21.5266,27.0421,17.1987,3.16964,9.8667,8.92465,1.43349,2.53309,2.63953,3.0726,0.574488,2.71159,1.96567,0.857198,1.20116,1.12837,0.133322,0.369259
115.422,122.747,78.0767,6.99609,16.1048,4.47845,9.65965,2.16901,2.41658,0.571719,1.00755,4.30257,3.75445,1.13054,2.10068,1.07547,1.79096,1.30442,0.70089,1.35994,0.665496,0.0516646
117.328,102.961,37.7241,3.04865,18.9808,2.08223,22.4153,8.69708,10.8665,13.7347,7.53791,4.75069,6.90148,7.94022,3.70317,2.26329,4.24587,2.74479,0.0382688,0.422085,1.0101,1.84831
67.5972,71.3932,39.6552,4.91842,19.5464,17.7078,2.84091,12.2303,5.11762,0.888751,4.15704,6.9588,6.72592,6.97388,0.801297,5.14761,3.03867,0.795851,1.63647,1.18514,1.50931,3.48815
4.05559,12.1369,0.835439,12.4715,3.02861,5.98847,9.62767,7.63103,14.634,16.4859,9.00477,3.19894,0.635206,0.0232556,2.3415,0.219886,4.72473,3.01933,1.2196,2.64086,4.02238,4.79256
45.6868,12.1908,18.7693,6.08777,10.1408,21.8028,6.66824,3.5759,2.94581,4.72414,4.04731,8.98494,10.185,11.4214,5.56589,0.610866,0.689342,0.814865,3.60003,4.84981,3.25756,5.52204
34.3659,18.3596,8.13995,17.2082,11.6337,17.7895,32.7577,23.3427,26.3245,20.9026,2.2362,1.90613,5.70311,11.4272,4.65129,2.05319,11.9085,14.8615,3.32602,5.96437,5.54343,4.11504
13.0577,25.8351,21.8294,2.51457,11.1901,15.2895,0.872894,14.7749,26.0931,12.1457,17.9029,17.7696,3.47546,4.63037,2.12143,6.55541,3.72172,15.2249,1.50456,8.50149,2.35664,0.244345
56.1483,56.5562,27.6986,2.37622,5.84592,12.9889,13.9175,9.01104,13.5508,19.4043,11.8087,2.97904,1.27178,0.898896,3.26596,3.13819,15.9853,16.4942,3.54846,4.71712,1.39464,3.93446
76.3159,70.618,27.39,11.4298,23.4023,30.3625,8.10586,18.5227,33.7215,19.9118,10.2988,12.1047,5.77954,4.51131,1.38594,5.18841,9.4615,2.72418,0.472714,2.23312,1.91968,5.48574
68.3942,77.3106,49.416,15.1278,16.449,5.42553,18.5079,7.70354,3.87707,1.92054,0.877949,6.01275,10.2155,10.2918,5.5743,5.22363,3.63659,1.62245,3.68683,3.86649,3.46263,6.15534
62.0627,56.3474,15.6435,20.6387,25.5365,19.4949,5.78379,8.13796,21.6374,10.6552,14.8998,14.4377,3.19638,1.13417,3.41517,5.93254,2.31037,2.96624,3.32832,9.80453,9.90724,8.40347
52.682,68.9265,57.0807,23.1715,25.405,38.1686,30.9814,14.1353,14.7676,12.7047,9.39769,11.0127,7.23644,4.77904,3.43125,9.11354,14.5166,7.81172,4.8216,7.3027,4.80855,8.38699
50.61,40.0398,3.07055,14.967,4.2738,18.8496,0.772144,10.5214,6.44029,0.689562,18.6538,11.8897,4.2355,4.88568,4.09883,3.13723,2.90815,2.7413,5.69802,7.14108,3.97347,5.45089
38.5262,55.7336,54.8743,17.6806,0.935515,13.1543,19.4064,0.374324,24.8346,23.3345,16.5137,16.8976,14.1895,11.2119,2.44706,4.43369,3.40638,1.73474,6.01507,7.66012,9.17128,10.591
34.4436,25.1389,5.73247,4.65754,17.2794,8.11806,4.24921,5.45568,6.8852,16.6783,19.3669,9.34528,4.23067,8.57014,6.74681,12.7284,21.2947,14.8625,2.62555,1.50725,0.587081,4.83452
24.2734,35.5222,36.1625,4.91412,31.6382,50.6129,46.1664,13.9439,22.3201,26.4403,21.4518,16.296,5.8006,2.05746,2.05278,2.08987,3.48675,4.80103,0.160094,5.49291,0.567559,3.487
11.6493,9.26146,4.23523,3.91857,15.7612,5.40408,1.21732,3.80757,22.6363,28.8233,14.9602,1.07892,10.1305,8.48372,0.595539,7.7674,10.1743,4.12017,6.18195,8.79338,0.526939,5.2918
1.92852,1.60575,6.86894,0.556362,17.7123,22.8963,12.472,3.93461,7.15254,17.4329,25.7288,18.509,7.69199,4.41015,1.78561,3.06826,3.11971,7.5087,10.4897,9.69195,2.93681,1.74047
13.1359,12.6711,4.16449,0.719507,4.93608,12.5727,1.76104,2.69279,23.8018,25.5013,8.04382,1.44731,10.143,9.8568,3.28381,18.6454,28.2932,19.374,8.51351,7.29313,4.65424,0.455847
25.0776,33.0738,30.2751,6.74599,24.5218,51.1624,45.8744,10.5372,15.5448,1.05869,21.797,16.58,3.43674,0.304286,2.34997,14.2469,13.9084,1.38313,4.83629,2.2947,4.34155,10.5442
40.3382,33.6556,3.31112,4.42574,18.6473,10.4576,11.5665,5.18133,4.26364,0.777067,7.42525,10.965,11.9089,8.1731,2.33951,3.59649,12.0968,2.92501,5.47088,6.15679,0.182774,4.8957
49.6407,67.1598,61.4655,10.9293,28.2815,24.9813,0.790931,2.14902,15.685,1.98547,15.7877,8.78542,0.126541,1.18004,4.65967,5.75557,8.01633,9.38801,8.64364,8.9166,0.340406,10.0046
68.9301,54.0103,0.954247,8.99142,35.5276,33.7331,3.25003,7.62369,13.0633,17.6349,19.7466,19.459,17.4362,12.6116,0.436572,8.29167,22.899,15.9367,10.4194,11.9777,0.427864,10.8752
75.1041,96.8971,83.9308,14.5571,14.5546,26.0995,50.1885,22.2936,3.31095,3.7185,2.9738,3.95634,2.44083,1.22705,8.67981,20.36,17.165,2.86444,7.83467,9.24807,7.04405,18.6433
83.66,67.4161,10.1812,7.1961,18.3147,18.729,6.3382,6.45254,13.7653,24.2048,29.6082,22.0914,12.0466,7.72243,4.80742,0.0538238,2.91702,2.50172,1.12217,8.50326,2.14136,11.3737
89.523,112.705,96.1338,41.0295,20.1819,2.13796,10.8034,4.94444,0.658289,7.42731,18.7534,15.0286,1.86737,5.53271,8.19798,0.895397,14.9121,16.0454,3.9407,1.42597,3.93975,10.8574
95.9678,90.5197,36.1288,10.4475,36.4623,47.5044,3.29125,16.0122,9.04476,20.0926,34.2523,25.9524,12.3166,10.2366,8.46965,3.38649,7.30736,11.0585,8.15962,6.4098,4.79898,5.62008
100.133,116.466,82.6005,35.7326,27.4282,24.4295,51.7992,23.2253,9.22091,2.16406,19.7034,15.3284,4.35519,1.77246,1.95014,4.52598,0.524992,1.49677,6.65966,11.7578,8.70777,7.69252
101.224,103.653,52.9666,9.35689,30.3027,28.0542,2.55622,3.28083,0.349791,8.34831,26.6453,23.1461,10.3962,6.80578,4.47488,7.12652,0.315737,10.9118,1.91289,7.35529,5.54118,4.69963
101.938,104.807,54.8799,9.67392,21.6938,27.2546,19.5519,12.7241,16.3783,0.758272,21.0549,15.7485,9.70566,11.0768,11.5592,2.55048,26.0252,22.6753,2.2868,5.60221,5.06396,1.05368
98.1169,110.316,75.804,17.3198,21.6949,37.2978,8.03351,22.6303,31.6232,21.2882,13.4292,20.6834,8.03266,5.36568,1.41387,11.1365,10.5541,2.06579,1.89298,1.08394,2.00501,0.0536762
87.1748,83.553,35.405,11.446,10.7302,22.348,39.8598,13.0748,2.53767,14.7403,24.2473,18.5269,12.5689,9.91746,10.2216,18.1329,15.7631,6.27576,6.72419,8.2892,3.7703,2.81961
84.0706,103.201,82.9923,41.7863,44.1399,30.0376,1.0605,1.26064,20.6731,20.6996,12.2932,22.9619,11.4656,7.4665,0.456281,5.71169,1.79687,3.04061,8.733,11.5123,5.31692,0.0435246
78.7573,65.0457,8.83732,25.7184,29.6236,40.1654,27.2669,14.9195,20.2196,23.0386,21.1074,19.6046,17.5583,13.3047,9.06599,20.9146,29.0554,18.0568,3.79471,3.90129,6.51882,9.25671
60.4573,80.8084,67.5824,24.5483,2.26306,26.5401,7.69742,12.8459,1.59952,6.69497,11.7579,20.4222,13.0968,6.49981,4.60019,3.72742,15.1991,5.71729,0.368116,0.556218,2.21347,5.38603
58.5605,44.3029,2.09399,13.0521,4.74809,36.6649,44.4142,11.9043,19.2952,22.6518,18.0028,17.1403,14.4957,12.066,3.09494,6.15369,4.47408,0.869883,1.84173,4.12954,2.61901,10.2872
39.8528,57.2703,57.2663,12.9327,22.8964,21.4649,3.52132,3.46623,9.18648,3.77025,13.919,19.5499,8.58535,3.42161,3.9862,4.66301,6.28021,11.4535,3.75618,0.756675,7.65688,9.65952
33.1701,22.1494,4.93768,0.552936,35.2341,47.5315,35.8837,9.51529,0.0920026,11.3143,0.718822,16.3559,16.091,9.31794,5.31075,17.0582,16.3529,6.22313,3.86153,5.86233,2.33638,11.2592
18.694,25.9168,26.5541,1.56111,5.05997,17.4947,0.592323,8.05799,25.9636,31.6036,22.4057,15.6483,8.33306,4.22203,3.23509,7.71275,11.0595,6.23447,3.2395,2.22055,5.82594,12.9989
5.2824,0.306027,9.96814,4.94553,23.4776,49.6553,44.0244,9.04175,23.1609,23.3851,1.08809,10.7562,15.3564,11.6762,3.74591,5.72289,4.71282,11.3921,11.5368,5.72415,4.72532,8.22326
6.62344,8.86964,11.0307,13.7016,11.1024,1.18338,1.05841,3.7011,4.33487,15.9733,23.489,15.0335,8.36396,4.50427,1.29277,0.086754,5.03174,7.20252,8.10137,5.88969,2.85378,9.20736
14.3518,13.0734,4.8493,3.06734,16.1463,31.8992,31.8628,4.85665,19.7057,10.1792,5.2519,3.09003,4.85057,4.4148,4.95306,6.62848,6.53419,8.0639,2.75267,1.85129,1.07604,0.496343
27.5278,35.7785,34.8525,7.72946,0.0314924,21.2871,8.57858,2.81847,28.2119,11.4091,16.9811,13.2172,4.8799,3.05998,0.212859,0.926205,5.98265,9.41762,7.70636,4.00745,0.710555,1.2714
38.4384,32.7831,7.21256,6.72916,42.3059,58.4804,41.6838,7.52455,15.7027,16.2382,5.51775,3.57519,11.7159,11.4822,0.153896,8.49207,6.9659,2.55912,1.70906,0.480994,0.00279957,2.2035
43.5183,55.46,48.1941,7.26624,14.1283,2.15639,0.228048,6.25098,3.33738,0.623787,3.61587,4.92859,3.67254,0.627235,1.65458,0.935957,3.88377,4.87199,2.6346,5.09396,5.99702,2.63108
53.7592,48.3512,15.7405,5.59248,17.6513,2.55395,7.64498,1.59604,16.7723,22.0383,4.63801,1.84341,3.9773,1.64739,4.50171,8.20819,4.0144,3.61779,3.02331,7.49599,11.7474,4.77312
55.7583,68.8738,56.3403,15.9237,15.9105,31.8002,14.4858,1.77665,9.33264,8.43745,2.11136,2.58187,7.10713,8.55761,7.82041,6.36891,2.15968,1.79428,7.94466,15.9591,13.889,6.42735
62.2201,57.8258,21.2121,0.892518,0.635604,29.2584,30.2706,16.4001,14.5611,1.82109,13.6881,5.52537,0.944015,2.52491,3.47006,1.72925,2.72446,4.52767,0.95626,0.524053,0.709905,3.40134
66.1728,76.1194,50.8327,9.92477,3.62823,9.07381,0.912161,22.0811,45.9081,32.9565,0.572465,6.54714,0.0702461,5.73322,6.60926,4.53543,3.94741,13.6211,6.31969,10.1672,13.038,7.08186
67.6572,63.6948,25.6208,5.41555,9.75734,18.9519,11.0914,13.7046,43.642,45.3714,21.2475,6.70989,8.89129,17.3468,11.3239,0.607653,10.8399,7.93467,1.7981,0.0517005,1.58441,3.60686
42.8602,80.7769,132.264,109.533,7.3751,41.4418,10.9588,4.16178,18.6927,22.3618,6.59233,2.09955,0.583433,0.905621,8.344,7.31059,3.26029,5.4375,6.70895,10.0362,6.68243,0.315628
17.5118,1.14234,63.4198,174.708,106.23,7.19238,19.512,2.64007,27.4647,18.9247,9.03229,10.6762,1.17555,3.62154,1.08313,1.45137,4.81919,5.8042,4.34951,4.09306,0.0665653,5.1471
31.8393,44.0158,63.03,55.1148,23.038,16.2453,23.0934,1.98162,21.9401,17.9043,5.63633,2.65474,0.291792,0.270963,1.14682,0.0659999,3.49449,1.9921,2.49382,2.18347,2.41342,6.40745
8.39543,5.08831,7.47396,1.31061,10.5579,11.8282,2.90762,0.440536,10.1798,5.62755,7.11293,8.75277,3.53687,7.30207,2.14441,1.75533,3.41646,2.65002,1.14771,1.32032,1.45571,0.759335
93.8057,135.961,103.436,13.2149,6.23543,5.53084,2.74429,0.805876,4.21136,7.41074,3.1397,1.29884,1.72919,0.624996,1.18765,0.0178387,2.24854,0.963461,2.27386,4.41062,2.75393,1.04383
105.42,121.485,63.1979,16.783,13.9024,0.14888,0.491545,2.28598,4.36856,5.11796,5.65696,4.62,9.85532,9.82591,0.963094,3.87176,2.37959,0.596194,1.41499,7.17517,13.2964,7.91088
131.94,126.762,56.6006,6.34611,4.47682,15.0468,14.1337,8.38289,3.24306,0.781527,0.94714,1.36403,1.92514,2.09137,2.59136,1.09472,3.94398,7.0775,6.51887,1.88131,2.04705,4.59484
156.881,131.016,47.241,8.29721,2.60494,1.19654,7.12849,11.3951,15.3952,10.6378,5.64262,7.87728,0.704178,1.54551,1.11732,2.82309,3.3552,1.10382,0.404976,6.26271,8.37105,1.42566
136.554,112.319,43.9689,1.2857,3.5919,0.142589,6.61203,8.8999,11.4707,7.77048,0.0705523,1.85584,7.5276,6.5641,2.99014,0.570583,1.31543,0.0973069,2.51737,15.2209,17.3845,4.72269
63.0254,52.1291,17.4804,0.161864,4.41056,1.60768,3.27124,0.260829,0.283773,3.17663,8.67343,8.13766,1.48334,1.93913,1.98407,2.64956,0.839139,1.68586,0.454585,5.59023,6.88075,1.47584
32.8759,14.9356,4.73168,2.07151,6.80747,10.4862,6.56175,5.11549,7.75354,1.2381,8.42142,7.20897,2.13263,0.114941,1.59684,3.21503,1.34566,0.386892,0.970496,4.77533,6.58493,2.9422
66.7673,44.775,8.42505,8.30505,6.84223,0.351526,0.186088,7.64457,13.2444,8.33553,1.26764,1.11879,4.02319,3.03453,2.06646,4.4188,2.03535,1.66629,3.2999,6.38419,15.2761,6.38693
21.9553,17.9561,1.8728,3.92465,6.93702,9.41166,6.80935,8.69861,11.9687,5.44385,3.28875,5.35765,3.89292,1.72939,1.60822,2.01852,1.04888,1.86427,0.684327,11.0215,14.3317,3.95499
4.63202,0.526419,1.79121,7.17999,9.75002,7.27471,6.99943,7.07714,5.59952,6.7262,14.9131,8.0806,4.71599,4.49471,1.40694,0.0218607,0.912722,2.50206,3.78884,1.66328,3.83529,4.3182
1.35365,0.986693,1.94518,0.219253,3.09334,1.39357,1.7923,5.82081,5.69434,3.08255,8.63306,1.45626,4.03317,2.66524,1.56411,1.94312,1.51305,1.6888,2.84619,5.31916,14.2076,8.16749
0.323362,0.213461,2.03361,5.81229,7.25854,6.72661,4.15459,4.02471,6.33504,1.57168,2.3473,3.41478,6.73884,2.53939,1.57657,2.1285,0.242314,2.2984,1.86369,7.77374,14.3104,4.63625
0.887224,0.364572,1.18209,1.49592,0.0190005,0.47822,2.0568,6.14362,8.34622,1.44508,4.11944,3.16347,7.40773,1.18885,0.493735,2.05837,1.34703,1.0458,0.377621,9.01718,14.9634,7.4908
0.361825,0.334812,1.02088,4.14567,3.78795,0.463148,0.794121,4.26256,6.04386,1.14216,5.01088,1.35331,4.75709,2.71925,2.54681,4.873,5.25036,2.30462,1.09991,10.4942,10.0994,1.43874
0.138583,0.198629,1.17232,1.24629,2.78955,6.11766,3.2281,0.965698,0.150169,2.7777,3.26726,0.267258,1.7671,0.614164,0.393082,1.99576,1.92367,3.12482,6.66678,16.4531,9.51131,2.46557
0.607648,0.13776,0.2552,3.16501,1.85087,3.09201,2.65234,1.11058,2.81212,0.98545,1.24095,0.312965,1.30425,0.788401,1.56411,1.96462,1.45678,3.59495,0.822645,0.157059,7.85935,6.20048
0.0928877,0.551323,1.56799,0.51358,6.0665,6.50842,1.62134,4.3613,6.00051,2.63916,4.53309,0.610898,2.71914,1.94941,0.88142,1.00472,0.258728,0.25184,0.864836,6.95245,12.1656,5.69636
0.875109,1.12228,1.77473,0.715721,2.96393,1.8833,5.7674,1.05342,11.5483,7.83733,3.0201,3.69192,1.09505,1.36367,1.2091,1.27137,1.82663,2.58787,7.21663,31.5717,31.7869,9.82579
0.966211,0.653746,0.443296,0.773083,2.12057,0.410594,1.08613,0.697174,4.22978,4.64711,2.11715,1.14068,0.00716273,1.07196,1.57283,2.19523,1.32152,4.98829,3.64434,11.6186,3.3277,2.49346
0.108038,0.508915,1.94368,2.37397,3.06279,4.28932,3.34167,0.624817,1.80962,0.75428,3.3628,1.50357,3.33908,7.06198,6.03931,1.84594,1.59262,2.42168,7.80564,15.0329,9.19519,1.47489
0.190409,0.161497,0.763535,1.62858,3.42675,5.39771,3.83464,3.31492,4.93916,4.50851,3.77699,2.74896,4.27165,5.34548,1.68842,1.58845,3.99032,3.96143,5.94358,20.2574,14.5547,0.986664
0.36225,0.748613,1.21156,2.01199,1.16167,2.43536,3.58648,0.257177,7.88511,11.6916,7.30402,2.95713,0.755648,1.9808,3.47072,2.51617,0.273854,0.818398,2.76052,7.88235,5.93573,2.07094
0.0444596,0.281168,1.46148,0.0169732,4.62447,4.60913,0.982625,0.555743,4.48498,7.52653,3.38561,1.63975,2.99081,0.631246,0.123153,0.614869,1.7504,0.61666,7.85901,9.98496,5.84215,0.883051
0.127969,0.154082,0.56321,2.57625,3.55827,0.450204,0.728629,4.27082,6.6445,0.389525,3.05044,1.52673,1.05052,1.8936,3.77792,3.12789,0.53879,4.19038,4.01099,0.138135,0.0253743,0.87903
0.713495,0.363983,0.235449,2.05749,0.943909,7.92375,6.26973,4.17182,12.7153,15.9197,10.5622,1.54015,5.39905,1.41392,2.53861,3.67421,5.47967,3.74566,6.06267,13.5235,9.2983,3.83045
0.631134,2.03241,4.85484,1.38026,5.52884,3.18348,14.8483,16.9088,17.7264,15.1587,5.82647,11.2962,8.58057,14.1785,3.00062,1.0011,3.14649,5.10488,2.95191,0.304201,4.61498,11.7013
0.279986,2.53208,7.1618,1.96182,10.2569,8.18288,3.5218,5.81147,0.196914,0.468713,7.15067,6.86691,2.88873,5.82824,2.99497,3.14114,8.80974,14.285,12.3333,10.0953,10.6047,9.43802
0.434153,1.31102,4.64261,3.94676,13.7139,5.52507,1.79475,4.81499,4.45211,2.00823,14.3111,9.11318,8.77672,11.487,2.26219,1.65388,0.404803,1.73421,2.80139,4.19076,1.61184,4.35501
0.0472762,0.909039,1.1091,9.39645,22.6542,25.4081,21.0717,9.73221,3.94563,6.88324,9.1587,7.52085,1.85047,0.265383,2.67266,3.51094,0.98841,4.93111,8.29416,0.198244,11.9569,13.7038
0.447294,1.06335,3.10886,1.23832,9.50651,12.3059,15.5096,11.1218,4.89241,14.6959,20.85,8.96544,10.1047,12.7217,3.51432,1.57421,2.37054,3.23353,5.09155,1.50345,5.29993,6.62022
1.41157,0.0906879,7.24405,16.1876,13.2695,5.50717,8.2331,3.92451,12.1401,12.5003,2.35841,1.53231,3.15224,1.39914,0.0682928,0.893085,1.56847,4.17707,11.8514,14.3223,6.01871,1.2161
0.161598,1.9662,1.20356,9.7465,4.37295,5.0228,2.71868,6.86743,11.375,0.253074,0.720442,3.80879,7.14928,9.86788,3.16597,1.09961,4.94616,10.4208,8.92726,1.48129,1.98024,2.23073
0.0757976,2.28158,9.81881,11.2339,1.53047,13.5505,13.9471,8.89718,10.5015,7.39276,2.54165,4.99373,7.01661,7.24871,2.04655,1.59952,0.291823,0.81277,5.61261,8.04108,5.66128,1.72493
0.992823,1.9658,2.74957,8.37428,12.0376,4.70138,8.70847,6.99616,4.89163,9.14007,11.487,7.95539,2.11578,4.45495,0.659566,4.42243,4.34244,3.20381,9.63554,1.16196,3.55564,1.12982
0.109416,3.26826,9.1076,0.996246,14.1061,12.8165,6.21471,0.957098,6.97823,5.91989,6.185,2.29164,4.55499,4.85565,3.55218,3.43879,2.44549,10.7433,16.006,0.748109,5.51387,1.63975
0.169496,3.24149,6.38437,3.32517,15.0978,10.9979,4.19237,1.44923,9.67383,8.50924,0.568254,2.20895,0.649192,2.69189,1.99212,0.960512,1.64068,9.751,17.2675,17.6781,10.5256,0.979666
0.964333,2.72898,6.83403,3.13045,12.8983,5.47124,0.358228,1.8313,3.0948,0.553218,2.50571,0.950871,0.345619,0.0163807,0.601173,0.687252,1.80883,9.56009,15.0444,12.4407,9.93166,3.64532
0.0695613,3.82447,8.52062,0.448075,10.6106,8.45723,1.62654,1.27257,2.62515,6.03667,6.18019,3.05423,2.13658,1.83116,1.26279,2.11854,4.90978,2.55643,10.5004,7.10442,6.41331,3.92195
34.822,50.5247,19.3946,82.0995,72.1459,20.469,34.0157,11.6751,8.02829,7.57455,9.55412,3.59658,12.049,10.8359,1.12266,4.40155,3.20658,8.15712,18.1294,19.3273,17.4754,12.2556
35.2386,46.7969,3.65172,57.9618,4.96163,40.3733,14.995,16.4106,21.1263,1.93809,8.65914,2.48791,8.70875,0.425725,3.60839,1.27636,1.88723,2.84388,9.36697,7.69134,3.30738,1.15834
34.2974,19.9026,122.966,89.8704,0.7371,1.07269,6.05909,4.70415,5.96487,1.98199,1.80173,2.54158,0.799115,0.910552,0.0304392,1.77368,0.646315,4.63335,10.407,4.76903,0.295088,0.0446315
19.6798,95.6154,125.031,31.1055,7.82127,2.63627,1.82727,2.31107,1.39165,0.101726,0.0735246,0.0491602,1.34326,2.47656,0.702954,0.47351,1.06995,3.50964,9.97386,6.62157,0.949597,0.516785
52.8715,64.8942,52.314,12.7563,0.502856,0.0625495,0.958107,0.941729,3.8533,5.43007,3.94575,1.19406,0.663721,1.49784,0.500912,0.108904,0.324513,4.23291,5.25716,0.963238,0.471003,2.02717
104.277,124.919,81.5084,12.5316,5.25818,1.36518,0.632276,0.393143,0.546598,1.85887,1.04852,0.819738,0.953922,0.822721,1.04199,1.22968,1.12525,5.48381,10.5761,6.37917,0.297805,0.534963
142.38,139.053,73.1088,9.27975,4.67602,0.712493,0.13785,1.08802,2.57561,1.36705,0.864989,0.569899,0.269593,0.683189,0.880246,0.40588,0.350444,5.39537,10.6353,4.11424,2.9208,1.78346
147.42,128.722,57.0988,3.69092,0.254314,1.33616,0.065831,0.341136,0.067134,2.14033,2.40335,0.479891,0.939702,1.52669,0.938618,0.495555,1.12962,4.05859,7.24072,2.75902,8.69243,3.34758
89.0175,76.6282,30.4509,0.723829,1.35107,0.251999,0.0202145,1.18969,2.56443,1.26786,0.898845,0.33624,0.000579305,0.76016,0.321051,1.22658,0.753092,5.34209,8.52793,1.16973,7.29726,1.53937
19.0009,6.83853,2.31368,1.17669,1.32267,0.837669,0.0298811,0.839385,2.65784,0.0810411,1.71357,0.664858,1.90563,1.16664,0.164722,0.857658,0.343356,4.75843,9.97313,4.65567,2.76078,2.66571
92.9973,62.2831,13.2981,2.10819,0.0276226,0.955997,1.40435,2.07292,2.76682,0.184113,3.11486,1.52105,0.922641,0.419311,1.12756,0.868461,1.32689,4.4584,6.66659,4.41349,0.110612,1.33462
66.0917,49.4451,15.1183,0.697179,0.237269,0.154748,0.166774,0.114101,0.152597,2.18159,3.64671,0.875816,0.492143,0.876729,1.03915,0.233999,0.536222,4.06384,5.27624,3.61882,2.05193,0.743962
7.55427,11.1229,6.56015,0.882485,0.392772,0.273949,0.862416,0.731873,0.594409,0.331384,1.63025,1.06475,0.0323253,0.530687,0.610521,0.391175,0.673484,4.52061,6.05935,3.51574,2.52568,0.80078
4.5149,0.5362,2.23326,0.99244,0.8281,0.544909,1.56975,3.39265,3.25614,1.95553,0.618493,0.793914,1.51624,0.507551,1.07089,0.0897142,2.42671,9.48159,15.0793,9.98845,4.57642,2.59532
31.055,32.0641,20.7234,71.3691,0.773512,49.83,7.90681,13.8917,6.70882,1.80233,6.25641,8.68874,5.79803,7.27949,1.1854,0.334463,5.78904,12.0233,12.5725,4.07587,2.61209,2.61357
30.3884,47.6962,26.5946,170.382,127.301,0.284232,10.4871,4.58652,5.57119,7.44177,3.33326,17.0683,14.308,2.15696,0.172551,3.63612,5.36116,7.17014,13.9275,16.8343,9.60178,2.33028
22.1256,31.6452,147.227,128.374,12.5171,17.0425,15.625,7.83502,8.94258,9.63869,4.8338,4.34444,0.976583,1.61021,1.27407,1.86391,0.593014,4.60666,7.53274,1.22992,4.36014,0.349729
17.4681,100.984,140.165,39.5187,9.99408,8.85277,8.26816,2.54931,7.87231,4.16548,3.70581,7.5013,1.49362,5.60411,2.84318,0.696441,0.0484941,5.13561,10.3757,2.95025,1.65128,0.938275
36.3144,37.5758,34.3214,16.7934,2.8106,5.9548,9.00874,5.10251,0.789517,1.09566,1.74144,6.6819,2.41347,6.25747,5.88786,2.01758,2.03266,5.86874,12.2158,11.7515,4.50708,0.3761
92.6195,116.2,86.1114,23.2124,5.09385,4.27235,3.13719,10.7605,8.37364,3.74949,4.0234,7.33712,1.96976,3.57427,0.67585,0.850621,0.934322,5.97261,7.0878,0.374362,3.37155,1.88247
132.796,129.611,71.9462,15.5066,5.51002,7.34255,6.29119,1.63964,6.61382,6.79377,0.110355,4.2143,1.20512,7.15262,4.47476,1.42614,1.44812,4.19976,12.2834,5.54043,0.299171,1.89547
133.598,108.61,43.5976,7.28731,7.09713,3.71017,2.65401,5.74895,3.02975,5.3933,4.11484,4.29269,1.51034,5.25098,1.92269,0.23023,3.82612,14.9456,18.8303,9.88256,2.18473,0.919483
72.4912,54.3993,16.8921,2.53801,4.27432,3.48876,1.60818,11.1055,7.19402,3.34102,3.13367,0.404653,0.470267,4.17746,4.95292,2.10513,0.31408,2.10898,5.19416,1.17311,0.469433,2.13076
37.7971,19.2343,2.97303,7.17019,10.5089,1.30637,13.7769,12.8115,9.94471,6.40513,0.690562,1.13896,1.30252,4.23485,2.10449,2.61115,3.48963,1.69272,2.08173,0.0734908,4.80321,4.41308
134.685,92.6838,18.144,4.43897,7.35098,9.31305,3.24164,5.36324,5.56144,0.516467,3.76382,5.55595,1.12871,8.11119,3.67022,1.21142,1.53688,10.437,13.5465,13.6454,11.9487,3.56458
183.264,145.067,51.307,2.30354,0.550655,4.80037,18.7565,17.9806,2.72305,1.79114,0.140103,3.34746,1.75312,8.10414,9.56156,1.18992,5.14215,2.74419,5.53341,1.88722,6.84531,4.64724
140.42,124.912,55.0228,7.70609,16.0484,10.1514,11.0618,12.6357,1.04875,3.4858,1.65389,2.90203,4.92645,2.75929,1.14061,1.6703,9.82551,27.0493,23.4806,3.43949,2.52179,1.90351
24.6497,28.6266,15.8251,8.99682,21.1652,13.9546,6.25622,4.24044,4.81154,8.14123,4.04666,2.30653,0.147985,2.43097,0.18435,1.73457,7.06952,12.5814,2.61421,1.55219,4.50979,4.28051
89.944,82.5232,33.1483,0.233257,18.5579,16.5804,9.45574,16.7523,0.776243,4.47136,0.106173,3.46491,3.61055,8.53513,12.4,3.64259,1.7474,4.09997,1.42792,0.956828,1.10486,3.23074
155.233,137.431,54.3753,18.6539,20.4302,12.2934,12.6777,12.2824,7.99952,3.00804,4.73095,9.68264,6.55532,0.464984,0.735606,0.151769,6.58802,20.7409,16.9494,2.81904,4.06759,7.39269
103.338,74.9865,10.4404,17.2726,6.74294,5.58756,1.30955,7.20732,1.30609,3.63146,1.08285,3.29749,1.84472,0.37119,1.03161,2.46779,8.51587,19.2263,9.67455,4.49768,9.44441,6.23348
4.42547,14.4673,25.4646,2.46681,10.4761,12.3154,23.6921,23.0944,9.74214,1.88259,0.808163,1.14468,2.95633,14.2233,14.3377,3.64446,8.31387,13.3711,8.86665,12.2701,12.9728,2.21703
32.3562,28.1366,5.36006,8.68121,8.57966,12.5959,4.38982,7.23787,2.69275,4.06909,0.202801,0.510641,6.96306,13.1991,4.70995,1.51372,0.564941,7.46503,10.0864,8.86549,11.8351,8.81358
5.36098,21.8735,43.5727,30.0627,16.115,3.95629,21.3439,15.4227,1.62157,2.02908,1.38476,2.83983,3.47959,9.85844,8.98174,4.07292,5.91773,13.1312,8.92122,0.765538,2.38268,1.08638
18.8775,40.5672,47.7229,13.6366,8.65608,5.43426,12.3958,17.4984,0.268831,4.78384,2.25726,6.55286,8.71758,15.5618,15.2478,4.89933,13.0441,19.5707,6.01335,7.50799,17.7477,9.97315
6.71446,10.0909,8.03847,2.02185,10.1079,12.395,5.37199,3.87411,10.4157,10.2189,6.28778,7.85177,13.3352,14.8696,4.35951,1.19701,16.7958,29.1262,10.2518,14.2558,17.4669,2.96379
28.853,56.2451,60.5534,22.4764,4.54221,3.63905,6.46615,13.3834,2.84028,7.92529,3.6119,5.37855,4.70226,8.01194,9.19258,1.45946,9.06524,28.5671,22.3647,6.2349,5.53314,3.08654
14.726,29.7724,41.3723,32.7271,22.1475,7.94489,11.5409,20.4428,15.8246,7.92692,1.54563,4.24433,5.14011,16.1,12.6138,3.42948,0.810349,1.02968,1.2756,2.84573,4.27103,0.363939
23.5029,41.8093,23.4448,11.014,10.7292,24.8237,12.1287,1.68721,1.25369,2.35535,2.3886,1.58745,6.36291,15.4255,7.32678,0.949208,11.908,14.8856,2.20462,0.0767658,6.42182,3.3048
31.7575,56.6113,41.3268,13.8638,20.9234,13.1234,20.3473,23.1917,16.2014,10.312,0.690687,3.29104,2.81736,13.4537,16.5468,7.77192,14.9715,26.0462,17.5306,2.08896,2.86936,2.72558
4.35689,6.44019,8.00544,1.26639,5.14463,7.96114,25.462,16.8682,1.52965,3.46171,3.55812,7.02483,2.19555,4.44874,5.42048,1.58409,6.94247,11.2879,3.23146,1.72711,8.99275,8.29021
34.1664,62.9331,50.8829,0.245943,4.59224,7.63719,18.1629,12.318,0.765358,3.53184,0.167026,7.75419,4.63292,4.60571,0.937197,2.36307,3.00267,2.26359,8.54297,1.35129,4.89273,0.602533
16.5837,33.6857,17.5475,14.0018,3.42061,3.17931,27.4018,29.0286,4.04581,4.05763,3.97282,12.0338,8.15701,10.9594,15.478,5.805,14.2479,20.2144,5.55689,9.10164,15.5444,12.961
21.7383,44.9662,58.032,39.0193,16.9485,11.3353,13.6951,2.72413,4.88489,0.846605,0.35457,7.31738,3.19,2.86546,2.15121,1.20453,13.7524,22.2803,12.2353,2.10984,1.4597,5.1744
31.983,64.3645,68.8975,17.8249,7.31768,3.63957,10.6036,13.0422,10.8057,16.1017,6.32839,1.37312,5.30279,4.16136,1.84292,0.273069,9.13115,5.9392,6.06274,0.119943,15.2587,12.1471
0.491704,2.22856,6.34004,2.85918,14.2008,22.995,1.99143,25.1343,17.1917,3.97266,2.88914,9.65433,2.53689,10.9709,8.91913,1.99893,14.9997,39.2261,28.4191,8.52537,16.3028,2.02713
31.9421,64.669,72.1445,29.8853,12.4924,15.808,11.8012,0.243683,0.526774,1.18569,4.31075,14.1413,4.38311,9.58979,4.65314,0.332993,9.77622,10.36,0.97112,8.33996,20.49,12.2984
18.7868,40.779,56.4771,37.3429,20.2097,15.0488,7.06904,26.718,15.148,1.32238,10.2043,16.575,10.2734,5.30056,3.55812,0.133227,0.903566,7.54614,6.37665,4.05708,6.26262,3.92757
23.6587,40.9442,23.0739,10.2779,7.64183,28.3854,38.0157,26.4885,2.87999,11.1404,7.8429,14.1611,21.7636,21.0912,8.00933,0.516492,9.77162,11.6692,3.95421,10.1055,6.08567,3.64826
36.1736,68.9364,60.2047,3.5801,21.9021,7.88512,2.28543,9.74901,14.7233,12.6534,7.0072,6.08663,10.0863,19.8464,16.8965,5.90962,16.7038,34.1454,25.061,6.20536,5.22406,4.36536
1.73339,4.88802,8.31386,13.9838,17.0403,11.9681,49.922,37.0875,1.36626,4.44724,1.37863,1.49286,4.33129,0.136281,0.874255,0.322921,6.81795,3.26192,18.9562,15.4564,4.01929,7.49501
34.2818,67.3109,50.043,5.73034,1.03561,2.43322,7.76088,16.0054,7.7545,3.98255,0.0186515,5.89567,5.79375,0.761007,4.7235,2.30225,4.1868,3.91063,0.207602,3.52209,0.89639,4.82569
28.228,48.2409,26.0829,18.7973,12.7973,20.1893,37.7216,21.7062,3.26626,5.09157,6.6722,11.5282,7.3142,14.5299,17.2174,6.52909,8.17734,3.80769,8.13028,16.5592,22.2023,15.2868
17.5784,38.1186,47.7738,31.7689,17.2021,1.18185,14.7316,32.2001,22.39,10.2932,7.61744,11.1277,11.9995,14.0438,7.08206,0.0275735,12.2466,19.7634,8.78106,6.33779,8.42921,2.84422
38.4316,72.5471,69.5011,8.37372,21.7603,24.0394,8.87021,1.20677,1.93847,0.699837,7.05827,14.1556,17.3978,21.0366,16.8707,3.14414,6.31477,24.0523,21.7041,1.56623,12.3118,8.23982
2.70449,5.7546,3.70729,6.20302,19.4751,26.0247,5.71458,24.1468,9.73673,0.0993143,4.46009,11.2716,4.74252,11.6484,14.7773,5.1599,0.337567,4.55037,10.1021,1.18039,11.5802,2.1285
34.3155,67.905,74.3763,36.0471,18.0392,4.12809,14.378,20.7041,4.79413,10.3465,3.04976,4.76472,10.9276,23.706,7.98229,1.40131,9.43721,11.5666,0.68518,10.2585,22.4375,11.3001
34.0581,57.9291,61.7249,24.5175,5.57818,15.0144,13.1463,1.08243,5.12436,5.00311,2.76869,1.59099,11.4961,31.1341,26.253,5.94402,9.08583,27.2751,21.7051,5.63797,16.1464,7.41873
12.5376,27.7502,23.2673,6.3442,11.8232,0.461979,25.1911,30.6069,4.69165,9.95908,13.3643,12.1429,6.07977,6.64367,6.51883,6.34667,15.8571,14.1961,6.16066,10.7488,3.12432,1.19053
36.0987,65.7307,65.0106,23.7047,9.52113,19.586,33.4203,21.7911,8.38266,6.44786,0.654556,6.94323,2.86103,1.07179,4.59877,5.15537,10.9092,22.1954,16.9653,6.38876,0.187275,4.77406
7.34311,16.8046,28.3175,32.0383,27.3629,3.23427,23.1239,22.5002,10.5917,7.41728,6.22467,9.06857,5.83527,11.4376,15.4593,2.40159,13.6834,20.2216,8.50908,0.641252,5.56577,9.31187
31.4188,56.7318,37.7963,0.423515,22.2374,36.5238,42.844,36.6894,12.307,0.350754,1.15889,4.04261,2.47004,19.4467,14.173,1.88962,1.44399,11.8886,17.0696,12.771,7.17726,2.59832
20.7236,42.94,29.0107,19.2026,24.8643,15.5274,7.96097,4.06503,8.87921,9.69953,2.52963,0.129131,13.1892,22.4991,9.87049,0.778579,9.48439,20.2553,19.4953,15.8901,12.4568,5.60526
8.80656,17.3179,13.7272,0.118271,0.724632,12.2013,35.0697,28.1878,0.199994,5.88562,2.38573,1.09731,4.90119,7.37919,3.03676,0.25197,11.3693,20.4436,10.8762,0.737661,5.35096,2.78111
32.4892,60.6625,46.4234,5.97132,7.48586,2.34831,12.8657,18.5097,11.0694,4.46021,1.03979,1.50977,8.99963,14.4072,10.124,2.82982,4.78958,9.28511,6.17838,4.21219,6.66928,5.30211
11.1507,22.6849,10.7389,12.7978,0.264487,0.526803,23.0373,22.204,5.52201,1.04148,1.15725,1.53836,0.322936,3.45393,1.27377,0.425114,4.21438,10.3919,11.2999,5.93699,3.46056,0.830473
21.8091,46.0427,55.733,37.4114,26.4553,13.4262,22.1036,28.055,11.3962,1.3621,1.39419,2.37987,4.78793,1.11294,3.7493,3.3594,8.18208,4.52424,6.12564,6.27853,1.88948,1.18245
26.0636,50.2976,55.9348,12.8115,22.152,22.5007,11.1076,9.69701,9.63005,4.84413,1.25872,2.29185,1.41706,1.35302,2.9994,0.516876,3.00734,0.750471,2.45917,0.357549,1.96519,1.23815
2.67758,7.31433,4.15562,16.0634,25.754,6.74878,23.2655,20.1867,6.54646,8.33878,0.74421,2.86724,4.68998,1.36864,1.23869,0.0600786,0.194704,2.04433,2.64364,1.30939,1.44458,0.966129
27.0432,52.7271,47.3717,10.2577,6.83251,1.28571,1.91468,5.99458,8.68701,4.20965,2.08598,1.82719,0.984029,0.107951,1.85349,0.0954943,3.63224,0.229322,3.6045,2.93583,5.20012,2.45949
1.46902,33.5237,45.043,13.6803,18.4758,0.865227,28.4799,19.927,7.32189,5.05307,1.93919,1.45827,3.80694,2.9488,3.12028,2.08395,10.9882,5.37101,4.76359,6.19254,4.97458,3.37529
44.7703,60.2828,53.8211,54.8926,63.9493,23.3808,3.91002,24.154,41.9922,33.7074,18.0373,17.1572,11.4087,1.21032,3.76928,3.96508,6.91747,2.77856,6.8747,0.434159,2.29505,4.54216
14.6677,26.9763,56.2118,30.2306,12.0564,9.29839,10.8038,7.17511,6.24633,8.22283,0.897646,3.69957,1.61343,7.87258,4.12582,2.17251,7.44777,9.19381,5.13036,1.31083,3.81258,3.32201
12.3938,27.4537,47.0311,32.3613,1.05666,5.59548,3.92419,11.6439,18.206,14.474,2.29937,6.67754,6.99697,1.87163,0.054005,1.53023,4.91276,3.60044,3.2883,7.86607,8.422,6.00819
18.4048,69.113,78.6513,17.0871,1.65283,11.8219,7.4565,2.17661,15.5493,15.2159,4.88902,2.06547,1.36163,4.66545,4.29078,1.13966,8.40443,14.1796,9.85745,0.9038,1.14384,2.31291
12.4729,18.9136,14.876,6.06593,10.7328,0.637643,3.33123,5.85486,8.82842,4.35859,1.67691,3.96708,3.24821,11.0481,7.24703,2.6733,0.423237,4.98977,9.42219,4.14628,1.88319,2.01994
45.458,45.3653,23.8496,0.35736,4.29007,11.2236,4.87169,3.24927,1.53044,5.43035,4.97466,8.93899,4.45099,8.58077,12.6583,7.42943,4.97955,9.29547,8.03348,2.47549,3.01994,1.0188
29.5711,14.7345,2.94079,4.9717,7.73492,12.6061,12.4071,6.95034,2.25601,0.193058,5.53361,10.2347,6.87478,4.78733,4.12047,1.43724,0.168774,0.533903,3.1063,2.56952,0.934828,3.91124
49.2839,43.5782,15.1664,9.41086,8.41494,2.41562,6.49689,3.09984,4.8566,3.88395,2.68822,8.79441,9.01602,8.33075,6.37221,0.0159576,10.7327,17.6505,12.0416,2.88903,0.798151,0.19435
125.751,92.0885,19.3736,8.80262,2.14946,9.60403,20.5955,15.8685,13.4001,9.33702,4.36134,3.93425,6.22903,11.8339,11.1574,2.36086,9.68782,0.33777,14.1314,4.93273,0.0924976,0.404253
139.047,99.4576,26.1616,5.00936,4.05446,5.04615,6.90658,4.91119,2.30361,2.73076,0.42339,0.00413263,3.3345,7.91646,4.65969,0.786893,2.88493,9.62234,6.85293,3.01223,3.64214,1.24742
70.6935,53.2457,17.282,0.969527,2.70598,10.9904,16.8099,8.11005,3.44363,3.33102,2.90608,1.66474,3.82467,8.09224,5.95781,6.1049,22.5129,21.9724,0.818874,0.496356,6.02142,4.57064
9.56952,4.25979,14.3907,10.0085,4.71652,1.4188,4.90637,9.3411,2.29431,0.0350413,2.2013,5.20618,9.82303,11.9617,8.93416,1.87444,28.1616,34.3047,8.68864,4.86195,3.23002,0.642178
28.9376,10.7696,10.8435,8.28998,4.38094,12.9683,7.91132,2.12513,6.10825,6.54306,5.10131,3.10471,5.91362,14.4337,13.4023,3.76731,7.27731,13.7872,7.31724,1.08752,2.15036,2.12333
6.5317,1.82003,4.18084,5.12248,8.35957,11.7446,2.19287,7.3164,0.991534,4.29104,3.3794,4.13078,6.05267,8.33062,4.57834,2.5555,10.9997,16.0871,9.85427,1.38917,1.51517,2.31434
1.16389,2.0431,2.54014,4.71816,3.98164,4.23561,0.897465,5.96002,0.24468,2.40586,2.66903,4.96564,0.561289,4.28341,3.00924,1.88684,16.4829,19.0469,3.55348,0.551013,0.353437,1.75669
2.50658,5.53516,9.56529,7.15577,3.48879,10.2105,11.2702,4.09825,3.93786,1.13588,3.63184,4.30967,3.71442,13.2262,9.13567,0.919109,15.3658,23.9139,13.1987,2.92857,0.669729,0.247868
2.64125,4.26051,8.46262,6.23276,0.738838,0.377895,4.22858,12.48,12.3929,4.53853,2.15934,2.39549,3.5122,6.46091,8.93055,6.97307,7.76179,6.6347,6.03334,3.97502,1.92019,3.35152
0.540574,0.652453,4.81597,10.1077,7.81968,9.10697,19.1814,3.74232,13.6876,9.98041,0.106384,0.313892,6.51773,11.9753,8.14114,4.16778,8.8952,10.5034,4.00004,0.58233,2.62182,2.99037
0.148903,1.55276,0.417406,0.134067,6.11524,1.76181,9.33633,7.39269,3.34501,5.19561,0.281122,2.37318,2.90739,4.69963,2.3023,1.17679,9.49722,18.7129,13.8176,5.9302,2.45856,1.19721
2.15448,2.78304,3.40447,0.222248,7.417,17.2447,22.5451,8.93929,8.28363,4.79635,5.07944,8.22213,2.34891,5.53412,2.48471,4.77223,26.2923,31.8191,10.5585,1.11353,0.56321,2.01588
0.00950545,0.345423,5.2641,9.92726,8.33895,8.40934,9.29935,3.73174,24.6544,20.5936,6.17459,7.93042,0.213311,15.4189,14.4273,5.8146,5.18296,5.12616,0.471427,0.14136,2.07085,0.743192
0.503687,0.173717,8.38999,13.0016,5.17242,9.97974,20.1794,18.276,11.5778,2.87999,5.13089,8.56032,0.268446,10.9094,9.34437,1.51996,11.8528,13.4578,2.46601,1.13259,0.0567391,2.36613
1.81127,0.740518,6.30463,11.3368,3.6437,5.17872,0.733375,5.41868,3.09719,0.101161,4.52769,7.58437,0.197279,9.46384,7.1471,3.15888,1.68615,3.71576,0.199472,0.549125,2.3784,3.00402
0.839665,0.596938,0.387293,0.283802,1.10778,11.7683,20.3929,13.1259,4.87072,0.997724,1.56225,5.06956,1.88588,6.89694,1.33822,1.66856,6.14889,7.41906,4.15558,4.12873,8.82098,4.38894
0.678729,0.168411,6.24067,11.5232,6.24291,4.42088,1.88501,4.14124,1.889,2.45019,3.7327,5.79752,1.60783,2.04293,1.45073,2.42582,1.20108,9.35407,13.4012,4.43217,0.413577,2.90734
0.811904,0.0612647,6.12223,6.43448,4.89085,10.6082,9.31034,3.69771,5.07598,6.34269,3.75955,4.95522,3.62327,0.346938,0.841974,1.71559,8.14816,18.5709,17.5102,6.21051,1.02242,0.677212
0.842285,1.39023,4.19588,8.14652,11.1407,8.17202,3.72553,10.503,3.76838,2.74475,3.11265,2.07883,0.485474,0.266819,3.76978,6.36577,4.88303,5.11445,5.95441,2.19883,0.193029,4.54841
0.491547,0.112167,1.75336,6.7825,6.11375,3.51756,8.2423,9.20236,11.8555,5.99672,1.57979,2.05386,2.12533,3.95141,2.92945,0.0467775,9.6383,23.6968,18.5872,3.51117,1.14095,1.38134
0.0795726,0.285237,2.80902,5.67659,3.88914,5.81352,9.45257,10.3882,21.4916,21.6827,4.87696,0.318076,1.43087,4.16486,10.7431,9.1035,17.9209,30.3041,13.4289,2.00589,1.74004,1.88919
0.0683227,0.421195,2.05565,1.12828,7.18696,17.8955,17.3372,4.85274,4.95069,5.51875,1.72049,6.9918,6.49615,9.36775,9.12345,0.593925,23.2239,38.4208,21.6388,4.5016,2.97323,4.70103
0.274351,1.04019,6.16128,9.20075,5.97486,5.39337,4.3803,4.8149,18.5785,15.5961,5.8045,6.79983,8.26558,12.2649,10.5065,1.94652,10.7516,12.2211,1.31946,2.30407,0.465003,0.952488
0.130716,0.641837,7.88776,12.0959,7.53061,9.26123,7.45431,3.01555,8.40315,7.9112,2.48455,10.1669,11.3158,10.6961,7.26727,4.73326,8.59667,6.97133,0.189672,1.96898,0.174887,5.929
0.741208,0.502709,4.50534,6.14987,4.64497,13.1769,8.66766,2.49769,12.5553,12.7035,0.562786,9.51002,5.60043,2.33815,1.63071,5.44481,21.649,26.3063,10.1169,4.70939,9.00015,6.88547
0.551885,0.473592,0.220992,3.95824,7.09629,1.00979,3.02215,1.55136,10.6413,9.09245,4.40184,8.89376,0.975522,12.835,9.04637,4.15155,16.0033,13.6511,2.31183,1.4216,2.03433,0.805724
0.725312,1.19964,1.43428,7.6662,7.16426,8.73557,17.6344,8.32584,2.84434,1.20106,2.09547,3.3524,3.9426,13.6418,8.63452,2.00242,9.18485,13.4962,5.09393,2.74121,3.70643,2.9882
0.449241,0.00895022,5.1554,6.159,1.74236,1.81252,5.13977,1.56867,9.84017,1.93051,6.85871,2.04482,2.27021,0.00707078,0.0349409,3.36853,20.0882,19.1234,1.65871,3.76961,0.831976,0.513692
1.04746,3.13157,8.13651,8.2703,4.98599,12.6394,19.8305,32.2577,52.5198,35.4631,0.719624,10.4024,2.40344,13.1428,3.46997,3.66578,4.11357,15.2812,16.3469,4.37657,3.18242,4.65461
0.182272,1.18371,3.20791,4.69477,2.38419,4.88275,6.12313,16.2028,31.3418,16.0796,3.84906,11.9136,3.53614,13.1953,3.17704,18.7161,19.9142,10.0531,0.320556,2.21437,1.89757,2.15811
1.49405,3.00512,2.90943,2.58441,6.30956,11.8906,12.354,8.15036,13.1124,14.47,9.99069,14.243,7.65218,7.20243,4.56301,6.41431,13.375,13.5706,2.7826,5.81308,4.82112,1.36767
1.2373,3.74208,7.49532,4.47453,5.65566,13.3173,5.84873,6.37227,24.9876,19.6996,0.281236,8.21315,5.33711,0.113267,0.984409,11.6562,11.547,7.8354,9.71213,2.1936,1.79777,1.87935
2.02299,3.11863,2.93285,11.4134,9.19803,2.07222,1.19348,8.69941,21.4294,14.7698,3.43087,1.19489,1.87554,6.15469,6.70134,12.5346,19.2045,6.46979,4.67163,1.93684,0.893667,1.30921
2.64472,6.29702,1.38618,5.58918,2.68729,8.64236,5.82039,7.06754,0.530812,6.75553,0.19954,6.17168,0.133347,11.526,7.44443,6.00165,8.98416,2.78677,0.60678,4.38848,4.10734,1.81679
2.65388,4.96581,6.26461,3.28221,0.171882,4.41508,5.09784,3.75298,17.4671,16.8786,0.26638,8.4498,8.12506,10.1911,7.8951,1.16743,8.81805,16.3426,2.4607,5.64818,4.98185,4.23476
4.91895,11.7617,9.75889,1.01835,0.386355,8.19706,11.1579,11.347,17.5283,19.2851,20.9373,13.44,4.60001,14.4862,9.65786,2.97396,31.3127,48.0843,26.0979,6.54439,2.18482,1.30079
2.00377,4.45261,8.25753,11.5776,9.88394,6.21953,16.9721,32.2043,56.98,37.4724,2.52908,5.97401,4.0745,4.03762,5.35534,3.51439,15.2582,19.1203,0.172942,5.84911,1.89136,5.20343
8.67478,19.648,24.7916,9.7641,6.6681,10.124,6.93186,15.6205,53.6673,36.6498,4.14503,7.37056,10.7702,12.2567,6.52024,0.925567,0.29117,2.59502,0.348897,2.02274,6.13365,3.4046
0.0365785,0.250569,2.89298,6.08572,5.62742,8.34876,10.9633,3.20975,8.22836,9.5392,0.725535,3.253,4.74501,10.8873,9.42872,8.31488,49.3647,54.6327,13.6728,2.41351,0.228365,1.41157
12.1118,24.4775,22.758,5.17822,1.51321,2.21916,11.2968,8.08777,55.5747,46.3541,4.0019,2.75067,4.79594,9.82087,4.1318,4.69389,22.7047,27.6155,6.30239,3.26262,1.3473,1.10239
2.00601,6.03788,9.90701,5.33869,1.61413,7.06871,13.6011,11.33,60.7101,52.6433,8.63198,2.70383,1.00182,5.07131,2.32363,4.5049,2.48435,12.5823,7.50611,0.169159,1.68457,0.25254
13.7489,27.1314,20.9604,2.91938,3.12744,1.04362,5.58673,4.41277,7.02658,11.4362,2.5213,1.71146,0.176836,0.435843,2.50989,6.68428,51.6938,61.7132,16.2457,1.78177,1.54654,0.841067
9.12465,17.4655,12.5248,5.38915,3.64721,6.28642,10.1573,12.7858,53.5519,42.8718,7.76979,4.9304,8.05195,6.32343,5.37038,0.215299,28.9407,40.9606,12.7498,0.690345,0.025033,1.11898
13.749,25.3473,25.2706,4.84817,5.52347,6.90092,4.49302,18.2666,45.9636,34.8501,4.22003,2.20303,1.38113,2.91514,0.602238,4.51507,4.54323,12.386,4.06348,0.235473,0.614317,0.764836
20.0525,34.5782,30.0061,6.49753,6.76865,9.77777,6.66753,2.43135,2.77754,2.82634,0.0777939,0.946194,1.75771,3.35931,1.74775,10.8,52.707,62.0468,17.7713,1.5602,1.88669,0.499029
12.2896,15.3573,12.4255,4.25894,2.37512,2.51779,6.07763,18.6801,48.6158,40.8907,5.97273,2.7138,0.246424,2.53714,0.34133,2.03686,42.2363,62.8288,24.6652,0.333749,0.242516,0.697127
19.9881,42.3986,40.9719,8.6467,3.28999,4.01656,2.67601,5.47386,26.1522,19.2859,2.64979,2.83189,1.60403,1.07375,0.0356825,4.85841,9.99269,7.1762,2.97874,1.53687,0.368843,0.427477
1.02523,9.32598,7.87591,1.77397,3.83458,4.05052,5.96601,3.67721,12.8269,13.8639,1.56353,2.2621,2.37796,0.849897,2.36894,10.4392,34.4391,33.0396,7.7092,0.0762269,2.97551,1.93157
1.23148,12.0627,29.152,10.3674,36.5221,36.2077,4.49465,8.3447,15.7779,14.4586,3.50244,1.67282,6.93512,5.74943,2.87448,1.6508,21.4694,9.02307,19.0655,23.2748,18.7308,7.7391
5.56323,49.3916,103.689,96.73,43.7834,4.40772,10.7926,2.0513,4.70523,2.96492,5.87176,12.8275,17.225,5.49939,3.48102,4.19829,19.8114,17.5126,3.79883,6.01196,0.791805,0.386533
9.86819,78.0013,140.868,61.4951,14.6607,13.0336,0.0561901,6.8146,3.13303,2.75145,1.59347,0.470923,1.01164,4.55523,3.63858,0.602678,1.86795,6.3559,4.31249,2.21269,1.16386,2.3744
31.4315,74.5311,83.935,19.9056,6.56272,1.99067,0.918996,6.81455,18.9746,17.3217,5.44589,0.844142,2.05423,10.1412,8.48223,6.16524,47.1918,59.8289,12.6619,4.69475,0.279546,2.1087
81.1711,105.551,70.9835,3.60096,3.12858,3.85742,1.38722,11.1508,12.369,6.50054,2.19496,3.59238,0.23115,6.39489,1.27589,8.69372,75.1597,96.7798,29.5494,2.03695,1.81073,0.112398
56.1696,79.0864,58.5451,11.9375,6.41048,4.41088,11.5208,18.052,19.2746,14.3173,7.89101,8.54782,4.65689,1.43784,3.58166,8.70699,41.4785,56.7927,18.4181,4.17692,1.08866,1.68908
78.9637,81.261,45.9881,4.68956,2.85309,0.944987,12.3258,5.13096,15.3634,16.2509,0.417051,8.77289,7.10407,9.3142,6.83905,4.85376,15.0048,9.00879,0.801691,1.64835,0.653992,0.673352
114.53,85.9274,22.3073,1.46166,7.75257,1.80106,11.4889,12.0022,8.527,3.11456,4.91187,9.76004,8.23171,6.95407,1.56343,1.85156,18.901,21.9909,7.59659,0.135726,0.0799741,1.21975
152.505,102.947,20.0449,6.46869,4.13398,11.2702,22.7906,13.9161,23.2081,26.6243,6.22933,6.70698,9.34537,6.45748,4.60402,0.939022,18.7694,31.6082,16.961,0.65113,1.48024,0.291831
119.539,95.2628,31.9054,6.3533,0.439495,11.658,8.53517,5.90393,10.098,5.38309,2.52866,4.63931,2.1529,3.0742,7.85116,0.642877,11.2495,47.2458,38.1068,5.6441,0.216633,4.23791
31.1407,47.0354,26.0487,8.83271,2.24016,7.25801,8.89401,1.01483,30.8003,34.2788,13.1723,7.34544,7.36555,3.49371,2.40329,8.00968,13.0562,48.641,30.9907,0.618465,3.49758,2.5841
41.4808,8.3408,11.6519,8.69164,16.0039,16.4206,1.93727,21.5324,28.0467,15.365,2.40509,13.14,13.6206,10.1497,6.52611,7.46419,39.6977,58.0458,23.5494,3.16088,6.65586,3.97793
46.3334,43.5525,25.5305,4.8161,4.83234,10.2382,10.6926,6.91752,7.64075,7.73461,4.77518,14.5954,7.1855,5.11546,8.86805,6.5547,17.2474,29.6705,4.98767,2.67714,1.53165,4.81543
23.7662,43.5949,36.6186,3.76333,2.32087,7.22758,2.35201,10.7564,17.8733,15.6697,9.77516,11.5902,2.90702,0.379223,5.96153,11.698,42.6567,46.1899,12.7711,1.08084,1.2123,2.00995
2.83259,6.63946,1.14369,7.16532,1.41334,18.1317,32.0806,27.7445,15.6435,8.26973,6.73215,10.9619,5.86578,1.75632,3.82373,7.06406,8.28553,1.95806,0.863319,0.557295,1.03557,0.442163
20.3129,40.8663,45.738,22.4491,11.9531,2.64326,6.75936,3.95429,9.83607,14.5627,5.35425,2.14524,3.23776,2.50545,4.45985,2.6218,29.7696,33.1561,8.34658,5.82218,11.4659,8.28512
19.9753,35.1021,40.1098,15.0897,4.21875,8.04377,26.7206,19.8979,10.8123,7.07531,4.13835,4.37767,3.1094,10.5049,12.9958,2.75105,10.0392,18.408,5.15996,9.65126,11.1554,6.56644
15.5306,24.3019,14.5276,10.5118,10.3628,3.01993,13.5656,17.4361,3.18164,2.34705,2.31724,10.4099,19.6772,21.012,7.52075,1.77652,3.83801,0.621638,1.21876,3.40465,6.67803,4.22134
27.3079,51.0623,44.8024,4.97369,3.47287,18.3762,14.8615,2.14615,6.18224,2.97989,6.74109,11.5968,15.9237,22.515,17.0153,0.92409,24.4269,30.3777,9.205,0.473929,4.17788,1.38409
5.20899,11.3256,17.6977,16.7615,9.99497,1.05642,4.47502,18.9859,14.5888,4.97583,1.58912,6.79096,2.08726,6.03147,7.28193,4.36047,18.411,29.0743,10.6455,6.0532,8.46652,0.66332
28.9737,49.7295,31.1517,9.0077,7.14659,17.6973,1.67587,6.40499,6.25396,6.99982,0.747079,4.25778,6.67021,15.7185,5.44272,1.60093,9.31803,19.5001,12.4174,9.67344,13.787,6.01185
21.8607,42.5847,28.4916,17.8887,24.1612,18.784,4.82885,16.159,14.7316,2.98498,0.0807028,1.50943,6.86936,23.244,19.7087,3.27995,0.641288,1.58149,0.931322,6.6512,6.56935,2.47074
13.5897,24.7537,28.3012,6.59144,10.9173,8.53514,15.3605,27.8226,22.0023,10.1945,0.778677,1.80348,1.58065,2.18553,1.77059,2.12298,2.73349,3.79207,3.11648,1.55003,2.71319,6.73339
31.9445,63.1469,57.0408,11.9233,8.34322,3.00315,26.2177,16.5938,13.249,14.5317,3.97901,5.1705,1.213,3.99073,1.61792,2.92018,0.345875,4.35016,2.60208,1.45905,3.67975,7.35732
8.21738,15.8074,8.18089,9.3198,4.23255,7.53455,11.8717,5.28992,1.66385,0.233946,4.50197,11.4323,7.2634,11.4779,15.1026,8.55683,17.8177,18.1539,1.70165,5.87774,7.35759,4.39941
29.4249,58.4758,66.0767,32.8918,15.9231,2.17256,27.3083,26.2418,1.39653,4.88041,4.57892,12.1489,6.56158,9.09946,8.31213,0.969918,6.73853,14.3286,6.86695,0.533162,6.31943,9.50528
30.3455,58.0751,68.008,25.0813,6.55645,0.273381,2.11892,10.663,8.49509,3.86862,4.06108,7.44278,1.23411,7.69785,3.93558,2.61225,0.753886,9.73803,9.58309,10.0159,9.55171,0.655124
10.8445,20.3815,9.59153,21.5695,25.9554,11.1908,9.77239,13.2228,5.02575,2.44624,1.5991,0.0290519,1.73102,3.06297,5.40084,1.32455,0.888606,0.209375,2.12095,10.5628,16.1544,8.25093
37.6983,71.3278,66.0734,17.1226,18.0938,22.5672,4.58014,20.2211,11.0972,6.39506,6.46967,9.02295,0.419977,16.2676,13.9814,8.77881,13.4997,7.98292,1.7754,4.3838,4.48499,3.55447
10.3222,23.1145,33.6713,26.0857,5.15828,17.3465,22.5041,32.0159,38.2869,10.1076,9.68068,2.45706,0.218611,10.8396,6.93443,4.06593,1.04603,2.35329,3.50026,0.0133926,10.05,9.009
30.4928,55.0731,37.6084,3.5153,15.2921,24.7237,3.58884,31.3582,38.7618,16.7599,13.0897,15.1122,4.71766,2.92742,7.91014,13.3887,21.7017,15.5828,2.80419,13.944,18.2256,4.0263
30.6405,58.491,47.4197,1.42657,10.4257,20.6979,45.5707,54.1433,31.7499,10.2821,1.53234,13.2792,17.8625,17.2662,9.94551,3.08074,9.4408,1.08943,4.28527,10.8002,19.9121,11.9398
7.82776,18.0108,16.0266,5.91605,13.0179,4.06216,8.04359,9.04943,9.04595,11.3128,0.0586347,1.18623,4.0057,4.66224,9.67287,19.5739,7.90805,3.20471,6.20046,10.982,17.2821,15.6438
37.7185,69.8827,43.6515,16.8017,0.380227,10.2899,48.2082,32.9508,6.83936,10.5857,1.40893,0.937987,5.05818,2.23583,6.35361,9.72053,11.8068,19.0504,5.8118,2.38295,2.2231,2.22098
15.8845,29.3002,5.45699,38.8634,29.2441,7.69152,20.6275,39.5263,20.0598,0.102872,2.95124,8.85163,10.8393,15.6708,18.7328,8.77705,10.8105,17.4422,7.50868,6.21935,11.7252,9.24893
31.3011,59.5484,73.4746,40.4685,6.12433,17.6862,25.8312,8.33815,13.3435,7.79903,8.48066,13.1509,7.01289,0.88659,5.90287,6.84158,4.34064,3.69064,2.96511,7.77106,2.80207,6.57789
31.8265,65.1569,76.1346,32.5061,5.24997,4.3628,18.1657,50.9549,38.4302,10.618,5.29392,12.083,7.93931,10.3609,15.1315,10.4626,9.64548,1.99203,4.54007,0.350285,0.32621,6.03461
9.24924,14.3139,5.03531,17.3667,23.8029,13.7147,9.16725,13.3938,4.72954,6.35244,5.43177,15.2624,14.1823,0.0662859,7.08148,2.60165,5.6431,3.33791,6.85751,12.7783,18.9072,7.48534
36.7223,74.3735,73.8587,26.3379,29.9828,35.339,1.78894,24.2965,10.6903,1.61705,3.78785,10.3969,6.53387,0.254774,5.97148,4.79345,11.6686,18.069,5.02817,10.3359,11.4711,0.917866
17.4242,35.8608,47.781,16.6017,13.0718,13.2724,29.8332,32.9332,3.94757,12.9337,3.42349,3.28253,7.74262,25.9258,21.506,6.02575,17.6349,28.126,9.93567,2.5917,10.7606,9.64743
26.4898,47.522,28.6866,16.8467,8.42464,18.7976,24.213,10.3366,8.75042,5.85011,0.321969,4.97854,11.4286,9.73774,3.51091,5.76977,11.4947,21.9467,10.3278,8.50538,15.803,11.1928
34.3248,65.8157,54.2703,3.21266,10.5713,12.2793,34.0902,33.6862,8.09959,0.824218,5.23654,11.9584,1.42181,2.13162,6.81116,3.33863,0.541401,5.45993,7.38529,14.8372,18.1099,6.15624
1.2363,1.6286,2.40112,14.1068,11.8018,17.234,42.3018,33.7363,17.8039,8.2724,7.04452,17.1284,0.385953,21.4999,16.3247,6.67986,12.5529,11.4382,4.20799,11.0221,18.8716,11.6254
36.1525,66.7165,47.6254,1.74372,11.2608,1.81132,22.092,18.957,16.7744,13.4753,10.3404,20.1998,13.3752,5.35917,3.0437,2.40715,1.83068,3.50134,1.99294,1.93204,4.28462,7.71325
20.2922,35.7785,21.9019,16.4711,22.5136,26.5133,42.7423,40.003,20.361,10.1624,9.54046,15.8437,10.1026,6.74539,9.64128,0.0275485,10.6755,10.0263,2.32113,2.9724,0.953044,5.27674
21.7011,41.8297,42.1968,9.97196,10.5913,20.8606,7.86241,2.95936,25.0735,21.7243,1.99376,9.17457,0.0495928,2.99072,0.80869,0.147687,6.27724,7.13516,0.855767,0.690117,2.59287,5.37278
35.7829,65.3954,56.0515,8.52242,5.60711,1.97247,26.8354,20.7363,10.7648,13.6524,3.76049,2.7306,0.88913,6.28665,2.38658,8.82876,10.0962,9.19294,5.20258,2.91584,6.08506,0.360348
0.426728,0.317603,7.06783,12.4039,0.705611,14.0213,7.57174,17.3062,9.13423,13.3365,1.27018,0.572012,11.7361,20.1762,4.35113,8.23392,11.1959,9.26609,2.93134,9.28789,12.1535,1.3821
32.5127,61.4751,63.2255,28.6546,16.8949,1.5638,15.1674,4.53945,24.0702,20.926,5.00778,4.54912,6.39421,19.5757,11.6742,1.76199,1.73874,3.21164,2.84395,4.46679,9.04689,4.98873
17.9056,37.9607,45.9156,12.6471,11.5689,4.66139,17.5614,39.9357,32.3704,17.9617,3.26616,7.11958,10.8594,8.17957,4.27015,1.35745,10.0942,18.2518,10.3702,3.02364,1.92881,1.44959
16.5164,32.1016,21.6135,19.2256,30.2373,15.5803,4.9599,13.1076,8.92241,5.3988,0.956441,4.02138,5.08562,2.2882,2.62874,3.41962,11.0314,19.5117,9.67484,1.29767,2.51908,3.20239
30.4324,56.904,45.0009,3.83383,16.4316,18.2036,14.6311,34.5389,31.6918,18.0376,5.87832,2.09172,3.90871,1.34759,4.52568,1.43752,7.82722,13.946,5.90396,1.58463,1.5127,0.468788
5.42855,9.723,9.42105,4.25347,10.6373,3.87778,16.7338,17.0259,13.2956,14.4565,0.57144,3.47305,2.56719,3.53331,5.44837,3.54144,4.08482,10.9236,6.02615,0.100075,0.320293,0.182028
24.8823,47.366,38.0224,3.91936,6.01146,0.662524,8.03618,4.99001,10.1098,7.98522,1.33271,3.20522,5.50809,1.85835,3.58893,3.21357,6.93025,12.5462,7.22378,1.58724,1.64716,0.473794
24.7084,43.4463,34.0037,1.75925,0.0984638,3.99472,16.3331,18.8623,4.14424,11.044,5.55586,2.44479,0.731657,0.544625,2.53944,5.48574,9.21174,7.37104,0.890236,1.16985,1.04942,0.0294824
12.4983,21.1921,19.0931,0.724215,6.22717,5.26615,14.4238,6.66298,28.6949,28.2012,0.400447,5.15496,1.10496,4.56125,5.04195,4.0471,0.0999857,3.20778,1.07409,0.542912,0.110433,0.373362
11.803,21.4688,74.7213,85.3258,23.4354,73.3461,13.6019,18.1894,6.05965,11.7702,11.1962,5.23293,16.8689,17.4762,3.00273,1.56241,8.09921,15.0023,4.71105,3.7772,3.1098,0.613365
30.5152,15.2155,74.261,178.109,110.032,16.3926,33.8485,10.773,9.94105,9.51667,0.940543,1.36653,13.1341,29.9809,12.0695,1.54105,8.15368,22.1695,15.2577,6.25259,5.93061,4.93154
33.2544,38.0197,47.594,39.9183,10.6133,2.22115,0.739169,7.926,4.53364,0.615286,6.68343,8.43053,11.9489,42.6792,32.1431,1.40642,17.5637,20.8852,2.86121,10.2242,10.1085,3.94525
9.06693,12.1534,13.8998,2.12793,14.2294,22.0017,11.6609,0.53146,7.0914,3.73105,3.10812,10.7654,2.01299,15.4679,11.4563,1.20006,14.7374,20.5748,4.96788,4.23356,1.34962,4.10093
83.5098,118.796,93.3764,22.4621,16.4944,13.9546,0.712088,15.3373,21.1141,10.3747,2.72309,6.26655,3.80452,11.0095,17.1751,8.87989,12.8239,14.5734,4.58664,1.56184,7.53451,9.5074
105.171,120.984,72.6469,1.74702,11.8753,3.38871,6.50692,14.1228,0.612121,4.05957,4.01703,9.27287,8.38042,2.25056,0.57997,1.94994,5.36003,3.12903,2.051,2.37878,0.459452,1.84505
127.536,120.42,55.9261,3.68172,5.15263,9.63137,26.58,25.4613,8.52374,1.33675,1.99479,6.19426,6.19107,0.862742,2.95184,0.342547,4.07615,11.6795,7.27185,1.55352,6.47793,5.69823
146.943,127.524,55.7401,2.22344,1.84039,5.51075,10.509,9.32627,0.605067,3.50309,0.0583434,1.12752,8.75938,21.7533,14.8017,0.271777,10.6122,13.6265,3.55805,3.0593,10.418,10.3109
128.645,103.707,37.4298,2.22395,1.40173,12.7171,21.1981,12.9928,2.91335,0.305528,0.589621,0.316113,11.5767,26.2804,14.6583,2.0642,11.8057,12.8918,0.180209,9.72424,11.2874,5.62716
39.8681,35.6748,9.73124,6.67827,0.255639,3.39469,15.4338,16.9061,0.87252,4.03352,0.786575,6.38468,1.09942,16.2003,13.3126,2.75325,3.83265,8.45309,6.98443,8.50406,8.03827,0.524824
50.2556,29.0967,8.3942,10.6519,12.2728,15.2281,14.1906,7.62049,5.31677,3.67661,3.08467,8.80861,1.51446,8.34211,1.20768,2.76245,1.16749,2.01049,2.41465,2.94472,6.7545,6.41912
59.2221,40.8559,13.7147,3.79683,5.26046,6.47468,15.8345,21.1335,2.11879,3.21539,4.02382,9.14722,4.51422,21.7817,14.1856,2.53529,3.64547,5.61114,4.43018,7.10807,8.75399,9.3151
13.9065,14.3328,6.72406,1.12088,2.53295,2.67408,3.55033,3.01604,9.48972,7.10395,2.4413,5.02726,4.86491,17.9941,14.7462,8.73563,10.785,9.79698,2.68021,1.13291,3.86055,2.28255
0.952869,0.142497,4.06441,8.31704,0.131198,7.10083,10.5263,19.3205,1.68215,0.9537,4.32197,5.04485,3.41014,0.893755,1.09836,1.96027,7.5593,9.23792,2.5943,4.79042,5.58637,0.395713
0.270267,0.620045,5.61529,10.6808,7.42844,2.63296,9.52865,11.9417,1.96077,6.03089,1.56201,0.608111,2.43491,1.21887,2.53286,1.45297,6.38488,12.3425,8.13457,6.91314,7.73202,3.95254
0.891816,0.675245,4.62926,2.76456,2.60878,8.24233,6.53265,6.41791,2.01729,0.745017,3.16978,4.18898,6.54866,18.657,10.5722,0.0529155,2.08665,2.67044,0.343936,3.25041,3.79707,2.19722
0.158561,0.303053,2.49009,6.95541,9.2013,1.31032,22.99,18.4604,5.22675,6.69186,1.9455,8.66356,0.169052,23.3843,20.1976,3.01976,6.60835,11.2151,3.29695,0.359219,3.35301,2.75049
0.448863,0.488439,0.363625,2.11803,7.91856,16.6449,17.8937,15.3004,21.5152,15.7209,6.51636,11.5015,3.18824,13.6416,7.85225,2.42208,7.97497,14.4472,3.44468,6.06366,4.32052,0.0944225
0.537767,1.08914,5.65648,5.20039,3.06273,11.5504,25.8765,31.511,21.7301,10.1147,2.67472,9.78571,4.2367,0.339269,3.53052,2.81933,5.34066,5.6181,2.45202,4.23759,2.51381,0.990458
0.154141,0.690608,6.6709,11.7673,6.70747,9.40198,36.8817,41.4516,18.9311,6.95869,0.0948475,6.70479,8.46411,8.39479,4.29683,2.49896,8.88249,10.3288,3.26584,2.55586,10.7168,10.2361
0.0246824,0.671027,5.63097,7.30971,4.28828,9.26053,2.47574,16.9166,2.21593,11.795,3.40188,3.6714,8.61915,6.96282,3.25887,2.39289,18.2716,26.8698,8.77024,3.47507,4.51752,3.89564
0.166206,0.0412269,1.07013,0.484031,1.94074,3.94039,10.9471,9.30566,7.26628,5.32654,3.45222,1.12647,6.99366,23.38,19.4932,7.09741,20.7278,25.4736,6.05295,5.04614,18.1799,14.0268
0.0563777,0.0575578,3.37447,1.75528,2.27046,7.10693,0.391492,8.45209,15.9979,20.0046,3.01108,2.50946,2.19626,19.4736,18.5924,3.77426,0.708745,5.39697,8.4831,5.45429,1.81651,1.74127
0.26164,1.03465,6.8261,10.9422,10.5597,6.44927,9.60876,20.9318,16.8154,9.20468,1.09667,1.1486,1.80559,1.54565,4.73412,2.46712,7.31914,7.93233,1.72355,2.4566,2.61789,2.60383
0.495225,0.361436,2.85804,3.03572,5.1283,14.86,16.7487,14.4772,19.1423,14.796,2.96483,0.147669,5.94147,14.2483,9.88669,2.48264,7.68027,12.6886,5.9279,0.910597,2.84903,2.33946
0.157585,0.146945,0.191254,1.36184,1.8601,2.90738,11.5478,21.6635,31.8825,24.4354,2.57074,2.73263,14.2091,24.0277,8.07036,1.29359,15.3968,17.5084,1.18844,12.2259,6.72291,0.769987
0.817615,1.47169,4.54261,7.04037,2.19885,9.82673,12.3618,2.10918,13.9394,8.70641,3.37198,3.68894,17.0088,32.69,14.755,2.9488,12.5582,15.9538,1.03937,9.45535,5.44034,1.79593
1.09577,1.70361,5.52045,7.49923,0.684246,3.39937,28.9495,31.5941,17.6677,12.1493,5.74522,5.20387,0.666236,12.0153,10.4915,0.0847967,8.6744,6.4572,5.56163,11.3685,7.86905,2.69666
0.245374,0.0183708,4.75037,9.44141,1.83437,14.6074,8.11849,1.20378,2.86259,4.01166,2.865,5.47435,12.4745,25.1209,19.1493,1.82856,5.90341,13.8526,8.38071,8.5069,7.27278,1.56117
0.971307,1.16057,6.29174,9.4133,0.967696,13.6432,23.5601,14.958,2.66193,1.22271,3.89072,11.4376,20.4649,25.5127,11.4637,2.44338,14.5019,19.824,6.7358,7.93883,10.6482,3.86677
0.373483,0.689065,5.63931,9.45684,8.73652,10.7963,12.8505,12.8675,9.2107,0.157085,0.377147,7.06151,9.87494,5.84433,1.16122,0.0119916,2.86205,5.36656,0.553747,2.66938,0.520157,2.00509
0.419058,0.0158585,0.192604,1.99778,6.05394,2.61547,23.8347,24.0837,1.2887,10.108,2.60704,0.441404,6.1889,23.4059,19.7903,1.61871,3.84277,8.40865,1.84821,0.820972,1.89784,4.20267
0.129203,0.491883,4.54813,2.45314,4.15098,5.48383,0.755521,17.4462,5.58478,2.4322,1.87293,3.5872,8.11802,21.7302,17.7902,2.35633,8.86537,15.7927,7.59396,0.538467,10.0026,13.0427
0.0187073,0.359321,5.51932,11.5724,8.94636,1.50936,10.084,22.5712,27.2141,19.8814,2.26752,9.99193,8.02582,2.36347,8.76028,3.27002,10.8936,16.4415,8.78407,6.04014,0.714168,5.41289
0.449875,0.357656,5.36915,8.01774,0.171301,11.6391,25.1146,28.1484,12.1539,1.72844,3.46555,10.8276,1.46226,16.9641,7.80614,3.62488,9.0111,15.648,9.92041,0.72472,4.02144,3.25928
0.0549512,0.276944,2.52454,1.3957,1.22503,1.42648,10.8791,17.2476,7.10483,15.3696,8.97416,15.0413,6.8961,14.4163,11.462,1.72646,4.23046,7.65412,5.1625,3.75675,6.23182,1.22667
0.27604,0.422706,0.828721,0.639928,6.62901,15.4252,18.2771,3.06536,7.3943,3.19348,3.89718,11.5489,11.4473,7.61869,4.80809,3.36448,4.69803,5.22583,3.164,0.713496,4.37583,2.95938
0.604991,0.0566487,4.15149,9.32429,13.062,16.1283,3.6362,6.16928,7.83739,12.2214,0.0904398,5.91251,9.50613,12.8525,4.66905,3.81695,6.23178,3.48435,0.0754438,1.01881,0.232367,0.586179
0.319024,0.802471,6.36454,6.02587,4.35519,4.76569,2.72538,5.3203,3.081,0.46429,1.64758,2.61577,3.47529,17.742,16.325,1.99083,5.24327,4.48718,1.60387,1.38988,1.11152,1.43253
0.0215332,1.09923,6.07342,10.2545,4.12488,7.42771,2.47655,1.04471,15.4999,16.1303,2.02628,5.87708,1.9004,10.0708,8.15022,1.99511,4.36914,5.02486,2.13333,1.29945,2.56522,1.51574
0.235679,0.407458,2.7455,4.15834,2.61951,1.81131,1.73279,7.9388,16.2313,10.5025,4.33696,7.59737,2.39643,5.62713,2.78033,0.0910791,7.24331,9.48217,1.28188,0.217343,2.51128,0.112654
0.0787402,0.367196,1.26212,3.8091,3.59344,7.9833,14.5459,8.51851,5.36295,1.91482,2.63803,7.94015,8.14521,8.63453,7.72432,3.44,6.00146,11.8038,4.264,2.53433,3.86098,3.4826
0.43062,0.548149,5.51056,4.41227,3.12467,3.87905,12.941,14.2636,18.3732,12.0383,2.35978,8.64364,14.6452,21.7255,13.7833,1.36835,3.89354,6.34321,3.67053,2.40182,3.20964,4.25738
0.319423,0.915756,5.35132,9.18041,7.99386,7.48153,10.4959,5.72629,6.81459,5.92105,1.75781,2.43215,3.65956,10.6677,6.69494,0.594483,4.50624,5.50409,0.482233,1.55411,2.89965,1.48367
0.212175,0.445531,0.949109,1.75727,1.55579,5.15389,3.51064,2.54973,5.87029,2.46225,4.79775,7.05336,4.19739,1.8228,7.30925,3.01848,5.28265,5.68095,0.83976,0.525136,1.61851,2.16683
0.0663931,0.307042,0.577992,0.0515786,0.915466,3.82126,5.73638,2.29733,8.50057,14.8897,9.56063,4.80928,4.43072,0.55254,4.89472,0.986947,4.17484,2.1894,1.89756,2.00883,2.05457,0.840678
0.0805199,0.127608,0.188688,1.16775,3.08331,3.70619,1.61129,2.31103,3.11765,2.0139,0.544977,2.11983,3.73247,3.98915,3.92705,4.85394,8.29064,7.67467,1.97704,1.51468,2.8244,4.34858
0.0864409,0.0457258,0.433829,0.099846,0.627222,1.77492,3.30969,6.47595,12.9486,11.9922,3.4368,0.841068,2.99527,3.19504,1.22324,0.327214,0.84595,0.170896,0.91086,0.212382,0.938758,0.827963
0.0440225,0.173993,0.0664236,0.210571,1.55015,2.40471,3.57125,1.31087,5.08777,5.56636,2.95191,0.773524,2.09546,1.05664,1.83928,1.35017,3.35177,5.0982,2.10823,0.318897,1.21733,2.933
0.0961426,0.0856379,0.31163,1.01754,1.7315,2.74119,4.36829,4.22517,4.04589,3.1377,0.746306,1.19514,3.84594,4.31978,1.27425,0.452691,0.870263,0.951195,0.685047,0.94836,0.65404,1.95865
0.0128373,0.0394887,0.100563,0.803873,1.38267,0.308063,3.10725,1.07439,4.42258,3.47347,1.02319,1.51046,3.19173,2.57156,2.31787,4.55352,6.68479,7.21215,3.02105,0.578579,0.525977,1.4379
0.0579289,0.0379263,0.20285,0.342738,1.40118,0.816539,3.64024,3.70489,2.97845,3.10002,0.470273,0.0852817,2.46476,8.79612,8.68041,2.76522,2.62851,5.87314,3.74441,1.74292,1.31009,0.0192206
0.0245051,0.0362819,0.290753,0.861176,0.979822,1.76812,7.47125,11.3982,6.98074,1.73419,0.973369,1.39467,1.69279,2.57581,0.0974592,1.38897,3.82349,2.86659,1.6603,2.48889,2.94255,3.29639
0.00478415,0.0343081,0.206586,0.545098,0.0398787,0.0872457,3.15347,4.2576,0.339474,2.08162,1.53305,2.94285,1.34082,0.88977,0.403841,0.655597,0.297131,0.504333,0.453686,1.48499,2.13514,0.486293
0.0376038,0.0341181,0.457644,0.662952,0.143688,0.51038,0.354768,1.29473,1.006,2.52204,2.08393,2.33794,0.456572,4.42543,3.11861,1.27171,3.37583,2.77452,0.857986,0.725502,1.50114,0.179545
0.359567,0.291233,0.268528,0.0840347,0.508915,0.326193,0.958381,2.06251,5.24244,2.99723,1.26929,2.28162,0.145405,3.37037,3.07722,1.11569,2.54535,3.55587,0.549288,1.44056,0.126731,0.213724
41.7348,40.3631,19.2895,81.5522,9.48333,53.4037,12.0636,15.459,13.1925,3.73353,11.8091,21.1373,4.16487,16.1531,6.80804,0.630322,3.51493,9.52221,2.73083,0.511941,5.52071,7.9349
30.0065,49.9803,24.3092,164.587,106.567,26.1165,22.3358,10.7831,7.01146,3.49661,15.9604,58.1022,80.4393,43.7231,7.09676,11.0098,21.1569,11.6549,3.43538,9.82781,5.24225,5.05341
25.0004,32.9771,151.231,129.525,12.9456,9.71448,2.09419,1.7318,7.84802,0.594589,1.81268,32.6259,35.0244,2.31491,7.66242,6.22841,31.7942,19.0664,6.47112,1.19717,4.06878,4.19957
17.7515,100.789,143.211,44.2792,10.5995,12.8341,10.7477,8.60075,15.7105,10.8719,2.9274,22.5456,29.1083,10.0272,1.59004,5.27931,14.2015,2.03347,18.224,8.14086,1.42816,0.125619
36.1385,35.6738,27.7102,8.01264,2.0954,3.70184,10.1789,14.2397,16.6466,11.7191,0.263262,18.3715,23.3989,4.26827,2.06349,1.87792,18.8471,12.4083,6.68846,3.04951,3.97372,4.56615
86.1263,109.918,82.0054,19.503,1.99206,0.920641,12.3163,12.4926,7.5625,5.04426,0.70354,0.760076,7.03615,8.5238,6.34061,4.90717,50.6536,42.7856,17.7644,16.3961,1.74722,1.39586
118.203,114.45,62.4117,14.1595,9.10092,2.68849,10.5914,3.43751,7.62478,6.20883,3.17565,13.5013,11.518,1.05347,2.96598,1.02954,37.2163,89.6634,72.3235,17.1206,1.63278,0.645898
117.836,93.6869,36.8306,8.57306,10.5493,9.94164,3.07272,9.10027,13.6797,9.1916,3.56975,0.775632,2.39718,0.790232,0.0364365,3.41616,4.99667,11.8906,40.9044,22.4943,0.701917,0.448322
73.004,52.4842,16.1655,3.15052,1.65923,5.63194,4.6776,8.35604,3.98814,2.09693,3.83054,19.1663,27.406,15.4854,4.52169,2.62363,12.9336,2.09472,36.0265,26.5674,3.08879,0.904198
39.982,18.6334,9.94468,16.3507,11.4314,1.94085,1.11323,7.47092,8.25806,4.46882,2.37751,3.41887,16.3317,10.6756,0.0962721,4.17278,45.098,86.9177,63.5976,16.215,1.44533,4.74971
126.887,84.2039,8.60124,8.91135,6.36764,8.31682,14.1145,12.3765,10.93,10.4938,5.61408,12.6555,14.89,3.88323,3.84674,3.62954,49.387,43.5899,13.4039,11.8162,2.22529,3.90913
164.591,129.947,47.6163,3.13313,2.39014,13.9037,27.5815,16.4023,3.18068,0.0189715,1.97975,3.80599,3.36053,2.56671,2.03272,1.11542,8.83902,9.37132,2.31708,1.65267,3.36766,1.29481
124.885,112.721,57.9499,7.88678,3.17886,7.86953,21.3583,8.25778,4.80024,3.23188,1.46502,2.82964,10.4337,10.7673,2.96156,4.34719,35.9028,21.733,30.5862,19.374,3.84135,5.39755
27.0923,29.4604,23.5353,17.8683,15.2383,6.63984,5.41056,8.21279,11.8507,10.4733,1.93533,16.6142,18.2602,6.58686,4.36834,3.83933,62.9799,110.822,69.404,10.5706,0.0768449,4.10405
85.3712,73.7502,25.1752,7.3264,8.60489,28.2825,32.3074,16.1622,4.59844,1.38902,2.92246,9.5355,5.74038,0.924824,2.06995,5.6042,28.2034,14.2639,38.7274,33.5169,0.923532,2.87043
128.718,115.54,49.2173,5.20554,3.01575,8.22613,20.0363,10.0036,6.89519,6.39756,5.05681,6.52136,0.12269,2.6131,3.12649,3.2309,17.7787,4.86571,33.4041,14.3632,5.78078,3.94243
95.1856,71.5568,22.0462,2.12112,4.131,12.9619,12.1342,7.56728,15.7066,12.566,1.21459,2.86841,1.67756,2.56987,5.63459,3.70869,51.4657,87.2001,72.6749,32.5195,0.730575,3.37136
8.35327,9.48844,11.7536,12.9727,17.5122,25.7431,35.9098,21.0602,8.68998,5.64385,1.7294,5.09339,22.0511,19.1601,6.34759,7.70718,39.1951,35.1163,20.4939,25.0729,3.43894,2.98253
34.5311,28.9859,3.43168,11.2054,0.1692,7.60387,21.1407,16.9633,7.08988,7.97358,1.4754,20.9732,46.1258,37.6992,12.014,5.73321,6.6086,7.87561,29.4485,33.9432,9.86473,4.70693
2.67583,20.2298,35.3082,23.1822,12.9793,0.636076,1.87645,2.08756,14.4761,10.9874,0.381559,0.739558,1.27474,0.991721,5.8084,2.57062,30.5851,44.0183,9.12895,3.09639,5.32167,3.55041
18.9353,36.5372,36.7675,8.1757,6.83795,4.75718,4.5304,8.11852,8.40285,5.51849,0.886716,7.97052,31.483,26.6124,0.237706,11.5083,59.1386,78.8258,4.53485,36.7206,12.466,1.02459
6.56025,8.32676,7.202,5.34004,0.179647,4.31993,8.88301,13.0425,0.857634,2.15072,2.56872,5.94143,4.47362,2.1347,3.79596,1.14434,34.2574,46.512,17.6902,46.4839,15.0591,1.09858
24.7638,49.1733,52.0739,15.4981,3.49691,9.78957,17.8373,12.028,4.30964,6.59632,0.0735352,6.28095,31.7284,32.5431,10.7153,5.24282,12.9753,23.6402,20.4502,5.80499,0.791509,1.26427
10.375,24.3439,31.5451,23.7014,19.5814,14.7601,12.1401,3.62063,4.7337,2.53525,0.143454,6.57745,14.9565,12.3625,5.24832,2.76991,28.5203,39.9468,8.0632,27.7847,5.54416,2.8059
18.072,35.3605,23.6087,2.55798,13.4392,16.2828,1.36154,7.04845,3.81794,1.61814,1.82473,9.68879,13.1191,5.01017,6.01254,3.23175,54.4199,76.6177,42.1177,18.6424,8.65728,3.03038
24.3667,48.1011,35.9855,13.7682,24.5144,9.38087,13.134,15.3121,2.12277,1.88,0.112013,3.71763,10.3494,3.20967,3.80311,6.70342,40.0719,58.1633,34.8438,20.489,10.1513,1.66079
0.948395,4.4494,8.24993,1.40155,7.57531,1.68146,14.195,10.2431,2.91568,0.865901,1.02364,3.56764,6.71894,2.14804,6.40628,1.22886,1.34475,8.47342,11.9282,4.99943,0.877785,3.54025
28.4314,55.0444,44.9284,1.95241,7.91631,2.99898,4.81463,6.54512,2.78565,4.72563,3.96506,5.29937,21.9341,14.0562,4.60915,3.18946,47.0398,53.9967,3.47631,7.71854,0.746688,5.07211
17.3288,30.8569,16.0899,10.5381,4.70318,4.03636,33.5416,24.1726,4.11311,0.75828,2.39186,18.617,35.976,17.7188,0.9648,6.10527,43.2782,62.7899,40.9085,17.1674,5.25104,10.2756
23.1773,41.9961,47.889,26.9357,11.4625,26.1691,54.8525,32.7023,11.843,8.25061,0.522204,6.92083,23.0031,14.4385,1.59318,0.79397,10.8547,10.0242,5.88823,4.56118,1.98072,8.44888
33.4258,63.0558,63.84,14.248,11.6633,0.947105,23.427,19.1886,11.005,6.53072,1.72676,3.87079,14.7138,8.28309,2.08679,4.3866,34.2799,35.555,8.08738,22.5516,4.97811,1.32552
2.7065,1.41977,0.86556,2.76566,13.8835,27.3733,27.3572,11.1214,1.70912,2.3116,0.73824,8.01713,11.3281,5.61844,1.00759,8.85827,44.9096,61.4085,20.2185,5.67934,0.338932,5.02404
36.3373,67.9119,72.1722,29.5982,12.0142,26.9232,44.2954,27.5277,12.0677,7.85692,5.45357,18.4284,24.385,10.5764,2.68002,1.07446,20.0675,28.7304,15.7147,15.0189,11.8804,6.12716
19.7475,42.5028,56.9073,34.2547,17.147,3.39961,23.6709,27.2944,11.8681,7.02512,3.96213,2.83979,27.7076,31.7432,4.01139,6.44134,10.8233,5.9819,19.7791,28.671,12.3031,0.934809
20.5319,36.7769,18.2913,15.7844,5.24241,19.8245,2.18259,12.0579,0.203792,2.41899,5.49297,10.8968,5.19368,20.3136,10.5984,2.04256,30.294,43.0864,4.20698,18.5449,3.00272,2.53459
34.9753,66.6198,55.7465,6.34207,19.1102,10.6036,11.8852,13.1943,14.3041,11.7414,5.12774,4.92112,3.5622,5.90074,7.22742,8.08122,33.9905,41.2434,2.8378,17.1373,3.59432,5.02599
0.434247,4.68614,11.9118,20.6268,17.2279,6.24063,23.9712,28.2904,6.51954,1.40008,2.40795,0.261504,19.9869,30.0256,5.72172,4.33308,9.46878,17.1779,3.97949,15.6208,12.1392,5.58315
37.5691,66.4295,44.4984,9.25189,1.27616,14.2192,30.9541,20.0971,9.80957,8.94443,3.66823,3.68389,27.7494,52.9212,27.3237,1.86587,22.6974,27.2311,7.68956,3.67894,6.68654,3.96534
21.935,43.4292,25.7907,15.4131,10.732,18.0406,23.8363,3.24314,11.4655,10.1768,2.18501,9.3009,26.9843,46.5705,10.2261,7.42636,30.4061,44.8047,5.38308,22.0833,15.9241,5.47333
19.0127,37.7039,44.5693,26.7617,12.8948,1.23647,10.2881,13.8809,0.795004,3.27806,6.94811,10.1626,21.0174,43.4282,24.3289,2.48722,26.1889,37.8603,4.9865,14.8287,8.99895,9.5997
36.9749,68.5556,62.5228,5.044,16.6151,27.5742,38.4265,18.0341,12.5093,12.6179,4.39709,11.9327,24.5445,25.1846,13.2682,3.11951,2.27854,0.558794,9.56629,5.24015,0.515891,3.64152
3.5489,8.35505,0.476257,4.94025,14.7347,31.9476,32.9638,15.2296,1.15893,0.901828,2.83305,10.9541,49.7978,48.7056,2.33064,10.1716,24.1643,29.0042,2.02172,5.40261,2.67434,3.31512
33.6427,65.4577,71.3895,34.1626,19.2543,2.21894,11.9698,2.40879,10.4603,7.72088,0.186098,4.91586,10.241,14.0129,13.8318,1.77993,27.1767,31.2275,1.98237,4.00626,4.26968,4.68608
28.0812,52.6819,60.5576,18.9687,9.44543,19.1244,49.1358,21.3168,12.0993,13.0702,7.2399,13.3781,55.8518,51.7166,14.5329,0.359294,5.43466,14.3906,5.97523,4.65921,1.96811,1.26723
12.8607,27.7667,14.9108,27.0771,30.3969,2.06329,32.3732,24.0828,1.77571,2.83604,7.82187,1.43383,31.9418,33.675,13.1511,5.56423,10.394,14.7036,10.9927,10.0204,9.47428,3.71265
37.4851,66.5784,54.6472,0.0451023,2.79123,9.85062,0.133877,15.1757,16.1364,8.26253,7.00631,9.47532,6.17412,10.9956,3.62178,0.991201,22.2317,26.0493,1.27765,13.6302,2.82713,4.28261
10.7959,20.2097,20.6266,8.52005,5.73408,7.33297,21.3226,6.47412,17.9869,17.6331,0.966578,20.1581,39.2505,22.8214,1.6795,1.94671,6.58251,10.5256,1.97938,10.8712,3.4894,5.99026
27.3037,52.992,47.2887,13.5579,20.9512,11.0828,20.9843,18.8006,1.7266,4.11587,7.03329,3.01163,20.2507,17.9344,1.57898,5.59731,11.0999,9.07134,2.5376,3.75612,2.7332,0.0894401
28.9458,50.7666,42.1609,2.87346,22.5281,7.4412,29.0263,31.4273,18.5258,12.867,7.90024,11.8637,5.16408,1.22402,1.09676,2.95897,15.4217,25.3229,13.4567,3.75937,6.16293,3.48174
8.61542,18.2494,16.1873,6.03237,11.1973,16.2705,37.1609,22.483,13.0605,10.8085,1.01696,7.65688,17.6453,21.1285,5.77268,1.47703,6.34052,5.79354,7.04778,9.20664,2.02183,1.14865
29.7198,59.1497,46.7181,6.77733,10.2365,11.1825,12.3485,1.93807,7.31894,2.09392,2.56335,9.25683,37.5247,46.9131,16.5708,1.25928,1.18808,1.41183,0.516022,1.9269,3.17024,1.15397
11.3349,19.1748,2.45877,16.7963,0.68777,1.14531,16.356,18.2356,23.0757,17.625,3.90913,3.89336,21.3606,25.7683,6.4116,4.50715,16.5618,20.4495,3.22689,5.14158,3.18155,0.9749
19.3472,42.1001,50.63,34.7773,27.5759,5.88152,7.10917,2.8,6.94541,10.0463,3.09333,4.13679,16.8241,13.4885,1.48368,3.50609,12.3734,25.576,12.6731,1.35091,1.49899,1.25726
25.4748,48.2493,46.6718,1.51625,21.2171,13.4427,1.89499,8.2279,22.9829,20.39,3.94008,0.0155108,19.0907,28.1751,8.04621,2.55352,9.08732,11.2645,5.24948,8.42085,0.963621,0.237503
2.77908,7.21028,10.5251,2.07397,15.6492,2.62008,14.7829,2.40813,20.878,17.7052,4.29847,2.05225,16.7327,29.3613,10.6213,0.598476,8.35487,15.5434,11.426,1.71395,0.369741,0.245934
26.3967,52.1529,52.9809,23.7256,20.2096,3.73646,16.3401,9.48667,1.19248,0.891061,0.40805,7.39388,20.2681,15.312,0.945414,3.51623,7.14787,11.7496,8.57298,1.88617,0.160775,0.19529
2.28701,31.7843,47.5959,6.79919,12.2412,16.2301,6.34906,10.4196,24.6746,15.9112,1.38532,12.9717,31.0375,22.6724,3.89205,0.938085,11.4874,17.9314,1.43723,8.34825,5.4262,3.1857
42.8029,58.7908,54.2505,53.8628,58.1387,23.5472,8.85685,20.655,33.2806,25.7291,13.3696,3.48037,5.74496,3.77821,12.3897,18.907,34.032,28.7898,0.641086,13.1499,6.71797,5.50775
4.92672,19.7679,52.3717,31.9796,7.3338,10.0696,10.6554,3.83293,2.2907,13.5791,8.14308,12.4756,32.9609,22.7574,3.91646,4.36132,5.05801,7.5097,6.61771,2.69766,0.77086,6.15302
12.4051,29.1952,51.3713,34.4309,1.81261,6.81393,7.74972,0.123993,25.2536,22.2388,2.87969,7.92563,2.56239,3.2817,3.65834,0.687359,13.8057,17.078,4.33524,2.87633,5.75046,5.73692
21.4954,67.3798,73.1372,14.5029,0.0982489,9.35776,7.65014,9.00958,30.3002,26.1873,8.52437,0.274589,24.8245,26.603,3.46559,1.29499,12.7372,21.6947,12.3011,2.60944,0.835341,2.49112
17.038,21.612,15.2203,6.15004,10.6199,1.22109,6.45416,6.31363,6.49227,2.28538,2.12479,11.0604,21.3715,13.9681,3.51871,2.29858,3.93566,7.33032,0.954679,1.44052,0.816408,2.31809
46.1396,44.8718,21.4231,2.91012,2.84955,10.3888,0.90066,4.37973,14.727,18.6617,6.35834,2.57407,8.44522,20.6059,11.7084,3.77197,8.83079,12.3524,6.73929,0.490864,0.69694,1.07535
28.771,16.8297,0.322762,5.60541,7.7718,8.51381,0.232119,1.88813,9.24402,10.5435,0.0102512,4.16624,13.3039,25.3885,10.7675,4.39543,17.8937,22.5495,8.69461,0.924436,1.90065,1.10414
45.0641,40.5214,16.1638,5.69995,5.66076,2.76109,1.37923,1.61895,9.94261,10.7225,1.49522,7.97708,3.18502,13.0385,6.52746,3.04039,12.1047,15.557,4.05849,1.05873,3.48029,1.24163
119.164,89.4005,22.4039,5.5343,3.21975,6.21563,7.94912,5.39112,18.8657,16.9852,6.22291,9.73759,8.61302,1.43522,0.184452,0.566521,4.87438,9.05333,3.40563,0.075137,0.27034,0.156461
145.481,102.269,23.2567,6.95467,4.2635,3.61443,4.85506,7.64681,2.56141,0.31414,2.50489,4.9047,3.99834,2.76066,3.07577,4.16813,3.50863,1.44282,0.763124,2.42138,1.80304,2.32616
77.5735,58.9902,20.5105,0.960271,0.545508,4.937,1.45655,0.858026,12.7578,11.0477,0.0598982,6.06352,19.1267,20.9729,6.93768,2.27035,9.41368,11.9308,3.32162,1.07752,0.0579215,2.15252
12.4634,2.50046,14.4882,10.4598,4.85687,0.67454,2.00624,1.04451,13.3616,12.5831,2.71851,2.48305,13.0917,16.6335,6.85933,3.34618,13.1783,17.2485,6.56976,0.929604,0.0810237,1.54043
31.7898,11.9056,12.0872,10.6631,3.50665,16.1175,12.0978,2.18365,1.90797,0.508467,4.04068,10.6084,15.716,7.98192,0.585842,4.46729,9.92096,5.68957,2.95403,2.35245,2.10002,0.750067
6.36718,1.18526,6.52911,6.58262,5.76062,8.82953,3.78078,4.6289,18.6646,14.4076,4.68878,4.89286,3.57392,5.00692,2.99529,1.96199,11.6367,16.4383,7.16403,0.468988,0.947751,3.41246
2.77553,3.38292,3.19555,4.01934,2.56286,7.36074,10.9571,4.46358,22.5004,18.0016,1.16788,17.2064,26.05,18.6879,3.80858,3.62527,20.0792,21.4288,2.95984,3.03937,1.09104,0.122144
1.42455,4.81036,10.3828,7.8507,2.69276,11.1472,14.7619,3.17504,3.18189,2.07858,5.92513,11.9156,6.07526,0.744198,1.58698,1.12694,9.9566,17.0841,6.69577,2.74585,1.80133,0.749215
1.2557,3.88859,10.4399,10.8937,4.37152,0.275327,5.05296,12.2463,21.9283,15.6734,6.06115,6.66807,11.9457,21.4434,5.41498,0.416139,2.64543,1.52183,2.0148,2.3463,2.40981,2.81543
0.395261,0.331811,3.77979,8.18418,4.15379,6.1358,3.64608,11.6824,23.0921,14.788,1.17803,4.08483,1.2875,6.69958,3.5278,0.870684,10.231,11.7001,0.711974,2.42867,1.05087,4.42374
0.641166,2.13239,0.694435,1.29387,6.08776,2.03796,3.10257,0.00441524,3.4476,2.63025,3.38908,5.7454,5.56924,11.1184,3.82552,2.315,9.72044,14.3551,7.14345,1.37589,1.05982,3.70818
2.13888,2.56543,2.00395,2.62249,12.8664,17.2103,3.23543,11.6066,17.1432,14.3374,1.02963,13.179,6.70795,3.78316,1.39487,0.76242,3.88596,7.17137,9.14637,6.97681,1.22451,1.01494
0.289469,0.364788,4.39161,10.0597,12.2581,11.3272,7.27132,2.398,11.4642,9.15986,9.31818,15.0086,6.42917,3.70492,0.15298,1.8465,8.20559,10.1451,1.25957,0.599933,0.967897,2.11263
0.67873,0.605707,6.75939,7.88073,2.49339,4.08158,10.3045,18.6225,7.63629,1.55118,4.56396,12.5147,7.27575,0.604311,2.29217,6.03946,5.86996,4.28431,2.42747,0.0801007,1.00807,5.3089
0.561348,0.3762,6.10869,9.96278,2.48384,3.09853,4.75745,11.3452,12.9906,9.8995,2.83871,11.0942,10.7966,6.10436,0.624408,2.20493,7.1032,7.76614,4.43019,0.298389,0.707573,2.04264
0.273722,0.266218,0.176804,1.5115,1.06173,5.58879,5.9351,10.9807,0.76029,3.85228,3.87344,6.90362,10.5828,12.6284,6.65788,0.751299,1.55136,0.816411,1.16389,3.07473,0.753354,1.2974
1.29667,0.360754,5.0446,9.89097,5.60141,7.51415,21.9887,21.1946,11.2305,5.80882,0.905183,0.840441,1.63919,3.36361,2.6048,1.10262,5.51359,7.26149,2.73177,1.00046,2.10845,1.71589
0.726829,0.483124,7.93172,8.00283,4.81677,18.9854,24.1716,16.3293,15.2401,11.0727,0.681966,1.49903,2.97268,4.19085,1.54027,0.319027,3.21296,5.49638,2.13878,1.82231,2.42443,2.30996
0.17018,0.162524,2.6017,7.18582,8.31815,4.81168,2.93995,5.85707,1.04922,1.9065,1.19321,4.1952,11.1933,9.77298,2.52097,1.03323,4.33714,4.16547,3.00491,4.2502,4.24577,2.20002
0.281303,0.0833656,3.92036,9.27913,8.16522,0.934552,11.4147,14.1693,14.4538,10.0604,2.27945,0.358798,2.45867,4.97319,1.80699,1.93629,2.77009,3.09767,0.996624,1.14952,0.897949,1.81826
0.232121,0.0135045,1.96654,6.09542,2.98528,1.9326,0.934774,6.46998,21.4317,19.2096,3.24327,0.367933,8.33681,16.5185,5.62268,4.19432,6.77069,5.93242,0.214179,0.941127,0.274935,1.64696
0.586667,0.730919,1.70828,0.240924,9.19188,16.17,2.98985,11.5941,7.05653,2.14544,0.566907,3.63503,13.5657,17.7328,6.55193,3.00076,9.33336,10.8078,4.65047,4.7438,5.16645,3.40234
0.994207,0.221653,6.16574,9.84856,6.7704,6.17762,11.9116,5.27369,18.4719,19.3045,7.18077,10.0102,9.65361,4.05133,0.59994,3.45948,7.35609,9.80859,8.40421,5.43932,0.710843,0.657202
0.527383,0.184968,6.43498,11.2066,7.77821,14.2049,15.6397,5.57872,8.38276,9.42648,4.46111,10.5082,2.82316,5.17425,3.96008,2.3547,1.36663,1.95939,1.25376,2.66118,1.40871,1.8045
0.870685,0.650583,4.58731,6.40802,2.67898,14.5159,26.5259,17.2481,8.22283,10.2024,4.98954,13.9649,9.16638,0.718449,2.67523,0.10303,5.74537,7.84182,0.69599,3.6556,0.549301,1.47099
0.437477,0.455621,1.29002,4.73269,8.02151,3.2273,17.9513,18.2664,23.2087,20.4718,8.12643,10.5727,11.6239,5.63502,3.12702,4.52567,8.07109,8.80983,3.03026,2.27669,1.06467,0.928614
0.339612,0.777459,1.81667,7.44208,8.04395,11.7083,33.6734,21.3692,1.09442,3.92001,2.18234,4.87859,4.16366,0.531238,0.755009,1.77921,3.62887,1.14973,2.11905,1.45676,1.76644,5.94957
0.198128,0.500924,5.70645,5.14784,4.01816,3.36165,0.600671,10.4484,24.46,18.8093,2.90061,2.42683,4.96573,0.597378,2.49207,1.88904,0.549096,1.08626,1.53066,1.85151,1.42296,1.06165
0.891617,2.78419,7.90183,10.3805,8.63362,19.1667,24.6312,15.4997,14.4231,7.42228,4.86358,8.64859,0.436495,8.63759,3.3868,1.15859,5.18784,6.14426,0.461209,1.57202,0.370085,1.40042
0.608886,1.75707,4.09299,5.53819,3.21046,14.4158,26.8644,17.687,14.8784,10.5485,8.08585,12.851,4.12223,15.6651,4.98548,0.95672,3.14502,4.04425,0.924534,0.673545,0.185932,2.41621
1.84526,3.15721,3.58647,4.387,9.09407,2.63566,15.1042,17.3206,11.0357,7.0945,5.2143,13.5726,8.15752,2.88191,1.54206,1.31596,1.50531,2.12905,3.85416,2.7124,2.56235,0.0803466
2.15388,4.96914,9.59129,6.59092,6.59939,12.915,4.53043,11.1388,10.1055,13.7363,0.455598,13.4824,26.8457,22.7175,5.47922,2.62144,7.42355,7.16136,0.044097,0.142089,2.29553,0.225611
3.08814,3.67102,3.39329,13.3238,9.61636,4.78361,14.2358,26.6134,36.8314,28.2447,7.83654,4.6821,5.80036,4.14228,2.30532,0.399384,8.18319,12.5572,5.28637,0.107175,0.0435176,2.46042
1.55591,5.88749,1.16395,5.61611,1.93943,7.09789,2.07186,11.5173,6.40397,3.45888,2.67575,1.81635,15.9429,17.4405,4.54563,2.03171,4.76792,1.68959,3.25696,5.63261,5.44728,2.75087
3.93943,5.49919,5.79599,2.49963,1.59125,9.95502,23.7446,25.8886,20.8215,11.0679,5.21979,7.74508,5.75036,10.7887,11.0432,8.07446,16.7338,19.5278,6.69683,1.02806,1.40988,0.00789182
5.38763,12.9981,11.5422,0.569909,0.145554,5.38601,18.0468,23.0652,11.0693,5.56526,5.91041,1.90218,16.7124,24.0839,9.15687,2.64745,14.4807,18.1903,3.22828,4.51242,1.00318,1.83332
3.35115,5.18183,8.0829,9.35057,4.65343,7.39369,7.82068,2.60712,11.4558,10.869,0.724971,5.03052,0.140334,5.35924,2.55352,0.664577,4.30619,8.71684,5.54081,3.4482,6.83902,5.71336
7.9875,20.2219,25.4314,6.95368,9.462,15.8223,17.0692,3.80275,14.9171,15.5127,12.1158,15.3202,13.8274,6.99084,1.81693,0.2234,1.31411,0.960353,2.042,1.36434,0.0987372,3.26671
2.05917,0.836952,4.48865,9.75647,12.21,13.8248,9.14267,2.79751,9.44405,5.15223,5.04335,10.4531,3.71414,0.815608,3.16501,2.385,5.1044,3.4714,3.16289,3.71932,1.73695,0.833305
13.9946,30.3891,29.8915,8.99517,3.3668,3.27122,2.44019,4.23388,5.13476,5.85846,0.202245,4.91711,1.16367,2.25492,3.7319,2.02011,2.34863,2.6648,2.43397,0.688922,0.272591,1.98937
0.547966,6.80593,13.1705,7.48141,0.842344,2.04705,2.20758,11.867,14.8655,8.77097,4.93107,11.88,20.9633,19.9598,8.37054,1.39184,0.56264,1.90723,1.39936,0.0187055,0.857115,1.13933
15.5713,33.2503,25.8795,3.81026,3.10939,0.061782,3.27732,2.61223,9.69449,9.17561,2.18734,4.10837,4.77576,9.84327,5.07339,0.725435,0.0336838,2.47666,4.07299,1.44919,0.00325098,1.08106
9.01379,21.6086,17.8732,4.27107,2.93884,3.19283,2.33234,4.11524,0.564256,0.233029,2.59252,7.20871,7.84447,5.95718,2.66495,0.234815,0.488369,0.530482,3.03815,2.73936,1.39942,0.435839
16.2422,31.6638,29.7459,4.42512,6.96821,13.1313,9.586,0.916433,1.02366,1.3555,0.437876,0.743979,5.59844,3.76879,0.97261,0.92566,0.64338,1.49711,2.27089,1.86415,0.776182,1.22351
21.4777,42.3065,37.7281,6.57732,4.13187,5.0135,4.04269,2.6817,0.838023,1.32021,0.0124511,2.07141,2.72046,0.428422,2.8267,1.69577,0.145125,0.0512488,1.06823,1.01595,0.281851,0.521834
8.59629,16.5988,16.0685,4.82993,2.44463,1.45784,4.17355,6.68734,3.17487,1.06248,0.51405,0.0406898,0.650031,2.2707,0.913829,2.10826,1.97795,0.977318,0.858918,0.881529,1.34932,0.250303
28.1327,54.1282,48.4626,9.22178,5.4599,4.22979,0.370094,0.699806,3.3314,1.39612,0.155109,1.44765,0.755949,1.24321,0.090216,1.74875,0.364777,0.0124192,0.458951,0.251672,0.0991505,0.915795
1.4178,12.7417,9.28112,0.471144,7.12778,14.8935,12.7851,15.3899,0.735419,4.01288,2.04642,3.0855,3.20854,0.284806,1.43951,0.0716672,2.76046,2.8942,0.728297,0.631558,0.394282,0.500842
6.72963,13.6365,47.1748,19.1574,51.8326,46.3362,10.4263,34.5303,27.3814,9.7801,2.12307,8.47921,6.75185,0.261982,4.838,8.88992,7.587,3.91229,1.37838,1.04214,1.39743,1.33336
0.302069,46.132,112.174,129.379,75.7187,6.89011,27.5123,10.1035,0.602978,3.85734,0.893846,1.40802,4.36598,5.84812,4.80272,4.95331,4.68657,3.81001,1.08915,0.891177,0.496763,0.447227
17.4626,93.6935,158.66,65.2659,16.6815,20.4229,22.2145,10.258,0.444731,1.06407,0.300729,0.357698,2.46069,1.84709,0.807627,1.21826,4.18831,5.62823,2.70507,1.06914,0.625274,2.60027
27.3251,72.1171,84.7844,20.2943,7.22936,0.773003,0.234096,3.43531,8.41946,7.16373,0.939784,0.0505659,3.76712,4.05233,2.05247,0.89238,0.918683,1.48398,0.483239,0.417571,1.46263,0.843589
80.8459,109.058,74.7316,3.4338,0.347997,7.01323,22.3073,13.8887,1.2788,2.01579,0.576817,2.68893,5.58611,5.93585,2.89801,0.0407287,3.03807,3.55142,1.24773,0.156755,0.273892,0.0780573
61.4474,87.9695,64.2935,9.48451,5.19095,10.9749,20.9842,15.8043,5.02452,3.43706,3.401,6.60211,9.26828,4.79709,1.23315,1.9551,2.96229,3.34205,1.05917,0.0944635,0.646966,0.00128409
88.0112,88.6746,47.0396,0.602186,4.8221,2.88586,8.38144,1.30776,1.70382,1.33034,3.47828,6.64469,2.62291,5.69481,1.32494,1.39543,0.985876,0.290932,0.708937,2.63892,2.40939,0.106248
124.154,92.3938,23.4214,2.09888,9.09315,6.36085,26.4437,19.9604,7.1803,5.16201,1.87133,7.22693,1.99094,9.18901,5.20805,1.21817,2.56362,4.01793,0.248516,1.37555,0.246889,0.520448
157.501,106.295,20.3188,6.54204,5.16391,4.54713,10.5252,11.5075,3.09743,1.95116,3.685,8.88004,10.6387,6.99531,4.52207,3.18066,6.83757,8.31787,1.46843,0.590639,1.71806,1.28686
125.165,96.1546,27.2439,9.64938,2.68813,7.00394,5.8542,0.765269,5.95198,5.63657,1.74937,3.96843,7.76449,3.40042,4.42845,2.91375,5.5434,8.81285,3.23022,0.98033,0.0416062,3.14397
34.2134,53.5738,34.7772,3.81115,4.1077,4.91215,4.06696,4.84975,7.79177,8.41215,3.65449,3.35549,4.96335,0.535775,4.5913,3.12475,3.95158,5.62912,4.34932,2.96613,2.42771,2.39064
47.2649,10.8123,12.4097,8.50951,17.6664,15.6782,3.30189,10.621,2.95987,3.95039,2.69091,9.40774,11.8857,9.13382,5.83868,2.19307,2.32814,3.4478,3.01071,9.36096,8.04365,4.05392
48.86,47.8431,28.9122,5.28695,7.53739,8.72497,8.58929,7.72301,14.161,14.497,3.50647,10.8973,1.18113,8.02768,7.63818,2.22818,9.34954,12.5685,0.0941991,7.18013,4.35642,4.95528
30.4715,51.5304,42.7175,5.73566,2.52264,9.37124,7.88743,2.29968,7.73588,5.95075,5.22989,10.6049,3.40858,0.718502,4.91316,3.08358,8.48367,12.6094,1.36749,1.93141,0.65372,0.002164
2.86058,6.1009,0.0817138,7.60821,5.39392,10.3277,11.7991,10.9912,14.4456,10.5175,4.39397,14.8623,11.6315,0.0507318,6.04225,1.86778,6.19895,5.06813,0.787847,3.51046,3.88097,3.70254
25.0674,45.5658,48.2661,23.9152,11.5965,14.2107,38.6505,19.7626,17.667,18.3778,5.61109,12.917,4.47796,4.14337,9.00117,2.72386,8.52577,9.08373,0.425129,1.56307,2.51565,2.95492
16.3469,35.0463,42.4722,14.9204,4.83958,9.50797,20.4104,5.43954,0.395003,0.932888,1.55956,0.0754038,4.37612,8.83871,8.08458,2.91197,9.42044,17.0619,4.64918,8.0497,5.09312,1.26999
13.6601,23.908,16.0574,8.05116,13.1353,13.7791,17.0861,4.27311,20.7147,20.7648,5.11786,0.808559,0.187732,2.96704,6.48328,4.81405,9.69644,17.8486,0.600587,11.9974,5.6718,1.10997
27.0569,54.3139,49.5984,6.90215,1.32773,22.6723,42.4239,18.2231,15.978,12.2245,2.13799,0.116364,4.12549,1.77842,6.66718,2.90536,12.0782,17.6834,1.84465,5.63715,0.740625,0.664146
6.97906,12.0598,15.5875,13.4576,11.6232,4.06988,24.5862,17.2126,1.00751,0.239711,0.630802,1.37178,9.32945,6.24362,4.08518,3.50726,1.91119,2.10646,3.23817,5.48111,1.93601,1.39113
28.8351,51.5494,35.5749,2.93141,8.78722,17.2,18.4212,10.7441,10.0381,11.6858,1.89574,1.7223,1.33903,6.06043,8.80522,2.38996,8.89979,12.5817,5.32139,4.56824,6.58166,4.14712
24.4832,45.0669,30.274,18.8312,26.6644,29.6114,39.2826,18.9063,7.41979,6.33126,0.365908,0.917491,1.66725,4.46151,5.2464,4.25915,15.6546,21.4846,5.28385,5.15922,0.994031,1.39389
14.3301,25.846,32.2584,10.9129,11.6448,21.2379,29.5949,21.8923,8.00503,4.59967,0.190117,4.22676,4.97116,0.305044,4.65059,0.568598,11.3579,15.4242,0.255874,11.3983,3.34444,5.50783
31.5944,63.8325,60.3744,17.2077,11.0215,3.13424,0.112531,8.92254,14.736,10.1701,2.00465,0.0895982,5.6364,4.38198,3.32441,2.73097,0.933931,0.205941,5.96192,8.53871,0.215506,6.42511
8.4623,15.3942,6.12959,13.1975,7.49962,13.9267,25.7534,10.6478,6.06971,4.82524,1.7357,4.5585,0.943944,4.6424,4.44424,2.71917,10.3788,14.6238,8.33487,2.22762,5.5683,5.60266
29.7679,57.8106,67.2241,35.8089,12.0989,8.15628,26.2279,25.2237,11.0403,6.1169,0.488789,4.9919,7.00302,6.82503,4.37175,0.178369,13.6249,18.4969,8.21159,3.47552,2.44092,9.80572
26.3606,55.8636,69.9981,28.7468,3.30971,4.40533,10.8337,19.3342,16.8816,11.4344,2.11955,2.69125,7.32433,4.16971,0.895244,1.61774,7.30399,9.9061,1.71378,0.553484,0.391901,4.70748
12.6943,21.9141,11.0628,18.9773,24.9937,12.5272,2.43172,3.4099,6.23866,3.99864,1.19388,2.80704,7.27353,7.27486,1.74887,1.44694,3.90244,4.72488,7.20866,11.6153,9.54674,4.03154
34.9575,71.1645,70.392,22.1638,15.7432,15.9262,0.0544499,10.1589,7.62394,6.00553,7.18468,5.68511,1.73782,0.627578,4.17829,6.68554,17.3839,20.895,12.9368,13.3579,9.29012,6.55612
12.3024,24.792,35.3863,28.5623,13.4013,6.2873,18.977,17.6064,5.3082,7.52677,2.00195,12.8164,8.72997,3.86285,3.73527,4.24982,16.3914,22.2232,14.4164,8.04365,5.01517,3.49055
32.3648,57.1362,40.7148,1.6796,8.13889,21.3561,36.9334,22.0907,0.84735,0.291756,8.19308,16.2826,10.4556,0.363443,1.97912,3.10757,1.00127,0.780925,0.575513,2.87203,3.30059,4.96772
28.9431,59.5722,52.8618,0.791111,22.9352,32.4661,25.3307,4.47638,9.01762,6.98089,4.58043,11.666,11.2336,7.81578,4.81337,1.26126,11.5478,16.5046,6.394,1.26639,1.39725,0.58546
9.13353,20.961,13.5595,23.7324,32.0208,3.28507,31.6333,22.3918,10.6748,6.21168,3.7551,8.20155,4.50262,1.19745,4.87875,0.575672,13.5623,18.4011,11.1986,5.80431,2.74464,1.64585
39.6029,74.9889,49.1095,13.2115,4.56758,14.9137,56.1704,31.4296,3.73115,7.09504,0.855585,0.798534,3.93604,1.73958,6.93812,1.35805,2.87662,7.15163,7.74533,14.0751,14.5284,9.87423
15.147,26.8789,4.08741,35.2105,26.1915,4.57376,28.2516,14.1003,13.1443,11.715,0.812357,6.18502,5.50027,7.04153,9.1797,6.2522,7.38031,6.20924,3.55979,6.36499,5.85264,5.05073
30.1257,59.3157,75.8747,50.1427,17.4035,13.0162,16.6981,4.61013,1.34094,1.87895,5.83845,11.4405,4.13399,6.65059,10.0029,6.59878,6.92979,14.7729,8.42524,7.09223,4.2019,4.46029
36.3468,69.0662,80.3922,34.4726,1.99478,11.8206,41.9441,19.8801,13.3738,9.56493,4.80242,13.5441,5.47569,0.366567,6.84192,4.44308,7.2867,10.0053,4.61187,0.565247,4.60037,7.45233
7.93266,13.6789,2.81557,21.9106,25.643,3.11666,29.3434,21.3172,11.8285,14.0463,4.1342,15.4945,9.52153,4.55226,9.44358,3.73383,1.49899,0.832942,8.48104,3.18414,9.82351,8.18318
42.5824,78.9296,71.4845,13.3714,15.3996,22.5216,2.28941,15.1078,9.36764,3.28148,5.75812,11.0667,9.56652,12.2441,12.6303,4.09142,6.44663,12.3592,4.25955,4.64457,1.59298,8.05823
19.2683,37.3057,46.5081,17.6674,9.70398,7.70678,4.80987,0.33525,19.8944,17.7076,5.62696,8.60711,12.2691,2.65817,9.85929,6.85786,5.91863,11.3654,5.35151,5.92575,8.05649,1.52951
29.3592,50.5057,28.8605,22.8297,14.3165,1.75385,14.7519,11.7022,15.7032,13.5751,0.785372,1.2145,7.38579,3.55674,8.51725,4.06026,4.63801,4.35131,3.87978,5.50649,2.07113,2.46007
37.971,69.176,53.3097,7.12247,12.6768,9.89017,35.3914,25.4838,1.82847,4.07855,0.286688,3.4455,9.64936,12.1174,9.19165,4.24789,0.532659,3.87866,0.935704,10.9534,5.32527,1.58312
4.3459,6.72913,5.76153,1.7597,5.30989,15.0674,29.3949,18.1635,19.9373,18.6435,3.40641,0.201881,11.6829,19.0027,11.2594,3.7566,4.34326,3.58997,2.96443,3.94303,2.35435,3.52837
33.8911,67.1028,52.0737,3.92853,17.2583,19.1208,11.592,2.12842,20.6567,17.4371,3.79971,2.55636,3.95374,4.18758,4.11661,1.89481,5.81826,2.62393,4.56075,2.07604,10.4927,11.614
22.717,37.7778,22.6045,25.1979,35.6555,31.8187,39.8718,25.3131,2.70232,2.32109,4.12799,9.40508,20.7789,14.9633,0.750472,2.76696,1.31742,6.81969,10.3194,3.69327,1.67937,5.0172
21.1422,41.5824,44.7314,4.14646,23.6093,33.2592,41.6793,32.5547,21.7185,13.769,1.09829,1.6454,3.55973,5.5984,2.41652,0.799951,4.40937,10.4744,6.95525,3.31915,0.958561,2.2316
32.1018,63.3153,59.6295,15.5849,9.72536,12.9998,13.816,14.1797,20.737,18.1058,4.86746,2.81391,14.2185,13.8013,3.15357,0.409313,3.53832,0.0872859,10.1245,7.36069,1.52262,2.37338
2.13636,1.79998,3.21226,2.94804,2.7534,12.503,17.4929,9.0852,1.37499,0.043635,3.93379,6.67434,4.48916,2.95527,2.6463,0.859798,3.94236,8.58728,11.5457,3.18032,3.52773,1.03741
32.2673,62.1553,63.729,27.2578,16.5752,19.3502,30.1934,26.8184,20.635,13.6044,4.22998,2.83754,9.99055,15.7469,5.62918,1.62272,3.9271,4.6337,3.57642,2.30809,3.13586,2.31411
22.3354,40.4967,48.2137,16.2176,12.7017,19.0716,23.8439,24.1697,21.4939,13.7092,1.56561,6.56585,6.73478,5.76288,4.78576,3.19377,3.71667,2.04271,16.6603,15.7237,3.67033,0.566231
15.6577,29.4083,18.375,22.0033,31.3503,20.9197,17.2264,12.16,9.31891,10.7007,5.42801,5.87596,13.7293,9.32961,0.473473,0.574731,4.02149,8.82436,13.164,7.30516,1.30796,3.10579
30.6493,55.5339,42.1429,6.8147,20.7228,19.0705,5.10564,2.29651,16.7366,20.128,9.13402,0.82384,3.81693,1.58383,3.29722,2.46595,1.57987,4.49343,13.7137,15.5229,4.31537,1.84262
7.0519,11.0707,9.91321,6.0347,18.3272,6.11703,9.66688,14.9027,20.3388,11.4915,1.0622,1.18929,6.72278,5.27837,0.0219678,1.42209,0.044955,0.339828,3.63985,2.24132,2.06659,1.13214
29.2052,49.2794,36.0097,7.05083,12.0343,0.411505,10.8096,12.0566,12.1916,6.1452,3.18277,1.66548,4.59223,3.5182,1.45713,1.35698,1.9185,6.87085,16.6231,16.5491,3.79862,0.721347
24.8177,43.0753,30.4265,3.76561,0.336498,0.649171,8.33509,3.83301,4.86882,2.56939,2.86309,2.33094,1.01208,3.63558,2.70189,0.667142,2.38425,1.59232,3.85939,15.7271,8.4635,0.714405
12.3136,20.1663,21.0891,8.61354,0.617151,9.60549,12.9342,0.281673,10.9949,3.37593,3.21358,0.0568971,2.575,3.27056,2.46009,0.402166,3.72752,0.173594,14.0232,19.4157,9.88548,0.036553
0.198749,4.45303,66.4022,89.6879,20.5365,78.4589,48.7674,35.9252,26.4503,9.55139,0.537414,3.93788,9.76711,5.42706,3.36875,7.62367,3.28043,6.03673,6.73298,10.6742,15.6227,8.38693
17.6938,5.65726,65.6009,194.874,123.077,9.97303,22.4843,0.827096,11.8963,1.15114,9.0806,1.67134,8.8658,10.4204,1.36856,0.219529,9.7036,6.76631,6.75771,9.52265,3.99221,0.582134
39.5654,56.7274,71.0727,52.9322,15.8312,0.176778,4.527,2.30867,9.0651,6.19376,2.67646,2.96217,2.75163,2.98488,4.97165,6.34123,4.37704,4.95022,11.8368,4.69477,4.53391,9.41677
0.221109,31.6568,30.0298,2.909,11.578,24.2443,15.0081,10.1436,14.3798,6.26424,1.58552,1.13866,7.3331,7.09995,0.174134,2.1233,11.0308,15.4292,8.23082,6.3058,11.8023,6.24146
83.977,121.753,96.5837,24.3182,18.1601,14.3172,5.14932,7.19301,14.077,7.76771,4.00051,5.13535,2.98924,7.22979,1.16305,0.616695,9.43775,13.714,0.321875,14.8943,15.3233,5.0581
115.108,139.101,88.6377,0.690041,9.40227,3.47417,7.43701,4.01917,10.8187,7.97698,3.87045,5.89973,6.7119,2.9026,0.785202,0.0450178,4.76548,8.80506,7.3356,4.74552,3.8191,1.50138
140.844,132.397,59.3707,0.511622,6.05415,1.3751,6.36705,0.966266,2.68707,9.67215,12.6242,15.5779,10.7347,0.698287,4.1754,0.0818896,6.64779,7.58169,4.24962,17.897,13.2001,2.72834
150.483,129.016,55.2468,2.41727,2.61462,7.43907,5.72048,0.23604,5.20036,8.67327,2.08733,6.93653,2.96843,9.48706,1.22205,3.40344,8.2703,8.27048,1.24928,0.812247,1.71005,0.285243
126.481,100.895,35.5938,2.27328,1.6314,7.73552,8.38923,1.49426,4.18837,6.35367,8.30654,8.40976,0.0147956,5.61456,2.57099,1.05782,0.418538,0.0666034,0.713357,14.8899,19.5441,8.38121
33.7187,29.4498,5.88749,7.88992,1.67937,6.94718,7.00821,1.88248,4.20693,3.81903,2.93519,8.5151,8.94212,1.7864,1.22134,0.721988,3.36084,0.303639,8.87999,2.26726,13.1916,3.87417
49.0452,27.3166,3.65886,4.08699,7.67832,12.3465,11.5447,1.5198,6.48221,7.94532,4.73451,3.72762,6.84611,6.85286,4.42632,6.92796,13.1204,13.072,10.2293,9.39992,5.23544,1.49507
61.907,41.5306,8.37105,5.44221,5.89257,0.472478,1.61693,1.7052,0.693526,6.17476,7.82744,4.34489,1.50359,0.99007,2.05939,1.3884,5.93766,7.87498,4.31165,4.68095,4.97142,0.714776
14.3688,13.499,0.602647,4.62478,3.82664,2.41724,6.04164,2.48588,6.28683,0.285477,6.61249,5.3465,0.934163,6.1562,3.76692,0.539465,6.0653,7.19954,0.773604,2.35599,3.39485,3.80916
1.5092,0.992274,2.5022,10.9852,11.1326,7.76169,4.43064,4.14472,8.72726,1.14106,10.3276,6.527,2.39969,2.09217,0.450168,1.74907,4.63863,9.08939,15.2308,12.9545,0.702309,7.69125
0.910071,0.84338,3.82969,2.33615,7.29332,12.2361,8.2429,6.85562,7.10363,5.25097,9.99018,0.715329,5.28575,4.80425,5.06603,5.09537,3.67138,3.2421,6.33897,0.596394,0.682131,4.47108
0.102882,0.142875,0.0195829,2.2982,4.42536,0.793163,3.39141,2.88915,11.0872,3.93994,5.53589,0.971583,1.46355,3.09943,5.49935,5.70784,1.69945,6.81541,1.61494,6.83973,7.46973,0.299994
0.148314,0.847763,4.20843,5.32931,1.0486,4.3768,4.84119,3.30065,7.7727,0.348531,3.40628,5.75235,9.95176,5.17864,4.26306,2.27795,7.28911,12.216,10.9947,6.97622,4.10257,7.50751
0.944736,1.21425,3.64138,5.42491,2.89872,0.0510932,0.177329,4.10252,8.67387,3.24148,3.69804,0.853744,5.7928,4.80507,0.173023,2.6542,0.962176,3.6749,9.45666,4.31711,14.6926,4.68235
0.175497,0.0790685,0.429557,3.69145,5.90982,1.88775,0.407912,1.44762,1.93653,0.973091,1.31304,4.40527,1.30264,2.18903,0.875291,2.05793,0.478157,8.78122,9.83364,6.92887,16.0798,6.13385
0.037279,0.33212,3.90035,2.50153,5.82996,4.2351,2.33631,2.45918,2.73493,9.37317,10.0521,1.21201,0.276423,1.77534,1.42239,0.811193,1.28618,1.00579,0.640744,14.4873,16.3985,3.8442
0.639663,0.112204,2.52745,5.91417,7.41515,3.37683,2.41446,4.91969,3.68851,6.72729,13.4069,11.6004,7.7105,5.35533,0.311353,3.89266,4.23936,2.56995,3.58328,12.2365,16.848,7.67676
0.466861,0.118616,0.553316,2.4334,5.19997,4.44238,1.56938,1.54626,6.05811,14.0025,15.9532,5.77144,0.0245038,0.937052,3.19487,3.57671,0.881329,1.13595,0.376053,25.2643,36.0943,14.0977
0.390927,0.226677,1.4381,0.0834689,2.82201,1.04692,1.39216,1.56408,4.9377,15.2586,18.4689,6.46401,2.4793,2.25506,1.1589,3.08447,2.08232,1.03919,0.718477,6.3167,10.6173,2.75226
0.035282,0.348781,1.23542,0.861575,0.0632945,0.802549,2.33056,1.96281,1.80521,9.56033,14.6846,7.49734,5.08118,8.56375,7.27333,3.87352,1.87354,0.646406,3.14514,1.45682,2.32852,4.89436
0.239433,0.276208,0.876536,1.01708,0.480884,0.426012,2.89462,5.18642,6.1789,2.38374,2.90883,0.456775,5.25747,5.74077,4.59923,4.16476,4.38932,1.49561,6.74187,11.6602,6.89624,2.63717
0.083616,0.0439651,0.28194,0.722849,2.62607,1.58416,0.418584,0.540474,0.766027,2.4206,1.35239,0.888145,1.56882,2.6526,4.44585,5.56017,3.25783,4.70461,9.72632,5.15878,2.27822,2.33709
0.0960034,0.536672,1.42259,2.0007,1.92737,1.37522,0.561896,0.913124,1.61995,11.1329,12.3237,4.99604,3.86281,2.17722,1.01514,1.68965,4.20541,10.0515,2.38332,18.7112,10.1368,1.00292
0.115542,0.0506801,0.228932,0.445619,2.28899,3.35489,3.78994,6.67161,8.2078,0.670403,9.01467,6.69717,1.45882,2.413,4.23912,5.15789,1.83654,6.96048,18.2724,42.6182,27.9751,5.93283
0.0884056,1.24561,0.583811,4.20438,1.02259,5.91639,1.5267,9.0557,16.2296,8.24498,1.41058,9.03781,3.58596,8.25726,7.60811,7.5284,4.68805,0.818198,5.52174,2.80058,9.9193,7.00767
0.313601,1.11694,7.26592,8.98977,0.305135,8.08527,3.42176,0.990713,9.8556,1.32585,15.5474,14.1161,4.36561,13.1526,4.76153,1.821,5.92011,9.49587,18.33,17.9118,6.71486,5.62851
0.174547,0.283884,5.25622,10.0253,10.4117,12.1117,8.44824,1.01592,0.243327,0.614805,2.80289,12.2754,9.61047,2.75985,3.26673,5.52952,10.54,12.0538,11.4353,8.18871,0.0367903,1.00677
0.440855,0.446969,0.889189,3.16953,8.22276,1.71987,1.38656,3.86967,15.4247,9.47318,1.12741,10.2193,16.2455,8.63673,0.278762,0.544475,0.400011,0.202497,4.39656,11.7839,7.87465,2.67415
0.038466,0.227787,5.11842,3.98196,2.87824,4.25522,4.87926,4.37858,16.4542,8.58681,8.30212,9.62082,3.90298,0.575041,1.93729,2.21822,3.7452,14.2597,16.3093,5.68819,3.47425,7.59013
0.169737,0.993323,7.57447,13.8765,11.2613,7.62504,6.64728,2.09361,0.716263,7.35212,12.6653,9.49256,12.396,10.7023,0.234713,1.74685,2.08703,10.6166,19.5218,0.551596,6.33157,0.077726
0.225121,0.552319,4.97999,7.1092,1.58329,13.7618,13.5172,8.92599,17.8379,24.6469,14.7488,1.63735,4.70966,0.587173,3.40711,2.67786,4.48607,6.23725,1.05699,9.28395,7.74234,1.60833
0.451525,0.741349,2.75011,3.09561,0.353053,0.52021,0.26283,1.41488,7.89078,12.0193,16.4226,12.4957,6.07416,13.0396,5.08619,3.12206,0.736374,12.8451,8.59755,3.21673,0.249565,2.81874
0.332309,0.337574,1.14608,1.74407,3.35292,14.2399,17.7803,9.8012,6.42497,1.02788,0.71411,9.27936,7.19222,0.525231,1.23821,0.106715,4.56208,7.44855,19.9738,16.7201,9.11083,0.351918
0.159024,0.489676,5.32521,10.0029,9.04016,11.124,11.9971,8.10187,8.49604,2.14565,10.3441,16.1661,14.3012,6.40982,0.0578985,0.402813,4.33442,19.0869,24.5903,25.4233,21.5674,9.0598
0.845319,0.0839813,6.86845,6.23556,2.10105,3.73191,7.60349,2.00905,13.4063,12.1672,7.31222,10.3102,3.56859,2.01612,1.10867,0.208772,0.766871,12.3915,18.596,8.91951,0.759541,2.68497
0.0250148,0.705801,3.7267,8.28988,7.5342,2.22575,5.75288,0.305669,0.940982,1.77773,6.37681,9.98208,4.5112,0.0955218,1.37308,0.0717128,1.85481,9.65094,7.78971,6.17337,6.33293,0.191737
0.239123,0.142282,1.54966,4.87796,8.72174,11.2102,6.33006,2.68585,7.26078,4.38794,2.66211,5.87297,5.28448,3.36016,1.44356,0.800557,1.36162,12.5834,23.1739,8.97207,6.98918,4.93973
0.0428352,0.928573,6.19442,6.12752,3.58565,6.72664,0.747614,6.61862,8.82723,0.440563,5.93229,1.44461,0.843844,0.776627,1.34311,3.70128,5.78395,17.186,17.7982,1.98306,8.16886,1.60935
0.498659,0.535356,6.23434,11.0876,5.25976,7.56574,11.0313,5.52752,6.01769,1.42516,6.86078,2.32535,2.53144,1.32994,1.51214,1.69749,0.00485983,4.38678,10.9003,14.7532,9.32891,1.31062
0.281529,0.123094,1.96868,1.29149,0.214157,1.61852,1.09579,5.96041,14.4386,14.1072,6.56803,1.52375,4.30125,0.190055,2.18989,0.725796,2.59292,1.75545,2.78698,0.039973,2.88551,0.720485
0.0729574,0.867524,3.37315,3.32326,2.28328,8.86104,7.20102,6.30169,11.5376,11.7831,10.0145,5.77496,0.5483,1.25203,1.75581,2.6493,0.529523,10.871,18.2828,9.64851,0.0494983,3.38469
0.321204,0.545055,4.77944,6.85953,2.09385,2.60197,1.58454,4.41615,6.16539,6.40706,8.03242,4.17865,3.32729,4.39545,2.09974,0.0756249,10.5915,29.8531,28.3032,7.73786,0.41815,1.22927
0.105403,0.0432325,1.87842,2.84635,0.352337,0.884306,1.32328,3.7418,6.44442,3.72251,2.10728,1.59127,1.58761,3.53867,1.88704,1.39712,4.18846,11.9831,1.99575,10.5591,7.55252,0.937362
0.0395205,0.395899,1.38706,1.02521,0.253526,0.200063,1.04682,3.99789,0.898517,8.78265,8.56265,1.80289,0.567639,0.224824,0.497936,1.51694,3.98022,19.7412,16.5407,1.6891,3.25368,2.59733
0.0762151,0.00202663,1.25311,2.05053,1.33821,2.10998,1.69264,2.00349,8.63683,7.03792,2.02014,0.690757,2.78198,1.02828,0.106354,0.283053,0.183207,5.1161,10.5888,4.46773,0.329064,0.980521
0.114947,0.0578883,0.480889,0.414854,0.964298,1.47976,0.573703,0.99682,1.72658,10.3172,11.6895,4.20087,0.0114786,0.676017,0.89341,2.69051,0.47125,24.1796,39.4108,20.4904,4.75709,0.195823
0.0269645,0.130651,0.702224,1.17027,1.57422,1.60879,0.448943,1.99056,4.65385,0.529932,4.81624,1.36695,0.568066,0.814975,0.570033,0.547227,2.65636,22.7281,26.751,3.76502,1.93898,1.50049
0.0144357,0.241323,0.611268,0.573477,1.21174,0.242395,0.680148,0.211397,1.35929,2.84139,4.62493,1.47891,0.279932,1.03166,2.39964,2.48672,2.64887,7.20001,5.68681,2.19491,0.00333081,3.54669
0.117339,0.0783152,0.206789,0.799178,1.66453,0.488127,1.20788,2.73968,5.06305,5.75155,3.1008,0.329726,0.600908,0.0174815,2.13357,2.4304,3.28982,17.1406,10.9386,10.4123,7.99539,2.02187
0.0268588,0.0221484,0.114571,0.352906,0.02147,0.0402927,0.351501,0.594658,3.33449,6.71436,6.2514,2.33081,0.721258,2.42869,1.91253,1.29218,1.89029,19.7176,24.6929,4.86271,6.35316,4.66321
0.0367363,0.0261281,0.00661269,0.473275,1.39772,1.20693,0.457665,0.184937,0.951678,0.980367,2.34863,0.348094,3.05962,1.27064,0.659,0.18927,1.03434,1.38579,1.74657,1.45256,7.69309,4.21264
0.0541504,0.00777102,0.115502,1.4307,1.89492,0.493528,0.673131,3.03458,7.42551,11.01,8.40513,2.32465,1.13784,0.735256,0.624676,0.449891,0.0129204,11.7886,25.1764,22.1198,11.2766,3.83339
39.3792,39.7892,20.7879,79.8801,7.56951,48.8728,15.2189,9.18007,3.90174,5.64583,5.94612,10.8328,0.374652,4.67853,0.954021,0.539735,6.99042,18.0838,14.5468,3.25673,2.66581,2.29812
37.4337,56.2896,23.6104,174.97,133.177,12.0294,0.198287,6.4283,8.49667,14.1661,4.72937,12.7519,15.9204,5.42014,2.76115,7.93673,11.8913,15.7411,15.4427,8.09685,3.47719,0.101595
28.084,30.4673,154.555,138.638,24.5847,2.34484,5.41355,2.44771,8.63911,9.80253,6.42004,0.12629,7.07795,5.74299,0.95596,0.250023,1.31622,2.41211,8.84731,7.50129,3.74637,2.7129
20.3644,105.106,138.088,31.7211,16.7053,15.3238,9.59263,3.42862,5.20355,3.62862,2.40641,2.83167,6.45294,5.58508,0.625882,1.12797,3.83485,2.54972,0.382221,1.42964,4.08609,3.0084
31.9954,32.089,32.9337,19.5945,8.8212,8.35902,5.96988,13.1335,6.38629,0.385224,0.893435,0.474166,4.81218,5.11781,0.519777,1.36666,4.69856,1.74055,4.65715,0.87746,1.64396,0.2118
91.2121,110.897,74.9137,14.3138,9.68741,11.3932,12.1411,10.0582,10.1264,9.45841,4.41591,1.86885,4.23096,4.18822,0.458162,0.637626,1.87754,10.1205,12.8097,7.27184,5.45878,2.64192
137.583,134.286,69.5961,8.12046,11.1529,13.126,7.82119,2.83523,3.06789,1.93857,1.48275,2.90937,6.0372,6.44637,3.67847,2.83696,4.74794,17.8658,20.9438,16.4595,10.887,3.45276
138.828,125.576,61.5992,9.63145,10.2005,5.26358,10.371,10.9945,5.08022,13.8928,10.9394,4.99911,2.30881,1.83965,1.28095,1.17955,7.84896,10.6767,2.6513,1.96558,3.10219,3.00986
78.2529,70.148,32.4473,0.016392,0.435251,10.8094,18.0734,8.53382,0.129659,2.30418,4.3992,0.99324,6.1477,2.97692,0.0230734,0.810797,2.79428,10.4153,6.77054,0.530774,0.084139,1.06585
38.8355,28.7633,12.6929,2.21828,14.6735,21.5958,9.09389,1.77988,10.2723,7.35603,3.59964,1.98705,6.13582,5.63942,0.959451,3.52251,6.5902,22.0885,19.0347,5.17639,1.05935,1.87297
145.61,119.083,45.3228,1.72286,0.28094,1.0101,10.3474,4.62124,11.9124,5.25144,4.67214,2.75672,0.316432,0.432078,2.15941,2.35619,10.3767,13.0539,2.60279,3.16826,2.04137,0.795768
199.165,163.692,59.4621,7.82472,3.53981,6.7057,16.2787,11.2088,0.0955942,0.709757,3.14431,3.9522,9.46073,8.65687,2.78206,0.00880839,14.553,28.314,18.5422,3.1468,1.03257,0.521287
141.229,119.921,43.7203,12.4998,14.9372,11.3492,3.38488,4.7703,12.5007,10.5389,3.60522,1.69826,3.13712,3.2761,0.18819,0.810934,5.9096,7.4927,0.606916,3.30949,2.40138,0.156481
22.0869,24.0744,12.9633,8.17604,15.2998,10.1709,12.1092,8.03686,4.52462,4.88724,4.15434,1.47123,7.73311,7.94627,0.189057,1.53358,4.27797,14.5956,15.5561,2.51567,4.18754,1.161
90.4224,75.3805,24.8869,2.5526,21.8512,26.1116,25.609,19.7294,8.53895,0.227569,4.47503,0.611184,1.36704,0.118232,1.14661,0.324629,5.96906,0.260126,7.31775,0.462709,0.62798,2.11382
165.32,145.014,64.3368,5.88258,10.8857,4.26773,8.21975,11.3417,11.0059,4.37764,6.61722,8.00311,11.0711,9.57161,0.0537246,1.87246,7.512,11.544,8.95975,9.02571,2.62084,3.35014
134.148,122.735,55.7788,2.42273,1.38284,5.29099,3.44433,6.56345,0.0706356,2.01632,7.07178,3.28406,1.06279,2.43145,0.195792,0.894998,10.3944,22.8813,17.9507,6.6869,1.63289,5.69977
28.4102,34.0866,11.951,6.39687,9.82365,19.2736,24.2507,18.7266,11.6456,9.6139,4.65358,1.30885,6.40009,3.70536,0.530687,1.37417,1.64663,1.74278,4.08941,5.13251,5.97856,7.23302
39.6528,37.0201,25.378,15.8062,12.3615,13.3909,21.6439,16.1095,8.98133,10.3087,6.16325,2.61082,0.749862,2.9327,0.144943,4.91671,10.5225,9.85155,7.49131,8.64012,6.15808,6.37261
54.1871,57.0557,23.2429,17.2457,21.0167,15.9688,10.4731,6.27061,2.39933,3.33359,1.166,0.0289601,2.2601,4.64911,1.63989,6.47237,12.1905,14.6045,8.41723,7.57971,8.83882,6.19089
37.6792,48.6452,24.7447,1.06008,11.2401,2.29239,18.8677,12.2368,5.59388,1.38377,3.61289,2.88345,1.16705,2.83764,2.63741,6.07,6.85099,19.5698,28.3619,12.365,2.43885,1.09712
9.76071,21.7096,33.5016,18.3597,10.0967,6.80803,21.8763,20.2835,6.62299,5.6386,1.35777,0.947043,0.725783,0.573195,2.32617,4.19387,3.81128,23.642,21.2485,6.49786,12.6808,4.71509
16.872,21.2318,1.20056,17.1339,0.481358,17.1403,24.8826,14.0213,6.79322,10.8859,5.15989,2.17067,2.4856,2.29911,1.8599,3.335,4.69358,14.5832,6.95076,1.78268,1.106,0.526207
38.0638,59.3919,55.5849,10.8036,8.61509,1.84481,1.92272,3.11228,8.92282,5.82513,0.0312074,1.46645,2.62607,1.40742,3.20487,4.13132,3.65634,1.60874,5.35508,10.7721,14.0641,6.74511
41.9778,63.6512,57.0981,22.1396,21.9941,11.0395,16.6499,16.1085,2.86221,0.72015,0.0104267,0.441726,6.33233,9.02376,1.59697,6.63553,2.90074,7.23011,7.07217,2.31173,5.21956,3.13602
19.4872,24.7872,4.0378,21.762,17.4751,4.06546,29.699,19.4674,3.42798,3.04266,0.673101,0.730577,6.2424,6.90146,1.59546,4.50666,0.844128,1.72428,9.24331,16.9994,14.6349,8.01792
11.2248,22.0544,28.5596,11.902,6.34776,0.932271,15.949,9.15311,8.36764,6.44722,1.20869,2.69932,8.63706,8.94321,1.1287,1.79764,9.18015,11.7694,5.19535,1.40741,2.30444,2.63454
42.549,55.4319,25.6986,11.9068,0.520726,6.83438,8.44839,4.37036,0.595806,1.44652,0.306264,1.94498,8.74168,9.649,2.33589,0.703682,4.88146,5.71575,15.0095,7.28385,7.87128,10.269
47.6269,66.0561,41.5464,0.526598,8.70183,0.759469,26.3436,21.1891,4.69894,8.60398,0.882954,5.84881,10.1804,10.1834,6.38172,3.1316,1.78925,2.7695,2.3424,3.37358,3.14501,6.51821
27.3062,44.3264,49.3277,15.0359,12.47,5.47892,34.5292,23.0833,1.31129,2.95024,3.22964,2.05807,9.00686,6.38613,2.6665,4.9346,11.3311,5.38924,12.15,12.9482,0.221621,9.00019
14.868,16.5066,9.39745,3.84818,15.8101,9.07396,13.2814,15.7158,12.8068,12.7031,8.53086,1.90252,10.3743,12.3006,2.77035,3.53673,13.2403,20.0323,6.48174,5.19806,2.30051,6.23969
39.665,67.691,72.8732,33.7224,7.2245,5.85053,1.95529,3.81558,13.3564,15.0457,6.43512,4.31556,8.10199,9.28311,1.6039,2.34038,0.996482,7.12759,12.2022,12.2621,6.01748,0.375654
45.4159,68.8391,51.7792,1.62301,14.6636,31.2972,38.2123,17.1198,5.34474,10.7971,9.9315,4.476,5.58188,5.85165,2.96399,2.71519,5.91368,4.6646,6.21638,10.7673,12.0013,7.02585
28.0563,33.0989,1.51534,27.9793,24.646,13.8208,17.4938,19.26,5.90057,0.689687,10.4742,3.46957,8.84934,7.19236,3.58603,5.22795,0.0392796,0.808783,6.66209,1.52385,9.48986,4.25221
13.8049,17.1054,10.5784,5.84701,1.7417,19.1451,21.2176,15.2442,19.5258,9.26567,5.57571,0.840752,11.1053,10.2414,2.24456,8.64801,4.68805,5.21032,6.8023,3.70221,7.67093,1.59514
44.9568,57.2274,17.9909,15.9464,27.9246,46.6447,31.0376,11.3119,4.3078,0.973018,5.73113,4.71109,11.4994,13.1032,0.252369,7.54564,9.79824,6.79538,0.616313,3.64835,8.20047,4.77087
53.2989,77.1641,59.5534,0.594737,3.75669,3.03006,22.2436,30.1504,17.6996,13.6409,7.90836,5.94895,11.0124,10.8412,6.32204,6.91336,11.7984,19.8342,17.9362,9.27412,1.62739,2.97185
30.344,54.1475,61.7779,32.3326,27.8413,42.5645,40.6835,26.6015,22.1477,16.6624,5.55755,3.63574,14.9612,13.0766,3.74207,2.37501,2.85921,0.510484,6.58531,7.9635,6.65623,9.29825
2.40351,7.43927,10.4544,4.13524,15.7987,28.345,12.0964,0.0859683,2.48416,5.14777,4.58239,0.372317,12.5389,12.5684,1.22267,1.27302,3.82114,4.10944,5.11327,11.4448,12.1206,8.50722
46.713,69.6313,69.6151,34.413,3.52082,10.1144,13.6099,24.6928,17.3189,9.37234,1.06219,3.93913,11.5034,12.9068,3.82041,1.61684,7.39019,13.4897,12.9473,4.71063,0.168979,2.16243
57.605,80.6993,57.0029,7.95052,38.8688,55.3749,50.0208,26.7354,15.6048,9.60807,1.27593,3.47863,8.82856,7.2107,3.17626,5.97079,6.39885,10.0982,8.24222,4.09205,7.84947,10.2315
42.4321,54.5877,20.935,5.81233,10.4177,2.95695,16.7002,22.0674,9.49559,8.03942,2.18795,0.33837,7.72846,9.59333,0.724199,3.59843,0.317786,8.04536,12.1205,8.10882,1.22845,4.33877
7.571,6.09076,5.1243,5.17742,31.4708,35.0675,12.8964,1.85752,7.95868,11.3319,1.83347,1.25769,3.64099,5.14385,4.73348,5.29765,1.06858,3.53285,5.51031,2.11929,4.82337,2.13259
43.6866,52.9052,22.6516,15.8613,0.908072,27.4263,37.4895,22.47,12.4929,6.49594,2.94832,0.562232,10.4438,10.2469,4.60409,6.11864,1.37751,2.00925,3.1447,10.3838,11.5278,3.63443
54.5208,77.6946,56.791,9.84974,22.1448,14.976,29.0645,35.7831,12.6151,2.66915,10.4854,8.17889,3.44072,2.82655,10.4245,14.2261,1.90722,15.188,6.9475,2.4972,1.18496,2.05952
40.0514,64.3519,56.3671,6.26301,4.57492,30.0096,33.7599,12.901,4.97771,6.88984,5.21598,5.42589,14.2155,14.9405,0.429658,5.82188,10.4403,26.2149,13.4504,0.236817,3.61904,7.6462
9.67695,7.9577,5.58521,23.5297,16.3268,8.59032,10.6131,8.05976,19.9186,17.9884,6.89665,0.0746088,1.46056,0.922942,2.72381,2.37413,6.65585,12.733,0.203456,8.77271,1.32072,3.03286
27.6121,44.9658,49.5061,7.36362,41.9206,34.0554,9.80905,12.2035,0.125948,3.83034,6.29507,2.80813,19.5181,16.6693,3.11211,0.669956,5.07402,2.99535,13.452,16.2496,5.86712,0.019203
48.3456,69.8022,48.344,9.84856,11.4959,17.1375,41.7249,17.9646,9.8604,7.20746,2.37133,0.315611,6.69841,6.54484,1.67702,1.03024,4.95507,12.0251,16.7664,15.5812,8.12744,1.77254
43.3746,53.7039,21.1247,20.6422,21.8189,10.2572,20.372,19.0806,10.3854,12.1609,0.225199,6.57281,19.4443,18.1064,5.6561,2.54315,2.62023,4.18621,12.2356,19.9094,3.4615,5.48416
10.8123,17.4916,14.3076,2.2504,0.318017,6.69878,10.2798,1.80342,13.3977,5.41924,3.53979,4.56964,12.8707,12.0938,1.07564,5.82654,5.9492,16.1138,0.953419,18.5739,12.9427,0.841912
20.3212,26.7358,15.7677,1.19815,1.8849,2.05795,8.64131,9.90901,1.61043,4.971,6.56637,0.416058,12.0662,11.0079,2.64923,3.79253,13.199,21.5099,10.9282,8.03934,12.972,7.75305
43.1623,64.9272,62.0672,31.8822,24.061,5.55799,14.5456,2.08868,18.1708,14.0049,5.90156,1.39682,15.5782,12.9599,2.73414,3.88293,1.87063,8.31159,5.04212,0.77759,10.2246,8.37209
41.6711,60.4774,55.6138,8.50467,24.6614,10.3589,19.2346,8.07877,12.6163,8.17015,2.35606,1.88329,1.99327,2.89188,2.16143,2.49024,4.46627,2.48159,2.82222,2.71828,2.41683,4.51614
21.3985,24.4526,11.3578,9.13431,21.6479,4.41843,13.029,8.27034,1.3815,2.41442,2.07542,0.716061,10.9623,10.0685,2.73567,0.475609,6.84413,13.6378,9.51871,0.627636,0.239926,10.9859
13.138,21.205,18.3019,7.15049,13.4309,8.92265,3.03836,1.76069,4.18331,6.51093,0.312618,5.54661,5.13603,2.88644,0.438575,4.4134,0.398274,4.64083,3.23278,6.92195,3.48617,5.70149
14.3835,49.9601,43.9063,32.3509,18.4522,22.6216,1.02644,2.79002,19.581,10.1003,3.11517,6.84376,6.97676,3.43185,5.54078,4.28915,3.2719,5.1499,10.6816,15.6484,7.59873,12.9413
16.1895,13.2214,28.3485,73.2922,75.0861,22.0154,3.87053,12.7845,31.8693,22.0006,3.63892,0.26242,1.88247,1.55681,2.71465,11.6578,25.221,25.8534,11.642,4.44162,2.0852,2.53481
12.8854,22.2009,9.39097,19.3117,6.09886,6.66077,3.21309,1.88681,0.356868,0.224217,1.25881,0.493327,5.37229,9.07957,6.30512,0.101586,6.45723,7.15443,8.40449,3.69368,3.96872,8.59778
0.727205,21.2971,48.6564,33.1818,4.54457,4.71143,6.31509,4.96044,15.5003,14.3835,9.00743,7.14914,0.799725,3.62885,0.121579,4.35941,8.8299,11.663,4.94981,0.168715,0.760725,3.19114
39.7393,99.0315,98.51,14.8181,0.76515,6.3041,2.20039,6.20101,18.1943,16.3983,5.88525,4.00082,10.4495,2.0416,6.89745,2.77116,3.8895,0.692211,13.7363,14.3809,6.18517,4.30435
2.30826,10.3439,5.27624,0.401657,8.0679,7.02313,2.99103,4.50417,10.2767,4.75251,0.583812,3.01016,1.94366,2.23622,2.27685,3.10352,4.2211,1.89913,2.89617,2.412,0.903275,0.179833
32.1142,30.061,16.9556,3.00707,0.272612,0.91405,1.87574,4.48134,1.58161,2.01708,3.31785,1.39978,7.52326,7.62204,7.73996,9.61473,11.2056,5.83152,8.5307,11.3785,4.37922,4.65688
28.6512,20.5865,0.246299,12.6419,9.87398,5.90322,1.36563,1.45212,2.50276,6.34608,6.10912,3.93566,2.12025,6.6086,3.72871,0.644495,8.38794,18.6253,8.8621,8.95573,7.16755,0.704786
36.2811,28.6385,13.7144,2.46291,6.1969,6.13393,0.0917498,2.20014,0.0755849,6.80482,5.45035,1.26044,3.60987,7.9168,4.27545,2.07937,0.0468347,1.62868,0.467616,0.657835,2.34809,5.30009
116.412,80.8406,12.7158,8.37368,3.44615,2.16924,6.19713,4.32044,7.74398,4.81823,5.95139,10.2467,7.64869,3.44436,0.680544,6.8319,13.0101,12.649,4.8894,1.63302,6.46279,13.14
135.582,95.9021,21.5826,9.24145,9.06808,7.28998,0.765503,5.03948,8.53472,2.93246,1.77453,6.02591,8.07672,1.95502,5.02591,9.43446,9.96092,4.04565,5.31882,7.66807,1.93819,5.1658
73.2834,55.7312,20.8409,4.83104,0.321713,6.73801,3.55689,4.27332,7.79721,0.496043,10.0758,8.89446,2.72602,6.76996,6.57186,10.101,7.05689,8.24196,10.9538,2.70947,2.524,0.379572
17.316,3.17128,9.4932,5.18029,5.32979,13.0709,6.98353,1.32204,5.14207,2.70373,2.33959,0.974007,5.46726,3.07991,3.65303,4.36171,7.01994,12.0654,5.48202,3.65894,6.31501,1.80052
35.7403,23.209,8.69901,6.63593,11.5551,11.5046,0.527421,7.50778,8.87221,8.31342,1.90244,4.80776,0.584088,11.4789,10.0951,5.29219,11.6785,16.0429,8.59894,2.32079,5.90909,6.66932
9.4309,5.5756,1.93302,0.0527959,0.442761,8.96901,10.1639,8.69803,13.2128,7.46593,4.78744,10.786,3.97409,4.58869,1.83134,0.528645,3.79893,8.05874,9.2162,6.73679,4.05444,3.56908
3.36282,5.94853,7.9689,1.25782,16.8258,14.7851,0.204847,9.05729,13.3867,9.28154,0.0720951,5.82855,4.11721,1.2593,0.611563,0.437123,1.72836,2.41048,7.79743,9.01468,8.13034,0.576804
3.5898,4.88834,1.05291,0.725023,4.34336,3.62838,7.22764,5.14966,5.37944,1.13029,2.29833,3.34268,3.85209,3.00975,0.849791,2.32756,4.81595,8.34414,12.2358,10.8915,3.82366,1.02706
6.22508,4.75955,2.14478,7.36028,8.80172,6.60513,0.745116,1.39532,4.30796,4.62477,3.10412,6.96722,9.5012,6.73384,1.6649,2.29215,0.912694,3.06352,1.2015,0.503375,7.96672,8.40177
1.94424,4.39005,7.76831,7.98204,5.74194,2.1902,0.763821,2.07247,0.432606,0.707576,1.67159,1.47326,1.01629,0.817731,0.444168,1.64454,3.66618,8.0185,10.1884,7.99528,7.98373,5.85734
0.470656,1.03358,3.1938,1.52031,1.21612,0.915416,2.8531,4.34311,2.41393,4.47804,6.10116,0.106907,0.254733,1.06412,1.07524,3.54338,1.71411,2.18818,2.10155,5.23271,1.19771,6.24479
0.928143,3.97395,8.83428,5.44928,2.0136,4.2437,4.46875,5.98286,7.01252,0.298244,10.3448,10.6328,3.01904,2.15762,2.32378,0.395666,9.07442,13.0705,7.81309,5.45313,5.61778,8.39759
2.3788,2.69382,1.19101,1.08859,2.28881,0.999085,1.69194,4.25119,8.93361,5.00835,0.19548,4.00438,2.63282,1.18759,4.42701,8.69059,3.39658,1.56588,3.04449,6.28836,1.71902,0.842039
1.82258,0.835087,5.0903,5.54708,2.55479,2.81677,1.39582,3.31448,1.9343,3.31107,7.88955,8.66052,3.01129,0.303635,0.195296,2.58788,0.129886,5.03081,10.8319,11.9134,5.83358,7.87696
1.0312,1.96447,1.07962,5.19184,9.22192,5.32215,2.7603,1.98396,2.415,3.54287,3.68815,8.64881,6.37142,3.47088,8.22086,8.07497,7.76041,11.0789,12.8921,10.5178,9.39431,2.59551
0.19833,0.203838,0.391339,3.53361,7.66422,5.16648,3.15948,1.33906,3.87647,7.38314,0.939685,7.99635,3.13205,2.55776,1.32716,3.71317,5.32569,1.98733,6.0148,1.85815,4.60764,7.08322
0.549333,0.872002,0.113817,0.82145,4.14201,9.05007,10.6463,11.7829,16.6798,12.4701,1.21353,8.09123,7.92184,1.14889,4.0771,10.084,3.32654,24.664,28.677,20.24,6.22128,0.744459
1.11301,1.11916,0.0269228,1.20276,3.05809,7.06103,5.45653,12.6611,28.591,18.4903,6.3232,6.46016,1.33088,5.10988,0.970897,3.01566,10.7779,13.6749,1.87228,1.7757,4.12373,2.84898
0.942388,1.38245,0.895869,0.619411,2.67102,10.8869,10.6411,7.57895,26.6814,18.4264,4.75563,12.1863,4.34388,1.20854,4.48155,12.3996,25.4225,19.8728,3.60525,0.287788,2.08021,6.98402
0.842521,1.0215,1.07069,1.08149,1.04957,2.38941,2.44325,2.09936,3.59287,0.0245205,1.40564,9.35344,10.4173,4.05847,0.491374,1.68662,2.68866,4.91556,1.72366,0.267296,3.33416,2.2919
0.371595,0.932176,2.09422,1.26,2.46788,1.228,9.41224,4.42193,14.8359,14.2974,1.68625,13.9352,4.50025,9.2706,0.381432,9.99756,17.8711,25.8647,17.8408,1.6033,3.50136,3.98674
0.19136,1.3196,1.67239,1.96599,13.2924,27.3353,21.0142,2.2107,22.6179,18.367,15.5886,36.128,24.3418,3.59448,1.60011,5.71659,10.3822,7.0907,1.60762,1.76645,0.646923,2.90752
0.535258,0.980203,6.78805,8.36596,1.32271,4.08206,1.53094,1.3444,4.23092,7.78734,11.1808,2.7477,7.07814,7.49372,3.94894,4.59978,1.02532,9.28361,9.11182,1.17121,5.58157,2.39217
0.653459,0.333318,0.655717,1.92699,4.46515,14.7433,7.8247,1.59674,13.6927,4.55611,6.9764,15.258,16.0864,1.81005,1.15851,2.71182,9.34647,12.433,5.6103,0.316183,0.838865,0.457935
1.56406,0.570737,6.22495,8.4128,11.5077,11.2477,4.11516,0.118219,8.49627,5.7426,10.3665,9.4332,1.61309,0.568581,1.28663,1.15904,3.8225,2.28772,6.95101,3.43558,0.0072704,2.64931
1.63208,2.43281,2.88252,5.12443,1.96305,8.00854,6.5459,6.8157,18.342,18.7888,8.11342,8.54766,16.8208,9.72637,3.38834,0.647523,8.15465,12.992,6.69281,0.535224,2.97098,0.961508
0.123693,2.71354,9.19282,5.06906,11.681,17.7574,6.85347,8.38223,28.1958,29.8,19.7267,15.3697,3.98639,3.09286,2.90609,6.84293,1.9583,6.54231,1.11501,1.07586,0.271239,0.396913
0.27312,1.04174,2.54053,0.215027,0.406007,1.95433,2.23635,2.0301,0.339018,7.1707,11.0091,5.45861,7.03579,7.87698,0.582266,1.97099,6.61275,8.11339,0.408481,5.20551,5.19248,9.93323
1.88459,4.76416,9.2547,7.59777,8.23915,17.7337,19.7247,0.356513,24.1911,13.3051,7.95445,2.29697,1.40479,5.25369,1.87994,1.77472,1.89034,0.408753,1.44551,2.79272,3.0896,7.91236
2.27212,2.82804,0.878167,2.89695,4.48764,2.32502,20.1783,4.08838,24.4329,13.3533,9.38098,9.22668,2.79648,8.71975,5.98517,2.77395,6.31232,7.4341,0.538819,0.355194,8.24922,3.2321
0.845508,0.528514,5.45073,7.22143,1.8206,16.9336,31.0511,13.394,5.57042,3.88323,2.53975,1.02988,5.64341,4.01621,2.28394,6.42182,17.6625,23.7749,11.3478,0.34863,1.69571,1.27947
3.11242,2.72204,2.96015,7.91304,9.06544,3.25945,20.0518,22.102,26.9867,19.0407,3.38107,11.4911,3.27839,4.73038,2.70743,1.37377,1.15286,6.32047,3.3027,2.3931,2.36589,0.0555892
6.23747,7.7974,1.6807,1.94487,3.95537,0.639735,5.37686,13.1638,29.568,19.9781,5.82448,12.2995,8.56583,0.209368,0.990306,2.10292,9.97527,16.55,10.5724,5.3949,7.13142,7.03152
1.67096,5.58238,10.6978,5.466,2.18228,7.20174,16.1383,11.6637,1.17307,4.36874,11.5967,16.7195,15.2359,7.24451,0.772383,1.28224,5.81176,7.10954,0.275422,3.61868,4.8662,5.21605
5.57279,5.7238,0.059594,6.37668,4.77509,14.2123,33.6665,27.8967,11.773,14.3589,11.8542,7.40231,9.66289,3.40844,3.68698,1.61111,1.63232,6.84181,3.1126,1.59646,1.58913,3.47328
9.95281,18.0948,20.6518,9.62538,1.67269,6.38198,30.3905,25.7146,16.658,30.831,31.5287,12.7604,7.70993,17.4694,12.5296,1.08577,20.3318,23.9726,7.2517,1.64319,2.642,0.848186
5.85575,11.7706,13.4963,7.23267,1.1387,12.1695,12.722,2.11585,8.61975,4.70456,9.33858,11.6559,7.03398,3.3671,0.554755,4.87621,0.321242,11.8445,5.50045,3.50125,1.57951,5.22993
5.74006,9.5978,11.5125,8.71464,11.7502,17.925,20.8055,20.6266,28.0251,25.025,8.69079,9.19369,7.63333,0.590423,1.20652,4.90692,6.84202,5.5017,1.5575,0.502278,1.56395,0.368541
17.8977,27.0669,22.5537,2.4428,3.53381,1.33217,22.2098,21.1868,1.28263,3.42359,9.75692,17.1662,7.26419,4.8583,1.83429,1.95221,9.69398,21.0894,16.0748,6.16696,4.2278,5.63587
15.0145,22.3366,13.0041,0.457654,8.49704,18.3741,23.8282,3.62158,28.7228,25.6988,2.21228,19.2311,11.1054,3.00251,2.88436,1.42367,7.97259,8.67336,0.014501,0.591828,0.658493,1.17084
2.33614,0.75775,1.97828,0.399872,2.30479,2.04662,3.23783,5.52143,21.961,17.4116,9.53727,16.3927,13.4582,2.73427,0.396032,2.6068,6.00549,4.20185,2.08329,1.63539,2.15562,7.07288
19.3504,27.5057,16.3328,5.51021,7.88881,0.104996,14.5953,10.314,5.50819,3.85795,1.2238,1.84065,0.826699,2.91777,0.792557,0.705191,7.483,6.35799,0.0867356,4.152,3.76564,0.238209
23.8023,38.7969,32.7493,7.32957,4.99903,4.62254,21.8459,7.48929,24.3693,21.61,3.80295,6.11754,7.52618,1.57734,0.638967,0.23153,9.50071,13.7051,2.35072,4.4036,6.74183,5.96252
9.60611,18.1196,18.0016,5.16293,1.7754,11.1006,21.4429,9.57824,7.37386,5.43333,5.92167,11.8805,3.50108,2.44139,0.552979,0.581443,6.24536,12.8005,8.64606,3.02541,2.5505,1.90069
12.718,19.596,15.9164,3.34942,0.165479,10.0579,22.0686,16.2821,15.1523,13.792,1.20411,8.80586,11.007,3.58845,2.12934,2.33849,0.812085,0.68205,2.11511,1.20289,1.34581,2.84936
30.6508,46.6991,37.5868,6.47641,0.585731,16.5099,27.9624,18.8785,22.3669,19.8791,4.43812,1.77853,7.21628,6.06273,1.53993,0.913401,4.03183,4.74887,0.358099,1.52943,2.88351,1.97811
31.7879,46.0379,35.7213,2.22933,10.0095,5.54878,28.1862,18.5281,7.53974,7.94383,2.8655,5.29532,8.8448,3.02004,0.694229,2.93493,8.06337,6.64545,2.68643,1.2679,1.5435,0.279409
9.65875,6.87242,8.29522,2.39153,5.10186,11.5221,37.9945,8.89685,18.9115,14.2016,1.72068,0.869122,6.86034,3.5363,1.23153,1.42772,1.1919,0.184875,0.0524709,1.38887,3.67652,0.255856
2.84183,17.0993,6.80149,20.6372,46.2932,34.668,26.6826,16.1674,16.2602,12.6893,1.02743,2.5522,1.99438,5.02869,1.90787,6.64204,6.84294,1.01641,3.23615,0.937435,1.80426,2.56877
22.642,3.40509,82.5042,137.701,82.2274,9.74508,41.571,18.1378,10.9133,7.34147,5.08225,1.59587,9.50989,6.93232,0.505782,4.61011,0.141543,2.20134,0.757107,0.556308,0.996136,2.14468
35.7818,108.365,160.444,59.7992,20.2357,34.5413,44.5945,23.1641,8.29301,6.27199,1.46591,1.09092,8.25901,9.53686,2.63751,2.30225,5.68559,2.06438,2.66878,1.06492,1.25199,0.622232
37.6014,91.8863,98.0524,15.7063,5.58324,4.83474,19.5793,23.903,34.2919,25.2926,2.23813,0.16707,4.24361,4.68103,1.30021,1.15014,3.55815,0.3754,5.53181,6.7338,4.99211,0.971084
86.3324,119.351,76.5367,6.10199,2.28083,16.2943,7.59536,12.2952,31.6478,22.0685,1.38298,6.48599,0.830327,5.8441,1.97034,1.2745,3.88064,5.66999,0.407163,2.13857,0.68813,2.08286
69.2991,91.7197,62.9807,7.39712,7.91458,19.6103,31.9599,18.7274,5.16188,0.945799,3.44691,2.10874,3.36523,5.98808,0.7851,3.83775,6.07788,5.93248,0.687133,2.57554,3.4196,0.459015
90.0736,92.1078,48.9561,1.40448,3.35238,7.34729,8.38526,22.5961,15.8869,11.4582,10.6043,8.57349,9.72603,5.68102,0.681945,2.64117,1.63331,0.698839,2.9504,8.06285,6.71547,0.555038
133.682,109.881,32.8339,9.51083,14.4951,13.1887,20.4004,25.5582,4.91549,3.77544,8.51696,4.98969,6.18765,12.7495,13.4082,12.1389,9.95047,1.8107,1.09453,1.13997,2.63574,3.53568
157.549,113.758,26.371,10.7256,1.33924,21.6377,42.7465,39.0958,13.5195,9.70735,14.4556,3.81102,5.06137,5.81116,0.181943,9.11941,5.78764,25.5369,12.7011,0.680296,0.283085,4.42371
93.8661,63.0492,19.0501,6.51868,9.35639,6.22468,5.2908,0.146357,10.0579,11.8092,11.3694,7.61722,11.1197,9.83565,2.99548,4.4403,33.3301,48.2419,14.7718,4.72606,3.99472,1.59702
6.83262,5.40076,1.29757,8.24898,16.0891,20.6542,7.54636,5.84575,7.56386,10.4477,12.0379,8.34834,10.5731,8.78574,1.72581,30.5811,90.2873,76.2934,15.1875,2.6909,4.49449,0.682796
50.5201,35.4052,17.1231,12.2194,4.36471,8.03094,16.7146,9.50432,7.42252,5.13623,6.45607,2.39981,5.97843,5.95084,0.810705,23.892,71.9112,60.6687,7.54405,4.80117,3.58848,0.61364
17.6906,5.25987,0.306221,3.01025,13.5625,17.6744,2.22692,5.82747,4.98496,0.357385,12.5128,10.2244,3.3393,4.90055,0.0528045,17.9596,88.6624,101.181,22.9519,12.4225,8.69987,2.76622
20.0619,32.6256,33.8537,12.8475,8.00038,10.4257,2.16968,0.317588,21.1349,24.0258,11.2862,0.984089,4.50284,8.46334,1.33816,10.1402,21.0707,2.87536,3.57961,1.23447,4.0498,4.60466
22.7388,36.5624,35.7054,10.8827,5.43833,21.4468,31.8275,5.81165,28.8764,26.7855,12.5728,11.1061,12.96,7.02386,1.523,1.96695,14.8422,24.8734,10.5604,5.2698,6.68024,4.12469
7.72437,9.8634,2.65716,8.63518,16.7028,16.8838,15.1229,20.5898,2.70769,12.561,17.6398,8.73049,1.82571,2.65224,1.8594,6.98575,15.5342,35.1071,15.4751,0.966459,0.437135,1.15981
16.621,26.1768,26.6627,14.9644,6.90654,7.00512,10.8428,19.3154,42.7955,26.8391,3.69773,2.8487,17.8941,17.1895,5.50405,1.1712,11.3826,25.8051,11.4009,5.53054,3.26048,2.42921
39.2633,50.1855,22.1085,17.5447,17.6429,18.8467,21.7333,2.63991,34.3884,29.3569,0.275624,7.67159,7.59544,6.52795,2.33843,0.0316906,22.0973,32.0783,1.48862,8.07764,2.50017,4.27934
42.7363,54.1939,29.7552,6.29951,5.37824,4.05392,22.7223,20.2104,5.12552,1.89949,1.06251,1.57524,11.9476,8.94013,3.90421,5.34635,53.6408,63.2865,12.8719,8.79714,5.5225,2.85951
10.2308,20.4579,27.2704,17.0996,8.5957,4.49,18.6045,24.5669,37.1712,26.9518,1.92518,1.51537,8.00524,8.01341,0.151954,3.25393,5.93504,8.07167,0.702786,4.79963,3.69386,3.60254
20.426,22.3688,6.50444,1.85562,12.7816,10.7047,5.62162,7.1095,33.4331,27.2342,4.46206,3.0492,11.4622,8.94501,3.16534,11.9158,49.9732,68.3435,25.3006,1.68323,1.60781,2.9216
34.8215,56.5004,56.4448,13.0043,13.1559,18.1989,24.1285,17.3674,3.46392,4.28666,3.6523,4.00257,9.18654,8.79275,3.13253,7.87009,73.6846,107.746,36.196,6.26416,0.571713,3.78339
34.0342,53.9888,45.77,13.8852,9.12441,12.3321,19.8246,21.7376,30.095,25.0137,4.186,3.67741,6.05452,4.91279,0.235196,17.3347,87.8629,99.4534,20.2227,10.412,1.1889,0.0644083
22.0333,25.3413,5.72404,17.0722,14.2954,9.1847,6.88974,14.5739,27.3195,20.5692,7.42691,4.79838,4.92898,9.53837,0.681355,1.82223,20.1738,19.8908,5.85267,9.3603,6.47928,3.78704
9.20645,19.5858,23.5628,10.2515,1.2618,8.18292,20.9867,15.6826,7.82337,5.34374,4.73209,6.43379,0.980827,8.1724,0.215307,10.8567,96.8576,124.991,42.9421,0.730311,6.6546,10.6235
45.968,56.061,25.3908,17.1968,10.5539,13.7773,32.4948,32.4683,29.2627,20.7254,0.616341,8.08806,12.4023,9.0738,5.00719,12.563,76.893,89.7891,28.0919,4.87158,4.74161,1.7769
38.039,56.8266,35.5412,0.812401,8.85265,20.5377,27.9529,24.7851,23.0613,11.9319,3.12703,0.290563,1.90967,0.412009,4.78694,8.58736,52.7167,55.2441,16.5761,3.19135,4.94849,6.83514
17.5866,32.6232,41.7031,16.6781,8.27822,8.63651,4.53907,3.45913,4.26938,4.21727,2.58403,2.6307,8.25205,9.44699,5.9865,2.98889,65.5555,91.1864,33.2596,5.66505,8.56276,7.73978
13.6718,14.8866,1.17063,13.3369,17.834,14.0945,0.511836,6.09505,15.0301,18.7421,8.15423,2.00014,7.31797,3.51876,2.09467,6.07582,14.7367,40.8929,26.9011,7.0307,2.0247,0.798815
40.2341,67.297,71.6018,26.2576,0.245518,13.7665,27.6875,22.0462,16.405,18.3918,15.5443,9.48224,5.6048,4.61597,2.84035,2.71731,17.2595,23.0838,7.08269,5.27362,10.217,10.8128
47.0008,71.342,61.3226,24.2805,10.6494,1.77517,17.9112,23.6315,7.0196,4.82421,10.8785,1.30048,2.37805,1.8224,0.286876,8.02386,19.1525,4.39421,9.77443,6.90679,4.93255,0.107188
27.2568,32.8444,9.21371,14.0192,15.0352,17.406,7.69892,2.36474,4.12405,0.500816,10.3728,0.220625,13.3581,10.9905,0.764509,5.57903,63.5286,82.2729,27.5635,0.899255,0.489909,5.57019
6.77566,14.3318,10.2225,8.00837,7.09865,16.7361,33.6311,23.5172,11.6709,5.62976,3.55674,6.10384,1.49903,1.82893,0.0485439,14.5294,83.7777,98.3524,33.0484,14.6805,18.7456,4.06689
44.746,51.4841,3.77898,34.4879,14.3785,21.2381,24.7464,24.595,6.46645,14.1333,4.75337,3.30276,1.32573,2.75596,0.6134,4.88375,8.47111,2.15031,10.6876,4.90153,3.97563,0.518884
52.5386,75.4331,49.2704,10.334,6.98279,20.6391,32.032,14.7856,5.9384,12.0707,12.1445,8.07603,3.70334,1.15848,3.47106,1.29405,37.0254,43.637,4.88009,14.3712,16.6813,12.4837
34.2648,56.9099,61.9122,29.4376,21.0976,23.7674,12.877,1.34048,14.955,7.59928,5.44556,0.475869,2.31216,0.0324753,0.363065,1.1768,29.1161,44.9537,15.5574,4.22941,1.87776,8.87556
1.48322,0.554754,3.08095,6.1426,14.2093,19.7936,14.917,6.13493,31.418,20.3165,5.79254,7.96942,2.78075,3.29416,3.51147,3.63096,35.834,53.1997,23.3836,0.959932,7.76608,11.9068
36.2866,62.5565,75.946,47.7362,10.4366,34.0564,49.9613,19.1495,9.17615,1.94115,6.87881,2.38416,8.0028,2.71571,1.45115,6.50447,28.3571,36.6553,18.6379,9.34093,3.47001,2.97137
50.3902,72.5846,54.0684,1.14164,36.7242,38.6067,2.41267,21.2447,19.898,15.3488,7.78635,4.99419,0.230765,1.5722,1.08252,0.110434,15.3543,18.5505,5.03066,15.9723,5.87031,2.79361
35.4664,43.5991,12.1995,8.8751,1.88841,13.383,3.31934,0.9243,25.659,27.6341,9.44212,5.91259,11.1171,8.65372,7.85772,1.39576,47.9265,69.7709,23.4509,1.47315,9.14124,4.64699
4.24113,2.09918,5.21438,4.78037,19.9619,45.6679,44.2359,23.1715,7.11499,0.636951,0.695758,1.6456,3.47449,6.08028,1.08807,3.42201,40.9386,58.9093,27.8002,0.138007,8.69961,0.121475
33.0975,43.2233,13.4814,17.4971,19.5975,26.7353,18.2555,29.2475,22.2326,18.4771,0.337694,3.69291,3.49334,2.19218,3.49213,10.5059,20.6365,15.3681,3.37838,16.2848,14.4596,1.95001
47.0177,72.173,57.6436,2.84547,5.51771,36.7116,35.235,11.0919,3.58346,5.11661,4.61482,8.63735,17.3687,17.1917,8.52496,11.6791,40.0486,45.4267,8.1669,4.02235,8.38627,9.86907
38.5631,59.2111,55.2532,26.505,39.54,50.7516,28.662,7.17365,4.30282,1.36481,3.90742,3.48379,10.7754,7.17403,3.69411,9.90762,18.495,14.6785,1.67287,4.46961,2.61915,4.41372
5.80214,5.16883,2.36442,12.2076,0.815392,10.7363,14.37,18.2961,3.29151,2.83638,13.3379,6.75204,11.0404,10.2987,4.53469,3.87496,28.8326,42.8546,13.4152,1.06162,2.75663,4.70022
25.6699,43.4048,41.5222,5.85891,26.8097,49.8957,49.8791,32.5359,15.3812,2.97825,12.1276,2.11061,4.35748,2.88712,4.05021,2.5373,48.8821,70.307,21.1896,11.694,10.9531,7.96332
53.0488,67.6486,31.5981,14.1817,13.549,12.8441,8.71705,20.3031,14.6328,0.455644,14.2942,10.7872,15.3464,15.4259,4.84939,2.12485,29.8859,44.9391,15.4413,1.82793,6.87378,5.63343
38.5855,52.5171,25.2232,15.0127,16.0341,18.7306,4.79254,7.15265,0.784773,3.86074,14.6708,10.5518,5.82485,3.02954,1.36181,2.65431,5.51449,11.8091,3.56297,3.62336,8.13227,4.83291
8.54649,18.681,27.5796,9.16474,19.0557,30.9745,29.5306,19.9611,7.52644,5.00372,7.2887,1.45329,12.5459,9.08195,4.08412,2.70138,46.7995,66.8271,21.0323,9.86591,12.5329,7.05478
19.4538,29.5362,17.2644,13.3584,13.824,8.23285,16.7871,20.2899,26.3706,24.2705,10.3368,4.08125,3.55456,5.32118,3.3121,1.88099,52.9301,70.5531,19.7238,2.36438,2.31106,2.81326
46.1496,66.5611,59.9301,29.9685,26.9393,24.4486,19.7405,24.6854,41.2218,30.382,3.50324,0.386566,5.99494,4.93103,3.27472,4.3958,10.2859,14.3194,3.61865,2.43104,1.29748,1.73993
35.3777,54.63,49.6867,8.50747,16.4816,16.2686,6.19531,4.75237,7.42594,5.61273,1.57138,0.407856,7.71129,7.37675,3.17581,6.22144,33.8391,45.6926,12.3551,5.20428,1.51576,1.5758
25.5551,24.923,8.05431,0.184882,6.89271,1.43706,6.81607,24.2506,56.1495,43.705,10.3627,2.46558,2.96661,2.9778,0.489562,2.23162,44.0812,73.6629,29.6067,3.70992,0.491003,1.70032
11.0705,16.5494,14.4821,6.86992,11.7124,5.76108,5.7536,21.381,58.2084,52.6742,11.2584,0.987623,3.05599,3.70942,1.71099,1.93352,44.6212,78.236,37.4552,2.95037,1.55137,1.15899
29.5823,42.9588,26.3541,4.71138,1.44618,10.944,11.4062,3.64626,5.25058,4.77109,1.84149,2.53142,1.93365,1.78165,1.34846,0.119997,37.1126,63.4283,28.3539,2.66914,2.19463,1.57437
34.7877,49.0051,32.6534,4.01589,4.74553,0.554824,5.93252,8.20982,48.3538,39.9682,3.30502,1.50499,7.58284,5.85844,0.584606,0.232074,23.112,38.7584,17.9522,0.395493,0.447078,1.96648
2.50329,16.9032,77.1266,83.7994,18.8212,72.2321,38.3334,1.10361,21.6002,8.65221,9.24091,8.80517,14.9799,17.0671,5.02681,5.32875,10.6212,2.77779,5.59427,3.42391,1.86138,1.86424
27.2843,12.722,75.4819,185.19,120.838,0.489019,8.60215,5.80255,3.76831,1.91507,1.03702,1.00312,2.32429,12.487,9.69726,2.3003,12.5321,13.5707,5.157,0.507087,0.215769,1.24468
44.38,60.8413,72.9236,50.0581,12.2676,5.35221,16.4078,10.1277,3.77464,7.94888,1.83533,0.431621,2.55419,1.05118,1.33856,1.55108,8.34344,14.3369,8.79297,3.66166,0.724473,3.93396
8.06547,35.7827,27.8024,3.72259,15.2945,18.4599,0.818186,7.10069,6.7386,3.00962,0.686933,1.51239,8.84816,9.71749,2.0876,4.94629,9.54781,16.3121,7.53292,4.26234,3.28083,1.49367
71.5934,106.269,87.0297,22.9035,13.0241,3.50032,0.612652,3.70411,19.1611,14.0623,1.2033,1.79815,5.19113,12.7387,4.14367,4.22815,0.292674,7.76476,7.24725,2.05693,0.445368,0.827148
105.687,119.726,64.3053,10.8206,16.498,11.7076,5.19038,5.20874,21.6131,16.973,0.699538,2.46068,1.41218,0.216807,0.678604,2.55218,6.86073,15.3698,8.18411,3.79736,6.86451,4.48645
129.731,127.258,58.8201,2.66925,2.5345,0.53547,0.0983711,1.98103,0.918497,0.866469,1.32733,0.0974221,4.86412,6.69663,4.39781,1.559,25.5712,29.7942,3.93093,5.25444,2.3315,0.703198
153.711,133.952,60.4366,3.96101,2.29805,3.47655,1.25833,7.81141,26.1636,21.0271,6.86377,2.60508,1.78763,3.92539,3.50088,2.48343,7.76587,0.742807,4.6948,1.75576,1.40292,4.28181
124.366,103.298,43.5962,4.28438,0.776988,1.4069,4.49074,7.65874,34.9264,31.3228,9.7491,0.324408,1.17023,0.844038,2.61987,4.06491,49.9116,63.6913,18.1172,0.715319,3.72317,2.38543
36.0458,32.4216,9.5772,3.70317,4.08639,5.08115,4.59016,2.67708,13.0825,12.4905,7.76505,3.29602,0.619191,2.10188,0.0921991,4.13214,47.9382,60.4638,15.4227,4.84892,3.6478,1.86755
46.1557,27.5254,6.7253,6.51837,6.40865,3.23111,2.76649,11.1512,24.2519,14.2065,4.30607,0.445529,9.84804,10.4177,2.99827,1.12802,0.452305,0.144056,2.09607,3.00375,0.887846,2.07207
55.4527,35.9382,4.64279,5.82516,6.54943,6.45695,0.0522018,11.9681,38.383,23.3741,8.06333,8.24577,5.04586,4.13345,0.244428,8.60947,48.4211,59.8186,13.5405,10.5613,11.5564,8.63022
12.5152,11.2537,1.70716,2.45194,0.98014,2.92249,8.39635,1.70345,17.2807,13.9783,0.516872,0.201677,2.63956,5.35459,1.51382,8.65325,64.5546,81.8084,28.2635,6.31345,9.73537,5.71106
1.29428,1.94287,5.23204,3.89321,2.31261,3.27356,3.681,11.2016,23.1158,22.3811,10.9571,3.02596,7.38425,9.19706,2.55534,0.714724,7.53335,15.7531,6.14999,5.92878,8.74979,7.97489
1.82979,0.142368,3.83895,1.44068,7.35191,12.3382,6.65468,14.2126,41.1644,35.9223,12.0503,1.66087,4.47172,0.58844,6.43653,3.24886,37.4924,42.0987,10.037,6.44194,8.12463,3.18417
0.322404,1.79523,5.68164,1.99017,0.412318,6.00953,4.669,10.8682,27.7136,22.0604,5.47032,2.65642,4.72886,4.81487,4.51157,1.35668,14.879,25.1226,10.9442,4.44779,8.75523,7.46632
0.33714,1.03984,3.08407,6.06295,13.9248,14.7336,2.25993,3.93887,5.81384,1.87909,7.50898,8.63915,10.9353,9.13101,0.616172,3.24208,2.37783,11.8389,8.23608,1.05403,0.988942,1.24836
0.0839435,1.60794,5.68933,6.9131,0.467353,11.8362,12.2616,13.3264,25.1392,15.8642,2.12476,1.31056,4.32184,5.81257,5.34451,12.9033,47.8267,41.8305,8.22244,3.16979,3.73957,0.92833
0.432229,0.38493,2.21302,0.35158,12.2997,13.9131,0.424195,10.1931,15.6337,10.8937,0.361032,2.51475,11.543,8.68399,1.56581,8.51145,31.7681,31.3978,9.15193,2.4523,5.52891,2.07883
0.0432725,2.10057,7.44204,5.69835,6.47633,14.4159,10.0972,1.27602,7.0185,9.41426,1.98418,1.81643,2.30653,8.29861,10.1692,10.254,11.5508,31.3651,12.1509,0.581978,6.41062,4.78283
0.178314,0.173407,0.0495369,0.895291,6.23278,14.9161,8.05207,0.484163,5.51654,7.56245,0.283916,0.984719,6.28807,5.11293,0.259522,0.89955,23.649,34.7511,10.235,7.20083,6.58771,3.10047
0.252385,1.79207,8.2722,6.60944,10.3915,16.0917,2.71462,3.69742,16.1209,14.6348,8.95453,4.32476,2.17431,2.43843,1.55862,3.84558,20.3396,20.6474,5.89602,3.66244,4.40707,1.8602
0.378369,0.146056,0.699101,1.48495,2.29505,11.9557,13.2989,5.07451,31.9649,28.9987,9.24112,0.542919,3.40723,10.2954,5.34356,12.595,44.6483,38.3284,3.28061,0.661704,5.85407,4.53791
0.568168,1.91942,7.31569,9.06672,12.9764,13.5969,1.26884,10.6,35.6545,30.295,11.5784,4.44125,1.27707,3.03442,3.25404,7.39685,5.84402,10.4461,9.06157,0.901571,2.44756,0.884812
0.119133,1.13446,4.35156,6.24012,1.10572,6.78583,6.59219,2.58514,9.98131,9.46209,8.23553,6.03836,1.79685,0.0657299,0.600763,1.66016,14.62,18.8331,4.32799,0.844003,2.54264,0.488711
0.0967104,1.88689,7.9283,6.8477,4.27618,7.71689,3.09334,3.86048,12.7161,8.6284,0.400199,0.50645,0.896031,0.0562617,1.86406,5.9118,25.8478,24.6394,8.37725,2.56432,0.843362,1.77012
0.205845,1.8815,5.93601,3.51884,1.65629,1.4591,2.7061,3.59243,16.8569,12.1591,1.93982,5.27846,2.36342,0.662063,0.395546,9.4714,36.0703,33.4908,4.23197,3.39508,1.24337,1.16259
1.45744,0.243241,3.88598,3.39577,2.08654,2.98815,1.79399,2.20115,10.3344,4.88864,0.0542962,2.55864,0.155737,3.29461,0.238199,5.55856,32.7605,37.9793,10.1335,1.44018,1.64281,3.55331
2.00631,0.0123415,7.62087,12.477,2.56126,8.73469,5.59334,1.1631,0.712418,0.79116,5.68709,8.57308,2.51432,6.85213,6.24995,3.01373,0.250978,6.06828,4.48666,0.899337,1.67999,2.22801
0.64853,0.93611,8.32584,8.7234,7.14164,11.5882,2.62228,5.96133,1.03852,6.97688,9.08335,3.9122,7.99976,10.3982,0.269318,14.9285,46.7074,52.6966,14.7606,4.41493,1.38666,3.2371
0.794142,0.334745,0.645433,1.34487,1.41618,10.7675,7.99876,0.59377,2.98543,2.36707,5.68656,3.10836,1.14429,0.488718,2.19748,7.8251,28.2271,37.8384,11.8589,5.19735,2.38797,2.10711
0.830379,1.70722,8.32465,10.487,13.7521,17.4737,8.78069,6.94881,13.1348,12.5148,12.7444,7.73162,5.20819,8.03799,3.65343,4.37728,4.51549,11.0404,10.3305,2.78453,4.68138,5.68346
0.390474,0.310806,1.48581,3.98644,0.315227,6.85998,1.09981,20.0565,40.6569,32.3366,13.6451,4.95201,1.9115,1.82662,0.62462,11.0132,35.8143,31.405,6.80626,4.38128,4.55366,2.04761
0.0508254,1.83417,7.93895,5.03776,9.4809,15.1267,8.21772,22.4353,48.0419,35.0357,12.131,8.18262,10.2423,8.39438,0.776132,2.82075,20.259,20.7682,7.43207,0.844325,6.89463,6.98137
0.255172,0.354354,1.56049,0.907096,3.47785,9.49327,7.13981,10.4792,27.7217,21.4592,8.99926,1.82517,3.87852,4.39041,2.00218,1.46918,10.8543,24.2139,12.6134,3.45915,3.37534,0.222559
0.916022,1.32586,6.88338,4.67303,4.31545,7.09766,0.785562,7.57014,7.00585,2.82018,5.03812,5.66782,4.11004,6.67359,0.698187,13.0357,27.9134,21.4916,3.7544,2.09355,5.00841,4.8978
0.134175,0.427406,3.86833,1.55463,10.6296,18.7165,9.37244,11.8385,6.84945,7.1993,1.16516,1.99213,8.18621,9.47194,4.08214,5.70627,3.10871,9.53077,2.97493,1.80338,0.624143,5.07827
0.735327,1.68425,8.1397,11.3767,5.04963,3.48235,2.26072,9.76128,1.76755,11.1142,7.66732,5.74963,9.28869,6.00217,6.1048,13.738,19.5047,16.353,5.53112,2.67238,4.04212,4.01035
0.630853,0.818576,3.97032,6.49241,12.018,13.4283,9.08954,1.90768,21.4942,21.9234,7.78555,1.14288,9.42736,14.0513,12.6863,0.342267,22.112,22.6865,5.37777,2.05131,3.76422,3.73917
0.165154,1.33939,6.63851,5.41009,2.76033,5.59357,4.84411,17.0688,26.9142,16.6772,12.0392,6.20365,7.90918,11.5858,3.18911,5.41038,8.35337,3.63247,4.0343,2.29763,2.96994,1.67979
0.116792,1.06682,3.85927,3.44673,5.97613,13.9042,3.85943,12.0652,9.64366,1.9526,3.44767,2.95056,0.908097,5.09264,3.27663,12.3897,21.5151,20.9082,4.95038,5.76428,5.59499,1.48485
0.663421,1.20184,6.8876,5.06463,4.73456,1.2857,11.4595,3.04892,25.8396,27.2311,3.64869,5.13061,0.199293,4.83548,5.4844,7.80618,16.1141,19.6871,9.45718,5.37202,9.25338,7.87562
0.421069,1.18794,5.38877,1.37042,5.05443,4.03913,12.7077,5.53464,4.85506,2.213,6.78147,12.8226,17.3727,12.5729,5.79361,6.01153,9.30411,10.9614,4.3731,3.76148,4.81715,2.28423
0.323409,1.35539,6.1314,7.49363,6.18552,6.16632,4.42543,7.3528,26.4604,25.0248,3.50081,8.34221,1.47389,4.02194,0.728079,0.902666,9.48247,7.45983,1.10438,3.5236,2.95176,1.18797
0.343594,1.34461,6.24203,6.14172,7.46557,16.1774,14.0949,11.8458,40.4239,31.615,13.0156,7.32752,1.81495,1.10546,3.16784,0.843666,6.32737,9.10418,0.305562,4.09715,0.608376,0.809003
0.00941761,1.31209,5.34597,4.89619,6.35345,13.7605,11.4388,10.617,14.1631,7.36554,0.531275,2.29886,3.1198,2.0081,3.17732,6.15677,7.00051,8.22708,4.82833,0.18151,0.601278,3.43475
0.0246436,1.47251,6.39576,7.59655,1.32158,2.9183,0.822,10.1694,26.8421,15.7859,2.30203,6.75025,4.08007,0.172528,1.94768,0.492316,7.73601,8.9875,2.7272,2.60067,2.44384,2.53285
0.413189,0.972607,4.874,4.04957,2.06682,1.11485,1.35619,8.98263,25.9484,11.4035,21.4227,20.6687,6.51722,3.3728,3.18605,0.924657,4.14313,4.49467,1.47587,6.69918,8.29171,4.83826
0.649494,1.77665,7.11292,7.85616,4.52606,0.488668,4.35712,4.90447,4.15505,6.77813,11.7863,7.0396,0.146977,2.12481,3.12372,6.36649,13.3129,9.80378,0.838779,1.02202,2.50436,0.819659
0.394232,0.277602,2.39446,3.909,3.00185,2.4728,8.475,4.5242,30.6059,23.9156,6.23567,11.5154,1.10126,2.96843,3.64661,5.13542,8.29805,6.99702,1.83334,1.50044,2.17517,0.0599564
0.218275,1.60591,4.87197,3.10042,4.15292,6.97305,4.49237,7.51812,27.9253,22.712,4.05719,2.27254,1.96961,0.637577,0.31931,2.03662,8.60435,7.72898,1.22576,0.362844,0.699192,0.54216
0.118649,0.584641,1.16441,0.64796,2.9387,12.3708,9.88513,2.01595,11.9604,9.34384,7.60164,12.341,2.8117,0.616979,0.403869,0.342177,0.935964,1.70881,2.49348,0.246361,1.6954,3.40107
0.339801,0.116803,0.727436,1.02218,4.39336,12.1497,8.07507,14.9984,41.7027,36.4679,19.9504,14.6045,4.0824,1.94134,1.69874,2.51559,14.2895,16.2627,3.35602,2.58255,0.244847,4.19441
0.337929,0.127373,0.185238,0.0586855,0.363616,0.361258,2.49582,9.29329,31.9587,24.1376,10.3814,9.50604,1.52815,1.6033,1.98636,8.01038,5.26257,10.1291,13.1894,3.92995,1.16784,2.49117
0.230004,0.0572671,0.410053,0.751875,3.82014,12.256,9.78956,0.758762,10.3113,4.48946,33.0505,36.9922,5.91171,0.603265,1.50718,4.23896,4.21638,4.71132,10.8798,9.04049,2.34848,2.0974
0.292569,0.0703896,0.417299,0.124779,2.97661,9.00414,4.49782,17.3145,38.8406,14.8035,25.4389,21.4886,3.54787,0.438048,0.344751,6.49669,9.43422,1.21406,1.92742,1.14766,1.62381,13.4746
26.4064,30.519,18.5155,69.3503,6.61344,34.4911,2.12727,31.9366,69.3357,39.9151,24.8199,27.9124,10.8222,9.73833,6.24616,5.60894,11.2013,7.5662,2.76873,5.23243,4.43877,4.57069
36.3257,52.2248,17.7874,157.716,125.921,3.51124,13.298,8.72134,28.9041,24.1509,28.0951,20.7182,5.63018,3.51536,3.31419,13.5534,13.4236,4.85819,5.38649,2.44454,0.919976,5.09315
28.6312,30.863,149.365,125.379,5.33469,20.1774,10.4694,9.8402,4.11195,1.51961,5.11701,13.2065,8.1645,2.04029,0.0908078,12.701,39.0176,38.2475,13.5541,2.66533,5.44583,10.6912
18.1367,96.5346,131.352,35.8312,4.98435,2.11924,4.2181,9.29347,34.7042,37.3049,25.5973,15.9005,1.07433,4.94114,3.28268,7.43718,11.8224,31.4939,13.8829,0.858374,3.99165,9.0465
33.0285,28.5453,19.1033,10.2966,7.87876,4.82515,3.09047,0.476315,15.0858,11.8644,13.1206,17.114,5.53915,2.39944,2.94683,11.0239,26.1139,19.4775,0.146313,2.10169,6.73757,10.9071
82.6902,105.235,80.2925,20.0823,1.72626,8.75393,5.90108,2.94403,20.5405,25.641,15.1131,8.91558,0.739738,3.33868,2.30871,1.62519,14.027,16.3298,3.79966,1.03255,0.510655,9.28387
122.751,115.762,58.959,6.90854,1.13414,9.89328,14.9937,12.8895,29.5804,18.65,15.9661,16.5394,0.188482,2.34775,2.85743,4.33362,39.3561,48.8027,14.927,0.294191,0.32878,2.06078
114.64,96.8596,41.5977,8.6419,14.4,15.2772,6.89195,2.98266,6.5965,9.03831,4.81405,0.639825,1.94772,3.97279,0.692467,2.91069,18.1681,33.3796,13.8642,0.157208,3.03825,6.69257
61.9509,46.2056,15.9965,5.21346,8.43553,6.54687,18.0308,19.6875,42.7924,37.5526,8.31103,23.7337,8.81816,1.94324,4.29866,8.51211,11.2129,2.11296,3.7227,3.90616,0.278699,8.10327
46.939,43.4686,23.3071,1.50881,0.0369238,0.515674,0.832256,7.66163,19.988,14.5324,15.1898,20.8109,9.65354,2.51577,0.0823396,11.6254,41.6325,41.058,11.2205,1.96091,5.23876,8.41312
145.17,108.87,24.1823,6.76116,16.6133,5.84437,10.8078,11.197,15.7652,11.9284,5.19744,4.26608,0.42531,2.48716,2.87705,2.90794,25.0049,31.671,6.95222,0.50697,2.90618,6.29657
164.349,130.523,51.6492,1.88758,13.0623,6.00128,6.64898,8.83902,32.0449,30.0589,7.04313,6.13195,8.03841,5.28045,2.71608,9.97888,15.7466,0.834373,9.39884,1.4506,4.68092,8.30399
110.99,87.5359,34.674,1.04894,10.9054,14.4659,7.71037,4.38275,2.41712,0.406678,6.41573,10.5429,8.47112,3.39668,0.256472,8.3756,21.3966,12.0713,1.89964,0.546599,0.394398,11.4313
7.87707,2.67837,15.6521,3.17265,30.6403,12.8543,9.01166,8.36193,22.8586,20.9475,7.8809,14.3641,0.153666,2.75846,0.803812,5.73984,30.4094,31.0769,6.72079,0.812481,3.44612,5.34687
97.1101,75.8849,11.8653,11.9915,12.0841,0.466121,12.521,7.2679,6.41541,6.15492,16.7957,19.7786,1.88728,2.0505,0.726833,0.909546,16.1203,18.4141,1.5219,1.7675,1.69325,0.323904
160.64,139.525,62.1317,6.90015,12.7781,3.3152,10.869,7.2667,4.31271,4.38076,11.0918,10.4386,0.125461,0.0793126,2.45068,3.06146,0.869925,1.78862,2.46672,1.10948,4.3904,18.074
137.387,120.877,52.1456,5.44452,13.2809,2.46385,15.438,9.15507,20.4605,23.2734,7.78723,0.851634,2.85308,2.06757,2.34231,4.47668,17.2105,23.713,7.79966,1.54259,2.02505,1.96978
66.7139,67.7975,33.4667,0.467402,4.44856,2.3624,5.48721,2.7011,1.00862,3.42298,5.35928,1.76739,2.88715,1.07381,1.9276,7.71539,39.4927,47.284,14.4157,1.2208,0.0214401,0.806744
2.94119,32.1779,47.6384,23.5293,14.1036,0.659555,11.347,8.61873,19.3779,17.5714,2.71865,3.15029,1.11081,6.064,0.612874,1.81977,11.4188,13.1089,2.25703,0.0455071,3.01648,3.78849
0.00823525,2.01331,9.66991,8.47305,14.5866,14.622,2.56545,0.055574,3.19103,1.23647,14.1594,23.38,8.85437,0.499501,3.08523,10.411,32.789,36.639,9.90138,4.41119,2.47588,4.45319
1.75481,3.55252,9.19177,8.43819,33.6385,17.0047,7.72458,10.0003,12.7872,3.49324,20.315,34.5728,22.6194,9.56799,3.75352,0.742834,36.3885,57.7814,20.8981,0.742092,5.88879,1.32409
12.0974,11.9467,7.76311,2.30322,3.61109,2.75174,9.15042,13.1678,35.4428,29.0366,14.1895,27.1952,24.0702,12.1005,4.18286,7.11452,43.838,56.0526,20.0095,1.10115,1.96727,6.02327
26.6631,37.0019,38.7669,10.778,21.8008,20.0717,0.515724,4.82365,16.1392,11.1517,7.37871,21.2377,14.1071,2.13141,3.33261,1.94825,9.18985,12.3727,6.31695,0.295215,3.54642,1.09313
42.331,38.4761,3.39021,5.06573,23.0875,5.67902,12.8336,9.53565,17.9101,16.0643,3.09945,11.5449,0.00101508,10.754,2.31931,2.44701,26.4154,37.7139,8.90549,0.522364,4.70007,0.539824
51.2686,65.9618,52.0819,7.7112,4.06392,7.85034,8.56067,10.8983,29.7537,26.4955,14.7749,8.96948,4.20634,8.74865,2.75503,1.07609,22.3455,31.4465,7.56434,6.23899,3.39673,5.21921
56.9472,62.734,31.9658,0.461412,5.09961,5.09969,5.90939,1.25151,12.9393,10.1292,0.509321,3.75084,4.93658,1.35314,2.14545,8.14553,27.1302,30.5969,12.1404,5.2583,7.71758,1.5844
51.3087,57.7083,29.3659,10.8598,24.9945,30.9805,16.7282,5.19485,13.2894,12.5136,7.3344,15.3065,8.16219,3.85103,2.21691,4.89661,20.2728,26.1645,11.1397,2.52647,0.658142,8.33557
48.3174,63.2131,54.6458,22.4313,18.5085,17.4302,5.60147,6.5156,20.5573,16.2504,7.74258,19.1517,10.1678,2.58528,3.40076,7.72057,46.193,60.3015,20.0425,4.385,8.58106,5.64465
29.1032,27.5913,1.25934,6.56185,17.464,22.109,14.4695,2.40721,5.48619,5.97096,2.59994,3.15282,1.81331,0.251044,0.373603,1.93565,35.1858,46.4341,8.04896,4.29833,1.65568,3.56572
19.2922,23.7814,25.5222,1.82032,42.8283,40.8747,11.0957,2.97014,14.2979,19.5095,3.75315,34.7845,28.4336,5.86996,0.680685,2.86892,1.03658,12.1571,13.6244,0.21151,9.47846,11.2333
6.96203,6.21777,3.20352,8.18213,23.0678,11.4622,5.66729,0.561488,6.24572,2.71452,17.1616,40.3943,28.0925,4.34544,1.91978,0.370725,26.3292,37.4679,13.6851,0.558437,0.104877,1.38949
34.5676,45.1333,42.8792,14.6988,15.0108,24.7639,11.2133,5.21462,4.39267,0.999909,10.9257,16.885,0.821372,11.3737,6.10504,3.3742,31.9761,42.0161,10.7262,1.07354,3.43793,2.42511
47.9567,43.9119,3.09309,13.8568,14.8247,10.9,3.71254,6.15699,27.8547,23.8709,0.539382,0.0371449,11.3776,8.68414,0.41929,4.04088,18.8707,15.3929,0.946224,2.80965,0.127779,3.56078
59.4653,78.2276,64.52,19.4952,15.498,21.5475,12.2877,0.112551,11.4015,10.7738,0.966085,2.42011,1.90191,2.36406,1.15686,4.84276,10.6141,18.8282,1.29093,4.43723,1.89392,0.38091
70.8004,75.2385,33.9312,13.4322,22.4375,17.172,3.01339,3.05073,25.8315,21.8734,1.46051,3.47733,14.7604,14.3835,5.72761,12.4591,58.6052,71.7344,25.1095,1.04743,1.09475,3.16478
69.906,77.2762,40.2555,11.3644,24.8807,27.1858,17.9625,4.48342,29.2781,19.9832,1.5917,5.19654,3.03086,1.99016,0.66654,2.46897,30.0572,49.0505,22.6178,3.23026,7.2705,8.48455
58.6543,78.7234,66.2271,36.6456,56.0538,46.571,9.94157,2.93093,11.6189,13.7077,4.8379,2.08735,8.37782,7.85163,2.75388,4.0042,2.85205,4.28708,6.46643,5.60817,0.381583,6.05629
44.977,38.7474,0.391274,27.6008,23.1614,8.54056,9.64923,1.99434,27.8317,28.1102,1.94802,20.6663,13.8715,5.88364,5.37469,3.29028,10.0913,15.3555,1.65703,7.92921,8.5944,2.63548
22.1127,34.7297,39.9118,9.99856,29.8806,38.3356,18.4577,5.15384,20.3968,10.7865,16.1523,33.0413,12.2015,1.82298,1.61411,7.08302,63.1089,75.0651,18.0812,0.0600883,1.22434,13.0405
0.941739,3.71835,8.38319,5.29662,34.4981,27.8029,1.57769,2.82725,8.41836,9.98859,18.1135,37.2048,15.7878,2.09292,2.04989,2.91011,19.2621,39.5554,20.3107,1.82,11.9845,14.2005
23.3819,31.7254,30.3372,14.4274,5.52596,28.4578,26.0571,1.31676,26.5704,23.1505,9.03958,28.1597,18.2772,2.11106,0.69449,0.192223,24.9051,37.8469,15.6998,1.94256,3.00017,0.297876
43.0838,39.3663,3.2984,13.5493,16.0119,22.4322,9.4254,4.09558,24.4417,22.4048,8.0527,14.6964,12.6734,2.09968,1.54385,0.15633,35.6992,48.3477,12.0535,2.40345,11.3376,6.66846
50.8257,73.2114,65.6308,23.8833,20.849,31.8654,24.4256,4.27692,12.7655,11.6032,2.45475,3.9408,3.02534,8.4953,4.1726,6.25182,31.7202,33.3284,5.87599,4.05933,4.07347,2.9799
68.1922,69.2799,30.6809,25.0402,56.7612,48.9206,17.0918,4.9873,29.8566,17.4642,1.75053,24.3148,24.7665,2.89572,3.06853,4.24739,6.85706,1.58619,7.43558,5.67712,6.97423,0.766099
62.3143,72.0376,45.7839,25.6201,39.151,12.1472,7.96864,11.2372,31.7068,28.3853,1.42114,22.2581,15.3253,5.2635,5.48484,6.5111,25.7212,23.3907,1.62166,1.46565,9.42836,5.48979
54.3366,72.9561,63.4716,29.3387,33.8049,31.7575,6.80565,12.3409,26.3342,19.462,8.0992,21.2846,24.2275,10.7875,2.57463,5.33197,19.3532,19.9605,4.63458,1.73162,1.27962,3.95824
46.8027,39.0002,7.48746,16.079,29.0585,12.5582,12.515,21.9461,57.0059,48.3843,2.54084,23.69,8.36723,4.8593,1.81723,2.26238,5.08781,8.03319,5.97747,2.35031,0.986603,5.18608
25.7565,42.4,54.99,42.0468,18.9887,8.27025,9.81604,5.3686,21.101,13.0168,5.14047,16.2721,6.8235,3.47747,1.70416,11.1997,27.9874,20.4709,0.884576,4.09991,4.44105,5.81994
8.67947,3.80428,2.45775,3.49303,12.195,2.9628,3.60187,8.27008,23.6421,14.5284,10.8634,27.3195,20.5497,3.92872,3.43973,4.5667,2.60556,11.432,7.88674,1.2274,3.46416,5.97992
9.02814,14.2898,9.5678,5.10043,6.22711,9.85915,6.43469,17.1033,63.8349,50.6732,20.2517,42.2488,14.177,3.08965,0.895825,10.8568,29.4776,24.4313,4.72819,2.01486,8.76105,9.42483
27.3656,27.716,0.628718,13.5187,14.0711,16.2959,2.05091,17.864,44.5987,36.0009,29.7496,33.3346,5.62312,10.971,4.75014,3.35711,2.61538,1.09843,0.453219,3.49248,0.666836,8.32413
40.4686,53.444,39.5952,1.71071,13.241,2.7807,12.0452,6.71748,13.0734,8.93087,6.61295,0.133826,5.9226,0.162575,1.27147,6.43031,13.8676,8.04849,1.21844,1.75439,3.55944,7.97853
46.9973,47.8356,12.7204,26.9133,29.4057,19.5172,6.39232,26.6007,56.9974,38.0973,15.9737,4.0499,14.1088,11.0006,2.22223,1.49731,2.91308,4.17226,3.67086,1.04355,1.13158,2.09379
52.6595,63.66,41.76,20.9978,32.7996,3.86245,22.6746,16.6035,77.7852,64.9269,20.5186,18.6348,14.8003,5.14122,2.01118,1.9709,10.1183,10.6862,2.44344,0.381633,1.00793,9.87489
48.3671,55.5136,36.9858,3.46888,26.3372,18.5711,4.2411,4.21291,21.9797,10.9725,17.0556,28.9403,10.3301,3.24853,0.213555,0.414519,0.188792,3.16121,1.78459,1.39391,1.70412,1.57198
39.3735,44.2482,26.1468,9.34782,18.3792,21.907,19.6413,2.99999,21.4111,18.6211,12.3367,27.8869,14.4161,0.821289,0.333177,2.18478,6.13995,5.31805,0.178337,1.9507,0.729361,2.87407
18.96,44.7322,48.9785,3.46612,0.636921,21.5259,4.21814,11.4689,45.1593,31.4324,9.10358,4.4012,0.978668,3.57635,0.358444,3.93849,1.64824,2.13061,0.0963382,2.21868,1.49708,1.93884
20.5027,30.0717,43.7017,71.6096,76.375,34.2182,7.75513,11.8425,24.3659,15.1795,6.79767,18.9155,17.6895,5.72736,3.2468,11.8376,17.1169,6.77324,4.96526,9.76641,10.8662,7.88523
2.15276,3.71126,26.7665,24.1494,8.50335,0.62629,0.450274,3.612,13.6001,6.35257,15.1211,28.2307,14.2511,5.72226,5.86419,1.19105,4.31678,7.52646,8.52272,0.922876,2.73041,0.608171
8.48712,27.4639,47.609,31.5912,6.31201,2.71715,2.51198,4.33635,18.4056,20.0238,13.1751,36.6971,20.3479,4.14066,5.7561,5.89597,0.0320851,0.0242875,6.14716,4.3275,0.668382,4.57955
34.4915,92.9468,95.2482,14.9357,6.64733,0.863013,5.69979,1.78455,9.57467,2.27922,21.8714,31.639,12.8791,2.24454,4.86724,5.71534,0.481645,6.78797,3.90918,0.197736,2.03361,11.5521
5.25958,6.42251,1.10185,1.14483,1.81512,2.28815,3.39493,2.84775,26.4078,31.4409,20.7473,15.7044,6.01662,0.791934,0.991515,1.3554,9.72836,15.8057,12.2941,7.70975,4.01589,6.35189
27.3671,24.9168,7.83855,9.06722,7.4196,2.72016,6.94061,7.451,8.30973,8.53032,22.4153,21.041,3.52188,1.14152,0.479468,5.17901,5.74453,7.44294,6.67478,0.0619127,3.75487,5.14209
19.3465,11.3181,3.30194,11.3564,10.1763,1.945,0.853645,3.11074,5.812,6.317,22.352,19.3307,0.673419,0.92556,2.95932,3.14589,1.06833,2.95577,1.23758,3.08401,0.0791404,5.72191
53.6137,44.3413,15.8908,5.78938,14.9311,10.2644,0.716428,11.614,36.5534,36.8484,24.1704,23.9142,16.9599,9.88489,3.598,2.86698,9.10883,1.6672,5.66408,0.0183434,3.03811,0.922752
135.277,111.034,43.9473,4.7096,11.0695,12.1979,7.60071,6.70558,20.7903,8.09889,24.4123,35.0417,18.5267,9.85024,6.63986,2.20179,11.2059,8.78266,1.67354,1.5452,2.00718,1.61188
165.024,125.156,35.529,5.08046,7.05342,5.27117,1.85233,1.4259,5.88816,2.35087,10.5832,17.4386,7.44172,3.90384,4.39352,2.52929,6.41633,15.5365,6.96103,1.76069,0.264034,0.261689
91.414,79.2571,34.4433,1.91739,10.7734,12.0417,6.83977,3.49987,0.0105227,1.29689,0.826419,5.45156,4.85923,1.64192,0.821443,1.56639,9.26037,16.0817,8.63158,2.83184,0.200729,1.60903
1.67548,13.1115,17.0577,4.02955,0.976035,1.04132,6.85632,2.13134,7.08954,8.87335,12.2528,17.8183,9.81061,2.02641,1.44071,3.63436,2.72354,2.27033,0.304583,4.68758,4.5507,1.00994
24.1753,12.208,1.50342,1.06575,6.02316,0.38338,6.68018,1.67988,8.56155,4.37191,2.16948,4.02678,2.68154,2.30837,0.600057,4.24693,10.3435,14.8402,6.31347,1.35855,2.11435,0.0469217
4.07539,1.72375,8.90955,7.19958,6.07248,7.03194,4.43484,2.71023,12.3656,10.2108,1.91853,8.75118,6.74447,0.200563,3.44102,2.1781,20.4726,30.5316,14.1201,0.567381,2.02031,5.38304
4.00381,1.20248,3.59393,8.81159,16.149,8.29464,3.77309,0.693822,8.60191,6.66038,1.47464,5.52746,10.8235,1.45516,7.38456,4.64331,12.6434,17.6813,4.54761,1.21967,2.62923,3.47411
5.00789,5.08064,1.85632,1.52462,3.90798,6.12901,13.5778,1.6909,10.3834,5.2159,11.8109,19.1374,5.08418,4.5845,0.863878,0.574822,4.29611,6.94578,2.38016,0.0427684,0.933048,2.44382
4.46639,5.33135,3.41874,3.1651,11.5648,11.5284,3.96935,0.812194,5.10389,7.04469,9.12083,13.8841,5.09139,4.92955,3.35665,0.630603,5.12353,7.40073,1.71948,5.48099,1.90848,3.88398
3.79311,0.0570293,4.91409,8.16319,12.1068,1.15761,11.5377,3.67512,7.39381,5.38344,2.47039,2.06807,0.623697,1.31516,2.45587,1.00522,6.35595,6.43982,1.82127,0.0563518,1.16712,10.0063
0.394841,3.88936,8.81979,7.11495,0.819745,6.17453,2.40311,6.97133,15.6853,12.0404,5.10161,5.54126,0.204375,6.21679,4.07661,1.2488,2.88237,6.44873,5.80204,1.8652,1.33855,6.38561
0.990747,1.50598,7.56121,6.49821,0.171415,7.50355,12.7863,8.50374,8.96891,2.36701,7.54833,10.9451,4.77383,1.9306,2.13136,2.76195,1.6297,3.50392,1.45466,0.386401,1.35177,4.8455
0.610856,0.34448,0.698494,1.47908,7.59048,8.68457,2.30274,0.425319,7.6644,7.92421,2.65085,7.78372,8.81711,0.217681,5.44399,1.47651,15.0199,25.1628,16.7092,5.61441,0.746607,5.80978
0.537395,1.0407,5.79676,1.07223,11.8427,3.07264,12.469,3.97793,11.7358,15.4914,2.96417,1.45227,2.67075,3.70865,0.564837,0.122923,3.21324,3.34694,2.18375,2.18462,0.196493,0.401403
0.486699,3.26567,6.08944,1.77337,13.26,8.12224,1.32507,0.0440859,3.04051,1.88847,4.68424,5.54512,1.8133,1.48114,1.86618,7.16997,14.7917,13.1706,5.30835,1.7166,1.54102,0.0549302
1.45868,1.93589,8.6915,9.17044,2.86755,2.18356,3.44701,2.15643,15.6007,16.5867,7.70454,5.84645,1.88527,1.48686,6.89313,8.2574,6.90521,6.01522,1.21489,1.06928,1.76383,4.03718
0.661671,4.29974,7.54289,9.10768,15.4839,17.8453,13.9512,2.43259,15.6082,4.46204,1.24376,4.69176,6.5345,7.24685,4.22163,1.90182,4.14579,1.64708,1.34516,0.0941492,1.95945,2.57102
1.05247,0.546728,0.41519,4.83377,15.183,16.4383,2.99237,3.89129,1.7746,2.4819,3.07115,16.2079,10.0473,1.7768,1.16678,1.56528,0.534718,2.47754,5.13732,4.59486,2.48994,0.308735
1.3094,0.580995,1.15298,3.03572,6.43054,2.66701,8.54065,30.9269,47.3629,26.6807,10.6829,19.4479,5.44338,3.19008,2.4556,1.12407,0.267194,2.85553,2.58283,0.807435,0.26153,2.67043
1.47272,3.36559,4.39293,0.750532,2.82511,0.555509,5.31854,5.4935,22.8473,9.73135,1.87053,0.940878,3.94802,7.70497,4.14107,4.56649,8.09599,3.58919,0.835,0.0652561,0.442086,2.42614
0.468182,1.98246,8.12214,6.88211,6.05239,10.3682,4.51104,5.03227,7.12824,8.86823,9.30697,5.21626,2.0844,2.89317,11.6437,11.7501,2.20326,2.4641,0.490891,0.68547,2.5881,7.94564
0.390543,2.10498,5.6157,6.58151,7.23377,10.842,13.6312,21.7153,34.1168,27.1795,8.31497,0.0985801,4.44502,8.55966,7.91582,8.56726,9.65043,3.21601,1.2067,1.17111,0.606428,1.88268
0.210708,1.25477,4.55346,1.11709,17.3886,19.3686,2.46993,15.7981,7.9001,3.55518,1.15861,4.67828,4.70924,0.545599,2.90234,3.09971,1.28751,3.39066,6.02558,3.29624,1.81654,2.73289
0.0615621,3.31116,9.09173,4.30808,6.48463,2.59785,6.70797,12.9645,7.25372,13.5391,8.49857,13.1582,5.71028,4.92583,4.83943,2.61192,6.51143,11.5306,7.20083,0.873064,0.0598356,4.38338
1.69178,1.86589,7.19405,9.47268,16.4968,20.8314,11.1807,11.2758,26.6088,23.578,0.500846,11.0775,2.22212,6.02055,3.8121,2.71504,10.9285,16.3218,6.92264,2.61167,2.45346,5.60818
1.13563,3.6665,5.37618,10.3354,22.7827,23.5455,17.4446,11.949,4.97834,12.4481,0.306165,5.28228,0.401761,2.45485,2.55353,3.17602,6.93401,4.96693,3.14477,3.11225,1.50287,4.60748
1.97327,3.22753,4.5189,0.913028,2.91305,1.26132,3.80589,4.0921,6.48606,7.88048,2.59435,6.82656,1.70969,2.76448,0.132622,2.91541,2.21685,6.14199,7.7291,2.76441,1.54795,3.70533
2.12639,0.460659,4.87905,4.02372,8.87508,14.3034,5.4065,5.21266,12.6793,9.89299,5.86501,13.2356,4.45317,2.70572,0.0905693,3.06424,2.91881,9.47932,6.715,2.40325,0.369157,0.155553
2.1652,7.02047,13.5076,8.31175,0.886915,0.14378,3.05377,3.03574,16.9242,10.6059,5.36319,12.745,7.57354,2.27825,4.36419,3.30753,8.75136,12.5321,6.90808,2.01269,1.22696,3.14188
0.0622697,1.70301,4.50066,0.468507,13.4474,18.1173,8.35512,5.37847,16.2204,15.5053,0.377426,9.07827,6.02593,0.297729,2.76605,3.30182,4.4208,0.449023,5.64855,3.69074,1.98979,5.96232
3.33636,3.06824,0.409306,3.81325,1.31156,0.634865,1.84753,3.8848,8.79905,16.4164,7.45851,3.32301,5.52329,3.99762,3.82813,1.42381,0.249177,4.67445,7.00522,1.69739,3.3192,0.838148
6.72069,6.44259,0.890751,0.651671,19.6383,25.6241,13.919,8.16946,10.8719,4.01317,3.15847,0.0737623,1.82321,3.15139,2.61139,2.09368,7.41004,6.60501,1.36541,4.24023,1.37507,1.13266
9.56349,15.3336,16.5523,1.93052,20.5682,14.6319,2.15004,1.87732,8.624,9.60149,0.293104,2.74564,3.34343,5.6049,2.01038,0.994986,4.44522,11.6284,8.77305,1.99076,0.30009,5.43704
8.71371,8.41191,1.64106,5.48984,1.2398,10.4576,11.2052,3.534,11.7473,9.11254,0.122366,5.16333,0.394498,2.30666,3.34858,1.80325,0.416874,4.84118,4.02928,1.03569,0.969852,4.91241
7.61892,12.6429,12.9691,10.4687,19.9267,23.9182,15.388,6.6492,4.49267,1.66426,18.2015,28.0601,26.8321,22.9251,13.5186,8.23918,18.2723,19.6726,6.14121,1.02405,0.779316,0.821834
0.637131,0.609145,0.76598,0.936693,4.54782,0.972925,6.6249,11.524,16.2268,4.61761,13.8145,21.1556,21.0498,18.8211,7.91299,0.240349,6.53875,6.44593,2.41649,2.84196,1.36685,3.82251
11.8342,14.326,11.2286,4.81985,9.47033,13.2062,2.82475,0.306294,8.05779,3.76969,8.31779,16.6835,7.27993,6.46096,9.08758,3.69921,0.347136,4.07246,7.64917,5.24768,3.76421,4.33196
20.2719,21.0414,8.4712,1.54763,2.44674,6.45013,8.13123,1.01454,16.5068,21.9148,5.51795,13.0417,12.9319,2.71428,2.93442,3.64144,8.38749,7.57865,0.324104,1.4046,1.37799,1.29069
22.2027,33.4526,29.1369,1.55056,14.7847,13.6791,3.75634,2.66595,1.55284,2.3164,4.06399,11.1175,3.59888,5.09829,4.37101,1.79275,5.00783,8.11076,3.77251,0.381364,0.984057,2.53811
28.3858,31.5474,15.5691,6.4706,20.2972,10.0669,4.02018,1.22616,10.7856,10.9887,7.09846,9.92847,3.60703,8.38251,6.75433,0.952107,1.158,0.0786584,2.27053,2.3137,1.99617,2.08785
14.5732,20.9751,16.7991,0.475106,8.25821,2.85946,1.22328,6.3182,9.17434,1.36619,6.11647,3.16772,9.71126,14.5288,6.85273,0.114871,6.17201,8.84875,4.31728,0.307688,1.53885,2.04861
0.934542,5.06885,8.23853,1.40889,6.87553,3.17609,2.78323,5.22885,10.1189,6.96803,3.91698,8.47554,4.12225,4.23612,3.47264,2.74037,3.90328,3.62849,3.66674,0.811362,0.426259,0.599004
15.9133,20.6358,17.6776,0.29181,11.9727,6.5093,0.0865411,0.432069,5.45357,6.49504,1.47637,0.475896,5.45048,6.70887,3.23287,1.3226,3.59146,4.65855,0.293752,1.55866,0.812589,0.0657082
32.5372,34.1955,12.9951,2.24602,10.3535,11.5527,5.43468,3.09574,5.68192,5.93807,2.27917,0.837346,2.00339,0.0549614,0.595829,0.520031,5.30431,6.82004,1.23356,0.479384,1.05296,1.79015
45.1439,57.6023,42.5016,6.90469,1.87236,2.10433,1.81945,5.00161,2.55792,1.41689,3.41093,2.9601,1.49723,2.1461,1.08647,1.32956,1.42356,4.77863,2.54325,0.978179,1.63662,1.49977
48.8626,58.2466,33.3481,4.1049,8.01539,7.99864,4.76722,2.93349,4.53521,3.92512,1.70575,0.324505,1.78632,0.628843,1.09039,1.39126,0.755389,0.334088,0.761688,0.966232,1.13687,0.784918
47.4875,55.5484,32.0212,2.29065,7.69796,9.63281,4.87939,0.434606,2.00331,2.7141,1.96051,4.11821,2.91838,0.662078,1.05745,0.574483,0.748861,1.26153,0.730008,0.218822,0.181341,0.141128
30.5567,48.078,35.1948,8.74862,3.0036,13.5612,7.12865,4.00131,4.04299,5.92476,0.783531,2.23121,0.532121,2.42295,3.43317,0.161838,1.5949,2.76455,2.16759,0.763211,0.30259,2.41809
34.2854,25.976,31.1974,35.7893,52.057,62.9391,7.12319,20.6691,14.5663,5.38555,13.9819,13.0875,11.5883,5.22326,1.11807,3.58681,4.3298,0.721097,2.39466,1.43035,1.03906,1.74072
8.26257,30.9181,102.889,137.441,80.7159,4.38151,11.695,10.0238,5.37701,2.81193,1.8126,4.46654,8.82896,7.39556,5.17373,1.33251,0.384011,1.11624,0.969361,1.66719,0.590212,1.30252
3.77655,67.5302,145.603,66.288,26.1925,31.4638,21.5357,3.41707,10.8188,11.9579,3.02568,1.60713,0.611543,0.964609,1.36451,0.0307066,3.60583,6.53785,4.06646,0.491331,0.725149,1.84652
59.4819,127.697,137.231,29.4254,19.8845,16.5937,7.61632,5.11072,14.8613,15.8669,5.75687,3.22143,3.76743,3.44312,2.52667,0.162126,1.43679,0.981746,1.60214,1.5321,0.792438,0.825138
101.515,130.438,75.8747,12.3879,11.9632,11.062,13.419,4.92228,3.47611,1.98397,2.9308,5.29851,3.7441,2.28057,1.90112,0.537239,1.07154,0.416276,0.336493,0.656048,0.926192,0.293215
76.3137,91.9754,54.1303,3.07507,18.7845,30.114,16.1398,1.41154,1.17229,1.90355,1.25544,4.29114,4.08301,0.603193,1.34328,0.96504,0.930775,0.783659,0.801873,0.516523,0.560317,1.12561
95.4769,95.5214,46.6001,3.26463,5.80343,7.06988,3.68697,1.2418,5.30346,5.642,0.920146,1.56171,3.06498,0.598671,2.42755,0.402615,0.873318,2.24838,2.39852,0.741049,0.140292,1.8896
148.98,124.118,36.5676,16.312,14.2636,24.7279,15.0349,1.29323,1.80543,0.792828,1.82749,2.2035,2.75475,2.759,1.37591,1.45095,0.146021,2.89566,0.581628,1.14021,0.0186774,0.100687
184.557,158.698,74.6073,8.96061,2.33454,12.928,18.2482,10.0008,15.1707,18.9827,7.2919,3.91003,6.61029,3.07488,0.525793,0.552255,5.91668,9.74484,6.05184,0.819717,0.692215,0.288455
132.729,105.009,30.5047,3.67886,16.5237,18.5328,7.44113,4.98394,16.0465,18.6845,5.79048,0.0514345,0.610291,2.49502,2.89423,2.6028,6.23858,0.156328,5.41876,2.09746,1.72959,5.80316
15.2721,18.569,9.90021,0.61881,7.13074,23.7471,23.018,10.051,8.32125,4.42227,1.40333,5.86028,7.89614,6.30882,2.53347,1.81038,4.98368,4.91611,0.971477,0.70412,1.29735,1.74507
72.7821,45.3577,0.384778,0.211612,26.6773,16.324,2.27336,2.30485,0.835107,8.65546,1.17399,10.3197,11.3429,5.38134,1.94635,5.54492,15.0112,14.1019,1.76959,1.85246,1.49552,4.21738
66.4554,65.6278,44.271,4.73327,29.8059,37.0181,15.9449,9.16229,27.2556,25.656,0.41941,10.9385,4.03545,3.89407,4.02949,0.812956,12.6808,21.3109,9.42567,1.46664,3.29893,4.41852
46.5268,45.7828,13.3695,13.5496,6.44835,8.17904,13.4033,6.36568,16.8771,16.0471,4.1379,4.08075,3.5455,7.4897,2.16273,3.74734,3.44382,1.11848,2.33442,0.435626,0.7141,3.23835
42.1206,54.2038,38.45,15.8377,33.89,29.06,1.99489,4.55715,23.9945,15.9179,0.765851,3.82607,1.45879,0.20737,3.45092,3.7354,8.16423,20.0736,9.93306,0.220988,0.799395,4.16878
45.4789,53.4399,36.675,1.2333,14.8106,17.8919,4.79433,4.12803,29.9052,24.5064,0.417756,0.101432,2.65378,8.10311,5.74473,1.1902,19.0102,25.912,4.06839,3.88478,0.404525,0.623569
34.9436,35.418,9.60811,9.95133,6.85744,3.65943,4.97955,5.29823,8.67365,10.8955,5.02536,17.838,6.61923,1.60822,1.27046,5.04145,17.8201,22.6435,9.97825,2.5432,2.8835,0.563455
26.2539,42.1301,45.1441,18.2205,4.10331,9.7331,9.32597,10.9265,34.109,34.0665,0.279314,20.6531,20.4622,16.3813,9.84628,3.2398,1.87306,1.61358,0.424227,2.4812,4.52884,2.4129
17.3353,13.76,4.67996,6.11528,11.2544,3.19667,15.0278,13.7592,28.7258,20.3523,7.29744,14.4157,14.947,13.9297,6.61538,5.01463,14.8285,15.7902,4.63968,2.70935,3.04582,1.87846
1.81207,0.832684,6.20677,4.36929,6.88868,10.134,2.89821,1.56693,4.67883,5.81495,1.55345,9.6022,8.79889,4.78919,1.69169,5.36778,22.9899,26.6175,7.11534,1.59425,7.2792,1.55165
22.4539,21.8218,5.4326,3.70776,20.1375,2.51727,18.8338,13.5687,33.2749,32.3455,5.12925,1.10598,8.03775,10.8812,2.40557,3.781,9.1746,21.4953,10.1521,3.44131,4.85661,2.99845
32.8438,47.5252,46.9936,5.21971,33.144,19.6104,6.56165,10.6218,21.1513,16.4093,0.988528,2.50995,3.94476,6.91232,4.52865,0.986593,0.47288,0.0390991,1.55749,1.75482,7.50845,5.57182
51.9247,48.9979,9.86222,10.8008,10.8151,19.6353,16.1846,8.01645,10.839,9.86092,2.14902,9.37891,3.27612,2.4555,2.08223,4.11466,9.49553,19.3265,7.97656,2.34555,1.57159,3.68699
62.0166,77.1576,55.9433,12.3003,7.66706,7.61082,19.1546,15.7198,29.4328,20.6815,3.66056,8.78406,1.91548,7.77694,3.88223,2.07457,20.0222,26.4938,5.35321,5.87645,8.88762,11.5183
65.5132,76.4715,46.8667,3.44756,1.45271,5.3814,4.74477,5.49142,23.2461,22.1281,0.362902,13.1469,11.9107,1.06689,4.39167,7.17299,21.1449,26.4436,10.8851,1.76056,0.198087,1.35648
59.2243,60.188,22.0517,15.1227,14.936,4.01448,19.5207,12.9862,25.3097,27.2894,8.56244,0.813997,3.23014,0.156196,2.6363,1.41706,1.1743,0.11195,0.660332,2.02103,6.68549,9.2406
47.8538,66.4939,62.0705,19.3108,0.150995,4.55527,7.17205,13.3303,29.4983,21.0326,2.40838,10.8834,9.86362,5.12719,1.21689,5.42475,19.3894,23.7266,8.89643,2.36678,0.243139,4.82464
25.6106,23.2175,5.25827,3.97654,34.616,16.8101,11.8353,0.816209,14.0739,11.9689,10.9123,20.8117,15.543,1.09716,3.37894,6.06893,23.5169,25.9329,3.02847,1.95066,5.52958,5.23473
3.82173,8.96332,15.4852,4.80348,36.4512,19.1198,9.04296,13.1376,25.0191,18.9933,13.716,25.9628,13.7729,5.43713,8.37685,6.09438,21.1149,34.0779,16.3209,0.252876,0.308652,5.22317
18.2586,17.0464,0.496696,3.11564,16.6998,7.59604,10.9157,0.419547,26.0755,29.6341,2.85948,19.765,10.6566,6.5277,8.72415,8.7886,9.11886,7.829,3.4001,2.42018,8.10348,8.65674
41.5528,61.6339,57.1109,9.50432,52.4282,16.5458,16.4952,7.25852,9.8236,13.4456,0.702891,11.5219,9.6893,4.95937,1.03192,9.04268,14.5427,36.411,19.8037,5.37519,1.4637,2.03604
59.5311,53.3644,6.80158,32.194,17.1348,21.8729,4.06627,6.21242,17.1731,7.595,2.82577,1.06162,6.70767,11.2069,3.24888,0.295549,30.5002,37.39,5.66578,1.66221,5.66325,2.77265
70.1492,89.3615,57.0378,8.89291,4.43245,3.83345,7.40726,7.88884,36.3365,33.3834,10.6595,7.83446,5.77156,2.1665,3.80568,8.80887,20.5666,20.2039,5.88745,3.39752,2.74583,0.185926
70.382,82.6252,36.5917,20.5437,11.9186,1.41219,3.11816,4.06767,12.334,15.4586,11.0381,17.8449,17.595,8.60892,2.30086,0.573763,13.6279,19.5709,5.02852,6.7362,12.0165,14.4764
72.6371,74.0561,23.3657,35.3526,42.9232,18.7624,11.5672,1.94517,28.6893,22.7141,6.25063,22.3923,13.8482,3.57714,1.78983,8.2266,41.2912,55.7051,22.8125,4.21024,0.979818,3.82147
53.7508,77.8481,65.9673,19.2869,22.0124,13.4244,11.344,0.323911,18.4638,12.1208,11.9471,24.1048,8.60811,4.17108,0.504904,4.98293,29.6018,34.2021,4.06484,9.25047,12.8273,13.2181
41.0824,32.7045,12.1884,22.8774,14.9788,8.99792,9.16626,0.212395,8.22607,0.35027,5.6422,24.7421,15.1328,0.898862,1.28464,3.56094,3.34172,1.32123,0.797928,2.23033,2.82919,6.51961
15.9042,21.3088,18.0468,21.3279,56.319,21.727,18.3397,5.88312,47.5744,42.7356,1.26118,19.517,14.6777,4.14532,0.725282,1.9403,19.8591,21.5455,1.53583,2.94597,13.8948,5.95921
11.6202,10.5379,10.236,0.404692,26.2358,23.2305,0.994755,5.51729,18.1857,11.9982,5.14261,7.88763,4.24507,3.57466,4.168,1.23177,25.1112,42.6352,20.2199,0.819598,4.49304,4.35507
33.5028,45.4954,44.4422,21.0405,6.46341,14.5864,22.326,0.515271,18.6139,10.4067,1.79611,3.8966,6.3075,7.87056,2.94927,1.16874,16.1385,20.7853,5.06028,2.77657,6.02761,0.243027
50.4858,47.2565,2.36667,21.8142,2.80219,1.41241,13.2458,8.4694,48.09,41.9955,11.8964,11.122,11.0872,1.62174,0.593958,3.0403,2.91487,10.7074,6.57087,5.58445,8.49094,6.25642
61.9442,84.2259,68.4415,15.8628,4.11524,7.78509,15.9032,11.3252,17.8908,10.5512,7.57898,13.8217,0.0546277,14.1893,6.55257,5.03424,25.7877,25.7022,1.69023,4.7426,0.622958,1.70842
68.3088,75.714,39.1282,6.33842,6.54949,8.13668,20.8185,4.57254,15.2518,12.3581,3.25325,14.2411,3.92707,12.4565,9.7779,8.39705,23.6089,28.2319,9.9684,1.62976,3.92124,7.14221
67.8368,75.2803,42.6555,11.6747,29.8852,11.9122,8.24355,16.2172,40.672,34.4034,8.63217,7.89661,8.71282,2.77752,1.09782,3.0588,3.68395,3.57764,1.88179,0.00857438,3.65349,8.07706
53.7379,69.7934,51.9927,29.3013,48.4539,15.4564,21.9927,14.3065,17.3921,14.1759,3.46351,0.15699,8.36007,10.9881,3.65466,6.29431,26.6449,31.5878,10.1708,1.90838,2.25573,2.33904
38.3018,35.1425,0.963113,34.0843,32.4753,17.4844,1.912,7.5491,22.9541,19.912,7.68734,11.7028,11.0006,2.30353,5.82789,5.68856,23.1513,29.1882,8.67389,4.51716,6.04234,4.23055
21.8215,28.1694,21.2127,4.41683,13.6033,8.51089,18.2052,15.8483,31.3175,20.0912,6.49651,16.0805,9.98306,2.91554,2.42993,4.03973,2.59384,0.833503,3.80172,0.0637308,5.13891,0.643761
2.82853,3.87553,7.28151,0.0185449,17.5137,11.5237,0.153533,6.32795,33.7442,36.3871,19.2329,17.9015,1.67025,11.3128,2.64745,8.06656,21.3015,16.8781,1.03849,0.0178169,3.79373,3.72359
14.3308,22.0903,20.9362,9.12061,6.99856,15.9074,15.1853,8.0042,20.4881,17.9851,7.7744,14.9712,7.8139,1.9198,0.601678,0.108883,12.3291,21.1795,8.56621,3.0362,5.89953,2.03499
34.7914,35.6769,10.7176,10.1077,1.33575,2.72966,1.60077,11.8759,44.7603,34.7995,5.772,20.4296,18.3755,11.8925,2.7891,5.56393,3.27731,8.41145,10.0139,3.71528,0.694013,2.59971
49.9828,63.3926,50.126,25.1881,21.6773,1.41361,11.4185,13.3185,33.3628,19.5435,6.57355,12.4374,9.97198,7.06541,4.77465,0.925756,9.66894,15.2658,6.9767,0.602353,2.43239,2.20586
55.5749,59.1015,32.3993,15.3079,42.3122,25.6922,2.32553,1.84325,10.498,10.3973,0.374745,4.20318,1.37333,2.18174,0.397692,0.847875,5.40086,15.4606,15.2938,6.11697,0.456449,0.630966
54.3725,65.2976,43.4711,18.8152,37.3559,35.11,9.80439,13.1215,32.458,27.0605,4.95744,0.17727,1.20115,4.00532,2.79386,4.21218,5.707,11.451,16.8164,7.26398,1.19059,0.0491523
50.0229,60.0261,41.7043,5.71406,2.872,3.01423,4.57356,9.06883,31.4271,19.2563,3.13053,5.259,1.75787,4.93965,0.697482,1.20937,1.54649,5.26445,10.5715,6.23495,1.44889,1.65615
43.6741,43.7217,17.1019,5.79006,12.6216,24.7297,10.0831,0.806169,17.349,17.605,6.57257,7.07603,5.32565,0.448834,0.761022,0.134856,0.854725,0.0753641,4.86815,8.09771,1.94425,0.148605
31.3941,38.4018,28.6294,10.2326,9.08397,5.00508,1.60395,1.08843,5.26709,7.99205,5.82898,7.32743,6.85304,2.23455,0.231149,0.54556,0.33621,1.16114,5.13179,5.19667,1.8269,0.419735
59.517,60.9063,90.8722,88.9201,8.35803,51.1446,27.1329,30.1295,17.5611,4.02742,7.1969,2.17814,3.57498,2.84756,4.14323,4.50117,3.69558,1.24719,3.14893,0.388142,2.34842,0.929647
39.3536,15.4147,74.9647,191.18,122.461,1.07278,15.1148,4.76303,0.213381,2.78683,5.39341,1.22063,8.97409,12.3482,10.8326,9.52646,3.72976,4.12285,7.97316,6.92814,1.36171,3.4583
26.0452,38.822,53.0821,41.9692,4.93791,15.2315,8.39391,4.63994,4.22359,5.08702,5.46626,4.03901,0.286964,5.51438,9.60581,14.275,15.4055,8.64644,2.50797,12.5054,8.13436,5.45861
7.2857,13.8167,13.2153,4.42358,11.2857,16.6167,7.27397,10.6881,22.1975,18.471,4.14799,2.65312,1.53129,0.521823,2.01706,3.83209,7.46651,3.66422,0.767445,5.11747,7.14627,3.87505
88.6398,122.666,89.5219,13.9272,5.29357,2.54261,7.50715,4.60791,14.5667,4.69842,1.46696,2.35138,0.980484,2.84966,7.21267,4.94883,5.56825,11.9857,0.535854,13.5492,5.61479,5.10587
106.644,126.298,74.9216,3.64285,6.185,2.43228,2.67952,5.7377,15.2017,13.4026,0.508777,9.13845,9.47215,7.2448,2.0985,0.581781,3.4397,7.92289,2.26063,19.4114,13.4851,2.82675
138.663,130.748,59.3109,2.26863,13.8035,11.4537,2.17678,0.496825,10.5022,17.6643,5.81009,3.70371,2.90638,3.72579,2.38162,1.61897,6.53357,10.6284,14.2519,18.9828,12.0207,2.41831
156.404,133.568,55.2954,2.3877,12.1625,12.6516,1.42417,5.20644,8.63756,3.18572,0.209948,5.67853,5.32546,4.94321,4.65792,1.46932,9.75398,12.9579,13.8049,12.8296,2.27958,1.24641
128.496,107.646,46.6754,5.56527,2.65075,0.641512,2.19473,2.73989,1.01502,2.92525,6.74429,8.65807,8.91106,5.09734,0.489536,2.46985,3.40821,2.02242,8.06525,16.5318,7.52106,2.50292
37.3053,33.3306,9.39698,1.97037,12.2472,12.4375,4.27058,2.1199,7.18066,2.53567,3.63724,2.00727,1.59653,4.06874,5.45105,6.99922,6.95491,1.51936,14.2077,11.8435,0.0548321,0.402585
44.6964,25.0632,0.606567,3.5133,15.1934,12.0155,4.37119,0.95745,8.8223,11.515,5.77767,5.95137,4.08903,0.268265,1.54175,3.12106,2.6647,2.94948,3.21124,3.08832,0.222974,2.67839
61.4584,39.8503,5.62525,5.75661,2.73231,4.07174,6.13886,0.287335,2.0469,2.05708,3.40717,0.0778837,8.01672,10.0889,3.93696,1.88261,3.61971,10.6755,23.0286,17.7019,0.0443506,2.2568
10.7052,13.3631,9.81459,1.79115,2.61137,5.33082,4.93953,0.515846,8.57809,8.25795,1.49758,5.50348,5.14221,1.19237,0.660287,2.33068,5.83502,6.11109,11.5952,17.7398,4.68873,1.18542
1.1506,1.68584,4.77186,5.86702,4.00739,5.98317,5.70291,7.01062,15.994,8.23896,6.49499,4.62001,1.90434,2.97932,1.13471,1.67231,0.843157,9.91679,9.70868,0.788784,1.14895,1.1585
1.72638,2.37865,7.57903,9.47111,11.5872,8.73458,4.25278,7.90765,5.04792,10.684,12.4009,1.19547,6.98794,4.55325,2.76826,2.24832,1.49495,5.04867,10.4303,17.599,11.017,0.407323
0.4736,1.94069,4.69172,7.31058,11.2836,4.29434,5.20873,0.518385,10.974,10.8854,3.78347,3.1396,4.10937,1.44143,0.551561,0.684234,3.47416,1.44744,7.02168,29.0467,24.7063,2.77706
0.468435,0.208678,0.0572434,1.69067,5.32348,3.58588,1.69055,5.11606,4.12456,0.628229,1.11813,6.69119,7.06662,1.96144,0.574108,1.13729,0.200142,0.00880791,8.15651,13.7741,10.4814,6.10612
0.0171146,0.672609,0.943342,0.21528,0.802698,4.89391,7.68794,8.43571,6.92649,2.22954,1.25073,2.67514,4.50334,1.78206,3.39354,1.79094,0.49836,3.51396,8.92675,19.8237,16.7631,0.341714
0.310114,1.86418,4.57514,7.34156,8.95529,4.84979,1.53728,1.34632,11.8608,20.1113,15.1473,4.9354,0.339968,3.18154,2.36337,1.54812,4.03935,5.44764,8.10315,6.38619,0.244756,0.326708
0.0822025,1.73511,2.87891,4.10496,10.3752,10.4681,2.55506,2.04092,1.56204,1.04198,5.74519,3.50159,2.25099,4.84179,3.52978,1.68894,1.17175,3.32746,2.35535,0.979679,5.12351,3.47794
0.188514,1.94469,4.31988,6.06552,7.73897,4.097,2.50124,5.87825,6.66209,6.23489,5.16637,4.271,4.19161,3.62959,2.93838,1.01012,0.41375,2.99483,0.241584,22.4557,25.0937,3.50983
0.0402685,1.35373,3.13709,4.02995,4.14266,1.56274,1.11794,0.301927,1.37397,2.83696,3.60664,0.175736,2.08387,3.32438,3.79708,4.58313,4.37263,3.88083,0.664189,6.08134,3.89073,0.146479
0.498762,1.00904,1.62079,1.76794,1.54235,0.0700537,0.785523,0.170797,9.56511,10.0938,0.633621,0.568417,1.62217,5.45511,6.52111,4.71074,0.748919,3.70293,0.978826,21.7313,28.0262,7.19164
0.118482,0.290999,0.017203,0.412484,0.0332064,0.00122128,1.68581,4.75219,2.20854,7.09965,9.04991,3.13236,2.85563,5.76126,4.21766,2.89654,2.55797,0.460427,2.22107,1.62169,4.74101,2.93652
0.113878,0.431653,1.19472,1.74041,2.26545,2.97818,2.96608,1.70869,1.17225,1.37161,1.3917,1.1055,2.13305,4.26078,2.69845,1.62024,1.5796,2.90091,5.57608,24.8126,21.9562,3.21852
0.121889,0.302524,0.552108,0.18466,1.23523,0.560492,0.586363,1.61689,4.87521,6.53305,3.58784,0.741023,0.315954,2.50487,4.39233,2.78407,1.26168,1.33294,10.2821,25.614,16.7786,4.24375
0.0688553,0.133932,0.810165,1.90994,3.07608,3.22536,2.17864,0.0499131,1.5379,2.01724,2.81833,3.11463,2.6358,0.166422,2.0428,0.696541,4.55034,11.734,0.907077,19.598,10.0068,3.61073
0.4091,0.504424,0.783839,0.708484,4.70799,6.46669,5.62784,5.60235,2.80926,1.64468,2.42026,2.7377,1.36237,2.82929,4.34787,4.68878,6.87472,3.49056,12.4258,20.7643,9.37273,0.874738
0.147506,0.72131,2.32891,0.224754,3.76637,3.18722,2.91707,5.2079,5.7374,5.20218,1.72985,3.1569,2.31765,1.15937,1.90687,2.2234,2.43618,8.43934,5.97361,11.3454,9.42235,1.42997
0.384821,1.01251,0.605237,2.48911,5.84175,1.35712,2.66031,4.12837,17.0024,17.1082,8.85716,12.3964,5.88055,3.18044,1.5061,1.94786,7.26455,3.03721,25.7144,25.6398,7.779,6.12953
0.354063,2.24966,8.17824,4.85607,8.01264,6.07707,2.20986,1.01189,0.706654,1.64956,2.60704,8.09656,1.03636,7.4949,5.24918,7.33987,19.5603,22.2702,12.4682,4.43525,0.251393,1.31883
0.0473806,3.33675,7.47153,6.89088,6.2332,3.31624,1.59159,2.91637,16.308,11.5507,5.6433,10.7393,5.9827,1.07225,3.40161,0.383019,5.00443,25.6617,30.7735,10.7775,0.969633,4.04798
0.622857,2.25066,4.79817,9.26466,19.1638,10.1652,3.92475,6.11798,8.35675,2.50874,0.61825,1.28873,0.760443,1.61992,0.754486,0.0035408,6.79744,16.1647,9.54618,4.99069,8.62928,9.47653
0.240086,0.854515,1.6983,5.96847,14.8699,10.3871,2.73418,5.89587,10.1228,16.372,10.5149,1.99116,0.676085,2.03126,0.0983919,0.353585,11.0478,24.8974,16.1273,9.11315,16.8109,2.75242
0.342483,1.04991,2.35563,3.37079,6.65664,0.957984,6.47791,7.05228,18.0111,20.6744,8.3989,5.06206,3.05384,2.79216,2.5019,0.206346,0.308344,4.66288,3.04356,5.13937,5.48888,1.21181
0.853646,2.70134,7.45338,9.86934,15.7414,10.3647,1.9952,3.07322,4.70458,8.13326,2.04913,7.69141,3.91387,2.78039,0.986654,0.775358,5.60878,16.9169,12.827,9.88253,15.481,7.71708
0.331091,3.52169,9.2358,6.87143,2.83849,6.01978,8.37391,5.9809,7.4457,7.32767,4.16756,12.6745,8.05424,2.93275,0.701988,0.74655,4.29926,3.27495,10.3284,6.19983,4.36806,4.71971
0.324129,2.00107,6.25652,2.76685,6.52092,3.85606,2.04493,2.45725,2.76414,1.64187,3.169,11.8654,9.57371,6.01947,0.19769,3.15697,0.79533,4.14415,5.48739,1.29119,1.28021,0.125321
0.0801249,0.403205,1.14982,1.47674,2.4435,9.58638,11.7892,2.02398,17.0064,20.7349,1.55101,11.7718,8.99815,5.10535,3.09544,2.47001,6.87783,0.396918,4.625,0.636655,0.762612,4.57124
0.102073,1.53351,4.36807,2.31791,12.7281,4.28609,4.53651,0.442983,1.61688,2.2127,6.96861,10.3535,2.36296,0.177998,3.12638,3.41435,1.8134,13.715,12.1309,3.05196,6.46906,2.99385
0.131118,2.80029,7.46956,2.76709,21.8684,20.0223,7.70952,0.638984,6.98507,5.19375,1.53273,5.88989,5.61626,1.86512,0.599596,1.03593,0.356625,1.39715,1.15036,5.20297,4.86829,1.04359
0.548659,2.78339,8.69186,2.35361,10.7868,10.8242,1.97482,5.83374,7.24256,0.0752463,7.23273,6.21872,1.61225,0.734441,1.52957,1.86387,2.98682,19.6651,26.4562,11.9707,2.78673,2.48791
0.152302,2.90404,6.2372,3.52856,3.52572,7.13611,3.57823,1.42567,3.11389,2.57348,4.70806,1.75217,1.39622,2.04002,2.7919,1.86225,4.00455,20.2668,24.6005,8.94327,0.0862298,2.62207
0.417613,2.00033,2.8382,2.69042,8.4785,8.41769,0.332498,5.70826,7.71347,1.69427,5.0877,4.96115,3.13315,1.25398,2.12729,2.04582,2.05458,1.78356,2.02948,5.64182,8.43296,1.60233
0.175546,0.309901,0.369856,1.69907,3.27395,2.39283,5.07131,6.80775,12.1122,1.6036,6.96461,1.71448,1.96463,2.74258,1.56,2.36362,3.17191,17.2249,24.6897,11.9418,0.56763,0.962315
0.560998,0.97004,1.40938,0.769904,0.950787,1.16041,0.482496,5.49551,11.3652,6.05425,0.809084,0.830144,3.98419,4.27203,2.40935,0.344554,5.57557,22.1977,23.2753,4.16906,11.6735,2.09025
0.136974,1.10333,2.48088,2.08418,2.65216,0.717051,1.33314,2.70049,1.56025,5.18908,5.33505,1.16906,1.02358,2.87805,2.10676,1.27713,1.90765,11.1172,23.158,20.4198,9.1362,1.92154
0.0368003,1.79473,4.16502,3.25243,1.34729,0.390366,0.650886,3.17525,2.1692,7.03019,8.09311,0.755151,1.53965,1.11939,0.517616,1.18286,2.12169,4.13475,5.52005,3.38523,0.925711,0.290595
0.224849,1.31381,4.0433,3.34311,0.607579,0.195205,0.927739,0.626573,5.96016,5.51348,0.0861544,1.43209,0.535493,0.476738,0.00348934,0.475773,2.13439,8.79053,10.1771,9.34076,6.12333,0.0245115
0.580598,1.21331,1.81169,0.85634,0.510556,0.762792,0.403635,0.0507007,0.430529,3.33107,5.21102,2.18171,1.10162,0.304641,1.89727,3.26753,2.83011,6.21099,6.74976,4.56942,4.74496,0.193136
0.0334184,0.408875,0.385932,0.883265,1.70375,0.854985,1.11084,2.6751,4.6364,7.62226,6.41977,1.72939,0.340305,1.28238,0.207011,2.70352,3.4081,4.11509,2.55467,4.10127,7.49493,3.14382
0.317956,0.4619,1.33825,0.0690926,0.729203,0.112491,1.13601,0.402072,1.24596,2.14462,1.28118,0.470498,1.00533,0.0439775,1.40669,0.529349,2.94891,6.22519,14.659,6.11201,0.681649,1.1593
0.0735751,0.493262,0.920867,0.0757589,1.09335,2.1694,2.26632,1.66864,7.68399,8.09812,2.69552,1.7475,3.41353,2.45328,1.04667,0.863984,7.20926,26.2675,31.9534,11.3142,3.08681,2.13167
0.00111894,0.0315829,0.121345,0.512604,2.98167,3.31982,0.396343,1.45898,2.58648,2.44857,1.32495,0.261126,0.848009,0.181084,0.730462,0.028488,1.13159,3.1864,4.20653,7.64667,10.4106,4.23623
0.0727744,0.0275903,0.18729,0.315583,0.130011,2.44067,3.29425,0.549442,0.208243,2.45337,1.96586,0.330716,0.393228,1.24428,1.8848,0.960634,7.055,22.9735,19.6524,1.65142,2.17645,0.666022
0.103275,0.125503,0.256931,1.94384,7.69821,13.1013,12.3172,6.58323,4.74221,4.65168,1.42599,1.19219,2.85159,3.63569,1.69417,0.0661072,4.27973,8.0399,4.70464,3.7644,3.87198,1.39382
37.586,40.7234,18.3714,83.1339,13.085,47.1762,11.0327,13.9917,3.81925,10.2995,0.100865,10.7986,1.1026,8.66614,4.15722,1.21333,1.37111,16.3489,17.4325,5.8105,4.66001,7.87739
43.7122,59.7496,24.1477,169.855,120.088,4.8115,7.77721,22.6493,3.68494,7.53842,2.35577,18.1058,12.3595,4.97588,6.6036,2.31276,14.8199,25.2733,6.69025,8.63839,4.13004,3.47449
29.5107,28.0402,146.278,134.031,29.7708,5.6789,9.07592,2.7663,10.0855,4.47901,1.48033,5.85664,6.00656,4.60343,2.49423,1.32571,13.6734,29.8711,15.4567,6.23715,5.05013,0.481867
16.0029,94.4691,127.459,37.5569,2.92264,3.70786,13.7426,2.28053,12.9243,7.07008,2.23248,6.96471,4.91683,0.624647,0.792705,0.393626,6.90648,5.75509,5.12476,9.27793,6.19843,0.842707
29.6381,26.6745,24.0285,13.7464,2.74015,1.3009,1.17639,10.3911,17.1613,15.1773,12.5876,12.2323,6.40497,0.868499,4.46251,5.99307,4.07815,9.16395,10.4044,1.28719,0.362006,3.21731
86.3885,106.157,77.8022,25.4718,18.5021,1.60641,17.2881,4.19969,1.73291,6.5572,9.14745,9.10877,4.00836,3.36806,6.9432,8.68272,7.01199,5.70653,19.1407,16.2391,4.38202,0.837221
116.128,114.074,61.2802,10.0441,9.06846,8.58907,7.42393,7.62055,0.457642,6.21244,4.44435,6.91936,4.99624,1.2756,4.72477,6.58486,6.70441,2.70422,4.93728,11.1107,7.03351,2.40011
121.66,96.4642,33.093,7.74866,17.034,9.62118,3.65717,0.772814,4.13322,3.30177,4.40944,5.10942,0.831368,1.07103,2.47577,2.66321,4.00087,2.47393,0.343641,5.85013,4.52901,0.638065
57.9589,45.2015,19.3617,9.15129,8.91082,3.12138,10.3281,8.15876,4.60983,0.418257,3.06408,6.16347,1.94241,0.840022,2.39649,0.815455,11.3842,10.3976,0.387527,0.837793,0.257646,1.52685
53.8824,49.2916,28.9478,4.07635,15.4779,20.764,12.1305,4.55565,2.65197,4.68139,6.8334,9.16215,3.17336,2.3981,1.72228,0.234245,1.01769,1.98986,5.12998,6.00116,0.784871,1.69798
148.747,113.135,30.2693,0.630068,17.7663,3.42897,14.1743,14.2915,11.1028,3.67739,6.40086,11.9083,6.63875,0.530218,0.864539,1.40986,8.14905,6.43541,8.3957,7.64472,0.956466,1.19172
170.037,133.958,47.1016,9.24707,5.36527,16.0262,21.3142,10.0322,1.77084,4.31469,1.46385,11.9729,7.54756,0.690319,0.455054,2.17777,19.4472,25.5329,10.522,5.54218,4.29572,0.0364866
109.117,85.9553,32.798,0.453204,10.368,12.0747,2.89131,11.6708,4.49038,6.07309,0.284664,10.4051,6.00819,0.654669,2.2512,1.99204,12.126,29.9485,27.6194,12.3199,2.14687,1.67404
7.92039,7.24497,25.0296,11.1497,2.76765,11.4441,14.984,6.99738,12.9146,15.3473,5.23705,2.86486,2.44315,0.714965,2.62006,6.24681,9.64009,12.0228,7.70102,1.37566,0.66301,3.63461
110.52,87.0934,23.2287,2.00003,5.00217,10.0122,4.8935,11.4151,14.5583,9.75429,3.23484,0.433219,1.02887,2.0332,4.12801,8.47294,16.0845,19.059,7.85128,2.92583,5.17493,6.58396
173.178,152.174,66.593,7.07554,12.196,8.55266,1.43876,4.45802,3.0347,6.04302,9.86667,12.3603,9.80836,2.96723,5.7822,15.355,17.8749,0.409622,16.873,12.7896,6.81669,2.89996
153.789,132.408,46.0225,12.7162,3.70473,19.4794,15.8932,1.39307,0.909581,4.75635,6.67231,15.7828,13.4887,6.77022,2.71102,9.32343,1.85942,10.0172,17.9535,4.31156,1.10901,1.51094
58.6922,63.1702,26.3734,6.93056,1.52085,3.88226,4.5362,4.89496,1.48837,0.426007,6.07104,16.6056,11.6829,3.96471,5.97049,11.5397,4.28863,5.01986,8.96735,6.46074,0.659153,1.77491
6.053,30.4116,40.148,7.62967,16.9001,29.7647,26.7892,4.50321,1.83516,6.13963,2.17036,13.933,10.109,1.56173,9.13348,13.5231,4.0024,20.89,16.0159,0.680298,6.93781,1.07288
2.96069,4.10984,0.20359,0.45765,15.0987,14.1286,6.18954,3.77056,0.0151527,5.11233,0.523401,7.30984,4.23182,0.66675,11.6688,21.3335,18.0031,10.4527,0.730455,7.50105,7.6901,5.06874
0.0564946,6.26592,11.8896,4.59889,1.42885,15.5761,21.6431,2.14571,16.2384,14.4339,4.68307,2.49057,3.01886,0.617131,10.4867,22.1691,19.9322,11.8504,2.47626,4.35235,8.27467,3.20748
11.8072,10.5311,5.56153,9.53654,22.221,24.4714,9.27284,1.27567,11.788,19.1173,12.2724,10.1534,5.04351,1.29748,7.38724,13.6006,3.88432,0.821018,3.47393,3.50783,2.24127,0.224757
26.768,38.9353,40.2174,10.5367,11.5838,2.81495,5.35517,4.93789,2.13199,14.3979,12.213,15.4935,10.3348,0.134826,4.9935,5.61462,2.12577,10.4168,24.9925,15.5458,5.18211,3.29309
38.5042,38.5142,9.4298,6.78762,6.04016,25.2958,15.0542,0.198694,0.289985,3.13669,7.14552,12.6707,7.09243,3.12959,0.404972,4.17529,5.50702,3.67346,2.13287,4.98242,4.58812,0.734822
53.4464,67.7373,52.4118,16.5687,12.9616,13.8623,16.5963,18.596,7.00647,3.14139,1.00735,8.0907,5.35895,0.344685,0.0879317,4.13188,12.5107,10.0794,0.674107,2.48734,1.23797,4.9027
60.883,66.6788,33.6822,9.80596,4.16817,14.8894,16.305,10.1387,5.27998,3.64338,4.24598,2.33162,0.456622,2.90236,2.00996,5.77308,3.85659,0.872826,10.7126,4.04623,0.275347,7.10525
57.7652,62.2312,32.3195,3.65851,1.37685,21.704,30.2806,22.9585,14.1112,8.62712,7.95091,13.3025,8.60012,0.00721815,7.69218,15.3998,5.5716,2.03523,4.44719,6.85342,9.01994,5.56415
44.5243,64.5014,61.863,21.2929,1.68492,8.8612,16.2582,21.8658,20.217,13.4275,11.3589,17.9271,11.4206,2.23678,11.3511,18.507,10.7827,14.0921,29.8484,14.0367,0.989054,0.178109
32.5047,29.0964,2.13573,16.7372,11.619,30.1076,27.0003,11.685,7.13973,14.5719,14.2036,21.4998,15.3556,1.6884,9.07583,18.7985,22.5373,21.8099,7.96308,1.77532,1.68384,4.52177
15.5469,22.1449,22.4707,14.6186,9.71343,4.65539,19.224,33.1079,9.20415,9.04462,6.25013,11.0592,5.37303,2.15915,15.1209,26.5565,25.4998,38.5303,38.7264,17.8441,4.27666,4.658
5.53199,6.24813,3.93441,14.4341,38.5252,42.5617,16.4021,10.2512,2.79156,10.24,4.35221,1.5292,2.31128,5.86193,10.9278,23.0385,5.57951,12.9667,9.04904,0.977958,1.062,0.436733
29.2187,42.3289,42.4617,11.3923,13.4238,15.8546,3.27871,20.8821,13.4981,3.81105,2.41121,10.1205,7.85074,4.877,5.26172,12.5909,5.58982,20.3964,15.9015,9.02699,5.22308,2.01055
54.8568,48.7525,3.66989,26.9686,26.0663,28.953,0.468056,27.01,10.1936,6.29324,10.785,22.614,17.2215,5.87226,0.465324,2.39936,7.05638,2.40813,2.70862,1.17343,3.71348,1.06404
62.6253,82.4013,67.6877,28.3257,29.8943,30.3736,15.0197,1.49293,10.9456,10.8921,18.9497,32.1891,18.6051,2.12314,2.29611,1.84145,6.16157,11.9177,11.5566,13.3019,12.4358,4.72538
71.9065,79.6722,40.669,8.79031,2.55532,5.84468,11.785,30.4498,26.4066,13.8051,16.9454,34.4484,23.1001,1.60836,4.45955,5.77988,2.2502,4.5337,0.507673,6.75445,5.32362,5.66181
68.644,74.9659,38.0584,9.15462,26.9707,38.8659,31.5671,18.7913,15.7396,17.904,20.7504,30.0674,17.6052,0.413502,9.40656,15.3658,2.52288,0.0832281,2.75023,1.07775,2.01124,4.46645
58.9348,78.6827,68.921,28.6147,14.7946,6.01773,3.55308,12.0439,4.96343,8.6586,13.0004,19.8981,12.5622,0.169018,9.92527,18.7876,0.862842,14.1402,4.37036,4.50696,8.42262,1.63486
47.8442,41.8592,2.54517,24.188,12.8084,35.9127,34.7251,19.9383,0.850176,5.46489,2.43003,2.51537,1.81145,1.30786,7.3801,16.0557,4.54472,24.1241,10.2114,7.85944,9.03173,1.01056
19.394,33.1551,39.8871,19.3878,8.61746,18.6964,2.713,0.316336,7.59616,4.82677,4.2904,14.2537,8.54468,2.60104,14.7186,21.4059,3.3449,11.6351,1.70254,4.54626,2.19556,2.81137
3.4287,0.452826,0.97286,2.06751,9.76947,24.5076,21.2065,8.69245,0.606812,2.78393,13.9856,31.0381,19.2276,2.29906,16.6823,25.9189,14.3349,4.79828,9.87823,0.465291,6.73932,0.774457
22.8996,30.1135,28.9643,15.1654,9.59033,29.0496,11.4598,0.587476,7.78272,6.77286,18.0067,36.5678,19.4919,4.29209,15.1757,21.4406,6.22134,5.29969,4.07506,6.92676,5.7292,1.2774
39.3142,38.1672,3.41421,24.011,14.4483,8.43062,0.166412,0.457937,12.9818,13.3548,16.7953,33.754,20.0704,3.19279,10.4209,11.0318,7.01726,19.2411,9.72711,1.8547,0.361132,0.594442
55.408,77.0846,69.7285,23.6826,19.3538,34.7997,22.8884,9.7358,0.328615,12.3954,17.7441,27.8154,18.6237,2.3123,0.321617,2.05256,11.0355,18.8703,9.99574,0.289655,0.318453,1.31489
69.8173,71.8313,31.3655,0.393375,8.71399,4.13975,14.4176,3.57311,1.69041,6.81167,8.75696,9.63351,5.10698,1.83057,7.81554,10.2321,0.759516,16.2693,16.0345,3.63306,1.25054,0.271112
64.5922,75.2307,38.7025,13.0011,23.9233,36.2693,32.5762,20.4331,15.7148,7.1549,4.92153,9.94829,4.10256,2.52104,11.1806,13.4074,9.74177,25.486,10.5801,0.758547,2.27664,3.12582
60.3066,76.9822,53.7761,1.67779,7.77241,10.5488,14.8921,1.87742,9.51086,4.32748,3.23785,15.1621,10.024,3.81282,19.1681,23.5359,0.144411,6.9772,7.66608,8.9384,5.15607,2.10689
46.4872,42.1831,1.06769,15.8771,17.3886,34.9769,35.2322,18.1304,6.00625,7.84396,14.3799,21.6948,13.031,1.87877,13.7183,26.4373,11.5074,0.370149,2.13576,9.33939,8.42317,0.16898
30.2098,43.0886,39.5497,4.3601,20.5088,26.8606,15.1076,10.4274,23.0347,12.5948,8.9756,20.5052,15.9055,2.08521,12.7646,20.7257,12.2932,8.30645,2.41104,2.38043,1.49587,0.362531
8.80988,2.87243,9.84406,6.27773,0.484399,14.987,25.045,9.05154,10.0211,9.34805,9.68025,17.9517,12.2219,3.40886,2.12009,7.47248,11.2377,9.3477,2.09663,4.58562,1.70884,0.363592
10.5849,12.8359,5.16575,7.2874,17.2552,24.8422,6.73189,16.912,9.90532,3.59544,6.73236,10.2772,7.15499,3.82182,6.23804,5.9815,5.50586,19.7037,16.7856,8.93227,5.63414,1.0812
29.9051,29.8615,3.01963,7.15547,15.0744,3.06444,10.9964,3.19958,4.08164,7.19109,3.81776,0.225424,0.292309,0.239831,7.7302,12.0097,1.40427,11.2561,6.77049,0.073636,3.08121,1.35974
46.7017,61.0489,42.1813,9.07504,6.53713,21.1106,9.0538,9.91392,6.46607,5.25215,0.325354,8.33894,6.28189,2.19668,8.98596,17.6516,4.72372,1.51381,2.98754,2.37941,1.20985,2.3212
52.4003,54.0015,12.5739,29.1826,21.1037,1.6229,4.68795,9.10384,7.20028,2.21386,7.32056,14.106,8.68291,0.168916,11.1938,15.9315,2.52448,2.2351,1.11851,1.4047,2.79003,2.00956
57.295,66.8233,38.221,4.81294,5.42152,8.75337,7.7773,1.62531,3.05084,4.80572,7.74923,15.9013,10.9647,0.860731,6.06088,10.8226,7.70574,8.82811,9.35617,5.55395,3.87805,0.826527
52.2008,62.4684,36.7324,3.34431,0.74248,3.98088,8.03359,0.739896,2.64156,1.99314,6.66457,12.9408,7.46568,1.80451,6.86979,9.13612,8.80912,1.16254,9.08576,3.88591,1.85188,2.33196
45.7292,48.9581,22.0836,15.4299,17.8302,2.96937,0.740436,2.98875,2.38504,3.97374,5.67227,8.76039,5.31942,1.58707,1.07099,6.55851,12.8444,15.9877,12.0872,3.0664,1.40187,1.11195
18.7986,45.8331,48.7887,1.72108,8.64136,34.633,7.45027,1.18168,6.73496,3.33585,2.27377,1.66915,0.308643,6.03799,2.09683,6.53047,10.5933,13.0527,1.23299,7.89449,3.8127,0.696723
19.536,34.1532,54.8815,85.3244,86.3583,34.1902,5.97147,13.507,23.0983,18.1904,9.87948,8.58747,5.71161,0.381856,3.87273,10.776,1.13362,2.80691,17.3574,10.6514,2.16425,1.6247
1.82312,6.9075,24.7439,23.354,16.6227,4.23084,0.272375,3.99544,3.08889,8.78695,4.51356,1.11364,1.38994,4.29282,9.5515,5.41692,12.7888,30.4251,18.6864,5.79348,10.6343,5.55608
7.62965,25.8503,41.2383,22.0617,1.78041,4.35422,1.79862,13.4003,23.7308,14.9262,2.31348,0.459679,1.44985,2.9003,3.97168,4.59497,1.19058,2.26075,13.8536,15.0038,2.59697,2.50899
39.9611,99.5597,97.3068,12.1528,2.78741,2.96514,0.382425,4.43995,13.502,9.49119,0.729172,1.54413,3.41932,3.51732,2.18164,2.61687,15.0964,10.0175,9.03189,6.41437,1.10061,3.89893
11.3754,11.4585,4.11243,9.49519,16.2903,5.9712,5.13955,6.87086,0.990384,1.10937,1.62144,2.59302,2.08862,0.755909,2.39051,3.78831,9.75611,38.3639,33.3699,5.14723,2.85843,2.29155
31.1826,29.6765,14.5701,2.08317,9.45404,9.08218,1.03145,6.58539,4.51656,1.63788,0.496839,2.36138,0.527436,0.817921,2.15775,0.957194,6.79299,7.95335,1.10981,3.56334,0.470613,2.96145
18.4114,6.99989,10.4047,9.48444,1.90409,1.08279,3.17777,9.5951,8.13243,2.24463,1.0802,2.80803,1.00065,0.879528,3.55275,5.15858,14.3454,34.1633,24.5235,1.20376,0.343408,5.86535
56.9568,46.6872,13.7354,3.05375,16.454,11.5104,1.13259,7.34552,0.781891,4.04958,2.93852,4.38665,2.00551,2.08758,5.84904,8.45448,11.8086,18.5481,11.9165,0.411891,0.453638,1.51549
138.196,111.045,37.9995,11.7328,17.5712,11.9041,2.32517,1.21867,1.80041,0.466343,3.06852,6.35499,3.38613,1.41147,4.60854,5.50956,7.56072,26.0244,23.1679,4.69565,4.8617,2.77439
163.893,128.899,44.6896,2.11923,1.4188,3.88616,0.0617382,10.3469,11.0991,3.50753,4.16464,7.26286,3.41458,0.257822,2.46182,0.220993,16.4324,14.3403,8.48103,7.616,3.19933,0.313027
91.271,74.555,24.4214,2.09935,14.9735,10.2038,4.41973,2.10616,6.51024,7.86768,2.12249,5.7354,2.66072,6.41349,3.24654,4.0854,5.04806,0.970223,9.27952,6.97878,0.903754,1.96704
2.58493,14.3246,20.6925,1.03761,14.137,7.84008,1.20539,4.29535,0.681601,1.2644,1.07893,3.716,4.18042,2.82632,1.78556,1.65532,11.4471,22.6321,16.434,8.6233,4.67766,1.96946
25.2441,13.3309,2.15231,0.884848,2.37177,5.10559,6.09785,7.18607,1.51324,9.05197,7.75256,4.67407,1.04349,2.61865,10.3391,5.87926,20.5453,19.7872,5.54926,5.08905,1.08179,1.9743
3.7881,0.128597,2.90426,5.83948,12.8047,8.22579,1.30837,7.32739,11.4427,4.90557,2.85796,6.0943,6.32451,2.96366,4.81538,7.46005,8.91008,24.4869,15.3323,3.38978,1.06759,3.88054
3.32171,3.90309,0.143206,8.83952,9.35637,1.54205,3.76958,12.9295,22.271,16.1889,6.3323,4.37632,1.94978,1.41836,0.0927829,2.55903,2.25164,7.71459,4.41416,0.115391,0.246581,0.410185
5.14323,1.99329,3.30927,4.29769,4.55519,1.24536,5.81264,5.58196,3.76876,5.27457,4.93727,2.05109,1.52347,1.24853,0.463178,2.38277,11.9022,18.5804,11.7641,3.52789,0.968902,0.676436
5.05064,7.42383,9.92719,11.9725,14.424,8.41837,0.148135,2.2161,1.29302,1.06094,1.90673,2.31017,3.55657,4.3694,1.95333,0.295606,12.9507,17.7368,0.537701,4.58952,0.27901,0.249056
3.21029,0.152777,5.89722,9.06918,8.59565,6.38314,5.88913,7.42272,5.77825,1.43536,1.13119,0.706622,1.81798,1.6407,1.28696,0.834573,9.09923,9.1468,0.0662463,0.975327,3.23959,2.76187
1.34252,3.88237,6.8844,2.96362,3.67157,4.43898,3.18718,2.00845,2.83456,4.11653,0.373824,0.0956393,1.24159,0.692435,3.64367,4.54924,0.623605,3.64308,0.632871,2.19712,5.69354,0.849803
1.47405,0.756087,3.46135,2.14138,9.41977,8.1836,4.4631,3.69419,4.2114,2.85987,0.807864,0.197815,2.19353,1.40373,0.631994,0.336926,0.43396,10.0559,11.0739,0.998729,3.03657,0.800392
0.138241,0.19215,0.456648,3.13126,6.1586,2.45141,2.49345,2.35047,10.9779,8.34876,1.3445,1.62799,3.0815,1.22515,2.71138,1.39368,4.00671,3.34391,4.98667,8.47865,5.91391,2.83077
1.22505,0.173714,3.55471,4.83469,0.945068,2.57892,2.23059,2.95775,8.08915,5.77113,1.16197,1.3564,3.96385,4.84711,3.42897,4.85183,6.69313,9.85746,15.5365,11.0823,3.77172,3.64391
1.40022,2.22058,0.797029,4.19561,6.02166,2.75613,0.744807,0.618107,1.57571,3.22423,1.57704,0.826312,0.358975,4.81349,3.84131,2.92535,4.73267,5.12689,9.58768,0.154387,2.96067,1.10658
0.326296,0.370891,2.58148,0.554785,3.6043,2.33573,0.360893,0.12829,3.13555,4.29366,0.580076,0.266324,2.16502,4.65975,0.908913,3.60146,6.86276,9.03488,6.16797,2.36957,0.209623,1.27595
0.976586,2.88659,5.36812,3.22962,0.0901517,0.217275,0.313877,0.87708,1.18218,2.15299,1.41158,0.366084,2.51486,2.89597,1.33064,6.20484,8.76189,1.88627,2.31565,4.87947,5.25348,0.00645516
1.30677,0.509248,0.840177,1.04874,0.701094,0.970977,1.97911,0.648925,1.59521,2.55755,1.25649,0.0822469,0.528273,1.61853,2.51087,8.18688,5.98562,3.50685,8.21405,4.73943,3.1681,2.3131
0.953928,1.64209,1.32177,0.362895,1.25218,0.55217,2.1865,2.20009,5.67945,4.98725,0.779621,1.05846,2.12076,1.12964,3.96674,7.96835,3.65787,8.42797,0.941063,2.28906,6.5922,4.76137
0.595623,0.788974,0.653502,0.759211,0.0848078,0.502442,3.86335,6.99869,11.3993,5.71414,4.14114,0.999225,2.65096,0.187812,1.76698,4.85167,17.5421,34.9805,19.7393,5.25741,0.38984,0.891607
1.10254,1.36202,2.02832,9.63018,11.7738,8.61801,3.81634,0.96707,5.42738,2.89715,5.92856,7.42589,3.50761,1.97882,0.435454,6.15803,10.803,24.986,9.09652,0.468826,3.63894,0.196475
0.225832,1.3817,6.25745,8.45683,2.48967,12.8456,10.9088,10.6887,7.78377,2.24495,3.31838,4.55914,4.51265,4.67327,9.37085,12.1615,2.20432,5.41943,3.74315,1.62773,0.426045,6.64754
1.1837,2.86058,8.90442,14.2477,17.5815,9.66387,0.880648,1.13054,8.07048,9.54295,0.571425,4.20852,0.47358,6.40206,13.4022,16.7232,7.60744,0.387622,0.376565,0.583408,2.03367,4.28634
0.400822,2.73106,6.93716,10.8999,20.9095,20.4459,9.11361,11.8951,16.4107,9.07124,5.25196,8.3361,4.68544,3.02058,11.5063,18.2881,8.60548,5.35371,6.80233,4.04144,1.92731,0.677566
0.503219,1.03783,2.33502,5.54749,4.44035,2.52597,4.57948,0.140002,12.3296,17.2788,10.6221,10.9183,7.24673,0.311207,10.5361,16.9158,3.44383,12.4924,1.8903,1.03581,0.273989,1.57738
1.89136,0.66968,6.18366,14.2844,24.2305,20.7816,9.58823,12.9873,11.0546,2.16699,8.59939,11.4979,8.14565,3.98628,6.22127,14.0772,8.95558,21.5272,6.03661,0.462336,0.487018,9.38519
1.8224,5.76552,10.6038,11.5998,14.119,16.9451,12.293,0.457975,1.63844,3.75013,5.19422,7.90773,7.26046,3.48624,3.25818,6.64754,0.969461,14.3308,21.4764,13.6513,3.10827,4.66852
3.0197,1.10507,4.02814,0.0786157,13.4986,12.77,4.44719,12.2123,22.1439,15.0948,5.68307,3.48078,1.85958,1.68465,2.53784,2.71219,24.8226,40.6895,23.2213,2.2178,1.88246,2.16443
0.754262,2.71798,4.02086,5.74266,18.557,19.0721,9.7079,1.14402,1.37364,3.50573,2.88255,1.66421,1.48507,2.17047,1.59737,2.98719,18.7641,29.3678,9.34341,1.87437,2.72498,3.80146
0.344889,1.53614,4.60702,7.89019,4.84888,0.927351,0.861729,8.96316,12.53,5.51747,1.71654,4.21536,5.38357,5.00776,2.4768,5.06364,6.84028,3.90468,4.04066,0.360709,0.0104333,5.23344
1.94024,4.537,8.96953,5.62428,8.45826,17.7956,9.04767,3.66913,2.14874,2.11917,3.18535,7.81666,7.17925,5.57566,3.0338,12.3874,15.2252,7.1793,4.87005,2.94106,0.827034,2.0036
5.86686,3.33354,3.38112,2.36045,2.63246,4.19939,2.14193,5.12216,0.578466,7.50022,9.53214,12.0732,8.33197,3.70246,4.29498,16.3177,27.7897,32.4679,20.6994,8.43863,4.72398,2.01218
7.74052,12.7576,10.488,0.682125,5.13119,15.0341,5.12868,7.33815,3.41319,13.3108,9.62849,11.7341,7.36981,1.96156,9.95866,15.5021,16.6765,9.83417,2.15693,0.84946,2.86516,5.12201
7.66687,10.12,5.76707,1.38274,1.36387,9.86176,6.70223,0.40323,2.91637,6.61548,7.08933,9.3346,4.6929,2.97448,7.45237,8.30669,1.39139,5.63924,2.1513,4.59681,5.56292,0.0455929
6.8642,7.60515,3.3053,4.7453,12.0837,13.0096,2.34529,15.0675,23.7155,8.30772,6.20757,4.2766,8.42913,4.71783,10.2221,3.10665,15.7684,14.1863,4.63078,5.9148,4.51414,2.54793
0.993284,3.34873,7.81997,3.25872,8.27795,19.9656,16.9845,8.94415,0.820405,7.53202,17.678,4.63404,11.4061,16.2365,12.1106,0.819663,19.8945,22.2406,0.454555,7.75553,5.00563,7.74774
9.28158,13.5783,12.5106,3.59905,13.8166,3.33445,10.436,19.4496,25.9414,19.9332,10.6078,8.68454,7.53101,2.81883,2.64574,0.199833,0.957612,18.7302,21.8064,8.38087,2.84817,0.920574
17.0711,19.4536,8.68854,1.75552,17.2992,18.8527,8.97578,7.5122,8.07345,12.3936,12.6632,8.49429,1.65229,7.78261,7.80773,0.990657,13.7868,14.6708,6.75113,3.26488,2.68196,1.43736
22.7075,28.5369,19.417,5.26096,4.88489,1.8962,3.16274,6.55842,5.57942,15.3576,10.0763,11.0578,5.65768,6.81744,9.75584,7.04724,6.73521,13.6491,1.48367,2.69019,0.795218,4.54212
21.6491,30.4524,23.9223,3.79134,20.3317,17.4617,11.7808,11.9828,1.67973,11.0792,8.18139,9.85545,4.08028,4.67985,10.0983,11.9977,4.60518,1.61555,2.38116,0.146818,1.60877,2.18997
17.3098,18.7938,7.38453,3.53935,15.7165,13.0202,5.15143,1.23683,8.10368,7.69159,0.981196,8.11119,6.50647,1.45299,5.41075,9.06572,7.23854,9.36358,9.19123,3.52055,0.044354,2.15591
1.16152,7.47728,12.1342,8.08892,9.12788,10.1914,8.94144,11.7363,4.75186,3.87078,2.23777,5.75354,1.83168,2.50139,0.208854,3.99002,1.28323,4.19958,2.61841,0.729827,0.668045,0.590158
16.7955,19.8776,14.8792,13.4558,22.5733,17.4852,3.26693,8.01589,4.5691,4.36685,0.706377,6.6688,5.7678,6.07416,4.75638,4.92039,17.4959,17.2972,1.08833,5.20057,0.427993,1.90355
29.1611,34.6379,19.6163,8.09688,12.5848,1.22398,4.61616,4.50417,14.8289,16.9673,4.67387,1.88137,1.18976,1.35885,2.2545,2.96473,4.03268,5.1721,5.17524,4.12796,3.34704,2.67948
39.0593,47.049,29.0874,0.534993,2.87424,5.46664,5.66305,2.2243,2.66198,6.15367,7.30854,5.88281,3.45617,2.07762,0.675399,0.119376,9.56072,19.7033,9.72297,1.02743,1.09508,1.87551
45.1216,55.3222,38.0666,9.70691,9.51749,2.46936,11.7995,17.7323,12.3474,4.13667,1.21832,1.92853,6.8414,2.0312,8.66553,10.9896,49.972,65.4384,21.1368,2.58296,0.970383,11.3308
38.101,38.0848,13.8266,8.83287,8.37077,4.10727,4.73032,12.5525,8.54993,2.29423,1.51618,0.0514945,0.789935,5.11713,5.70393,3.78275,42.8981,23.0169,7.21412,0.0947321,4.12557,3.08215
20.496,35.9204,27.3948,6.40109,0.946051,2.35282,0.813711,2.17016,1.9599,0.199234,2.04716,1.97771,0.365904,3.57083,11.4533,73.5996,75.4211,17.9893,4.20174,3.73886,2.67988,0.718319
15.145,12.7904,22.8582,26.2477,38.7451,48.6722,4.45036,18.1978,17.7735,10.57,10.2614,12.3092,0.934224,8.27222,1.36344,35.8859,37.5037,20.1759,22.4349,0.474042,3.6817,11.1529
2.03665,25.7891,76.9264,99.8684,53.1069,10.4389,13.2169,1.34677,1.8778,2.02042,5.66402,12.1255,4.20481,8.25237,6.59376,6.721,108.28,140.4,47.9329,4.67843,6.96956,3.95396
0.75945,51.7176,107.194,51.3604,7.13333,9.99349,8.99061,5.04761,2.93285,0.97485,3.33642,7.71291,4.13636,10.2482,18.1381,29.043,99.3233,113.761,33.924,2.83586,8.90373,11.6211
46.5429,99.3282,105.599,30.771,10.2585,9.9682,3.38356,9.119,4.70752,0.0764573,0.067864,0.56637,4.00149,0.92191,0.606792,7.13175,19.2664,31.7736,3.22102,15.4162,12.225,0.0281527
77.7968,103.807,65.1779,7.23025,13.9441,15.1768,13.5019,9.60539,4.4758,5.90317,7.34083,3.42035,3.51539,3.05474,10.1719,8.99066,109.959,133.448,39.9602,1.41038,2.00137,0.515693
62.102,74.6393,43.7382,0.518004,2.80985,4.72631,18.5668,16.0207,8.68587,5.72858,1.42844,4.1014,1.59889,5.57206,8.06908,6.05502,57.1681,89.5499,28.8991,6.71267,0.521767,1.27125
80.4641,84.7476,45.4114,0.128987,2.33999,7.15043,14.3304,25.9278,25.5669,13.4131,0.866753,5.60787,3.14143,0.776928,2.17981,15.8568,13.886,32.7352,28.7493,0.319621,0.937648,0.613384
135.165,107.607,30.4022,6.23318,7.70713,3.25354,10.6111,3.90999,0.747833,8.59532,9.71683,0.269277,0.98802,1.29128,0.316062,52.0169,123.743,87.0404,8.75768,4.68149,3.28619,3.05775
129.413,106.754,41.8252,2.35255,7.49371,0.936068,0.265124,10.6853,3.05149,8.8378,6.35646,8.5244,4.00346,4.37417,8.05597,25.7519,121.203,107.938,22.1273,3.78401,3.2977,1.92072
110.487,91.9141,37.0745,0.948593,0.937228,4.36939,0.804968,15.1053,21.1835,7.92743,0.473274,4.68617,6.43864,6.10884,0.727498,7.55947,49.091,88.0109,28.6314,2.86135,5.43866,1.75661
17.2022,16.2742,4.10935,2.3317,15.5028,3.22144,8.13522,14.185,27.6963,13.4044,1.79038,7.43584,4.13941,0.799834,2.62151,14.8983,55.1822,65.631,20.78,2.54898,2.26516,3.60411
72.9769,43.1943,1.10822,0.966274,8.79321,1.67032,9.2977,9.28617,3.81928,3.37135,0.382846,7.73478,7.47988,2.73884,5.33373,23.5765,29.5507,5.70888,3.53386,3.26912,1.80071,3.00583
35.6692,41.9668,31.3506,10.2037,8.62933,1.38634,12.3157,1.96807,14.9964,10.5833,5.40489,4.36411,4.43162,0.970074,12.3082,15.0961,133.101,139.153,24.7972,9.22187,0.534276,2.96687
41.3641,39.1897,12.3906,10.7332,9.36474,0.534683,8.37527,6.60462,11.1295,13.7138,5.70638,0.609493,0.0386303,0.483991,7.68112,20.9779,9.52726,36.5838,7.72065,7.08977,1.4785,4.58731
35.5774,43.1467,29.0447,3.79368,4.38697,0.855042,10.9705,6.29187,7.55513,9.10116,1.91144,0.765274,0.690237,0.275834,8.2963,23.7837,31.4396,17.653,2.91511,7.84073,4.37275,4.47533
36.1497,46.2565,32.9302,6.24248,7.00151,1.86649,9.39788,11.0434,26.7799,21.8638,6.8697,6.82555,8.59546,5.2299,8.98061,7.22272,9.13542,27.7439,11.0534,4.00948,2.99222,2.65599
32.0337,32.586,9.15822,4.58607,6.58971,5.70127,3.88796,7.50941,11.569,8.85518,1.66561,10.153,6.28758,2.08543,2.61191,26.6563,74.806,82.9198,30.3177,1.62207,3.15471,1.29638
26.8471,39.4432,40.5967,11.3168,12.262,4.39796,3.8442,7.58678,22.6106,16.3861,4.33367,14.0567,7.28659,3.98215,10.366,5.07963,16.5821,35.2503,14.7527,0.0808316,3.08344,2.20512
12.7473,11.6386,4.88009,16.2396,4.92115,5.81574,17.0325,23.9426,28.6607,17.5274,8.4692,12.5722,6.98633,1.52809,4.81846,8.05664,15.3993,18.9858,13.0706,5.9675,0.670926,4.46695
0.684009,1.53148,2.07518,10.3589,25.0803,12.7217,4.74205,0.470593,11.3486,7.65947,4.29448,6.03413,0.144096,3.37444,6.08093,9.64119,6.43942,16.7304,5.12427,2.19394,3.25653,0.538735
18.782,14.5918,4.17972,1.21296,19.4552,0.344964,25.5827,19.2615,3.99655,13.6726,3.97832,0.585069,0.73396,3.41991,7.67434,2.39508,13.832,13.4449,3.87002,3.91378,2.92562,1.77506
30.9983,46.9339,48.4231,24.5831,13.688,8.83061,4.81479,2.96625,27.1652,28.4637,4.29525,2.66554,2.32092,2.22468,1.98429,7.93546,17.4496,13.0944,0.41754,3.29653,0.479445,0.0723419
49.0137,45.0992,6.51486,32.503,33.1961,5.4457,22.5442,1.59075,38.7642,30.4956,1.90235,1.48757,1.93996,2.63658,2.48676,11.3206,25.9762,18.8789,4.21214,2.46894,3.09209,0.282116
53.3226,67.4265,50.2694,17.4205,11.6983,5.9957,3.47381,23.1287,29.6609,17.8705,2.75184,4.56814,1.84571,1.79438,4.3859,0.611516,9.79071,8.44193,7.27117,6.92718,1.28997,1.34798
54.5596,66.6913,42.0551,7.71878,11.7274,3.06915,5.02279,10.6693,41.0278,38.8253,5.83553,5.97157,3.66708,1.35575,4.01606,11.6625,7.006,6.93819,8.25462,3.34551,2.37608,0.365685
55.197,56.6167,18.1103,24.889,20.101,6.98221,13.2881,24.1294,46.7547,24.1415,0.23052,0.756441,1.37108,0.148915,10.9547,7.37658,30.4903,38.5005,9.98324,0.0215886,2.11077,6.27081
41.5037,58.3477,56.5779,24.8484,5.23196,5.84501,17.3385,18.733,7.35509,2.07396,0.529302,3.45816,0.340841,3.07349,8.67559,22.0669,3.64102,12.0173,0.732075,4.345,1.03015,1.81258
24.8955,20.1222,6.24095,11.6424,8.76666,4.5468,17.9025,12.9425,44.476,29.4003,8.81691,10.955,6.82966,0.890154,9.00012,18.7039,20.2973,9.88889,0.63091,2.2854,5.41742,4.10847
1.64022,7.96664,13.7247,6.0574,4.12308,12.3241,23.2936,18.3852,21.7346,35.8979,5.7033,15.3262,12.6596,4.98502,13.9386,19.098,5.30224,2.71989,0.0955872,0.735091,2.55377,2.56049
21.7365,20.3746,1.25658,3.72417,15.663,0.987593,24.9518,8.33026,17.5714,24.7681,9.06222,9.95933,7.13575,1.12458,9.0716,13.4798,2.68047,11.5493,11.3792,5.11865,1.43258,1.21536
43.4681,58.8938,51.3746,10.1985,4.01595,6.17226,12.8389,22.7742,29.0655,14.5633,2.79718,4.78328,3.13848,5.11597,1.93334,9.41486,15.3946,21.1606,15.2934,2.49585,3.192,3.70064
56.5847,54.4801,2.89425,40.8845,35.2218,16.3828,4.83604,22.9212,24.7114,19.1115,18.3636,2.74755,1.46731,2.29187,3.55045,10.634,20.7665,12.0251,4.67697,10.2749,6.75633,0.16722
65.3464,86.2204,60.6674,2.55149,6.07511,6.68531,5.73263,12.4899,56.2976,60.8815,16.8208,5.12604,6.05397,0.960752,1.71863,16.6659,39.8563,46.9461,21.0839,0.783651,5.27788,5.73489
69.039,76.949,33.1552,8.97232,18.5306,21.763,0.798109,6.43031,4.38191,15.0167,9.46329,9.06007,6.18029,3.28624,16.6732,17.3571,8.95468,12.9693,14.1365,6.57458,2.85661,4.53346
64.8222,67.4739,18.5736,33.4258,22.9355,2.00692,3.17325,9.31571,9.24293,7.4149,0.61881,10.7035,5.03764,2.11281,18.0118,37.3426,30.3531,1.81026,8.8705,5.67691,11.066,7.95638
50.6751,71.6101,65.6145,15.7831,14.9217,22.2255,14.4528,8.17212,31.414,37.2924,3.05306,11.5651,4.83515,0.0575121,15.1768,25.7353,3.6465,6.75288,1.20541,3.14875,5.33751,1.06918
36.4294,30.1071,6.05239,12.9097,16.7044,3.53999,17.7697,33.6418,44.9789,20.3436,8.20842,11.2502,2.76209,1.87139,23.5449,50.7704,2.27369,49.6846,31.3757,5.13444,1.28217,0.266995
6.94396,13.5323,10.3511,6.48487,0.242459,27.3327,33.5462,28.7434,34.087,19.109,2.86763,8.54348,8.50102,3.09818,17.6615,22.0096,19.1746,30.8531,4.52393,0.675379,4.65176,1.69938
11.0781,11.8442,4.82032,5.00644,14.7278,2.8629,21.1495,18.0457,22.3459,36.5654,11.7594,0.210509,0.193431,2.75173,3.31079,10.4563,0.555525,23.2087,13.934,3.28929,5.88137,1.40467
30.2482,44.2386,47.2315,22.0873,5.07292,17.1044,29.1571,15.6911,3.50328,0.124774,3.11537,2.84904,0.807605,0.893601,2.32809,0.173251,20.3209,34.3129,13.4786,0.260536,1.36663,5.31152
51.905,45.6998,5.6074,12.009,5.66366,9.77695,13.2024,10.6206,26.4811,25.8754,3.15796,0.916262,0.102061,1.73661,4.79646,3.13617,34.8817,39.7728,13.1798,0.707105,0.974108,1.09563
58.5371,78.889,62.5906,10.4224,2.54631,9.60597,13.3025,13.7381,37.0206,17.8908,6.68869,4.35409,1.62742,3.39941,20.772,40.4844,25.6483,3.07269,2.84972,3.71476,2.46149,3.43463
66.9157,74.9066,43.2628,7.26624,19.2934,21.4831,0.528147,14.7152,14.4614,10.6361,3.30889,0.353963,0.0181835,7.78843,36.3116,39.7229,13.2596,13.7964,16.6644,8.15001,1.31711,12.6702
61.3436,66.0912,33.8032,4.6293,11.4304,4.57912,3.65782,32.4036,51.3279,35.9658,12.3961,7.44701,5.70805,9.50653,0.575892,30.2115,39.6461,20.0968,2.75434,7.59708,7.0842,7.89111
54.5243,72.9285,58.8885,2.85653,22.6414,22.1975,13.4871,1.82703,10.5895,6.26652,1.01014,6.66754,6.12221,9.44157,38.6105,41.4065,17.3242,4.90048,2.48341,1.20539,1.25106,4.16323
39.3658,35.0827,5.38319,12.9062,27.5287,18.3743,13.3617,33.1142,14.4146,9.4293,9.2212,7.99029,4.76832,8.54452,2.02946,14.561,2.17904,4.91557,4.17926,1.41006,10.1399,11.1178
22.8143,28.6815,22.3323,1.87587,3.17697,12.4718,35.4728,30.0707,14.547,30.3496,11.9926,8.34604,6.13904,6.43489,27.3531,22.258,11.291,18.662,2.03849,7.42343,5.974,1.1064
0.73128,1.78446,3.99779,18.1108,31.5068,16.415,1.42635,13.3133,25.8872,15.069,5.45821,10.899,6.60419,9.12833,13.6523,1.33686,13.974,3.29211,3.44443,2.59437,3.13993,6.14184
21.1201,28.3669,26.2861,0.265534,20.2951,0.646577,25.2159,10.6329,9.60757,9.58585,3.68825,10.0524,6.78534,9.05867,21.4344,20.9836,5.41195,21.416,8.12102,0.857154,3.53299,6.41383
36.8002,34.3622,5.19135,16.3284,11.8367,4.65365,1.59475,4.67083,6.5443,8.40451,2.98798,5.38485,4.77336,3.20522,0.276924,6.42333,26.1442,38.1252,17.6084,0.70333,0.0991361,6.31201
47.879,64.1104,56.1497,35.1536,38.1092,9.09546,25.8864,34.8312,36.9366,21.6309,0.736034,4.78926,2.47135,1.86016,6.28057,5.29677,11.0074,19.5595,10.84,1.46577,1.11145,8.41032
55.5192,61.2347,32.9467,8.372,17.5602,13.2845,6.09598,5.29167,15.1169,7.05298,1.04721,2.8177,1.07286,0.310492,7.52718,15.1846,13.0735,5.43803,1.28161,2.07575,2.39589,5.33334
55.2895,62.961,39.3627,0.0942814,11.0577,0.977919,21.4586,33.1891,35.6587,17.7377,1.38465,0.919925,1.80908,1.95567,11.3692,17.556,12.0233,8.48718,3.28384,1.42691,2.38695,4.26452
47.9553,58.4874,42.5203,20.8819,28.7477,21.6415,14.155,8.45237,10.4881,13.5243,1.67009,1.43657,0.0195321,1.84474,1.69803,12.0416,17.4026,13.7095,5.46605,0.0912642,0.444762,2.94318
39.661,38.1648,9.35803,14.927,14.0121,16.5324,14.8809,26.4267,33.9033,13.3938,0.366848,0.925506,0.216986,2.20086,4.71139,13.1972,9.39346,5.53829,3.8315,0.793199,0.55808,2.94687
27.6713,34.6122,31.8883,11.1372,10.8727,23.294,18.3749,14.1458,42.4666,21.8336,2.53602,6.07313,2.82422,5.04469,7.79678,3.22207,34.3804,62.3968,18.255,3.4252,0.16324,8.89204
57.5134,52.2059,73.7651,80.4478,3.30323,50.6082,17.1654,8.54571,28.3394,25.1781,3.17967,9.42074,0.0941194,2.28547,12.9123,12.3942,37.1379,72.2956,34.984,8.92759,10.0276,10.6177
21.1131,2.24618,51.1966,140.863,78.8136,16.2822,15.8192,11.6294,16.9544,13.7929,9.18654,1.61782,1.85489,4.39128,19.2756,43.5458,34.25,11.7557,3.82463,7.5835,18.4201,18.5814
10.2532,25.5,43.3161,41.2744,22.0737,7.53628,6.19237,9.40412,22.432,24.9856,8.11851,0.367814,0.296188,0.972804,35.0092,84.6659,21.7619,44.5155,8.64373,14.8945,6.20962,2.20954
11.3795,6.62832,11.3105,1.46163,4.62494,3.26458,2.58307,0.875081,3.33078,4.41176,3.76949,4.62499,5.62556,6.14282,33.2708,58.6058,16.6971,77.667,28.3812,6.86655,1.76384,2.85109
83.6012,117.419,89.1899,14.15,5.28408,2.14566,1.22954,10.1396,15.0241,5.02015,1.39049,5.59099,6.29845,7.18012,10.2624,8.58892,15.9494,37.1773,22.3784,2.53707,1.50512,2.97614
102.049,117.403,66.1534,1.6549,7.34193,9.79872,2.63978,6.61326,13.3012,4.13497,5.45388,11.2446,8.6651,6.0412,12.0433,4.34775,13.9036,12.7629,0.695544,2.11039,0.70383,0.657352
128.986,123.675,58.8954,3.53377,7.08974,3.86019,0.857678,6.44813,17.5616,18.3333,11.8762,11.2722,5.5969,2.67738,11.1798,24.2374,3.05397,22.7039,10.941,1.93786,0.128471,2.57233
152.043,129.003,49.5715,1.58086,8.42886,7.25534,0.731726,6.37352,12.3437,5.91867,4.85812,8.20508,3.79299,5.30979,8.11812,33.3843,38.3061,27.2871,11.0961,1.12765,2.97092,5.38228
127.999,104.449,40.9717,4.42493,4.42671,2.95547,2.24378,0.615321,3.68116,7.14709,4.4316,1.83555,3.93286,6.72646,9.57065,23.2581,32.6118,38.8633,16.316,1.84126,0.974947,0.686645
40.8459,37.2563,16.1907,7.59765,16.2587,11.1652,1.07021,0.657994,2.20461,1.74962,1.33599,1.33076,0.678939,0.914376,6.95757,14.242,21.8286,25.3953,10.3258,2.37437,2.28448,5.67389
51.2126,31.2039,9.47539,2.78616,5.39871,3.08312,2.26943,3.07731,15.4317,16.1371,2.03789,5.59638,4.22933,1.98935,15.4566,17.3413,2.69301,5.66316,7.03106,6.3117,3.77489,4.53658
59.8936,38.1361,3.6269,10.2209,12.2613,8.05149,3.40001,2.6085,6.33412,9.76303,1.27845,8.35612,6.41888,3.16939,9.58053,27.0287,1.83924,17.9541,2.0145,1.22583,0.341177,1.52552
12.2485,13.6606,8.4658,9.24096,18.7996,12.3235,4.78441,12.0465,2.11723,5.03722,7.76693,13.8468,5.8095,2.2048,19.3961,45.5752,14.999,25.749,16.4495,3.61132,2.94783,4.87896
1.26593,1.45261,0.218996,4.93064,2.36227,3.77828,1.03391,12.5025,16.3638,7.00702,3.65445,11.0511,1.38034,8.935,29.6778,56.4131,29.6156,5.22508,3.60624,1.30988,3.44122,7.61476
1.00863,2.20136,3.91046,7.44374,14.8799,12.1535,1.33475,10.7226,12.8356,9.64251,8.42959,10.9908,6.06935,0.663455,13.4565,37.5361,33.9414,15.7736,2.28797,5.16189,3.37197,1.01111
0.0516149,2.51504,8.1838,13.2431,11.9219,0.363277,3.65417,9.0297,22.197,21.8635,10.0383,0.93212,3.95499,6.41827,8.90096,11.6846,13.1383,10.0131,0.244683,3.63342,0.473823,1.49898
0.582043,2.24567,7.50962,9.09471,0.048526,6.37524,0.386431,8.39158,0.367565,15.3725,7.77109,2.82213,1.50065,0.928584,10.0416,23.0113,21.4366,12.7741,6.01438,2.54394,2.90133,3.77802
0.42618,0.718714,1.96824,0.33978,5.65594,3.02417,0.322292,6.60215,0.98468,12.2255,1.15091,8.78471,3.89357,0.307535,12.5204,38.8712,50.1805,32.5198,5.13174,2.47392,0.557198,3.04614
1.05354,0.13732,2.98085,3.42139,3.00609,7.06531,1.5952,4.64748,11.9407,14.287,1.01839,13.7149,8.9845,3.85233,11.8318,32.0932,36.005,33.1437,18.5049,1.63215,4.66579,7.00111
0.152031,1.9497,6.9733,6.26977,4.14495,4.62391,0.543417,10.1403,14.8594,8.60786,4.45808,14.4649,8.31528,2.21351,12.3583,24.0258,7.68342,0.9861,0.102813,1.22525,1.6415,6.10013
0.158169,2.98233,9.05256,10.7307,7.1818,5.34324,3.80102,5.49438,15.0536,9.97124,7.99321,14.2674,9.9073,6.61638,2.79302,15.7875,1.57071,10.962,4.77184,2.94019,0.676654,0.30632
0.74789,2.66134,6.02772,5.68699,10.3454,7.94916,3.36217,3.73444,4.56953,6.67951,4.41764,10.9779,3.85661,0.0961972,5.29069,10.8845,2.38422,0.302335,2.78253,0.22932,0.420761,3.40349
0.814899,1.12757,1.59372,2.56773,1.35531,1.21243,8.85566,15.518,12.8634,1.97594,3.75922,13.5454,8.29193,0.846352,4.55347,10.6427,14.0508,11.6139,6.27751,2.45663,0.0756254,0.668886
0.00780268,0.635995,3.03892,10.4681,13.834,3.3705,3.32777,0.393035,4.89923,8.26561,0.0573606,7.82334,0.866366,7.00472,11.2487,16.2936,14.8909,9.65137,6.7954,6.25391,4.58943,2.16072
0.0933492,2.67312,4.16726,5.26842,11.6758,5.75084,8.83713,14.8645,15.606,9.7055,1.17558,6.48814,1.42514,5.05365,12.4973,14.4146,6.91546,2.38434,0.369837,0.648836,2.72962,0.55124
0.181067,3.979,9.39368,3.76959,0.24356,3.85405,4.8048,3.38704,2.43335,3.61526,2.54266,5.33116,2.25289,2.67756,3.94642,0.644289,1.53958,2.15635,3.17895,0.226386,2.24432,0.685675
0.797188,3.25422,7.42705,3.16164,13.3924,4.90419,4.20352,0.0613487,6.35345,2.8756,3.34119,2.24566,1.74104,4.59263,7.84774,5.74916,1.43974,0.252832,1.72345,0.418109,0.914028,0.273574
0.5419,1.93258,5.82162,2.39833,7.6123,8.80159,4.38464,7.29481,8.76427,3.37858,0.0497689,2.47799,3.95561,3.15816,2.41004,7.09369,1.57572,5.61167,0.119898,0.586324,0.606551,4.5241
0.587294,0.6264,0.0865632,1.66148,7.58145,12.8289,5.05674,1.97762,1.94374,2.31693,6.49902,9.5228,1.88169,2.7223,3.26515,10.7071,10.6043,0.143515,7.60738,8.77305,6.48005,1.48802
0.0130431,0.564065,1.22027,2.06489,4.07443,2.29971,3.52005,9.30018,4.25253,0.287159,7.2882,14.2807,0.502625,14.5062,7.00249,4.65354,13.4955,15.6515,5.82182,2.51531,2.44542,0.718256
0.66502,1.51322,5.34073,2.16858,6.50428,4.53668,24.7342,44.8067,44.5794,24.6899,10.123,10.5981,6.03238,12.4451,2.64972,7.65317,3.22411,3.40917,3.95416,3.01178,2.18669,6.78831
1.16115,0.00327244,1.09565,1.3679,2.07718,0.173613,10.7037,14.799,25.4591,22.4094,1.31065,11.5483,19.2118,17.6693,11.8179,14.6761,19.979,15.9189,3.95424,0.444532,1.62069,2.30891
0.76743,0.705944,3.18025,4.32933,11.6392,11.9063,10.0373,27.2962,29.9716,19.2947,2.11341,5.60033,21.0224,30.4603,21.821,19.1072,18.7457,11.8431,2.12308,0.797193,0.140056,3.57543
0.270332,2.89027,6.3828,1.94536,4.97819,2.22413,15.8802,24.8557,33.1343,22.2061,1.20084,2.01989,13.2452,20.4217,19.02,24.3212,15.729,4.63385,4.01101,1.16644,2.19742,2.34576
0.231087,2.39009,5.28106,3.15186,13.08,11.2137,2.23859,8.79526,7.23478,11.7355,3.95649,6.29713,2.00589,3.50961,9.46347,17.2312,2.51857,11.7552,7.02182,5.41846,4.69012,6.10264
0.0752918,1.51721,5.02527,0.592584,16.5042,9.74121,14.0018,15.9013,12.1052,7.74429,3.03996,8.99496,8.98015,5.41299,0.614944,2.48967,9.22753,8.61911,1.58562,0.891693,2.87293,1.10832
0.270079,0.179289,0.441734,0.0106753,0.929629,8.08383,10.2807,9.75005,32.9643,35.6432,3.86384,11.8122,11.6233,9.92583,4.81221,1.43452,0.0707251,2.57326,0.477139,0.428577,0.168678,3.78484
0.614885,1.32067,3.36906,5.8793,21.0771,14.8355,5.35841,3.23673,15.4687,0.0262725,0.729943,12.6628,14.6234,9.99232,6.09581,2.07449,12.5526,15.2847,1.69412,0.450917,2.9579,3.87231
0.875155,2.43019,6.72792,1.90753,13.0684,0.438789,20.5887,18.9362,6.74082,3.71973,1.46196,7.9865,8.9726,6.11969,5.64628,1.96524,15.646,21.4124,7.04235,0.475779,0.834613,1.0536
1.06436,2.35349,6.56951,4.8905,7.96352,9.71798,2.17586,12.2575,49.2321,40.6726,6.40437,4.37196,6.25581,6.93349,7.31287,6.94673,2.06483,9.93976,9.76886,4.92052,0.177693,3.16031
0.550686,1.2969,4.33945,9.07237,16.3459,1.46901,27.8976,12.9242,16.1065,5.99503,5.66037,2.05309,2.33393,3.2468,5.58582,14.5502,19.3971,15.7975,5.9403,1.53131,1.76859,3.29167
0.572503,1.14434,1.13411,3.54817,2.31416,17.9505,30.0656,17.9814,4.81159,0.230779,3.87023,9.41783,8.45525,1.77069,5.92682,12.1954,15.2695,11.997,2.19846,0.928337,0.270725,0.4221
0.582474,2.17023,4.6437,2.62726,9.85935,22.7655,15.8574,0.395681,3.01377,8.08115,8.3942,12.2419,8.31171,0.0140929,5.29386,4.23488,2.3699,5.6894,4.63529,0.0442702,1.60007,4.34521
0.505871,2.9825,8.77586,8.74999,2.19805,2.02563,0.371519,0.403885,4.31572,8.93671,0.611704,6.62381,5.2098,3.22932,2.35759,2.56414,3.47566,1.31127,3.92827,0.557984,0.735917,3.1512
0.47659,1.80803,6.67681,1.99439,12.8096,14.6169,3.45724,5.71496,5.84302,2.43506,4.12242,3.05155,5.13633,1.44298,1.82863,0.359148,1.5218,1.63904,0.627666,0.159946,3.34359,2.26275
0.165874,0.553808,2.54043,0.590435,8.14724,5.91192,2.06607,0.766159,6.33758,4.85006,1.20828,2.10418,4.45711,3.23223,0.691076,1.09716,8.28981,11.9499,6.71668,1.6259,0.273452,1.84476
0.195782,1.02489,3.19899,1.82103,11.8845,11.8506,6.69314,0.907813,14.0223,14.4146,5.11428,2.96418,2.40788,0.95122,1.00554,4.4118,1.28442,8.98676,3.71544,2.63094,3.49147,4.01085
0.936914,2.37121,8.52735,1.1968,15.627,14.9557,4.90044,0.723394,4.16963,1.21766,2.76739,1.82619,0.125396,0.257131,0.392227,1.72115,2.25168,2.34735,2.38975,1.98115,1.07948,4.11702
0.51251,3.5263,9.38275,5.76755,0.0204715,1.24461,3.33141,0.841588,12.276,14.4403,4.59479,1.70337,3.9436,2.25337,0.951969,4.73114,0.95976,6.34549,6.29781,5.04038,2.47866,0.792645
0.251288,2.8861,6.85951,8.95473,15.396,13.8986,3.82376,2.95173,3.26361,3.00737,2.55651,1.77064,4.01757,2.71317,3.16511,8.6204,4.58574,1.87545,3.00961,3.74957,2.21295,1.95419
0.625065,1.4786,2.10153,5.1429,11.7772,8.52073,0.0168463,3.96792,12.8386,16.0514,7.14251,1.55768,0.550334,0.019096,4.06288,8.62793,0.689286,7.71366,4.74765,1.33092,0.885173,0.469283
0.305525,1.24622,3.46904,3.23616,3.97194,1.8491,4.49066,5.77457,8.77748,10.0128,2.66668,0.507446,3.53182,3.29686,2.49912,9.20142,3.4323,6.75777,4.28528,0.575287,0.299129,0.725946
0.210353,2.94154,6.78528,8.14837,12.4421,8.19454,1.73683,3.69153,5.92566,3.65538,0.966843,1.76144,5.75961,5.35437,1.8273,1.24348,8.02804,9.3831,1.34005,2.63136,2.72403,5.01614
0.599394,3.24037,8.06185,9.12672,10.616,9.20277,7.01334,3.40686,3.34476,4.50763,2.02639,1.10447,2.31229,2.11881,1.00757,2.29016,1.20151,4.53465,3.26493,1.26241,0.334024,0.997651
0.354247,2.78404,7.15925,6.31665,4.35449,6.68083,8.98161,7.81349,4.95623,1.93986,1.49694,1.65928,0.797326,2.90768,3.3677,2.99375,1.49979,0.535447,2.22155,4.02122,2.06017,1.0916
0.34003,1.85191,3.83343,0.729979,2.76723,3.68901,8.59268,0.856915,24.0276,20.9502,5.26944,3.52085,4.64581,3.5129,3.43006,4.44355,14.6615,18.9247,1.46704,15.1549,10.5147,5.92147
33.9053,34.3743,20.7302,74.0881,1.25647,63.5885,32.5504,10.3886,25.2905,14.3105,11.6212,15.0674,8.28785,0.583647,5.18778,11.3757,22.1339,25.2234,7.04475,4.70682,2.39334,3.46483
39.4844,56.8725,18.372,163.199,118.069,0.177533,2.87204,17.2948,2.57166,8.56638,12.5421,11.1173,9.18223,3.09423,6.63556,15.5285,3.89613,4.27017,1.62751,2.23855,3.31945,2.97371
26.3109,32.8131,152.264,128.169,9.43537,19.3639,15.8909,13.5333,14.8211,12.6244,8.68262,5.18436,6.40008,7.02876,0.941694,4.37805,44.734,58.1639,16.5992,5.21351,1.66567,1.74061
19.9542,99.0145,137.886,40.5558,14.2915,20.1109,17.2834,4.30735,9.50855,9.95253,3.1879,19.1971,27.6383,14.4867,2.84409,1.29132,22.475,29.8193,1.97876,9.07702,0.251117,0.921044
33.9865,30.8945,24.9729,9.34868,6.45364,9.25418,11.6107,11.1372,6.01561,0.559015,1.48599,4.29097,22.0231,17.1355,2.00223,5.44746,6.10808,14.0094,43.7506,36.4524,5.49734,2.22813
77.4497,101.863,77.5498,20.6861,8.83743,2.71938,6.04131,4.86525,6.31451,4.95878,3.42515,7.91362,25.1797,16.8549,2.61913,2.72779,28.3823,56.0621,55.8213,31.3078,2.27433,3.57869
110.344,108.395,58.1502,12.2441,12.7466,8.74687,0.0778276,1.35273,15.1488,11.7698,1.78935,14.0926,25.4705,11.2524,7.95593,7.83925,47.5075,65.5424,5.59941,11.3159,0.228323,2.90256
117.76,101.24,48.4088,4.27861,8.22398,1.85087,6.11852,2.19765,5.41363,3.22836,2.73457,0.13438,16.9689,15.2995,4.56711,6.96195,40.211,69.4352,29.0999,1.22236,2.5029,2.46834
48.5884,34.3104,3.65995,2.07155,13.4542,8.74669,20.9837,11.3258,14.6893,15.7397,1.32108,24.8359,24.5162,1.68346,5.14132,6.26553,15.5843,29.254,7.05149,3.50145,4.15563,7.32666
49.6451,37.1187,5.33706,3.00754,11.3495,0.262987,10.064,3.42174,2.37109,0.687782,3.28249,2.62988,17.4232,5.60649,13.1008,18.3278,28.5455,12.6409,19.6867,15.4375,2.36288,1.79573
138.97,112.723,42.4989,2.3385,9.4174,12.4008,5.08456,2.31929,0.515122,5.37149,3.02131,16.2886,24.0101,9.29306,5.31153,20.3616,72.0954,101.744,43.2685,7.91342,4.04193,2.91976
178.645,138.429,42.7613,5.80559,1.88084,5.17494,1.23265,5.46592,8.10991,10.2567,3.52255,7.52339,8.20913,1.28289,3.8711,11.6934,18.4704,5.68318,3.92814,1.26356,2.58177,3.58865
125.444,106.106,46.2187,9.2156,9.78205,7.50764,9.26329,1.14638,15.0073,9.60203,2.62804,0.668671,2.1343,3.9762,7.06389,3.14003,49.7305,86.4129,49.3823,1.45002,11.3958,4.08601
44.2559,39.259,15.4658,6.32874,21.2114,36.6456,27.0494,0.364721,12.3959,6.67951,2.31644,9.26778,13.6542,5.96305,4.34675,13.0767,47.7091,31.734,34.3632,29.8705,1.23353,2.27502
39.9321,17.7261,10.0075,14.7765,16.3895,18.8381,13.9634,10.7255,18.1139,16.8966,10.0944,15.101,20.3993,13.8978,6.93095,9.40858,18.2388,34.1224,37.4276,16.3835,0.989612,3.29846
86.8745,57.1751,8.51207,2.34868,9.77278,7.18919,3.44974,18.7875,33.1274,21.5737,2.54595,4.098,3.4291,0.56966,5.86916,7.75013,17.3342,24.2168,10.0742,6.99523,2.25787,3.64238
65.6955,42.362,11.6626,3.03715,1.5868,5.51742,4.33562,4.717,7.67586,3.74402,1.37999,9.5564,34.0053,35.447,3.61114,4.47377,32.1676,47.2855,36.0515,31.9728,11.8089,0.767427
18.3197,24.3548,17.0576,1.60374,4.59713,2.31968,5.18773,11.39,34.7613,24.9697,6.94306,9.42971,4.52297,4.23634,4.6532,10.5073,2.2119,11.1183,18.7388,31.1686,17.9126,0.265316
66.1469,48.716,6.86523,16.4727,16.139,5.72226,7.60817,6.63024,10.0603,15.7259,2.6997,5.15486,1.5379,7.06643,12.8208,10.0116,19.5854,28.5116,5.00467,22.2192,18.5112,3.20552
56.5811,62.2162,41.8756,14.2815,16.0631,8.52405,0.143288,4.19942,14.7147,10.8124,1.15891,11.4018,26.285,28.5265,11.8834,9.39906,37.6265,45.0516,17.5588,10.1643,8.83669,0.914974
44.2751,36.772,7.73093,10.5645,15.9286,16.6756,11.0582,6.29384,21.6198,26.541,5.65405,2.66546,13.9452,27.5094,15.2682,1.80019,23.2107,44.7294,26.3156,19.6512,16.9789,0.628531
36.3646,50.13,48.755,28.4127,23.4009,22.6617,13.0823,7.10761,19.9526,11.8297,6.15003,17.0056,34.5372,41.6517,12.5142,3.05039,20.4356,28.1256,6.62253,0.831206,0.545026,1.3847
29.2818,21.6443,4.36907,18.9058,14.1368,12.4724,6.71641,0.25464,13.0107,17.2521,2.25877,19.0078,49.4094,51.9682,14.2641,2.7182,5.51626,2.08073,11.2139,10.0714,1.12214,3.15397
23.2729,34.1162,36.4731,20.4468,0.26792,17.5395,9.03483,17.9654,38.0893,25.705,3.84161,3.32662,3.7273,1.85431,4.09832,3.65104,13.3983,21.397,0.84157,7.22253,2.21178,0.126559
15.8327,8.42244,10.9523,7.11317,16.014,16.6713,3.83426,5.292,6.68592,3.76495,1.38411,15.8455,39.9206,28.5829,0.574358,3.1861,33.2723,40.2166,12.7118,0.72853,1.19127,3.78377
6.16687,12.239,15.5049,6.4109,23.1764,3.18003,21.8983,8.44575,38.3626,24.1511,2.66595,15.7561,38.8449,22.7381,0.20876,0.402979,9.17505,9.8879,0.593068,2.78882,4.11976,5.93541
0.963298,3.39955,3.86206,11.0568,18.5582,11.2094,30.4849,0.869839,34.7805,24.5198,0.0717307,28.8762,56.4347,35.3141,9.09151,6.50687,12.7399,18.7425,1.75533,1.61417,7.45495,2.77031
12.6662,12.4851,6.83596,2.02846,2.66595,1.0725,11.2596,16.8939,7.47693,1.55,11.188,5.1683,22.3344,18.5112,7.47793,4.60864,37.4079,53.2273,24.3657,5.22044,1.70705,3.43039
20.2117,15.8962,1.80039,0.606963,10.6279,7.96146,15.4413,4.89658,23.7624,18.8737,9.16591,12.9701,9.74262,4.59688,10.38,11.1852,14.9364,25.9793,0.899101,11.0779,0.925452,9.86063
31.6722,38.7145,29.078,11.9016,35.7203,15.3794,11.2352,14.346,4.43823,14.5303,8.07949,6.5807,37.0624,35.9912,12.2953,10.4628,17.0385,18.8435,16.9441,15.4028,6.09864,3.34334
43.0695,32.916,0.870529,4.54044,42.066,34.7417,7.10878,8.9577,12.7979,7.12481,3.22625,0.409422,19.2827,19.3347,1.73859,13.4251,39.2275,39.7987,13.4614,7.41424,3.96832,4.11429
42.5239,60.5882,58.9789,12.1813,24.5753,24.4628,13.0213,10.5308,4.89728,15.2367,6.53612,0.102217,19.8283,30.0943,4.33748,16.2838,31.8449,37.5717,15.2688,0.160196,0.688719,0.929708
49.959,40.5128,0.853469,16.1452,0.950422,2.75105,0.299555,5.88215,1.86823,2.22588,7.9079,12.4466,21.802,29.9553,5.40041,12.86,1.25716,7.25826,14.0601,10.8853,1.14105,5.99693
64.9335,81.4246,65.9929,25.8189,20.5139,19.3989,13.8811,8.26022,8.96205,17.0968,12.9181,13.8501,16.0262,22.542,9.75399,6.72485,18.1094,38.056,21.3069,9.9225,7.17057,5.04779
71.9586,63.4033,11.552,34.2721,35.9788,16.2413,0.182851,5.96685,21.1147,18.7261,5.7052,1.62847,1.38939,4.24064,1.85396,7.96658,36.0089,43.8053,7.42368,7.48003,4.43124,4.51341
74.8872,88.2451,60.8886,25.3276,33.57,5.15124,31.9451,29.0545,10.5327,1.33354,0.561499,4.82453,8.90752,22.0983,4.11743,14.8834,30.6362,35.8865,9.0223,6.8687,4.19568,7.0461
75.7567,74.5013,33.8117,11.2637,23.918,8.14114,16.8392,4.40525,31.2776,21.7515,8.53131,6.5472,8.93458,22.4603,5.48235,9.36651,0.42534,4.73852,2.66963,4.59386,6.2227,2.04364
76.2766,84.5245,49.2877,4.68336,13.9992,24.0379,18.0395,18.6654,22.2203,7.26379,1.50137,3.73228,3.15606,6.16789,0.53352,7.52297,24.4331,42.0814,12.9642,0.715174,4.84994,7.99071
78.4287,85.7913,51.9381,8.71239,2.4714,14.6706,19.5371,7.31152,18.4017,5.24187,10.2412,14.4977,0.0272402,1.36532,3.26238,6.94099,32.5308,50.9402,11.1771,8.1633,0.108225,6.88498
74.4862,71.1715,27.5693,11.5079,17.5623,17.9177,1.02279,4.98961,25.1464,19.0835,2.21579,19.6367,21.0467,3.63543,14.2465,15.7686,10.8309,24.0323,7.67497,0.8454,0.797537,1.55144
64.8971,78.7478,55.5932,14.938,23.8489,30.3598,6.33452,14.385,0.574125,10.133,3.09212,5.06995,2.50359,13.8763,17.4021,18.4706,18.4425,7.25307,17.133,16.4048,1.02949,0.576086
65.0169,55.3956,10.1802,24.1537,29.073,15.0652,7.09144,5.42004,6.81315,8.41066,9.19947,12.7861,2.16239,10.1332,12.3556,17.012,37.7022,44.4886,21.1277,3.44967,1.77298,2.98126
56.3323,72.675,60.4221,28.6205,25.7933,2.63832,18.0856,5.10404,4.20541,15.4125,1.78663,8.63607,3.85509,1.66944,4.63959,0.375543,21.0494,27.9153,16.1739,9.05242,0.567145,0.973619
49.3412,38.1196,2.00294,19.4768,5.48318,3.66739,11.2197,15.0914,15.77,8.92167,1.01805,3.51439,0.900944,5.73176,14.5631,19.9932,19.0253,13.2702,1.44842,9.61025,7.23273,1.93399
35.8423,52.0674,46.3969,0.413734,18.4136,7.59066,17.7819,2.2956,1.24019,1.71416,14.1522,18.2682,6.73535,4.45465,11.7428,16.0816,29.8193,34.5611,11.4262,0.336443,2.24579,0.600864
29.1196,18.708,16.9718,15.4746,18.8248,2.87538,23.496,32.5262,37.3624,19.0848,5.36612,15.6101,11.307,2.84005,5.60141,12.1226,29.5342,31.5742,11.8254,0.114046,0.716047,1.2985
19.4728,30.6648,26.468,19.168,53.6168,46.4499,25.2637,0.159894,13.2251,6.86985,6.12041,17.4223,6.36885,5.61015,4.50651,4.80737,1.65313,6.32387,3.87283,3.90125,5.51165,4.3023
11.4276,3.11088,19.2539,5.51851,36.3426,43.5932,40.3456,40.9743,27.7352,6.38074,14.1768,20.3215,5.65236,6.12032,11.3119,6.24431,21.6436,26.0012,2.22955,3.90414,0.691638,3.64256
4.96635,5.60137,0.382515,25.0714,36.5872,10.9134,7.80229,0.212227,14.9956,12.0474,2.13926,9.62097,13.5723,6.25045,3.2527,4.68728,13.2659,22.9063,10.0643,0.653797,0.564542,1.86776
7.77451,5.98152,4.71597,0.00135092,8.63174,5.28315,29.4756,27.2856,7.02086,2.33357,0.53016,1.29805,5.21272,5.95497,2.10646,4.75127,1.7955,5.15704,4.79826,0.213248,1.36578,3.30569
13.7571,18.489,20.4661,11.2739,1.30582,4.07465,13.5571,20.3865,17.2264,6.58899,4.56621,1.55718,11.3237,14.4891,4.04921,11.4446,5.88166,15.8013,9.62338,1.98246,0.34765,3.54357
23.0895,20.2184,10.929,18.8467,20.5281,12.2563,29.7944,17.8515,7.60902,4.44072,3.63857,7.7137,7.4689,5.11445,2.26438,10.3715,0.307099,5.58446,4.01933,4.53938,1.46077,2.50408
30.5544,39.2687,37.6825,12.1247,12.7939,14.1967,3.83739,13.342,23.2466,13.4952,9.79812,9.59677,2.30934,5.06568,3.99222,8.91717,1.23526,9.97282,7.81529,2.12857,1.75615,0.742706
33.1665,29.8658,5.54274,5.95989,14.9876,28.7454,16.9856,3.85128,12.9347,11.2022,1.49941,9.80388,17.1682,12.452,0.714204,5.65776,4.31939,12.3098,7.45146,1.05649,0.528695,1.08483
36.9501,46.9247,37.688,5.35709,9.40603,6.38849,5.49181,9.95033,14.6324,11.433,1.54491,2.21936,4.9357,1.51395,7.59621,10.6284,1.16506,2.54656,2.00065,2.55117,0.157086,1.0851
46.0216,40.809,6.26405,6.16636,10.1335,0.66688,3.31572,11.4062,0.360022,5.80048,1.50205,1.94679,6.33364,7.27949,8.63634,10.641,5.88111,0.587713,1.69061,4.66919,2.34571,0.701246
71.4198,54.2123,17.7679,5.97261,24.4091,46.735,10.3898,6.09165,7.88517,14.2279,10.2202,2.91045,0.515953,0.0523741,4.55565,7.19809,4.35086,6.28728,6.48832,0.963841,0.633006,0.978854
58.2923,69.2407,55.4518,67.9576,80.3742,27.6666,6.45334,17.3407,21.4025,10.9179,0.64559,4.81021,14.7022,11.6078,8.48767,19.3091,22.4767,5.87485,6.42484,3.75541,3.40492,0.904783
28.0004,31.1126,52.4714,31.7655,6.66042,2.76951,0.379677,3.47771,1.44443,2.76284,3.67748,3.18427,1.23568,4.45346,10.2465,14.5277,8.12335,0.869724,4.90188,8.41897,5.22442,1.88916
35.2152,49.9334,52.5415,20.2005,9.55512,11.0985,2.16919,3.1998,2.13274,1.2168,2.89207,4.13794,1.01359,1.01103,4.06502,2.58993,11.9728,13.168,1.05806,1.86141,1.65473,1.65261
48.0386,105.109,95.1766,6.57795,8.35002,2.11057,0.135476,0.273805,3.40053,1.79906,2.75517,5.73673,5.11951,0.863953,0.324576,4.60747,1.6863,6.50347,0.0758241,2.62226,2.52402,5.404
17.4392,18.0395,9.68145,13.1557,19.6931,5.66351,0.305324,4.5854,4.28445,1.10114,3.91799,6.07393,3.30301,3.70475,8.90402,7.73946,1.10696,4.53386,3.3523,3.69486,2.02078,1.92353
24.7278,25.3723,14.5653,5.00042,12.144,10.5871,2.89389,2.32689,9.55906,6.25261,3.33171,7.90671,1.36926,4.70451,1.39602,7.08343,9.09296,4.94163,2.19031,2.42268,1.10346,0.14083
18.8007,8.97767,6.70694,12.7026,12.3542,7.31568,1.28434,10.0229,11.7874,5.50387,1.65374,5.34348,1.23813,3.7092,2.85886,4.16884,5.96243,8.51579,3.47591,0.475022,1.19838,7.02368
55.0248,43.6472,13.547,0.59213,0.0923104,0.619546,2.02051,3.61466,6.7219,2.4684,2.14183,6.23639,8.71975,5.34726,2.07436,4.15101,0.244579,5.02888,7.05554,4.82266,4.12235,3.06076
137.995,112.971,42.7131,3.53002,2.41909,0.539734,3.96251,12.1267,13.9829,5.07099,1.67276,6.88499,11.3095,8.27465,0.68329,3.96339,0.0840253,3.44717,8.14171,2.81147,2.19561,0.0798859
164.97,124.302,34.8462,4.95262,3.72097,1.80103,2.67476,5.47507,1.35997,4.69555,0.573785,0.437949,3.23151,2.91712,6.09634,7.29899,6.09629,3.3151,2.10121,1.47117,5.07014,1.90653
94.146,80.3411,35.236,1.30217,5.37026,0.258806,9.27081,1.9843,2.41086,0.61851,3.00454,4.19053,1.17618,1.94815,3.12487,11.7769,14.6488,14.4305,10.5314,2.83803,2.57505,0.933158
1.55865,11.3716,11.2037,0.829536,5.53585,1.31474,11.261,15.5819,6.08517,1.32478,3.86153,10.3433,6.27691,1.41871,9.04038,12.9748,5.62309,0.801801,5.38148,2.6039,3.54078,3.60941
20.2905,6.14257,8.84565,6.17411,4.16873,9.45963,4.08276,2.76489,7.9873,4.91143,2.92634,9.68015,6.04877,1.69967,0.759529,6.23636,3.7064,0.0317229,1.55843,0.225685,0.136431,3.53177
0.169608,3.08387,3.93883,3.02592,7.2125,8.96044,11.1922,17.679,14.7754,4.83461,4.6873,9.83088,4.1233,0.258061,4.16035,4.79627,5.53868,13.5815,7.0668,0.66201,3.7388,7.50602
7.90835,6.67647,0.409133,8.01021,8.58416,2.03646,1.6071,5.91619,10.2581,5.69601,3.98734,12.884,13.7155,7.21512,4.72982,1.1772,11.4973,14.9797,4.47104,0.220802,0.989276,5.77679
9.015,10.1109,7.61087,5.56594,2.33489,6.05905,10.141,15.5381,17.1033,6.99059,2.74825,2.90789,1.94773,0.155759,3.13269,1.42584,1.03627,1.60075,4.38198,3.48087,2.2512,1.4154
7.29508,4.25613,4.72931,3.90843,7.37351,10.434,4.4411,5.02565,6.42347,0.609343,1.83109,0.550136,4.74076,4.45632,4.51634,10.7173,4.45402,0.711132,1.87633,1.15974,1.75973,2.66764
5.8179,9.55536,13.0653,1.61246,17.8094,8.18096,3.3522,7.95067,11.2608,5.35779,0.971878,3.62172,3.93509,2.1243,12.0279,18.7604,5.13975,4.28147,1.05739,0.721076,0.0591712,0.603165
4.20169,0.819118,4.01502,11.9735,28.1483,12.3195,4.20857,14.7008,10.4318,0.0123686,0.572798,2.78797,0.0436013,0.326771,8.00004,10.5645,0.121198,4.30902,0.32492,0.611774,2.69558,1.01298
4.35575,7.69172,7.49902,10.1409,23.9522,16.7594,7.4306,6.74758,9.20686,4.5069,5.10971,7.84236,2.26368,0.245173,4.86241,7.71651,6.51693,1.82919,4.21779,3.77713,2.33092,3.17746
3.18351,0.13497,6.93972,3.60166,6.15298,8.60067,1.12367,10.9949,0.459649,7.4532,2.60971,8.35578,12.209,8.9729,7.68771,5.37839,0.390319,1.46636,2.55687,4.10431,1.73505,1.08787
2.18166,5.27404,9.54065,13.6256,16.4426,13.6617,4.52743,8.13235,10.4584,2.58141,4.94671,6.72338,0.596494,3.82067,0.0687028,0.19233,2.51414,0.599029,3.18372,2.10023,0.152324,0.140889
2.43443,1.06477,1.06514,11.6334,21.9918,16.2405,5.09959,3.27802,0.457667,4.24969,3.48825,8.44307,0.0791611,8.5826,12.1079,10.3155,3.3279,2.25002,2.02147,1.78979,3.37336,3.2685
0.722503,3.08084,5.02564,11.8479,18.3625,6.96599,3.02953,16.5862,18.5906,6.35309,1.44913,4.99786,1.65825,3.68345,8.94848,10.82,4.94985,1.37418,0.4516,0.982243,3.56438,2.06615
2.14093,0.234668,1.43321,3.87562,10.2299,6.8721,2.67507,1.98731,4.16793,3.22937,3.72397,7.70406,5.18406,0.323542,5.26007,10.8311,7.99995,1.0226,1.46467,1.7128,0.169593,0.418644
1.35702,1.85918,1.59944,2.32517,7.7131,13.5515,7.96941,0.167359,1.87912,1.26176,0.702669,2.3351,1.85923,3.79792,5.40174,7.11415,0.00601315,5.0686,2.0195,0.462092,0.996656,1.66984
1.50152,2.04829,1.07359,7.72659,14.5015,9.80379,8.32013,10.5362,5.41443,1.01313,3.35178,5.00875,3.95842,0.139142,4.63608,7.22404,4.02147,3.06384,3.18119,0.160133,1.4611,0.20361
2.09921,1.19564,2.27165,12.6373,16.2074,3.88059,6.80534,2.17732,5.35799,1.38223,1.25801,3.40808,0.04004,0.0357272,2.21643,7.47919,4.53572,2.99451,5.76038,3.84743,2.53373,1.4706
0.700955,2.06899,4.65416,3.77964,0.0995269,1.09062,3.12126,15.9829,28.3981,21.4301,3.16769,4.04631,0.74895,2.13193,3.38717,7.67959,4.2278,0.255195,2.81461,3.35808,0.345988,0.470835
0.274852,1.17975,4.29898,5.0502,9.66358,12.3873,6.12186,4.97202,3.39252,0.746403,3.43554,7.89356,6.98579,3.31918,4.42755,9.05835,0.864736,1.4098,1.4882,0.187912,1.0242,4.21111
1.31933,4.5935,6.37181,0.57096,0.107632,6.6896,4.72185,9.51702,17.1415,10.4778,5.71426,11.6658,12.6977,6.38554,7.30456,16.7929,7.4929,3.81507,6.11326,2.47312,1.40733,1.46353
3.24131,0.39277,5.6592,2.29766,4.76202,6.97614,8.09904,10.5133,4.88694,1.68292,6.61111,12.5324,3.70272,2.5837,8.00688,13.1698,5.74549,1.4845,2.80861,0.733183,0.773313,2.93336
1.15662,4.08567,8.01928,5.33847,4.68439,11.8211,8.28139,6.10605,8.77066,7.53436,0.449472,5.94305,1.09352,3.38791,8.3995,14.8116,10.2756,5.92873,3.78763,0.514765,0.136371,2.94356
1.66298,0.536791,3.00792,2.11467,6.09427,6.77549,4.16176,12.2762,5.11094,1.72393,0.398555,2.61861,6.23767,5.46784,4.23468,13.0559,9.30523,3.96462,0.847332,2.30258,0.678135,2.15698
0.339549,1.1161,4.3422,1.92475,7.26993,0.751873,7.3919,0.444705,5.51183,2.9395,0.504108,0.572014,2.85888,2.79998,8.47839,15.2174,9.92055,4.17299,0.203461,0.799645,1.50172,4.8105
0.41923,0.135717,0.784752,8.01172,16.67,8.151,4.09545,13.3067,5.95104,3.76924,4.32579,7.8907,6.85724,2.08131,4.1819,9.70763,7.33754,1.1989,0.214073,0.571334,0.751873,2.90126
1.21142,1.73102,2.61465,9.43521,15.3975,14.1229,9.94652,4.22447,15.4567,9.30504,4.78096,12.9394,11.181,7.50862,5.62268,3.04716,3.60561,4.45372,2.20614,2.77899,1.36157,4.87154
2.99719,0.838245,6.28367,10.3216,5.12086,5.79889,5.00956,9.71127,12.4318,2.82667,4.82057,12.5812,9.57729,1.52413,1.83549,2.45128,6.58007,10.1841,4.09834,1.79999,2.66447,4.57725
6.52083,9.4504,10.1983,0.752572,13.5064,14.6387,5.91183,10.476,19.9702,9.38064,2.80821,7.4828,1.45395,4.9386,3.71487,5.63818,8.7928,8.33325,1.78774,2.36237,3.13486,0.599638
8.8239,6.21536,2.89023,4.53588,23.7957,23.8444,12.2953,7.00369,20.4889,12.2811,2.66775,8.21125,2.34281,2.34057,5.43604,8.34026,3.81669,0.601866,2.12039,1.58082,1.75088,5.37803
9.77335,16.4769,15.4113,10.3054,27.2383,12.2058,2.6874,12.4786,11.8781,2.79047,2.08968,4.4076,4.3632,2.0783,7.41031,12.363,0.020578,6.64324,0.677645,1.24222,0.0972946,3.02668
14.9666,11.7465,0.176363,4.53551,15.7749,1.09512,9.86962,6.32522,14.7693,11.2509,1.96419,5.68396,0.212954,1.40258,9.50829,11.5295,2.52076,9.46028,5.85925,3.45979,0.166703,6.33814
11.2734,17.8332,17.3301,5.59791,3.62636,11.1789,19.3255,14.6548,8.72724,22.5841,22.0616,23.8516,22.7756,21.0457,18.8066,15.9729,13.4678,8.78825,2.17698,1.8818,1.24289,0.343036
9.62179,9.8461,3.28258,7.6232,10.1397,3.85605,0.578734,8.60569,14.6344,1.48419,14.3765,17.5816,21.038,19.1575,10.9019,5.82224,8.5036,9.11953,1.95641,2.02609,0.556032,2.09243
3.02745,7.6192,9.25813,13.6625,16.9219,2.95565,5.54223,7.95524,6.04669,2.43759,4.39823,12.2878,5.76418,5.14375,8.27946,6.25218,6.63021,8.44248,7.23304,5.43122,5.00041,7.62669
3.5225,2.96631,2.72918,12.5215,24.3885,17.3339,6.71989,11.3302,13.6582,0.888971,1.2117,9.829,9.07788,0.781985,5.70151,6.91368,4.25846,1.86281,0.0329704,0.370125,2.7297,1.91659
12.9831,12.6423,7.15243,2.41573,12.6745,11.8415,2.64857,4.47751,8.22341,5.18481,2.33892,7.86168,4.83128,1.15073,7.52483,8.83118,6.18004,4.63097,1.8044,0.360705,1.77424,5.89293
24.426,25.814,11.8814,2.5765,0.558761,3.03063,11.5295,16.4575,12.4988,0.314683,6.94816,9.62634,5.11464,4.78842,9.66633,9.76149,8.69212,6.64618,3.42091,2.72177,2.80373,1.22245
33.3073,38.1453,24.6722,5.2933,2.90967,6.28963,8.80097,6.09245,10.2452,10.2849,6.48175,3.18469,8.73779,12.8747,6.33248,2.82987,1.41441,2.04132,2.00239,0.285985,0.42874,3.6433
42.2553,44.0017,22.1214,1.53858,2.28862,2.5822,1.9261,5.96678,1.73969,7.21479,0.473027,6.89062,4.32899,3.15342,1.33263,2.61619,2.14387,0.560299,0.0612625,0.0426142,1.59468,2.03795
46.0657,54.7215,34.5815,1.00227,2.09904,4.47226,2.17354,8.71146,7.5939,0.268029,0.637974,0.880248,3.74436,4.66088,1.06534,3.6279,0.197816,2.87322,2.08793,0.121343,0.874504,0.376135
47.5632,49.9083,24.5373,2.81375,6.84904,10.2202,4.94966,2.26071,7.46747,7.04896,2.81892,1.66941,0.0422173,2.41004,1.11941,4.23656,0.347029,3.72256,0.797808,0.966006,0.594956,1.92381
46.491,56.0874,38.489,10.6637,12.0821,10.9651,4.86996,3.45355,8.16856,3.63841,0.835791,0.692946,1.97137,2.86691,1.44213,3.77909,0.146439,2.44297,0.760933,0.410853,0.167853,1.88067
45.782,44.5199,16.0747,13.1566,12.8755,1.07446,5.82083,1.46071,0.507847,0.438114,0.481846,0.626618,0.933027,2.07939,0.37997,4.19945,3.40972,1.92528,1.65577,0.630144,0.0989467,0.789971
37.1262,48.7755,37.8707,12.8833,12.5287,3.47675,9.23194,7.20777,2.8733,1.36415,0.432764,2.21351,2.39908,0.784929,1.11023,2.69567,2.64742,1.31818,0.889865,1.62107,0.660448,2.30245
37.7315,23.6931,6.00522,11.5505,11.9905,0.483424,2.04514,2.44472,0.225517,1.59163,1.5459,0.260748,1.17356,0.526694,0.994017,0.0116434,2.29939,3.58333,2.837,0.44264,0.354188,3.91927
24.3527,13.2655,30.9229,26.2923,47.9132,55.8467,1.33397,23.0379,22.0165,15.8788,10.3601,4.08377,1.26822,2.97372,2.33282,0.22024,0.560984,0.951727,2.98528,2.71074,0.681905,0.205407
2.92562,40.354,104.904,137.621,88.4318,2.41466,15.1334,0.97178,0.670054,4.41596,2.80185,3.89383,7.52967,2.69069,1.06002,1.0627,0.651141,1.54317,3.05866,0.848721,0.326174,4.02951
10.9375,81.8228,149.352,70.865,0.311751,8.18661,14.0897,4.98414,5.04235,4.21186,0.414538,0.0445071,1.84444,2.69981,1.68939,1.31157,0.703613,0.220642,0.199855,0.117867,1.43124,3.4735
41.6239,103.546,115.91,30.3721,1.43908,2.41904,2.57503,4.10046,3.41965,1.2519,0.179845,4.59605,4.83501,0.90902,1.02023,0.712918,0.0715936,0.205362,0.167133,0.194203,1.76957,0.018114
67.5249,96.7396,62.4001,4.91424,2.31025,5.55041,11.7265,5.83808,4.17719,2.22726,2.93903,7.26171,1.72016,4.16051,2.71718,1.2475,0.062446,0.251114,0.485178,0.378526,0.877076,3.29598
46.9653,53.7272,31.8047,6.16349,14.0914,2.35355,11.7079,2.56092,0.722415,2.01201,5.72614,7.88056,2.15812,2.77063,1.8758,1.5905,1.38026,1.0199,0.628531,0.235857,0.80735,3.03313
53.1967,40.8043,1.03908,8.0206,15.9736,12.312,2.86715,2.44408,0.0320493,1.34059,0.897844,1.46932,1.98007,1.6582,0.0129187,0.99605,2.23854,3.15632,1.04465,0.434471,1.46472,0.54589
103.974,85.6735,35.1093,0.892907,11.5268,20.399,14.3757,1.1344,8.4311,5.81646,4.04747,3.90358,0.701239,3.33915,0.565064,2.8988,3.87126,4.53659,1.59889,0.434979,0.635967,3.17641
144.72,101.398,20.3631,9.52603,1.25238,11.2785,10.6033,0.484963,2.10061,0.662015,0.8299,0.470977,1.39524,2.04602,2.2607,5.30878,4.31237,3.43127,1.5564,0.141905,0.712056,2.35471
97.579,74.2897,31.0023,12.8847,15.5668,13.8461,7.31262,4.59045,13.1818,7.85711,4.80773,6.23624,1.62881,0.935354,3.26702,5.5094,3.10849,0.930474,0.828209,1.01319,0.350308,2.70929
16.2838,20.1851,19.0429,14.0712,22.5624,28.5757,17.1727,1.34092,7.30907,6.06529,1.44152,6.01726,2.96619,1.2585,2.64269,1.71916,2.7675,4.89597,2.30001,1.46262,0.712697,2.94788
104.468,77.3262,21.3193,11.1088,23.4026,21.9901,7.92232,10.5091,14.3013,7.78832,4.05663,0.671541,4.08804,1.69668,3.24881,5.59332,9.34139,11.7279,7.97409,5.23795,1.63546,0.679465
87.4497,79.1102,35.0826,7.00367,15.6377,0.288039,15.1583,4.88287,11.2664,12.7288,3.75001,2.06652,2.47882,1.63598,8.45109,14.9654,17.8147,17.7174,12.2564,7.73958,3.02501,3.42068
50.7315,56.9651,33.9975,1.60598,5.38175,8.27407,17.2705,13.3946,4.88365,1.66422,1.27383,4.06048,4.76997,0.167145,10.5944,17.2404,12.2219,7.18795,3.84322,2.79109,1.17399,4.91076
46.8297,47.1151,20.5098,4.02728,2.63206,1.93361,4.68788,9.54805,3.79389,16.483,13.8322,13.2315,10.7383,4.55612,4.62055,11.494,0.506486,10.6728,6.54047,1.93861,0.644646,0.667413
45.4524,56.2383,40.0246,11.3988,15.0304,5.6101,9.69448,3.49899,8.2073,9.44037,4.50018,16.9451,12.1524,2.83049,4.44951,6.35188,13.9897,25.6641,12.6219,4.69202,0.915599,2.91148
43.7916,35.8901,5.03117,17.7043,23.1728,12.3394,0.92491,13.631,12.2447,1.59286,4.19581,18.8657,12.9304,2.66649,2.80836,4.4107,15.6395,25.9278,12.6109,4.92894,1.47605,4.68531
39.4123,55.1174,50.2512,28.4293,29.4413,25.1359,16.8045,0.471183,23.6279,16.4723,4.66887,13.8731,11.9231,3.0155,3.39782,9.57042,0.563693,9.90979,2.30408,2.47673,1.14976,1.88631
38.5179,29.7256,3.87249,29.3952,31.564,29.7931,15.2645,16.2381,34.4075,18.0797,5.95284,9.36123,1.99532,2.91985,3.81056,8.51778,6.51866,3.63027,1.4493,0.522004,0.247349,0.649879
31.1421,46.1446,47.0606,26.5837,15.7907,2.89684,2.68323,10.5168,21.8939,12.2456,0.528745,2.42114,6.81703,7.73761,0.371122,5.44284,15.2554,20.0529,5.58914,2.39425,1.80871,3.48734
27.1011,18.3109,8.75869,13.0855,9.8305,25.9545,23.0979,12.6792,41.3233,25.5171,3.26254,13.1115,5.59711,3.65273,5.29859,1.19136,15.2978,21.3098,2.87819,6.86015,5.84117,5.74231
19.3489,30.401,30.9522,3.07685,30.6136,27.4559,20.978,16.3073,0.611036,9.0835,8.49706,13.8363,10.2224,1.74437,4.45257,5.58627,5.26789,9.28434,0.161251,3.96346,3.85352,6.32118
9.63289,3.89064,8.04555,10.4385,32.3043,5.30743,12.799,7.15975,24.4543,15.5656,3.79192,12.388,14.5502,4.74324,1.4729,5.24793,9.61178,9.33161,0.685569,3.69248,1.22419,3.82683
0.986078,3.51918,6.6839,6.35222,15.5081,8.77975,27.8675,15.0876,11.0906,17.634,0.538422,10.1715,2.71711,3.18896,1.3718,4.08026,19.2508,22.4087,1.33567,11.3827,0.0305857,5.18819
10.1153,8.39848,3.65706,5.27556,6.32825,0.610366,3.26753,6.38509,0.413423,4.67392,8.88225,9.82714,1.45179,3.33711,2.46537,6.00866,19.1663,22.4817,1.21668,10.2239,1.07867,5.58259
21.142,25.1822,20.0519,8.29549,20.6446,7.2029,23.7437,11.7942,9.72276,16.293,0.0256797,6.72327,1.82623,0.814258,5.53913,11.45,10.2767,6.90144,0.570379,2.34672,1.9394,3.59508
30.2726,24.806,1.98984,8.64394,30.6616,8.57965,9.56883,4.97734,22.8204,17.4964,12.0666,17.0354,6.06483,1.8961,9.4044,13.0393,5.82605,13.2504,1.84865,6.49469,2.19569,2.04943
38.047,52.119,48.3528,7.68342,25.1237,28.7705,15.7401,12.1133,9.40191,3.14645,1.98107,13.4094,12.1508,2.39795,5.32118,5.55583,18.186,29.4189,6.973,5.22405,1.90419,1.75248
53.9442,42.3431,1.40958,13.1797,21.817,30.1937,17.2594,1.79035,24.6047,24.0013,3.01371,8.84352,8.49259,2.26942,1.14481,4.47402,23.8642,30.2514,9.64362,0.157784,0.323251,2.36621
58.3548,76.841,69.2031,17.4633,17.0951,10.8491,9.13256,22.0674,28.2516,12.2259,1.05164,8.45276,8.30313,0.450575,4.65585,5.26976,9.6363,13.5309,9.90381,6.16555,7.0196,5.77049
68.1821,57.4865,13.3244,3.04373,0.151563,21.8455,18.507,3.83177,19.2891,17.9326,7.95182,0.12114,4.07733,1.86917,0.234461,1.32295,15.093,21.0996,11.295,5.96704,1.347,1.82848
70.5437,89.1814,79.7129,43.2458,26.6509,6.45496,8.67547,24.4456,38.74,24.913,15.3401,20.0874,9.35132,2.25979,2.65499,2.99732,23.5319,33.8007,16.097,7.03146,1.64284,7.51599
80.076,73.5225,36.5264,7.05919,10.2583,5.75946,13.086,1.99922,5.70275,2.77265,7.62971,21.7352,12.7725,1.47314,1.20534,0.364218,17.6841,27.0683,11.7457,2.39605,0.767905,3.51339
82.9449,95.7136,72.424,34.2207,30.6906,13.8785,0.155575,18.4745,34.4157,21.7005,1.63349,14.2416,12.2107,0.544402,3.6811,8.6295,0.529081,3.37555,5.35276,8.30671,5.07651,0.215785
79.9543,83.2556,48.0444,4.9377,13.4441,29.8289,18.9413,2.16888,13.6144,18.2843,8.32284,12.8435,9.85698,2.83495,12.0286,23.9449,31.1479,27.2051,14.7034,8.62081,1.15967,1.01075
85.4835,85.6464,45.4798,13.4339,17.9201,17.9535,15.3032,3.09759,6.50685,0.347616,8.2503,11.9729,4.25085,4.43563,17.2711,24.5698,33.9533,36.0455,15.8207,4.6501,3.7592,3.58307
73.5339,87.9815,66.1528,17.9227,6.47274,11.4325,2.72325,9.63808,12.1972,25.1079,11.1203,5.94725,5.36521,4.48916,2.27519,11.7696,17.9306,16.1839,1.1225,4.61498,2.41571,0.805814
72.5897,64.2037,25.1924,0.13696,17.1938,39.7221,22.7018,8.0437,20.3426,15.1293,11.3846,20.7216,11.3351,3.13779,2.90783,6.22931,8.09647,17.5273,13.0295,9.89667,4.158,4.83515
70.6747,86.7038,72.0848,41.7906,41.629,19.6997,4.45755,19.6064,15.6255,3.60336,1.04796,16.986,10.1926,2.43031,7.66088,6.98644,24.1343,38.54,12.7816,2.75557,2.31365,0.72379
57.3659,48.0404,3.89218,32.5382,31.4519,0.606051,17.5649,11.6507,25.6009,17.1823,4.25826,16.1379,9.57721,4.19526,7.74492,5.06844,22.1588,34.6978,11.4101,0.549626,0.703937,0.138894
52.6573,67.5772,56.6715,28.793,25.3039,8.97527,7.36805,22.2457,33.6803,15.6403,12.5837,24.4465,13.4522,0.484195,1.77068,0.222089,2.62814,4.03881,3.79721,2.54066,4.42179,0.510493
42.8875,32.585,7.13547,24.8836,12.2475,17.572,19.0923,17.564,19.9273,7.56907,11.829,18.8033,11.2431,3.32103,8.76937,9.4184,17.6885,29.5438,6.77769,3.36074,1.28137,8.59369
37.1562,49.937,47.3753,5.1032,22.7606,5.36594,11.4693,22.7302,39.056,21.1847,5.05931,4.31085,1.15107,1.61362,15.0139,17.8835,19.0539,33.326,5.32397,8.06913,6.01143,4.44581
25.4839,16.9629,3.9545,10.1683,41.8592,32.9789,22.2722,21.5329,3.77856,6.64181,4.6574,8.75349,8.9514,2.62462,11.9425,17.35,0.468115,11.5685,8.81333,5.50028,0.13783,1.74787
11.5567,19.1336,18.4547,15.3424,47.6042,45.2076,27.2183,14.4701,10.3904,1.83586,2.77029,5.68739,5.62833,0.181803,2.89524,8.00835,17.5574,18.7524,1.95948,9.02224,5.05812,3.30029
2.6855,0.220085,10.5647,0.210689,24.6146,17.5232,4.7916,13.7135,5.18247,15.0482,7.40475,18.6137,5.46596,5.04345,0.736924,0.263488,19.9704,25.3782,4.80945,1.3172,4.44839,1.73717
5.13607,9.18108,13.3588,16.9919,13.5669,11.5408,21.1449,6.63665,26.5003,17.1394,12.3114,16.8683,6.90762,1.59125,0.662035,1.38335,12.1519,13.4066,3.19362,0.369126,1.50633,2.3407
17.2094,15.8514,6.37243,6.13205,9.73865,8.93635,6.48279,11.698,15.495,5.0424,0.689806,7.13615,10.6409,4.62028,2.73545,1.41143,8.67872,7.26665,4.97608,6.42058,1.35255,3.51903
29.7381,36.1777,28.3577,1.19277,12.6276,7.03967,9.36558,20.0678,32.732,20.5249,4.68715,6.44826,7.6472,2.79569,2.42313,7.05608,17.0074,16.2498,1.35778,3.18744,1.86821,5.19184
30.0815,26.9211,3.57739,3.57744,12.3105,4.53248,6.20097,6.62241,20.7062,11.1491,5.43335,6.47944,4.70538,6.05442,7.91514,13.1755,7.27226,6.72374,8.94964,6.27481,3.28734,1.02532
36.3974,47.3421,43.6057,19.7071,3.59325,21.3898,10.8347,7.56045,0.787511,8.65105,3.78208,1.16624,2.30855,0.584382,9.39502,11.4709,3.30494,9.31019,4.79121,2.43762,2.27381,1.65375
42.7511,37.4819,7.07147,9.77159,3.87914,8.58377,5.72175,2.86105,1.7261,5.41639,5.82633,3.24964,4.10227,3.94621,2.04169,4.92414,1.55194,6.03584,1.76974,0.608633,0.00594908,0.883541
52.0861,62.9935,49.6369,7.40443,7.72883,9.33895,13.0845,2.52978,10.5608,12.6326,4.84817,0.377044,1.37836,0.087661,0.747458,2.12772,1.25812,0.216128,0.426449,1.67114,2.72682,1.05793
53.3722,50.2647,18.7541,5.1147,15.0783,1.86478,7.15934,16.3666,23.6608,12.3689,2.6513,5.25753,6.91035,3.98243,0.0256331,2.54349,4.26455,1.52513,3.81656,2.2303,0.314512,1.31933
57.4472,64.7112,40.2314,3.18699,5.12418,15.3619,15.9089,2.43714,7.59517,7.40077,0.890864,3.83724,0.409185,1.36872,2.79836,2.99668,2.37423,3.87215,5.63855,3.92705,0.0830295,1.50384
56.0779,52.8372,18.049,14.4669,14.7687,10.7922,5.89835,1.33186,10.7041,10.6467,3.11745,0.827345,0.0484795,0.99041,0.554033,2.11337,0.536038,1.11125,0.717883,1.46729,1.13764,0.14114
45.1607,77.9571,128.734,111.694,11.6883,34.5933,8.21783,20.4997,34.8569,8.57258,11.6428,9.46542,7.41007,3.11206,3.2233,8.64126,7.50188,1.99117,4.73226,4.66413,0.970841,0.603333
17.8451,1.25363,68.7421,183.182,111.672,10.249,18.3156,10.9462,35.9982,22.386,1.76206,0.439937,2.63913,4.29358,4.62357,2.20415,5.0664,6.02009,2.9373,2.21064,1.99285,2.82614
33.319,38.6995,46.1687,36.5594,6.21713,8.50206,2.75704,3.63881,9.7562,8.50747,2.68745,1.10516,0.368224,3.14681,6.50073,2.94142,3.02245,7.81406,12.3634,7.01178,6.01851,5.55602
8.73406,15.7141,19.174,1.61441,8.25999,11.2397,1.8966,3.74521,8.98259,10.2216,7.92892,5.19939,1.12623,1.31929,3.33935,5.01213,4.60553,1.6208,2.98685,13.5856,11.1007,0.914201
85.8954,123.362,95.4791,15.1991,6.75977,4.14028,2.70552,3.73912,2.46024,6.2538,2.66074,5.9082,4.86687,1.24942,2.37164,3.78547,0.851264,2.89501,1.51913,2.73051,2.31459,5.33092
107.721,121.897,67.146,3.39179,5.58988,1.95877,0.350642,10.7433,16.3361,5.84181,5.57062,13.4371,13.9087,7.11711,3.42212,3.41771,2.37246,0.551538,2.01496,10.792,13.9558,2.49586
132.51,128.392,61.5276,1.14454,1.54394,3.51009,1.06945,1.65382,8.16318,6.87232,1.92682,7.96168,7.39113,4.35802,9.02016,10.621,0.361204,8.65682,7.37593,10.2612,14.1506,4.15145
158.857,134.686,53.5381,1.08791,0.788941,1.24301,0.533095,1.23795,3.70169,1.93776,9.08452,11.3686,4.75202,1.18971,6.36956,10.307,0.02299,7.01607,0.0870244,8.28123,12.4553,8.16967
131.307,108.883,45.8124,4.33822,0.698557,2.36501,5.66896,12.3746,7.57114,1.14558,2.59649,2.15443,4.8167,3.83423,6.12204,4.50473,7.39855,13.8976,2.70949,0.895776,12.7014,15.7062
37.1914,34.7474,12.1169,2.65728,6.01809,5.95815,1.55685,4.13598,9.21706,10.1755,7.64846,1.02275,1.03446,0.933177,1.34346,2.69308,2.8243,5.92249,0.66022,9.41117,12.1173,3.14154
49.0962,26.9679,0.267493,2.53951,13.8489,11.5817,7.38834,16.103,20.3365,13.2501,8.71056,4.59921,0.389369,2.02538,6.65417,7.24671,3.74689,1.16321,9.39634,17.0258,15.9188,5.50646
56.4019,38.951,7.72769,12.7984,17.6643,6.94836,4.43544,4.7375,0.543087,1.15398,2.32336,6.18281,8.43824,5.85892,3.42259,2.41382,1.29417,4.5004,3.91609,10.7709,15.0788,4.98884
15.6374,15.0877,6.539,7.03354,14.1737,4.49609,2.27183,1.1824,3.78791,2.24789,0.0158554,1.11964,3.27324,0.0891042,8.49635,9.70267,3.16631,2.51057,3.14705,1.09378,5.76315,9.68969
1.15022,0.848835,0.494996,4.46304,7.49442,7.04508,8.16168,12.4033,9.36144,2.58255,8.1467,5.19973,1.82405,1.65281,1.364,1.64788,2.39601,2.70453,6.21514,7.37668,13.4046,0.74196
0.566432,1.55301,2.73507,0.805286,1.24632,3.4263,2.58963,1.54958,1.42133,6.5308,8.48882,2.16567,7.86892,5.67432,3.03666,1.84921,0.0359414,3.3297,4.60227,4.06624,3.25702,0.774496
0.165224,2.17934,3.60081,0.776565,3.78722,3.21481,2.21663,1.41911,3.47538,0.0569552,1.79163,3.35862,5.17921,0.854375,3.36519,4.38283,1.34439,1.23317,1.0913,14.0913,14.1192,1.3956
0.68814,1.4963,4.25412,3.15429,1.10636,2.84372,1.52516,6.41259,5.43324,2.42258,1.90685,5.16511,6.58972,1.08566,1.0686,3.82081,0.285774,0.880125,4.40472,10.0835,7.41815,7.15768
0.536857,1.78058,6.38959,7.74485,5.45222,6.48264,7.00791,4.86653,3.4031,1.59279,0.000576541,0.90335,6.21519,5.41294,1.51731,4.54135,3.48187,0.544202,1.63357,1.84589,2.1481,5.67304
0.670368,1.75212,3.07522,0.386386,1.29672,1.1542,0.992906,3.00767,9.94112,9.81365,2.31871,0.570433,0.222001,5.11742,5.46812,3.64766,3.19933,1.86876,2.41863,11.4982,7.80556,0.807846
0.414111,1.74666,4.6507,3.02985,2.11975,5.41713,3.35247,4.03534,8.52569,0.37157,8.96636,5.01667,0.593624,0.353332,2.61836,2.81654,4.62868,8.08442,12.6437,19.6782,16.8523,2.05004
0.251672,1.60524,3.16216,2.54213,3.41212,2.62928,0.260575,3.89306,7.27203,2.36393,10.1454,2.99933,1.7258,1.36617,2.84834,3.96364,5.77008,4.4843,0.94771,15.4371,24.5624,8.16613
0.142137,1.14473,2.4842,3.1971,3.70773,1.36143,1.90551,0.868338,1.17473,5.91355,12.2569,6.84295,0.648742,0.773961,0.0598634,0.193786,1.07089,0.198807,1.11117,3.54742,5.11108,0.0731082
0.179443,0.87059,2.05074,1.90358,2.11377,1.76141,0.92244,0.0791831,0.670672,4.13616,7.26015,3.27467,1.64635,4.55107,5.72993,6.45042,7.51147,10.508,5.30693,12.2434,13.0681,2.02976
0.12082,1.06187,2.75107,2.40722,0.737714,0.144757,0.429924,0.568426,0.398169,5.64435,11.8619,7.05583,2.89897,5.82241,5.00413,4.45983,4.4442,2.66786,1.41119,2.04838,3.79921,2.74226
0.0214946,0.266445,0.0372506,1.53705,2.16266,1.63801,2.67701,3.38153,4.14154,13.5103,16.701,5.7614,4.67352,8.44292,6.34785,8.02093,10.5959,7.37424,0.586341,1.99321,5.52634,6.00981
0.257897,0.341064,0.454792,1.18114,2.16519,1.73876,0.659982,2.56808,0.747721,6.2411,10.254,5.86366,0.535683,3.10743,7.92904,10.1903,5.33699,2.40746,2.26781,16.164,17.47,1.65402
0.175262,0.328562,1.49356,0.0562092,3.80309,2.37582,0.266119,1.14681,3.19715,0.472143,4.15035,4.68475,3.94301,2.11954,7.2812,11.0175,2.51523,0.83544,5.19933,14.317,21.7524,9.4272
0.242371,0.269876,0.0418283,2.07918,2.95941,1.16733,3.31106,4.533,8.64799,8.70301,2.75819,3.38544,3.27064,1.23994,7.86565,9.6823,1.14855,7.31663,9.22331,8.11224,5.30723,1.72946
0.233309,1.81278,0.0790379,4.6982,4.12017,12.535,2.15432,9.88801,12.6248,10.8013,1.88367,6.10884,1.19408,6.49005,0.770192,11.7227,6.4313,2.94127,3.19645,10.3824,11.1451,2.84206
0.341716,2.17417,6.94985,9.52636,5.50512,1.88945,4.04398,0.150728,7.51006,13.8389,2.18133,14.2051,6.3804,3.38363,10.957,21.4519,8.14796,1.18828,1.16613,3.73004,7.62678,11.2058
0.870842,1.64272,3.47729,3.56708,2.06963,8.49645,1.23127,14.1462,13.6936,5.54326,10.5011,14.4371,3.04793,4.02118,8.29445,13.6524,0.734591,12.7808,19.1982,8.0402,7.37484,5.75026
0.948756,1.80355,5.02067,2.14501,7.97085,6.24924,3.21568,3.06187,6.72749,8.72638,3.07858,7.28592,8.09643,2.11361,6.22339,13.8267,7.53576,3.06489,8.64063,13.4547,11.4108,4.51526
0.322333,0.783127,2.92043,3.49012,13.573,3.52465,2.16771,11.7779,9.61513,7.59555,11.0752,4.65541,4.33465,6.2305,8.6228,9.64608,5.09505,5.24808,3.87898,8.80274,18.385,20.3077
0.53012,0.59206,1.23361,11.3233,19.8405,9.86321,0.926001,8.25658,6.71919,2.68912,0.438037,5.21029,2.99141,0.763115,1.05675,2.33074,0.912722,3.98166,0.613968,11.6294,14.2244,5.58316
0.28416,1.28643,4.09673,11.1365,15.8529,13.7086,7.52038,10.728,26.1513,17.7019,0.506928,9.38774,7.67305,4.26252,4.96634,4.68357,7.50569,17.7143,13.7223,10.9467,16.7454,8.79277
0.244483,1.72419,3.99705,3.20949,0.85629,2.06317,7.55171,8.44057,0.956341,2.79783,2.44201,10.5649,6.65984,0.977643,2.71458,7.3188,3.06434,7.07869,13.838,16.6292,15.1606,6.21208
0.0280672,2.54343,4.84552,4.57206,14.3808,11.554,4.57925,4.57197,9.34093,5.44368,7.2488,12.7815,6.08008,2.212,10.2769,12.0942,0.100767,14.215,19.6547,21.9395,12.7811,4.89622
0.403977,3.28267,7.16637,7.94419,25.532,18.6688,11.6954,11.851,0.836762,6.52195,4.15943,13.8018,9.14014,2.62205,7.32195,11.1208,5.14078,6.29332,2.1737,6.51779,2.08522,6.92492
0.0813483,3.40414,7.18077,7.80576,22.1051,7.55535,4.77507,7.49762,13.931,10.0262,5.96388,9.65915,7.31631,1.91164,4.63969,6.64278,6.06948,16.1308,12.5314,0.700925,0.653966,3.73273
0.458921,3.65922,9.09428,1.44535,9.88286,2.13689,7.18692,11.2953,11.2913,2.2284,5.27717,5.96756,0.771649,3.42523,0.463316,3.18975,2.03467,3.37971,3.26224,3.85694,9.28963,7.00234
0.683343,3.70752,8.24675,5.59215,3.30305,6.99324,6.87685,10.7148,12.2089,8.49271,0.334876,7.46232,5.94136,1.24373,0.185801,3.46927,1.3406,14.2008,14.6662,7.13118,13.4696,4.31419
0.65545,3.73924,8.3866,6.55533,2.10176,9.33146,5.19211,0.4926,4.04285,3.90451,3.4043,3.45256,1.43834,0.743779,1.35895,0.548746,1.12049,4.81214,6.39015,2.06559,5.09055,2.57733
0.0901909,2.76663,5.484,0.28852,2.23166,3.30062,5.05081,2.78653,6.735,9.50598,0.601835,4.89889,2.21273,0.037952,1.62007,3.83617,4.43414,10.2084,10.2458,1.77869,5.26022,0.416943
0.0360704,2.35184,2.3374,5.77704,5.12527,3.68604,0.873426,9.85875,9.57973,5.48475,11.8108,6.86231,4.64027,0.680155,3.70521,2.50457,1.36605,6.43812,2.89446,11.884,14.9825,5.6838
0.0427386,1.45,1.33698,2.30496,3.38602,3.46431,2.35357,3.39696,6.78574,2.03593,8.55291,1.93313,0.35471,2.31682,1.4458,2.3435,0.466328,6.84626,9.58942,9.34988,8.93257,4.5583
0.250304,0.472399,1.7531,3.56357,3.48593,0.925953,0.159156,3.36586,7.05933,0.507132,6.6756,2.41256,4.13109,3.8971,1.4676,0.484871,1.0789,6.31288,7.02132,8.58832,8.3456,0.93238
0.0745703,0.28622,1.25095,2.85384,2.38984,1.0081,0.164129,4.80347,3.3195,7.14627,7.16268,0.0992396,0.326336,1.99006,1.2904,1.05602,1.49947,2.56683,5.9023,2.62079,8.63097,5.18499
0.0146978,0.0466958,0.727973,2.02538,0.796183,1.45358,0.732408,3.80434,8.34489,6.54661,2.05626,0.867062,0.864056,1.20215,0.0647938,2.41368,4.65239,4.98928,6.30982,12.4468,2.81756,4.54766
0.223367,0.0967944,1.028,2.96963,3.68314,2.68887,1.10382,1.81307,4.26283,6.65614,6.27743,2.48877,1.58346,2.6373,4.0735,2.38404,4.10842,0.210755,5.97103,0.643659,0.0165498,1.28538
0.114739,0.241159,0.919059,0.364708,0.818063,0.158825,0.354659,0.895201,1.55336,5.29449,6.84008,1.72264,1.6356,2.3728,3.42667,4.09059,1.29208,14.1935,19.2647,15.8325,11.1836,5.87031
0.097744,0.00280721,0.801053,1.04373,0.232826,0.202528,0.522454,2.42282,6.18583,7.06574,4.27946,1.63723,1.345,2.08855,2.35216,2.31781,1.20852,3.7434,8.19983,11.0838,8.38108,3.9649
0.1303,0.407003,1.08936,1.51665,2.13457,2.21676,0.200609,1.92984,5.35339,2.64266,0.664304,1.27019,1.38869,1.35451,2.15069,3.07714,5.47224,11.8442,15.1227,8.83639,0.0162718,3.79942
0.0176222,0.127823,0.391744,2.11955,2.58187,0.181139,0.559652,3.53305,7.89725,3.90294,3.28801,3.18845,1.07754,0.0665326,2.01433,3.39523,3.34151,4.9421,11.5342,3.73978,2.22422,0.312279
0.121311,0.0539458,0.202469,3.03687,4.86052,2.68402,1.03139,0.154549,2.75867,6.71862,6.20238,1.75308,0.818142,0.421192,0.72766,1.99372,4.76364,12.2829,9.53831,1.74858,1.91196,2.93555
0.000269026,0.15943,0.265482,3.00917,4.26925,2.07184,0.928591,2.85865,2.74709,4.19414,5.12382,3.12389,0.247237,1.91831,2.21682,1.1057,3.80565,0.91978,6.5215,0.57379,6.62791,3.77409
0.0428128,0.256724,0.00943582,1.37244,1.08456,0.555691,0.025339,3.15996,8.01083,5.73141,1.23227,2.40087,2.2499,2.7953,1.67369,1.56211,5.0744,31.2629,36.9483,10.136,1.45235,1.08862
35.0134,36.0256,19.2852,72.5489,2.13586,50.7112,13.6419,11.8942,6.09102,4.01749,4.61947,8.75544,5.64011,9.98132,0.91362,7.30955,9.40523,23.9842,36.6816,26.1699,8.21418,2.5389
34.6982,51.8555,26.7408,176.008,131.697,4.57499,5.34461,9.98699,1.9387,4.16679,1.20057,11.5721,13.5713,2.89904,10.0001,5.19141,4.37914,2.04605,4.41469,10.4377,7.10181,1.20679
26.2759,30.8434,153.027,130.433,6.72291,17.4645,12.3902,15.4941,14.0771,11.6819,8.11548,11.6447,9.03007,1.05893,1.70206,1.99394,3.61481,14.9655,22.3728,18.2257,11.7177,2.33234
22.3485,103.624,139.217,31.8617,22.2478,16.1798,9.05212,2.65696,6.70509,5.37126,4.42376,8.2218,4.97421,2.74596,2.44588,0.196518,0.308825,6.96634,10.2862,1.53862,0.861547,0.784757
32.4279,34.0567,34.7726,17.0691,6.1891,5.36046,2.03341,4.36919,8.694,4.76346,4.38026,7.57454,2.39553,5.24687,5.5363,2.83447,0.337568,8.42539,12.5521,2.46734,4.47147,4.884
89.0669,110.568,79.4412,22.442,13.2086,0.722323,3.88725,1.8622,2.89724,5.65712,2.86122,1.97298,2.56516,7.40522,6.70273,3.32414,0.192199,7.61183,17.0103,11.3638,4.68815,4.03353
127.751,124.572,64.7063,7.19569,4.94077,5.81283,3.89804,4.44928,10.7197,8.69125,2.84456,1.12141,0.70238,1.55257,1.06271,1.86078,0.160934,4.36194,3.85528,1.34959,3.68775,1.11693
129.618,113.935,52.2094,2.32947,12.1519,6.88986,5.67588,6.39443,3.99531,4.62466,3.09095,2.94201,2.11936,4.65478,3.51594,0.920212,0.23002,10.2729,12.5361,3.64856,0.212907,2.91525
67.8186,49.3399,7.78906,0.374379,15.7699,3.06064,4.324,6.80085,13.5957,14.6409,8.90235,2.96202,2.2001,7.56675,4.32562,1.31663,0.969966,0.615499,2.0053,8.63358,10.4667,7.17977
59.1742,42.8914,7.16738,3.23046,19.4234,2.55976,19.8094,17.0126,5.09371,1.15283,1.05679,4.18047,6.05776,7.98213,1.41171,3.28874,1.36059,6.5866,12.7711,5.12308,3.01765,2.06368
160.295,130.553,50.5243,8.07823,20.9128,20.4385,11.296,0.474322,10.9276,7.96837,4.6098,9.30837,8.79311,4.23232,1.76311,2.95398,2.80502,1.76913,0.419579,1.81705,1.50583,5.38179
193.61,150.913,43.173,15.6839,1.74079,16.446,27.1024,13.9738,9.70411,13.6276,0.786474,3.5453,1.81169,3.90387,1.32425,1.08818,0.164163,4.04813,4.24953,1.04111,0.593694,0.168556
146.004,127.341,55.545,1.18132,1.68917,0.400846,2.78019,3.38583,7.56312,10.3337,7.63122,7.66374,4.39951,2.07356,0.533749,0.622815,16.456,19.5915,2.17068,1.03727,4.63217,2.72395
50.2828,43.4667,9.56839,9.96158,8.40187,17.9209,17.2875,0.198452,21.6559,18.5766,0.613092,8.98987,1.83945,5.61262,4.82544,1.73366,24.1953,30.7535,8.16457,3.22639,0.565976,4.27432
44.8421,19.724,11.3563,13.6826,12.5767,14.3116,2.62712,11.1955,11.1266,2.74196,0.0407125,6.5269,0.949385,8.91171,4.70799,1.25202,4.67235,14.5592,12.1195,4.43518,1.70508,1.19746
88.5511,59.9512,9.63878,10.5917,2.33144,0.54687,1.21992,6.31321,12.0283,7.34358,5.09226,11.2572,8.80898,0.673901,1.54809,1.49698,5.11637,2.23895,7.02565,6.87356,2.68713,0.743827
68.9478,40.4474,3.41781,15.2744,4.05445,12.1982,10.7756,9.62489,23.5629,15.8186,5.03702,12.855,10.326,9.09975,6.93088,5.97197,1.63442,10.133,8.7104,4.51029,7.04856,5.3065
14.3083,20.1541,19.717,8.79598,6.91343,8.22615,8.45398,5.84562,4.01124,3.53949,4.32706,4.63047,0.494656,6.11694,4.81039,3.30741,0.375816,9.47151,9.61346,4.26132,2.05038,1.30431
71.2649,55.2201,12.4062,18.7595,17.7709,8.49777,24.3146,4.69941,16.7004,16.0732,1.23583,12.5984,6.73921,2.63963,1.18694,6.70863,22.5328,17.3521,4.07171,0.372684,0.586652,3.24052
64.7471,66.9076,39.798,13.4073,19.087,5.17747,14.4297,5.20578,14.8404,15.4349,10.7182,16.2895,9.74781,0.0544809,1.43168,6.09757,26.9318,39.3364,21.739,10.0103,5.03601,2.66993
44.5671,37.9595,7.3929,9.85003,7.94468,16.7554,23.3133,15.8411,0.498439,1.56298,5.83562,5.09646,5.00251,0.781338,0.120521,0.312487,8.49782,18.3063,14.7493,5.39978,0.761926,2.33345
36.7408,49.9586,48.5519,20.1582,6.89544,16.5841,19.4846,1.23114,21.4479,12.3613,11.798,14.9434,5.07444,1.73186,0.182454,4.46079,18.6893,28.1164,10.4088,3.83253,0.307697,0.0101411
29.2668,23.5167,0.819332,1.5108,10.3695,5.21179,8.88727,14.5141,14.4558,6.85637,0.956479,2.99463,6.82721,5.54148,1.57836,6.42126,36.4357,49.1692,15.7489,2.63047,0.490946,0.39169
23.5344,34.307,34.7644,7.78929,18.2096,28.8948,16.666,5.93314,16.5467,15.7531,4.06837,5.94069,1.06762,2.12456,0.65794,3.34014,27.4571,34.6595,9.66131,1.99901,3.68358,3.36594
15.8633,9.74876,8.13021,4.75482,16.7281,19.4552,12.6771,1.01533,16.3018,16.5111,15.8204,18.4425,12.3745,5.12666,0.939757,2.33183,1.53035,4.78203,2.97745,1.50582,0.271165,4.92207
3.95515,10.0277,14.8314,0.680413,16.5778,3.40345,1.43582,7.14113,1.28328,11.267,8.189,6.37032,12.2483,9.32885,6.49222,2.47181,30.4037,41.1298,12.4168,3.57324,1.61535,4.32421
4.11253,4.59176,2.48297,7.31256,11.5009,10.3112,29.3407,12.383,11.5757,7.48127,14.0847,22.2643,13.2785,5.5708,6.84205,2.83358,43.3384,46.0205,0.934724,12.9363,0.102283,2.88883
9.91223,12.1939,5.32431,8.92283,9.89455,4.67308,9.71103,5.64633,13.4672,7.89497,0.365462,10.9769,3.07923,8.1261,1.19632,5.06512,17.9248,36.3459,17.0923,2.37559,0.0426542,6.16038
19.8366,15.4851,2.61737,3.66165,7.34198,10.9638,26.4022,18.1658,3.45841,11.959,16.7405,8.773,3.11018,13.5076,10.2852,4.09593,20.7282,13.5953,5.83055,3.48885,4.18298,9.59801
26.1433,37.3178,38.1799,6.53117,21.6826,15.9331,8.33732,14.5159,13.8899,17.329,26.2397,20.5976,10.6948,14.5412,17.389,6.06349,37.6876,69.066,39.2343,7.54198,1.13461,0.147968
38.7788,29.3555,0.0808236,7.45315,41.7378,37.4628,17.1092,7.00669,12.1965,19.7903,13.0876,5.6266,13.9286,7.68731,5.28785,3.654,23.4683,36.8438,8.34318,7.95636,5.71651,8.01123
44.7582,60.5836,55.0443,7.87404,28.6015,28.7012,1.06672,15.3152,11.2835,5.70838,5.00815,14.2269,7.32776,3.99241,5.64473,3.54015,3.44975,4.64381,12.7582,4.6823,0.226101,2.39094
55.4402,44.5106,2.84984,19.0913,3.60066,1.83242,0.566788,3.57384,13.275,9.33744,1.81372,15.3277,10.6612,7.76209,13.7256,7.95861,8.75048,11.0615,1.82788,0.405369,6.39317,2.34465
64.8648,81.6888,63.8645,12.0596,2.75988,13.8473,3.84116,7.39693,0.190641,5.24374,19.8892,17.301,3.62181,2.95245,3.09978,0.983421,22.2318,38.8342,21.9175,3.71936,3.46514,1.18989
66.7814,60.0556,14.0958,23.485,25.3745,18.4122,14.2735,12.3921,4.89584,13.4279,15.3249,9.80673,0.0607456,3.53357,3.34166,6.70016,30.9122,37.7872,13.2768,5.77123,5.52961,2.95483
74.7193,89.5202,65.8993,30.5788,33.3089,3.47956,22.2213,16.1749,21.9495,21.2305,0.606554,13.4248,3.9006,13.9812,16.6264,11.2077,16.7835,17.7751,3.20278,4.70942,6.18365,5.56261
74.6056,72.7551,29.6085,18.278,30.177,11.179,21.3282,19.5678,5.92841,0.914593,5.61096,15.1051,4.15383,10.684,6.54206,0.0290102,8.48763,7.28134,0.314602,4.08489,5.18584,1.67307
77.7043,82.7534,44.6721,10.1763,24.5483,29.4561,29.0463,23.9065,21.254,13.188,8.3906,20.8842,12.4302,2.84032,0.259472,7.41638,28.5534,42.2853,22.7847,1.95584,3.07783,0.141315
71.8649,79.421,46.2905,1.92925,10.3418,18.265,24.4529,20.3716,19.9625,12.1189,16.2201,35.4494,23.1288,8.48425,8.10541,10.061,25.5172,30.0959,9.54771,2.32578,7.791,7.43853
72.6571,71.6873,28.8595,14.116,13.9205,14.5406,23.6809,22.1948,5.86128,1.11152,11.8847,24.5764,14.3863,3.92481,2.34846,2.63966,2.44737,1.4142,2.39093,1.73055,0.196763,2.67462
72.4653,86.4367,61.0687,15.8197,21.3821,32.127,16.697,5.46765,21.4721,16.8122,0.148816,5.70634,3.80358,2.00963,3.35963,8.03939,13.9951,6.49834,8.44337,9.52328,7.59326,6.67549
64.5419,56.3743,11.5767,24.2326,28.3953,18.9362,7.48525,7.67922,13.591,9.02926,7.242,4.90051,1.04801,1.35498,0.843451,5.32591,8.28589,5.9233,4.19363,6.71047,5.44927,0.445189
57.0281,71.1493,57.8327,30.7113,25.9254,2.35321,0.0615563,13.1564,0.374868,5.04585,3.02912,6.01001,2.44286,0.376664,0.488539,3.24043,15.3273,19.8011,7.06564,1.22599,3.15502,0.0277601
46.151,37.2288,3.89234,11.6776,2.97016,4.51159,1.35218,0.902352,17.6646,17.8201,4.80672,19.2271,14.2244,7.26562,1.74619,6.41396,20.9305,24.2586,2.05437,9.35725,5.81366,0.736739
37.0709,52.2282,53.458,16.6076,3.19551,11.6092,4.15702,18.1194,19.6395,20.5973,30.8437,36.6508,25.2189,13.0002,8.12641,4.03189,5.3955,10.3831,2.13775,2.82984,3.15517,6.59898
32.2644,20.6825,4.29729,10.2653,32.7626,5.89678,13.8103,10.9765,11.1965,1.35279,8.16632,11.5976,13.0257,1.74329,6.44606,11.7661,18.4232,19.8102,5.68515,5.37379,3.17707,2.11508
20.2361,32.9542,37.6637,7.71182,23.4345,28.2154,12.5867,10.7008,20.7662,4.83057,16.7265,19.0609,0.364105,10.3051,1.04749,8.49066,28.1474,32.9993,5.5375,1.3429,8.45237,4.77658
15.7894,7.38912,9.38931,7.80126,11.7238,28.9128,38.369,17.2831,15.5048,9.22526,0.0471375,11.3346,4.76859,9.01273,10.2309,4.83321,7.47861,16.2717,8.10657,2.40837,2.55562,1.89133
1.42504,6.72923,12.3824,0.082305,15.3788,7.57185,0.258549,0.935906,7.53134,2.7171,5.96503,4.72618,5.15726,2.10938,6.29693,8.38217,10.4647,12.9617,8.42462,2.60088,1.18526,1.44886
4.60071,8.67786,10.9414,2.03585,11.1757,10.0514,32.3891,18.7548,5.00143,8.65618,8.08622,9.41669,3.78115,2.73595,5.12403,0.0875485,9.8968,7.3705,1.83077,1.00226,1.38823,0.900472
12.3554,17.1672,18.8133,8.32127,4.19942,3.45751,4.85341,13.2903,24.1502,19.234,4.93014,4.64861,10.7272,4.78038,4.17688,7.41044,11.8405,11.6817,5.18044,1.14538,0.261549,2.58005
22.5054,19.3074,7.30983,11.3392,15.0856,13.2765,26.5923,17.8477,17.5313,7.5951,2.16309,4.45383,4.51967,1.94708,2.06433,3.98134,11.3304,13.1747,7.22522,3.86277,5.09849,3.70001
29.545,38.8899,40.466,17.161,8.8674,18.0773,19.7284,15.7903,4.17664,3.13302,10.9418,10.6398,0.741924,0.49344,3.78948,4.83718,5.64114,7.0479,5.48137,1.34239,0.548664,0.0615779
36.0918,33.2256,16.0223,12.9191,24.4682,28.3102,22.9707,12.4448,18.9415,20.0578,7.54849,1.39588,5.13797,6.78583,9.39265,10.5157,7.06954,2.3614,2.10357,1.15231,0.650987,1.58125
39.2502,46.7373,37.7475,9.30338,7.26858,2.64314,21.0487,10.4009,12.4048,11.9973,0.162306,2.82375,0.498894,0.513198,4.00846,1.6994,3.5998,15.9715,16.4629,3.55408,3.91367,3.52444
42.0627,38.0537,10.5543,3.47172,15.1468,3.90119,9.60525,5.64486,8.37245,1.52549,1.39496,4.68371,3.66588,6.47482,12.0509,9.75338,7.98983,4.98621,1.60477,1.62497,3.71794,0.262068
63.6398,46.0793,18.1811,23.7172,4.70848,40.0203,13.8845,4.70053,5.97078,4.25383,6.45766,8.57113,9.64829,0.0219318,4.83301,1.64812,4.67804,2.13575,0.91684,1.65272,2.89922,3.96581
57.9691,70.0356,57.7544,64.213,69.9453,22.3521,7.63972,19.5218,24.539,20.5604,15.3878,13.3567,11.3195,10.3893,7.47868,6.22895,4.9314,0.989938,0.718768,0.29163,1.16896,8.08319
33.2469,37.2655,55.4349,27.9,10.823,1.86564,6.09955,7.39165,5.81868,4.25536,5.62246,6.46862,3.17237,6.04944,3.56639,5.5155,12.7148,16.7984,6.69442,3.30777,5.15781,5.70533
30.5178,45.6727,50.2625,22.0863,3.8134,7.10398,2.18369,4.66157,9.20735,6.93215,3.50897,6.14961,0.274603,12.4698,10.1319,1.77637,11.3996,12.2897,5.23402,0.0707329,2.81987,4.68341
43.5388,98.8659,88.2054,3.09873,8.12614,2.45015,6.60154,4.50139,1.60808,0.386585,2.90947,3.39777,1.46189,7.75182,3.70694,0.83431,2.34403,0.196173,6.48806,3.79329,1.15263,1.09495
14.8031,17.8326,10.6921,4.91546,7.51598,3.33887,1.15241,5.62701,6.64649,1.46654,2.23006,2.71011,1.3171,3.77828,4.79288,3.10074,3.0692,5.35036,8.02692,5.25117,0.775478,0.125763
23.249,25.6744,15.0341,0.761904,2.38612,2.59177,5.06241,8.73841,10.379,5.09393,1.89541,3.89513,4.06503,13.2095,5.41591,8.32499,13.9972,15.2743,9.08257,2.09251,2.99274,4.29887
18.1326,9.17938,8.23192,20.4985,20.2239,10.2776,5.59324,0.27861,11.0237,8.70557,1.46078,7.02979,0.603558,5.77597,3.80698,7.09951,1.27341,4.52331,5.61583,6.37116,3.27266,1.47774
54.412,44.3581,14.9727,4.30847,7.26427,4.14721,0.328387,0.468737,5.77363,4.21172,2.37434,6.7594,4.1353,7.2535,11.1583,3.85653,1.44025,0.398247,0.813237,2.27048,3.0003,1.4563
139.88,112.509,38.7635,4.21617,2.43754,0.621284,10.3674,11.3315,0.710418,3.16543,4.41147,7.38241,3.64241,2.15403,0.242504,5.51884,1.90438,10.0141,3.8593,0.871377,2.31724,3.7641
161.258,123.17,33.9543,13.354,6.41767,4.53264,8.07282,8.16538,6.44777,5.84363,1.21896,7.54216,5.71171,7.18908,5.17887,1.58298,5.40589,9.11187,0.0834357,6.91699,9.20535,9.21778
93.3195,80.0949,32.1859,5.85885,8.89444,1.02981,9.97248,6.61623,3.14147,3.62778,2.18144,4.4525,0.0815146,2.74034,2.15552,2.79165,2.87103,12.798,11.3439,5.48414,2.76902,1.15606
0.0801118,11.8355,11.1247,4.19941,8.98214,4.79007,4.54237,9.82576,12.7751,7.95048,1.4204,4.43513,6.82071,0.475821,5.09739,0.262833,11.7824,13.8714,2.12732,5.74269,6.76165,2.62348
21.2691,7.14007,9.08113,4.59958,8.10054,10.303,4.47897,2.59225,3.39244,0.946893,4.28745,1.59667,1.85262,4.50269,5.07663,0.861733,0.616351,4.08925,10.4263,6.21454,1.23345,2.61099
1.62329,2.47005,2.42552,9.67353,17.3066,7.18467,6.06258,9.76593,8.17691,4.38811,0.521573,1.85339,4.60837,8.57901,9.27223,5.07611,7.39208,9.29206,4.69792,5.77254,0.166965,2.51835
6.6082,6.36923,2.33853,5.31717,9.30039,3.27431,1.05288,2.26793,7.45324,6.16998,1.87405,0.852041,0.693016,3.93219,3.59964,2.26978,12.6783,23.872,7.60161,4.34587,1.48872,2.01805
7.21808,7.93486,2.7343,1.8589,2.95455,6.48804,7.12718,0.39273,10.297,5.83921,0.381799,1.33816,5.87767,6.75385,0.874085,0.167797,14.7284,25.4716,14.4014,5.26585,4.78565,2.60458
8.8742,7.21586,0.771015,8.37225,7.10329,5.8777,7.83626,0.244795,13.0462,11.1371,1.1999,0.883063,0.0796157,7.07653,6.7054,5.356,16.2357,21.3254,12.1297,4.68504,1.28004,1.55365
4.82428,7.00604,4.65269,3.60034,6.38753,5.09916,2.98979,1.86016,2.30662,0.0108857,1.38196,0.586683,3.8921,9.82805,11.575,5.28166,5.43447,6.04614,2.6759,3.93699,0.647553,0.402989
3.04271,1.81955,3.19583,4.80426,0.331,3.80604,7.42236,5.46883,3.81333,4.31432,0.0496206,0.409122,2.70376,10.232,10.0076,3.075,6.28209,6.13231,0.024823,0.973776,2.46502,4.55997
3.63366,5.41585,5.81831,2.63417,0.48688,3.30367,8.42645,12.2414,14.3449,9.06079,2.24316,1.67649,4.9993,8.48843,4.4934,0.806994,15.7588,25.1724,10.4206,3.82512,4.64072,0.24998
1.98264,0.307039,2.80496,0.589034,2.40678,0.497751,3.31649,7.09751,9.49673,6.18385,0.833947,0.859017,0.160307,4.19897,2.98208,2.51952,17.5603,22.3831,4.61158,3.72531,3.65396,3.88124
2.49235,4.701,9.68401,10.3577,3.91375,4.10449,11.03,9.93183,4.43692,4.2215,3.43142,0.604489,4.62577,9.71062,7.40019,5.60412,11.3713,15.5253,8.97103,0.579584,0.231011,2.40393
1.48225,0.423272,1.70188,5.78625,4.64578,2.09714,1.49543,0.62113,0.745784,0.517815,0.479544,1.04843,1.57608,1.36563,0.718433,0.84089,0.557698,0.260587,0.964024,1.08061,1.43322,1.28549
1.88556,3.48047,4.80667,2.6789,0.248115,0.574026,3.13165,6.77584,8.67606,5.39291,0.55895,0.526589,0.236839,4.36369,5.20529,3.14404,6.64982,13.5665,8.7187,5.79794,7.31708,0.942562
1.95277,0.545693,2.77667,3.02034,1.51053,0.561861,4.82865,4.15118,5.7897,5.90444,0.31266,0.883072,1.52836,4.28089,5.15478,6.75127,14.7452,15.0365,0.0558171,4.30273,1.53734,1.20497
1.40575,2.2447,2.04336,0.546626,0.49486,2.54061,0.438792,1.75867,7.24659,8.26273,1.25236,0.316669,0.716826,1.20576,2.63044,0.437533,13.3415,19.2574,6.55833,2.00058,2.42116,2.47226
1.6798,1.53725,0.817168,0.0582899,0.177843,2.70744,4.32455,4.63624,19.1146,21.2749,3.59428,0.0224261,4.06756,4.38717,1.75576,10.0828,15.3086,8.03664,0.764843,0.484033,4.57827,3.7299
1.392,1.70746,2.04053,0.404421,0.303001,3.3114,22.0884,29.8913,15.4329,1.89821,3.83484,1.33178,2.31915,8.95879,3.38209,1.70984,23.2995,28.5021,7.30994,5.79906,16.8346,9.40132
1.08507,2.00071,0.633605,2.10535,3.82649,6.64476,9.98064,2.19326,22.5596,24.1119,6.55942,2.00668,0.18648,7.31056,6.29058,2.94999,14.3042,14.5331,3.69632,20.4978,25.1056,12.0499
1.46684,0.221526,4.99536,11.6619,18.57,12.3422,11.9802,28.6176,31.0519,20.99,7.33205,7.44884,9.00482,6.44581,4.8425,5.37091,2.24154,2.16015,10.3994,22.4823,28.8455,17.7296
1.54848,4.0334,8.49661,12.3679,13.1034,10.3523,12.4596,17.1649,17.8148,9.80682,3.42262,8.52837,6.42935,5.47326,8.57132,7.45873,19.3008,22.5492,6.2708,3.03939,12.4693,7.41439
1.88852,0.912745,0.709429,8.04107,11.328,5.76295,3.9128,4.17458,27.4665,25.0101,4.06337,14.7306,8.00251,4.35912,2.64671,2.4832,8.6335,13.2301,6.24177,0.327505,4.04452,8.37338
1.56496,3.77552,7.84143,4.02849,7.34651,11.8735,7.45411,3.5335,9.46446,1.09307,0.938536,9.13756,6.96174,6.72705,6.05323,1.01557,0.975094,3.4691,1.0428,6.53477,9.38027,5.57576
0.960922,0.280617,5.01889,0.340687,12.295,7.68503,1.97236,1.52211,9.71639,9.83131,6.46754,7.9395,3.58327,2.78682,1.27467,2.36774,0.583765,3.20859,2.71281,3.69835,9.43006,9.48035
0.532188,1.92284,0.136038,14.7683,22.3483,2.16212,12.4972,2.51384,9.05615,9.7073,4.45251,0.596871,0.796872,2.96106,2.7948,1.44381,2.83778,3.35218,3.81004,2.78076,0.0972436,2.75232
0.0946672,1.11595,0.555088,1.35074,6.35227,6.19532,4.8065,8.79272,5.01813,0.479302,1.15644,3.69318,6.79857,6.28881,0.458948,2.83382,0.907905,3.42885,4.31321,4.75786,5.783,0.100724
1.62118,2.9963,2.5314,0.471694,3.04623,15.5011,24.929,11.6365,9.5401,6.7782,7.76044,11.4102,9.85002,13.2075,9.8036,1.68777,6.0309,4.05439,0.399759,1.09743,4.0529,2.00624
3.1452,0.809959,7.22798,10.9485,3.77168,3.63679,9.99498,3.56175,7.95004,5.45325,2.22942,9.31749,7.14113,0.146136,1.27155,0.428836,0.934072,2.58936,2.95336,9.32024,14.1315,8.01581
3.98492,7.9746,7.6118,6.96273,16.4233,15.7069,19.3866,13.2792,2.89396,4.83674,4.53601,10.6334,1.25078,13.3626,10.8337,2.55643,1.26114,4.31933,4.45219,4.95185,10.7725,11.12
8.36697,5.62733,2.69213,1.65299,17.0203,17.8319,8.9438,1.32697,11.0558,8.67007,5.40454,12.4744,4.33453,3.07202,0.131869,1.46051,2.28561,1.63312,2.04735,6.37377,8.28221,8.78462
10.0316,14.6527,16.5538,4.4778,10.1078,3.10402,15.9185,17.0681,5.24021,1.89347,2.30203,8.97288,8.82522,6.50515,3.80961,1.33413,6.40708,14.3849,8.7665,4.05102,6.60012,2.47401
11.7811,10.4968,2.55797,8.61421,16.5448,1.93426,3.91038,14.0573,8.91643,4.8653,4.48558,5.86144,4.21939,1.83574,2.79216,0.44792,7.78933,9.67727,2.05605,0.496126,2.28795,8.77862
11.4733,17.2736,17.1031,4.78241,4.08664,4.89345,6.20206,5.00893,4.78155,0.703536,8.77611,0.245323,3.90953,4.37382,4.75705,2.0399,1.21862,7.57278,4.78658,2.06998,0.319788,3.28202
9.99256,9.52487,2.34362,5.2421,0.850535,5.92813,7.23276,17.7671,4.45935,14.0592,18.7702,3.0715,8.28938,5.45069,0.297924,7.32859,27.7644,34.0601,11.8294,1.79932,0.809676,0.782099
2.9407,7.70098,7.64556,1.19883,3.3874,0.866256,11.6826,19.812,19.2049,11.3501,8.43793,9.18702,7.74737,13.5947,15.1857,7.03698,10.822,22.865,8.98222,2.10202,1.08247,1.55128
4.20408,3.95921,4.13619,8.85422,16.6714,12.1986,0.263989,2.46735,1.9015,2.04663,4.33409,1.98892,1.7343,10.957,10.2901,1.74759,6.51095,11.2487,3.72464,0.13925,0.518798,1.64737
13.259,12.2829,5.22488,4.83993,7.92446,1.40878,0.843184,3.29228,4.80228,3.40369,0.331696,4.30498,1.66317,15.6518,12.2179,1.07293,1.04167,0.531307,0.99422,2.02305,1.77039,1.33104
21.9851,23.8306,11.0943,0.79233,7.12523,2.53193,0.0464468,6.24489,6.4655,2.70847,1.46155,1.29297,6.86375,11.1849,3.45058,0.968993,5.66198,8.11112,1.5886,1.23416,0.262792,3.51291
30.9967,34.1063,17.1396,9.83325,15.6378,7.88656,3.92511,6.4019,0.0647758,3.68673,3.397,0.146995,1.10195,13.4853,13.9117,0.403964,5.27503,4.41245,0.920674,4.13885,3.76852,3.83529
39.2105,43.1367,22.4621,0.834762,5.1721,5.95192,0.0669117,1.85097,4.49206,5.59247,2.28833,1.9268,1.21078,2.59353,3.11848,3.62419,9.96363,7.50024,3.64571,0.291083,4.83618,4.97143
40.9177,46.8969,27.3143,2.951,5.76112,1.71289,1.13693,3.29206,3.33947,0.83535,1.61071,1.61718,8.84883,21.1482,16.5125,8.32599,12.9514,9.14417,0.929423,2.80421,2.33467,0.878795
43.3941,47.5631,26.5222,3.03943,3.16925,0.864186,2.6869,1.53834,7.92461,4.13987,2.91416,3.41204,3.69165,16.1049,11.8356,0.622592,3.75666,9.32316,6.06832,1.25166,1.24336,0.872604
42.1345,49.191,30.9225,2.2325,0.0767283,0.80975,1.3751,0.113923,3.01892,1.78293,3.40573,3.71652,7.58922,11.3792,4.45433,0.381156,1.73715,0.305441,1.04884,0.342022,0.387805,0.43581
43.3236,43.2285,20.1377,0.389008,4.46287,14.0326,15.2934,4.9417,2.63054,1.50955,0.633212,0.161007,2.15814,5.71494,5.38377,1.45597,11.6809,8.78245,1.35897,1.60561,0.18139,0.0361856
31.7805,41.231,32.2418,10.4451,5.63291,4.97663,12.5175,8.25765,8.10367,6.68401,0.332115,4.70754,3.7232,5.22805,6.18213,0.180351,3.23209,10.6436,8.94646,4.42619,3.03946,0.83579
33.268,24.0009,11.6328,2.0231,1.40012,6.87946,8.25656,4.53907,5.17826,0.454211,4.69125,0.0703867,17.805,27.6079,12.3194,1.31092,3.06376,0.246991,3.8644,8.98333,3.99856,2.63624
30.2464,18.7464,30.5445,15.2485,58.3944,58.9505,7.87228,23.2783,41.4666,32.3792,15.6993,7.4326,1.85748,4.95203,1.57699,9.93729,12.1111,9.2317,6.71807,7.3205,7.53516,4.71655
2.18961,33.8139,93.8137,127.718,85.8363,5.23391,9.54129,7.65294,27.0403,21.3927,3.41949,20.0881,45.1178,31.5916,9.89962,2.29569,12.351,16.3185,10.7865,9.02485,5.17747,0.686058
12.6013,81.8708,146.588,71.0237,2.08503,2.14263,3.20992,6.15332,12.1634,10.6998,1.63403,7.16602,31.4467,31.9202,9.00875,0.305143,5.78516,10.2685,3.47254,0.792922,2.20688,6.25878
43.3868,101.721,112.166,27.9471,1.65066,3.47986,6.52588,11.9792,18.0688,12.9563,1.34637,13.2169,31.2313,18.5167,9.19007,9.48226,11.5649,15.7462,12.7988,12.2461,5.2718,1.34633
65.3365,91.8999,58.8292,1.61435,1.27836,4.30609,0.96772,1.58308,27.0849,28.449,10.6493,10.2433,10.7522,27.5651,10.9875,0.107285,12.423,19.0183,6.12818,0.416131,1.85395,3.25751
44.0066,48.9036,29.1184,2.10602,11.1385,6.2091,1.81631,3.21186,6.85026,8.34358,6.03121,2.76702,44.3736,51.9113,10.7351,1.05314,14.7398,19.4018,10.6464,1.06039,3.07237,5.15358
46.356,39.5113,9.36611,0.29181,13.4418,11.4916,6.59392,12.1733,33.2197,28.2621,4.36715,5.11174,17.86,14.1836,0.0859544,0.269496,7.42757,6.40734,4.14428,7.40573,5.59626,0.971424
101.824,83.0456,34.8293,0.748456,11.0903,21.8394,23.1674,18.8675,17.9746,11.3289,3.96229,11.8111,58.6286,53.2451,9.56903,0.0298313,6.02224,3.379,3.80179,2.13868,3.55116,2.01754
138.124,96.6442,20.1593,5.18142,4.9633,8.23201,5.41699,9.67178,23.6143,18.2828,6.7725,14.8176,29.9586,1.15144,12.1195,0.124698,2.97672,6.40315,5.49149,1.97907,2.81805,1.40062
89.8431,69.3013,29.0375,10.9228,13.1754,16.5036,20.3668,27.8991,39.7393,27.6277,4.01241,21.6514,41.0631,17.9015,6.79511,5.17411,5.99836,7.65721,0.159246,2.96362,7.08227,0.184161
13.7299,17.9785,18.7145,17.1493,25.3047,28.6827,9.15941,0.85186,17.0517,17.263,3.20611,26.645,58.8491,40.5685,12.7964,5.04504,4.60709,12.2324,10.6081,2.80896,2.98073,0.104541
93.8422,68.6825,18.5695,9.64827,20.3224,18.8739,3.36138,6.52241,12.2161,8.54233,3.10538,21.0451,49.4846,18.1562,6.76632,1.9782,6.23724,10.788,8.33153,0.131644,3.53544,3.07552
76.3642,69.1405,31.3198,8.36986,15.8878,5.09185,6.64062,5.20195,21.3337,19.3841,0.593841,17.512,46.1953,26.1715,4.09608,5.98363,1.43123,3.3898,4.60826,5.53937,0.652077,5.84691
49.0382,52.8572,28.1267,6.03242,7.84506,2.8085,5.94744,9.28409,16.7779,8.37118,0.460091,16.4486,40.7501,35.758,12.4349,5.05929,6.29306,1.17776,1.07226,2.21454,0.00968233,0.579817
42.1857,42.4992,15.851,13.0126,14.9845,2.75,7.26246,5.07417,10.9093,2.15623,1.38701,5.56963,8.00363,18.9699,7.31482,1.78911,9.71728,13.0713,1.3736,5.37075,3.43312,3.83439
41.9096,51.8392,38.4919,16.0719,17.8813,9.56714,44.4742,27.811,1.30826,3.53996,11.1783,18.2271,47.0523,42.8085,8.16113,4.94873,27.295,33.5393,11.2355,1.3444,1.1141,3.81959
38.5817,33.8799,8.82607,13.5822,20.4132,9.01865,6.94575,2.28567,15.7599,9.62416,0.43801,2.23842,8.81099,16.9599,11.3552,0.943925,7.02279,13.3508,6.8752,2.23297,2.96579,1.99183
36.487,49.3606,44.736,27.969,29.7115,30.807,38.7439,31.1844,8.13824,0.479367,6.42394,17.507,16.7636,9.39496,4.25624,1.42789,3.8987,9.48676,2.10463,2.32248,0.651612,1.2583
32.8471,24.9671,3.76177,17.1847,15.274,19.9619,10.2979,9.02736,22.6016,18.2886,0.950275,7.24207,13.5006,19.5182,5.14866,5.91705,22.527,25.6974,6.24721,5.86291,4.13261,3.4081
28.3974,42.1801,40.8291,11.0146,0.8553,6.50762,23.2012,26.582,24.1608,20.5749,12.6803,9.37617,2.82762,14.3946,9.19553,5.20457,16.8574,19.3405,3.53021,1.38645,0.452151,2.75281
23.1206,15.0986,10.5865,14.364,9.71244,24.9873,18.2729,2.61079,9.79192,0.682947,10.7039,8.18768,5.94487,11.04,5.47984,0.691539,1.64729,2.76943,0.80304,2.81232,5.16913,2.37727
16.2797,29.0352,31.3305,0.979657,26.9094,25.5551,18.4281,2.23778,23.6102,18.8733,3.90423,12.9724,15.9171,8.26081,1.07058,4.49713,9.61744,9.1257,0.462768,4.0956,0.49831,7.03641
11.5852,5.31208,9.03671,0.674033,19.8172,1.83354,7.68126,1.62629,12.7333,10.2886,6.12287,7.96709,4.29364,6.59406,0.866631,2.309,13.6901,18.7639,4.55554,1.069,7.28532,8.34993
2.97378,0.720583,6.28647,2.64497,7.53837,15.0013,38.6294,20.2082,5.23612,15.4481,6.31376,24.2356,29.9391,2.02233,4.46338,2.58583,12.0244,23.3419,8.73975,5.16464,1.50853,0.821144
7.80054,7.7521,0.293377,8.98602,8.74711,1.88576,8.08192,3.63364,11.7982,16.4866,22.2262,12.5926,23.058,32.171,8.72504,2.47963,7.78098,11.9579,1.30616,3.86576,0.449032,8.72326
20.6732,23.389,16.555,3.61096,9.15414,13.5215,26.0227,13.9836,8.26868,12.267,13.2289,4.96377,14.0908,5.0994,9.59481,1.00105,2.49781,7.24061,8.0768,3.10229,3.03468,3.88896
27.7519,22.9993,0.400017,1.15866,21.0597,9.48121,0.705437,6.4141,12.21,4.50393,4.04118,9.7173,26.916,21.6352,10.1655,5.57488,6.75754,12.7556,3.91141,1.83599,1.35578,1.38527
41.7487,53.2085,48.1304,11.0278,19.5392,29.6791,25.2185,18.3981,18.9483,8.66188,11.1459,8.47577,16.0298,26.0423,8.69178,1.25912,20.0249,24.0997,2.55133,7.55643,4.8947,6.26338
48.4602,39.4165,0.0458415,6.24252,28.1923,32.0783,10.4271,8.27957,7.94744,14.7563,17.9466,2.14981,9.57028,37.123,21.7027,6.19462,20.2539,26.5489,9.6286,0.630918,1.65072,0.80374
58.2923,74.8507,62.9007,4.37938,20.1567,1.49187,4.09476,5.98059,6.75284,13.6886,14.4191,17.362,3.71244,18.9191,19.1959,6.22875,4.13415,12.462,12.4857,7.42813,1.34919,6.69695
67.3558,55.618,8.12182,7.94517,6.949,11.0064,17.3283,4.8767,5.74792,7.68478,0.910363,6.37496,8.17973,5.45774,2.52058,1.13439,32.7752,42.5943,12.7178,0.523638,2.98926,1.55276
69.8205,89.7638,78.2785,41.5427,32.7549,22.5204,23.4141,19.5363,1.18169,0.0356953,1.02137,6.34976,7.50129,20.0095,9.20149,1.51191,25.5554,36.7541,13.1846,3.4704,1.62928,7.08844
79.7533,72.7913,30.6627,12.2025,28.4992,8.42901,17.2057,13.0566,17.2573,6.04552,16.046,18.6094,9.7493,9.34011,17.9366,7.54807,5.10389,6.40971,2.20105,1.44035,5.72054,10.2831
76.5043,90.3375,71.9751,48.0785,50.1099,16.2704,18.2384,22.5329,20.4547,5.49869,12.0508,0.381036,14.6939,7.17965,1.39737,5.14306,26.36,29.8604,9.89816,1.24135,5.50746,3.06784
80.9217,82.2596,47.3766,1.29271,19.2438,24.2703,18.0134,11.7069,1.5125,0.216508,8.42809,16.4721,20.7367,22.6269,14.6424,7.59725,25.3481,33.624,12.7685,2.77355,4.67717,7.71851
80.3073,81.681,40.7319,0.648199,7.09563,19.5002,12.6182,3.85421,16.3062,15.7151,7.38545,18.9999,9.72699,11.1116,14.4601,7.30176,13.2785,16.5072,8.72327,5.82096,4.28349,5.26212
74.4515,85.0001,57.4275,18.0758,23.1124,24.348,16.2875,5.95118,12.4607,16.0472,8.82356,5.98604,5.64331,6.62402,0.878099,3.24279,11.9216,10.8987,0.143332,1.58237,0.536584,3.64756
73.3636,70.0495,29.899,11.8179,33.5983,38.3238,0.335845,19.0023,1.80982,5.26789,5.79772,4.91432,8.89151,11.8995,4.9202,4.71022,20.6357,29.2318,14.3874,0.453573,4.54136,8.74536
63.7735,79.5129,65.0073,35.5863,33.6429,12.5462,7.45057,1.08464,19.6554,16.0725,2.2023,2.40216,4.11299,8.39961,7.63058,2.04329,16.4525,26.0209,12.2524,6.32991,7.17059,3.04937
57.5337,46.2007,5.83894,18.0865,15.264,1.92628,6.36977,26.098,20.8762,18.6001,8.58687,3.16379,5.1177,1.36149,4.70354,2.18653,5.26685,9.96293,4.815,1.60088,2.40851,3.07587
51.0271,65.8113,58.3196,31.199,21.2515,8.21235,4.00366,4.25185,21.5945,11.5503,19.4819,32.4812,20.7057,9.98443,1.99809,4.02422,6.50091,7.3079,2.76025,10.4779,10.6356,2.99035
39.6609,29.676,5.05084,15.5532,5.32244,24.3299,26.5709,2.72162,21.7455,11.815,7.58516,20.6909,13.7584,1.76709,0.76871,3.58587,22.2142,28.5237,7.24859,2.30262,1.65683,5.80247
31.0485,45.6912,46.2793,5.76688,20.8737,5.61503,32.829,24.8862,18.4666,16.6886,11.9951,16.8227,13.4016,3.5357,0.995424,3.18856,18.6214,25.3428,7.44683,0.263084,0.468385,3.88322
25.3611,17.8603,5.41997,0.881741,29.7609,30.5939,18.8025,3.59438,14.3212,15.5104,8.04396,1.75155,12.7006,23.7179,6.78759,8.40218,8.86684,5.57611,0.88827,2.57395,2.7319,0.0920904
11.038,19.0376,19.5296,11.4836,42.0382,43.835,35.4694,16.1257,3.59363,11.3226,17.9895,13.951,0.530304,13.5005,13.7531,2.01387,20.0793,25.7025,2.9524,5.82191,1.17558,5.91751
4.32173,1.33,13.8736,2.96791,33.0342,16.5265,13.3078,12.4502,0.531536,4.40693,15.5886,13.2064,5.72045,6.17246,9.0806,1.92092,19.6916,25.3639,6.17643,2.25882,1.1205,1.13695
3.57953,7.72091,9.71936,11.2756,10.2388,13.6673,28.0959,8.07433,9.44047,4.57507,5.83684,16.8115,12.2071,4.4827,1.21143,2.14526,8.71724,6.45588,0.0652847,1.54867,3.61237,2.03479
15.9023,14.9489,6.2424,3.24024,6.39827,1.12133,8.86478,16.5277,15.5007,8.93536,4.14681,17.4036,13.7839,1.26464,11.4526,7.69124,12.9109,20.3509,4.83989,3.03305,1.10491,1.56856
19.9398,26.826,26.5073,6.99493,9.40491,0.755048,6.05764,3.22592,0.0655467,0.69272,3.84081,17.1043,11.9823,0.655867,2.93303,0.411999,8.89611,10.0611,1.10767,2.31178,0.412277,2.84905
35.2275,28.3017,3.35386,7.48323,27.8615,15.9078,15.8907,22.4125,11.8568,3.04794,10.4944,17.0259,0.0536421,10.6101,0.595292,1.52326,7.55035,7.92076,1.70248,1.49237,6.38859,6.3843
37.4618,49.1806,45.9642,10.9284,23.2423,28.2517,1.95886,7.57551,8.0555,7.73657,6.66364,13.5309,4.93214,2.34804,4.94678,4.5158,7.83418,9.9078,0.897518,1.14184,1.20526,1.81056
42.7467,36.7346,7.89222,4.61032,26.7774,14.486,11.2545,11.2988,8.00759,4.91612,4.46338,0.965547,1.92606,2.98208,2.85086,0.875383,0.00616139,3.33194,1.91793,1.40372,2.08552,1.124
48.0499,59.8659,47.4292,0.0579589,19.0471,1.13941,4.79189,13.5216,5.57632,2.14119,8.59887,0.0558058,5.10773,2.22077,3.42964,5.4877,0.253235,3.70771,0.737509,0.610008,1.22016,0.965057
48.5056,45.4612,10.3874,10.3563,6.53939,9.0187,13.7953,3.83857,48.026,31.5439,8.15908,2.06988,4.1921,0.71383,1.96857,2.43259,8.61956,5.84208,0.815673,0.264867,1.86098,1.34771
51.1132,60.6536,40.3624,2.28966,6.99414,12.3831,1.05083,37.7531,55.3319,28.5953,1.34886,7.11486,0.195306,0.875877,0.518624,1.4118,2.95093,4.0928,1.32659,0.854268,2.60716,3.5367
51.9945,48.9425,19.2902,1.83975,2.24858,7.48517,12.3813,24.9132,9.49327,12.5654,3.02314,7.0097,8.42067,7.67157,4.49467,5.08122,7.82332,4.13511,0.094199,1.36019,3.75322,5.91082
46.0905,70.7302,107.947,84.9001,8.98335,52.1034,25.5436,27.3125,43.7535,21.7726,7.1376,6.06299,2.43463,1.82817,6.20972,0.963883,3.81686,5.82644,8.41343,0.661237,0.623419,3.55292
15.1054,4.57582,69.6345,169.775,100.897,6.74356,0.151425,42.7776,60.8751,27.8501,3.04555,3.79123,2.36865,15.6609,18.2578,0.703646,15.6181,7.87085,1.25245,5.03353,9.09562,1.25308
26.3542,34.7357,46.3623,42.9519,15.0272,1.9256,2.00193,10.6602,15.3366,3.04185,12.169,4.1401,6.89753,3.03077,8.89406,9.99282,5.30777,20.6618,12.8877,1.84911,4.66972,2.66968
6.22831,15.0566,19.5012,3.91866,13.1855,10.1863,2.667,5.37471,16.3699,21.3259,10.7455,3.25456,0.937046,1.17799,1.1366,0.334702,14.9159,23.6888,10.4219,1.96429,0.0465637,1.42336
85.3301,122.5,93.7183,15.3241,8.78964,4.64455,3.33118,12.0321,3.09104,4.59065,1.27907,5.3897,5.68623,9.52861,5.85553,0.843305,10.4108,16.698,5.35906,0.820227,1.51165,2.79395
102.333,117.241,62.4804,11.9282,15.3566,8.11181,5.80886,4.52245,32.8554,22.9858,2.37007,7.1202,9.16544,9.93541,0.600594,4.08412,7.56868,9.81618,3.17565,1.44233,3.91751,1.00343
132.194,126.943,61.5678,3.63992,3.67459,1.45799,8.50585,14.7297,58.8665,42.8439,4.78007,3.01778,6.71708,8.23348,4.49015,6.71132,17.207,15.4061,5.23689,2.60578,2.75686,0.196898
155.215,132.737,56.3629,7.21833,7.31408,2.02951,9.60891,27.2928,42.6593,21.9607,2.52334,4.92273,2.24239,0.582833,1.1163,2.61016,2.49583,10.6581,5.92653,2.82773,5.29153,7.34616
133.617,109.007,44.357,1.05542,5.80945,3.11252,5.29186,11.8418,8.09525,3.09132,3.56395,3.64638,8.41313,10.7854,5.00012,5.65044,21.078,20.836,5.60952,2.18855,4.93146,8.77856
37.2586,33.9485,10.1453,2.10203,8.24795,6.61754,5.07889,3.82882,8.0674,14.2534,2.69221,6.3249,7.15297,10.4855,6.40333,4.62482,11.2102,8.81245,4.31855,4.0315,2.23869,0.285801
52.4889,29.1713,3.80757,11.2783,20.4871,13.2298,3.12305,7.83851,16.467,8.23308,5.45774,9.24496,10.3029,14.1281,8.1219,1.81927,1.10999,5.97326,0.247793,6.76847,8.77205,4.38286
56.4026,38.4476,10.5284,0.471838,7.16579,9.11033,5.86639,11.4278,45.2798,38.3645,11.3529,11.0777,15.9878,19.2893,12.2824,1.02209,12.3053,22.9916,12.6129,3.07406,1.37819,7.83086
12.3614,13.5888,6.63016,1.7759,0.152327,3.49211,11.8357,2.5979,33.9395,19.9679,12.0903,16.8536,11.3493,5.41743,3.0374,4.61415,29.2179,34.4361,12.1979,1.23412,5.73443,3.12468
2.20528,1.89467,6.93377,9.44256,0.360184,5.02976,4.22368,5.47942,4.34074,2.6382,4.58071,2.34367,3.37136,14.631,9.05146,3.42592,9.70474,7.73751,7.5614,5.61231,1.43804,0.429532
1.21968,1.90612,4.00958,6.4621,16.3843,10.0926,9.67908,1.41402,35.9694,32.0163,4.18086,2.83752,15.5247,28.0237,17.0411,3.30313,4.47607,7.12752,1.28003,1.0252,0.13649,6.88031
0.278224,3.04725,5.49951,6.02215,18.1664,5.09138,8.87738,24.1177,51.5931,37.9694,6.46624,1.23699,5.37714,13.9287,10.2466,0.542367,7.10932,13.9404,10.3252,7.8512,6.72717,0.542294
0.91025,2.3879,9.38731,5.08809,8.28423,4.75229,4.73784,13.1967,19.6256,8.17934,4.05049,7.91548,3.6709,6.15381,5.72081,6.021,26.1202,29.7769,9.24622,0.591847,3.20138,4.45626
1.48294,2.4703,5.74472,3.76453,11.7435,8.43418,7.33531,10.7916,16.713,13.8925,1.53952,9.14944,1.83787,11.8106,5.54931,0.0785177,5.29007,6.24473,0.913458,2.02836,1.02829,0.195931
1.0168,2.45504,6.28019,3.60476,0.937062,2.14835,6.08534,1.0339,24.9404,19.674,8.25322,14.7603,8.30372,7.01766,7.91828,0.632139,18.444,24.2833,7.80337,2.44788,3.0537,4.79166
0.320213,2.34783,7.57873,12.4053,12.753,8.80934,7.59782,7.0408,25.1479,14.8587,2.11547,9.06602,3.04304,8.71189,8.00804,1.62867,29.2392,42.4408,17.3333,1.54821,2.69155,0.430727
0.263422,2.3741,2.61091,0.915577,9.70484,12.3322,2.59281,17.9703,22.6463,13.2692,7.42764,8.65314,2.71932,2.84418,4.69251,3.82803,20.118,24.3838,3.82016,4.06591,1.03317,0.884565
0.393989,1.93325,3.46644,10.5625,18.1263,8.6543,0.657339,1.15074,1.41006,0.751321,2.77525,7.78804,7.79863,6.58525,2.80308,5.75168,16.9866,14.2916,0.938923,4.53215,0.403785,1.01243
1.56686,0.917694,1.09985,11.9216,18.1892,4.61205,0.666419,12.1851,16.5913,8.26529,3.71009,5.94929,2.12121,0.254862,2.40607,1.37935,19.26,30.4716,12.64,1.34371,0.458609,1.12217
0.268325,0.499831,3.89428,5.07603,6.45622,8.55933,4.07955,1.45243,13.392,9.16244,1.28585,2.28715,1.62456,1.32651,3.47769,1.77661,17.2476,17.0036,2.9567,1.57907,6.57558,5.49962
0.188294,0.944744,1.68235,10.0763,12.6705,7.44715,1.18615,0.120862,11.8453,9.07298,1.34083,3.13827,1.72159,0.328387,3.93811,3.92178,18.0031,14.1586,5.65821,4.8124,1.7825,2.95153
0.0707825,1.86614,4.98592,3.64038,0.808121,0.852143,2.43353,5.38097,5.23287,5.48095,2.88958,2.35713,5.14235,4.03414,1.39225,1.39716,4.11932,5.16427,5.04942,0.7237,6.42983,8.8414
0.9023,1.82705,6.86953,9.33265,8.60045,6.74516,0.797149,7.04336,24.7612,17.984,2.95108,0.799168,2.73201,1.95571,0.00783604,3.48206,8.22616,0.281346,4.61744,1.9167,2.19393,1.69791
1.42107,2.15066,2.69617,1.73547,0.121847,3.07032,3.3424,17.9379,43.4552,33.6536,5.35759,0.722075,2.43188,1.81293,1.69766,4.05165,24.4989,31,10.5849,0.776901,0.95309,3.01568
1.78606,2.47,6.00531,3.98108,12.4201,19.9024,2.66094,5.69769,11.3459,9.56339,1.65977,1.40274,3.8796,7.72552,5.34684,8.12257,31.9147,29.9063,2.76145,3.81703,0.197469,3.60418
0.161643,4.53553,12.7571,14.1422,5.57006,1.07868,9.86382,10.7455,10.2584,10.835,5.19142,9.08724,5.53237,5.97838,6.25753,4.92054,17.2393,13.1756,0.725129,3.97705,6.52772,0.889015
0.518339,2.07985,4.31736,4.07942,13.3459,11.5473,2.33689,17.1393,49.607,33.5786,4.10225,11.173,1.80875,5.79591,2.571,4.27801,30.1579,36.6466,10.6262,3.50087,8.81407,4.1346
0.900012,1.35823,2.29787,6.53275,15.431,8.00392,1.65116,18.9528,47.0505,33.4745,4.0847,4.67811,3.04919,5.69107,3.82044,1.38779,12.4127,16.326,4.19601,2.6318,0.438686,4.57512
0.815033,0.404529,1.57137,3.04873,12.1306,2.82225,10.0975,4.04656,5.00812,4.10198,0.463688,1.24825,1.323,3.78781,4.8186,4.2295,15.6136,13.415,2.4144,2.16692,7.16036,13.1127
0.18196,0.359827,0.57259,5.10512,10.795,2.03938,3.36939,10.1033,37.5456,34.0773,8.07484,4.39638,6.47156,6.59928,4.4818,1.79044,8.72323,15.2632,6.40098,3.45209,0.433416,0.667285
0.23824,1.21122,3.69514,4.01112,6.27265,10.415,11.677,6.76921,39.1732,32.1542,0.0832901,11.3336,8.95572,2.04547,1.41651,0.440393,6.85422,11.2709,4.38197,1.4146,1.95231,0.099987
0.148675,2.02692,3.6732,2.04948,5.59642,1.73613,4.27502,1.11789,4.20777,4.8301,3.55862,12.0572,7.07933,3.61166,4.31437,0.360624,1.69964,6.71631,5.01868,0.448741,1.74952,0.309939
0.576646,2.45652,7.11285,0.175577,13.219,14.963,10.5774,13.0049,47.2664,34.2281,6.85524,7.75469,2.246,5.17322,1.19424,2.2875,9.06191,5.96356,1.84843,1.22961,1.98208,1.61988
0.524976,2.80478,6.66405,3.54334,19.238,20.5144,14.0342,13.4392,46.0743,30.6553,1.23709,9.30834,4.53686,1.41431,3.14493,2.1784,3.28269,5.81459,1.39385,0.452444,2.32179,2.42405
0.33687,3.02928,7.94467,1.08782,14.0089,8.85932,2.65003,6.87296,17.0215,7.00815,1.0045,4.77422,7.07014,9.62512,4.05881,2.80268,21.3827,25.1432,7.08673,0.405712,1.41558,2.44848
0.267984,2.98872,7.57959,0.796917,7.15657,1.92352,8.22736,4.49413,0.469727,4.7842,0.332416,4.22468,0.521226,7.45065,6.54635,1.1437,5.13702,9.74077,3.28347,0.672241,4.46148,1.13384
0.0127439,3.41801,7.59232,4.01863,0.219215,3.46158,4.19183,4.85004,8.12671,4.10773,4.69188,11.1573,9.67269,2.97082,1.46049,0.256996,5.54323,5.12155,0.579353,0.780787,1.77737,2.19974
0.524124,2.66962,5.72123,6.69503,6.74681,1.09384,4.90256,12.7773,32.122,19.7482,5.12209,10.9729,9.97071,6.1499,3.40494,2.16001,4.73425,16.0568,11.63,4.01497,3.62276,0.304217
0.196069,1.79027,3.70585,8.29448,13.7754,6.23903,3.64659,13.3653,38.1975,25.0794,3.16447,12.12,8.03256,5.13426,5.53064,6.88757,17.1201,18.597,4.07254,3.27533,1.89903,6.55441
0.269965,0.39912,0.416467,3.34956,10.0069,8.86813,7.07794,25.3291,31.7556,7.56917,0.822238,4.13909,1.51739,2.32961,4.58752,3.51125,3.52934,4.11799,0.896838,0.463751,3.25941,0.556707
0.252573,0.0242859,1.33505,0.495183,5.53621,5.58852,2.16753,0.588234,12.0531,8.84139,3.46488,3.70883,0.519916,2.93042,0.818177,4.02757,4.93004,1.33308,1.8829,1.68928,2.20848,1.93833
0.0490969,0.485316,1.51451,0.491917,0.0531867,2.12755,0.948349,3.19438,6.97821,9.77727,6.90961,0.259781,1.87614,0.644369,0.283273,0.0903353,0.639734,2.9006,2.4214,0.0718357,0.179616,2.85617
0.191161,0.0994624,0.962915,2.13484,3.15291,3.48839,0.364392,0.715164,4.95124,4.2693,1.6652,1.93541,0.534032,0.306611,1.88854,1.8545,2.78586,0.658281,1.99524,0.353267,1.59873,3.93557
0.0171826,0.0321089,0.395831,0.183676,1.04437,0.951378,0.301405,6.23883,21.2877,18.5943,5.5184,2.54549,0.893363,2.6488,2.87603,2.05964,7.08473,7.36796,1.27317,0.323522,1.65188,3.15193
0.0079041,0.123454,0.0769041,0.806342,0.119567,1.68321,3.72514,1.39138,17.1634,17.4987,4.48386,0.887793,0.329742,2.62054,3.59403,0.677043,2.17438,1.83241,0.491797,0.927467,1.78508,2.40122
0.159161,0.128115,0.214671,0.0078927,0.36715,0.66753,1.33952,0.0871395,1.49756,2.65632,2.31398,0.15738,0.225292,1.02796,0.924266,1.09487,13.2708,13.9649,4.12727,3.41392,2.23609,0.749033
0.00948544,0.0426722,0.0744827,0.28503,0.535458,0.845578,0.728816,2.93524,15.1129,14.0577,0.231233,2.49178,0.960367,2.51724,4.03217,5.01841,0.857546,3.55799,2.44128,1.43358,0.135442,1.56721
0.0149732,0.00267748,0.362738,0.797182,1.15679,0.188626,1.32839,1.41521,8.77302,10.6094,1.4898,0.350607,2.43221,3.33481,3.03529,2.12002,7.43811,10.281,3.11248,0.225926,0.104445,1.23485
0.0657052,0.124271,0.513231,0.511842,0.3087,1.56603,1.79455,5.06915,11.7432,6.95416,0.730554,0.78286,0.105577,2.82781,3.21316,3.32051,15.5523,15.4802,3.77237,1.8894,3.85711,3.9211
0.160085,0.156518,0.126889,0.490501,0.592761,0.492261,0.710006,3.72001,16.7238,14.1551,0.0524694,1.5843,2.67747,3.54394,0.412863,2.43422,5.72969,0.263532,5.06194,6.97224,5.72937,0.550422
0.0642225,0.0126959,0.119362,0.0565585,0.366301,1.07861,1.54225,1.01009,3.85321,5.09096,4.68598,1.35128,0.10603,3.28889,4.11811,0.0413099,2.93846,3.12311,3.47912,2.03626,1.59779,1.88486
0.114518,0.0881126,0.444386,0.26043,0.342061,1.21036,5.08317,28.0479,22.3987,5.37543,2.89014,2.24504,0.0746716,0.456182,1.01775,3.11321,5.52294,0.857045,5.64858,2.46924,1.64625,2.45603
40.9995,36.3104,25.223,78.5924,5.51845,54.5989,18.8031,11.324,60.2101,69.9686,28.1439,1.62493,1.0187,3.92194,4.45857,9.16453,14.3156,18.8743,9.36438,3.08146,1.04209,3.76561
26.3456,53.6112,5.22931,148.001,118.111,7.32784,4.62793,7.19211,14.5406,17.1613,15.6219,13.4864,0.107301,6.59583,0.21191,10.9685,24.4803,29.5559,20.4265,11.974,6.80635,1.09104
27.9863,31.7494,148.959,120.898,9.59346,3.2368,1.59149,2.85613,25.148,28.7167,9.77663,0.862439,1.43292,2.12537,0.823188,0.644596,2.70259,10.1328,22.5132,9.9201,2.34378,2.18349
24.8172,103.311,139.432,39.4151,10.5592,3.40162,3.62331,8.58948,25.5189,12.4409,4.39458,1.91523,1.3791,1.19562,0.0552424,3.58471,12.9497,3.47123,19.6766,14.5224,0.538976,0.377142
43.7246,51.2364,43.3014,10.618,5.54328,1.91814,0.533592,5.75181,19.8482,17.7378,4.87446,0.909433,3.21996,3.30065,2.3792,2.67385,11.6501,22.0814,20.1643,10.5673,3.10693,2.27131
99.5122,122.205,81.9256,13.4822,10.3375,10.3058,3.48195,4.9578,10.5948,2.3126,9.54019,1.89378,0.177295,0.122462,0.384442,1.70528,10.8851,18.4151,17.7606,10.768,3.18389,2.55549
125.197,126.395,66.8513,4.57252,4.11837,8.79392,9.43233,5.41885,41.1592,58.8672,30.6041,3.51073,2.52532,2.56896,0.427195,3.13721,6.31429,2.88151,13.6704,18.0136,4.93884,2.35528
134.798,121.09,54.9135,0.0684,3.7755,0.188942,3.60284,3.62962,2.59504,11.7379,13.4511,1.5917,5.02706,1.35953,2.7951,0.611951,11.2208,13.8639,17.2704,16.747,3.47815,1.20234
112.291,85.8932,25.512,0.678726,6.23079,5.4055,11.1489,7.58352,37.6942,41.251,23.7062,10.5565,0.1958,1.68965,1.92511,1.12938,4.07933,7.02266,1.66161,0.0695904,0.449427,1.59284
9.55581,7.61026,4.96132,1.49338,14.9613,24.1994,11.9417,13.3347,35.0552,6.22244,23.002,5.15941,6.69012,5.34448,1.14415,1.42851,7.89952,11.3192,3.0233,1.86962,1.87809,0.914036
111.234,91.6104,37.6382,1.69961,5.21125,1.45673,1.37032,5.46299,4.10493,8.9527,20.7577,13.2211,0.884435,3.31106,4.45913,4.36011,9.15366,11.4389,7.40772,7.70957,6.16965,2.41308
190.191,146.492,41.2574,11.3404,5.40796,10.4483,0.600547,1.51302,34.3634,23.5557,15.8245,10.0866,6.17836,5.3546,0.15575,0.604741,3.08326,3.64292,3.89446,9.86862,10.2709,6.24881
180.614,152.926,63.1677,4.78979,0.79432,16.5885,17.5543,1.25507,7.19138,23.1205,43.4776,20.8736,2.05587,2.82603,4.54992,7.70296,12.0885,7.84387,2.45923,1.17658,5.55268,5.82114
116.978,97.7453,33.441,11.0949,18.4956,24.0804,15.615,5.09771,28.3585,24.4799,1.92074,5.01506,6.01895,12.1755,7.0848,3.1648,6.28082,0.878667,3.79081,7.71946,4.4937,6.0775
13.0046,25.5832,21.7625,6.84281,12.9082,13.6714,10.243,8.03706,39.3795,25.1064,11.0679,12.7256,6.70599,5.25693,1.92951,8.73229,14.451,6.32151,1.16049,0.301651,1.53354,4.43717
59.4344,34.5254,3.40157,3.26471,1.8213,12.6419,8.14189,1.72389,0.0546702,5.45364,4.69122,2.77021,0.969521,3.90112,2.02189,3.8992,4.87584,2.15376,0.176148,3.01715,9.09714,10.8895
76.3904,46.1941,4.86064,1.54907,5.11863,19.0706,12.8725,10.799,32.6194,34.8094,17.6615,2.29157,8.84814,9.8454,7.17201,8.46971,9.16294,3.23003,3.04747,6.7755,5.33289,0.176495
27.3431,7.03974,12.6605,9.8246,11.6438,16.1705,15.7657,1.77826,27.17,36.3634,36.9972,21.5868,0.916453,3.40848,3.03537,5.30372,7.40558,4.41842,1.48881,8.8379,12.7709,7.72452
45.7413,35.3961,8.5713,8.75986,18.0484,27.8183,23.8589,14.1434,8.79189,10.0838,27.1161,14.8339,8.42293,11.0855,5.98691,0.348909,3.46156,9.33197,2.36433,3.7877,13.1804,8.13933
65.6486,66.8775,42.9802,19.234,10.513,11.2244,11.4933,12.9316,43.7908,38.1041,0.775609,4.35446,4.31036,3.59527,2.29213,5.58326,12.7057,10.1539,3.08489,4.9054,15.0054,9.43515
55.8476,44.0455,6.78399,13.1893,18.6009,27.9688,13.3827,9.21189,22.2821,7.20565,14.7651,8.12996,7.04845,9.92851,3.79882,2.27444,5.34688,5.83036,4.36878,0.36555,9.82121,12.855
33.7139,47.2673,43.3137,16.7792,7.38669,0.20957,9.45418,12.3443,23.8225,21.462,1.33572,3.43888,6.6969,7.79644,5.15615,3.71687,9.65936,13.8113,8.52938,0.38391,14.5043,17.079
27.3663,21.5156,1.77524,6.64508,12.304,25.2601,24.4781,22.1314,33.7478,1.93895,44.5934,27.8316,4.36965,7.52325,0.780412,5.20147,9.34322,8.85564,4.239,4.86834,8.86772,7.02805
23.6428,33.0244,32.5122,3.39717,8.99882,12.7406,15.7521,1.09596,10.6092,3.63474,26.1622,24.4761,9.13418,8.05281,4.79392,0.565017,4.11994,2.85852,3.35077,1.97906,2.9063,1.60556
14.3803,9.94272,6.06737,2.07972,26.8005,28.6629,6.48337,15.0629,36.8222,37.1422,17.052,4.08102,5.57386,6.28456,2.27995,8.91116,12.8189,7.9343,2.79917,0.506718,15.5052,16.4328
6.42614,12.4167,14.9103,2.28725,21.6549,11.0038,9.52612,20.1744,36.223,40.8904,32.5325,16.0316,2.07905,3.92646,1.38966,7.64922,1.78774,13.3741,11.062,0.980045,9.43169,4.48534
2.07205,0.362022,5.45945,0.886832,1.641,20.6915,30.2998,16.1726,10.9935,16.8428,27.7806,19.9711,1.3105,3.91886,2.55523,5.85931,20.0405,15.9527,4.42058,1.17747,2.31962,1.74466
9.9194,11.0596,8.8147,2.55984,8.85759,26.1185,16.9815,6.5716,28.7768,38.1678,25.1249,8.96942,3.82098,3.52047,4.83802,8.67359,5.81965,4.7884,9.84586,3.25533,14.2081,13.4388
22.9903,16.6328,0.206698,0.294383,18.8596,17.1314,2.64808,20.4502,34.9365,34.2946,35.8845,27.4392,1.24343,3.37846,0.338203,9.73823,19.8106,14.646,6.58932,12.2764,19.4461,13.3122
24.9989,35.1883,33.6503,4.37241,24.217,19.456,8.45939,13.1584,0.197345,3.47381,12.6741,6.63539,4.79559,5.41406,5.38869,17.2276,9.41155,5.7042,3.54892,0.989546,4.44438,4.96583
40.3467,31.6981,0.905641,0.751998,16.915,13.9972,30.6568,1.27584,29.9469,8.58431,21.9392,8.54931,1.22654,4.09161,1.57648,8.09616,19.8978,12.2663,3.68436,0.0682959,9.66734,6.62527
46.2799,63.4775,57.0928,11.3538,24.6126,38.0588,21.9281,10.9798,27.1699,7.90148,41.5707,33.8245,6.30355,12.7674,0.867481,0.337237,9.1817,9.73216,1.54375,6.23472,19.6962,17.9437
57.2539,46.4294,1.39702,15.653,1.41971,1.9582,11.3212,8.72311,4.89202,3.40808,10.1092,12.5306,0.843627,0.206809,1.61955,0.62068,17.5681,22.0125,13.3061,5.1064,8.28669,14.5614
64.96,81.0123,63.7068,15.8854,12.6155,18.8451,4.18294,3.27317,33.6176,18.9855,34.9652,33.2533,3.04895,10.8984,5.59799,6.18853,2.71755,12.8051,10.1432,13.524,23.7223,18.7652
68.2864,61.156,13.7279,24.4171,11.1351,22.9281,33.1646,5.47227,17.956,2.09218,40.1053,34.8557,8.09807,4.53537,0.0699051,6.59265,5.19583,1.40503,1.69305,1.59623,0.0758503,3.66669
74.7331,87.9428,60.7468,17.8571,30.5033,40.9249,23.231,0.591203,18.6159,24.1285,14.228,4.69717,9.48566,11.208,7.85129,1.01228,17.1525,18.3937,1.09506,2.40462,15.1018,21.8651
76.4356,75.6317,31.4334,17.6126,24.9259,19.7633,18.4461,4.7605,26.5034,15.3548,13.0428,10.238,3.5717,3.78722,2.8611,5.2288,1.5465,9.92134,3.9808,1.91872,13.5508,19.35
75.7239,84.1234,48.6375,9.10224,4.18644,13.9896,2.61217,7.41393,9.90904,0.762877,14.4025,5.07378,6.07031,8.08634,6.13938,10.6891,10.5794,8.24775,11.5528,11.7169,6.25444,4.88744
77.4284,83.935,48.418,4.17831,12.4982,39.6031,32.1378,13.021,18.9127,17.9514,17.2338,13.421,0.27764,3.23993,3.72371,3.00279,2.93338,4.54599,3.89504,6.85963,5.40466,7.869
75.509,74.3198,31.6028,9.40086,20.4505,33.3539,26.3487,0.155413,22.7676,20.1292,24.8715,22.0529,3.80648,8.30647,2.8717,10.7997,16.6818,8.73552,4.77696,6.04755,2.80364,0.400143
69.76,82.2142,58.2826,22.7865,28.5883,30.7472,27.4227,14.1892,11.401,26.059,13.9587,1.00918,0.230941,2.40891,3.88166,7.14441,13.7437,0.461184,2.46306,3.99313,16.4808,19.1586
64.8431,57.3514,16.2144,20.2341,14.2003,7.81089,3.82108,16.5477,26.1215,31.0702,34.8349,25.836,2.2097,10.7681,0.190269,12.6559,17.4153,9.33501,4.74283,2.1412,17.2923,28.2628
58.3659,74.6797,63.3134,28.0432,34.6601,51.8298,34.8058,15.7599,27.5263,28.7169,9.58629,0.662268,4.70159,5.81647,3.29302,0.470015,2.81805,2.93127,6.78027,8.53168,1.49856,5.68514
53.4449,41.703,2.14578,15.4085,0.247151,16.6233,20.857,7.44273,1.34331,14.1699,33.9634,24.0432,2.69541,6.69755,5.79119,18.8251,19.2818,6.74062,4.58818,9.04507,8.53067,3.05351
40.4002,53.6982,49.1188,16.4621,4.67399,21.2341,28.7298,23.9846,29.5165,32.301,22.6433,12.2435,8.84028,7.66507,4.34617,13.3163,17.0048,7.27197,4.23237,7.77678,15.1154,15.4058
30.6377,23.0705,3.57292,3.05791,3.28593,17.5534,4.8924,20.8746,26.3017,8.68485,12.2263,8.41094,4.68117,5.57322,5.72993,6.26925,2.71612,5.61794,5.06649,4.33949,3.37081,2.31742
20.6286,27.9141,25.9005,0.704884,34.6902,54.5211,33.2218,5.6094,7.80115,13.1686,5.01262,1.54916,7.08024,7.21765,0.764438,0.457623,6.83811,6.19653,5.1555,9.40616,13.1785,8.1383
11.8879,6.94902,5.93275,2.22929,15.317,6.94622,16.9775,12.0608,23.8447,16.375,3.02931,3.36515,4.97792,4.92665,2.25994,0.285963,2.02905,2.86612,7.5515,1.68051,13.3352,12.4706
2.6242,5.49489,6.05299,8.00873,17.5089,4.16482,20.9918,20.5391,35.8308,38.4779,19.0175,3.54597,7.32944,6.30306,3.45703,7.06171,4.73448,1.54013,1.07995,2.60382,8.84691,6.38128
5.95068,7.69557,6.7764,1.90002,17.6365,29.6612,5.06703,12.7902,12.9742,14.5233,12.7592,3.84937,7.53015,7.26706,0.142545,4.01811,5.75728,3.88426,3.52683,6.00484,2.38655,2.02834
13.0605,17.4109,16.3565,9.61089,10.0505,39.6514,34.0417,1.55283,20.6696,14.7469,1.25354,2.30863,4.53908,4.98436,2.99216,3.87308,0.59752,1.44215,4.05663,1.96155,5.80031,7.25115
22.2235,19.3768,4.74981,3.05163,3.38846,16.4921,12.996,11.2188,29.2948,12.1136,10.3473,4.93946,4.07785,5.06522,1.58757,0.888629,4.04351,4.57619,2.51839,3.57353,5.55918,1.81944
27.0645,34.8467,30.4457,5.21399,15.6222,13.0899,0.892251,10.0682,21.4832,13.8741,4.18174,3.70649,4.44561,4.72438,1.43224,2.49151,3.60575,5.95593,4.26219,10.004,15.1598,7.85912
35.0874,32.0374,9.7961,3.24419,22.6764,21.3788,4.30196,1.74286,2.60393,2.02024,0.999058,0.178206,1.92325,1.08519,1.03343,2.5933,3.40991,4.12244,3.40904,6.63132,14.0451,4.7452
37.6272,46.7132,36.4733,2.15145,5.78337,15.0633,20.5651,0.919564,22.9943,19.2241,2.25405,0.248185,1.87174,1.70957,0.538373,1.48547,2.43089,4.15761,1.70096,7.69775,13.3429,6.72986
43.0652,40.1728,13.5002,0.106707,19.5853,25.4656,10.3157,5.16433,14.9008,4.04061,9.6512,3.85434,0.623615,1.36911,0.779915,1.75509,5.94599,7.61232,2.10135,3.97415,6.19984,1.14749
45.5031,52.8102,36.3021,2.59148,1.38299,11.1394,10.4197,3.30815,5.55175,12.4661,19.1855,12.0143,1.86079,0.88023,0.00276976,1.20087,6.21383,7.5469,5.40595,1.62876,11.556,8.72726
45.4991,44.7688,17.9733,2.85984,5.4019,4.03712,1.04601,5.28332,12.4485,14.2403,15.3693,11.6426,0.746533,1.67343,1.32262,2.50291,2.68183,1.94887,0.379258,6.35111,13.0123,8.97596
49.451,54.1396,32.299,1.19726,2.65193,1.02763,1.01405,2.5489,6.86285,7.11564,2.44691,4.4752,0.772271,1.34735,0.271892,2.59159,7.80185,7.58879,1.62832,0.524422,4.86205,5.08891
50.5883,49.9898,22.2874,2.31602,0.139495,3.43137,6.54093,1.4384,7.28384,17.0664,29.0026,20.7282,1.56252,1.97411,0.427528,2.91114,1.05125,2.24196,0.344526,3.19966,9.89182,7.10579
46.888,51.5394,29.149,0.401853,1.5186,0.362022,0.996296,1.73,9.76159,17.843,23.7817,14.1493,2.18799,1.47145,0.412027,2.30227,4.11565,2.45336,4.61338,0.636,11.9675,10.7823
50.2006,49.4178,23.2378,1.98301,0.560093,1.701,2.33479,0.407631,4.30914,4.61171,1.07697,1.79775,0.00605721,1.00326,1.18511,2.12397,7.69259,10.0874,2.76947,2.09255,5.70431,9.57806
47.3471,48.6719,24.5791,1.06963,0.525675,1.82272,1.48843,1.67011,10.4777,11.224,11.6481,9.68359,4.4182,2.13166,0.727584,0.896986,8.20083,9.08764,2.01142,0.872833,0.49672,3.83349
44.771,45.5601,22.9642,1.46176,1.39416,1.67912,4.84882,1.19388,4.99762,6.93575,12.8918,12.4964,4.46483,2.09191,1.14329,1.9471,1.04289,3.08135,4.50649,0.100345,12.2675,15.6831
43.2753,43.0768,20.6607,0.772121,0.766394,0.913716,2.63203,2.63754,5.48898,6.06813,2.6891,1.72174,4.02503,3.85953,0.437051,2.06522,0.863331,1.55736,0.477004,1.58949,10.4387,17.7224
40.0658,40.7112,20.165,2.32149,4.70744,3.98106,1.38024,3.55527,8.69915,10.4157,16.2804,14.265,5.80154,3.39447,1.36662,1.74475,7.13991,7.40953,0.672187,0.0218317,11.746,15.4438
38.4062,38.155,18.3883,0.482096,1.95309,0.297385,0.235526,0.0816855,3.01293,8.73585,18.1783,14.2228,0.935399,1.86426,0.652478,0.536973,2.83596,5.14651,2.3658,1.81175,6.72059,7.52413
35.1546,34.8074,17.0914,1.83577,4.31929,5.76463,4.49701,2.929,7.31404,12.7525,10.5475,3.7322,2.07968,2.9659,1.31232,0.361202,0.585207,0.845151,0.521546,1.38274,14.4969,18.5969
30.4814,30.0776,14.343,0.454349,1.7224,1.43243,1.63504,2.04024,1.66541,10.9035,29.5625,23.3984,2.47152,1.134,0.699437,2.40842,0.865829,3.41463,0.731555,1.88044,8.27291,13.9465
25.8847,25.8042,12.698,0.984597,0.880361,0.133517,1.40571,1.77179,10.8299,5.89769,12.8196,13.4531,0.0442617,3.33424,1.36867,2.60129,8.22451,8.7884,1.85952,2.30445,1.87918,0.188633
23.631,22.8156,11.4244,0.357258,1.32078,5.32829,4.42955,3.80048,12.4781,14.4638,19.7334,17.075,3.27412,1.01049,0.391446,0.757773,4.20624,6.41434,3.21507,1.22038,3.57031,6.77632
2.71011,5.87579,4.13296,0.201864,4.64821,7.61322,2.98469,1.2476,3.94757,0.0234445,17.3273,18.3243,3.17262,0.374754,0.98996,0.571237,0.149629,1.09668,0.0559437,0.134079,8.73598,12.6859
0.872833,0.145851,0.350027,1.229,1.05,4.28446,4.23207,5.36884,15.0844,15.9499,13.7965,10.3203,2.70038,0.0115606,0.0285808,0.0548027,5.94228,9.39965,2.89379,0.801129,6.62642,12.1854
1.56529,0.765032,0.0535157,1.45535,5.22115,5.39074,2.28303,3.09154,8.54805,15.7125,30.33,23.8933,4.67186,1.70203,1.27017,1.50984,9.17627,11.5584,2.87208,0.984292,6.75868,10.7123
1.19408,0.694345,0.0635609,1.05771,3.11687,2.12953,0.153758,0.901986,3.74824,7.56779,22.3452,13.0496,0.113792,1.15267,0.0974631,0.26102,3.41399,4.53396,1.62826,1.56164,2.54534,1.97452
1.01376,0.577345,0.092628,1.22586,0.710349,1.88475,1.95672,4.75343,14.9816,10.2551,0.0330842,0.721,2.24745,1.7226,0.788475,0.787025,4.13453,6.44531,2.22346,3.45449,15.523,13.9086
1.10959,0.591287,0.206494,0.523413,1.89119,6.10279,4.27992,4.60979,11.4111,14.2192,15.8331,10.1832,0.967758,0.503923,0.0207735,1.5876,9.51772,11.8463,3.26721,1.37424,1.35988,0.93486
0.505067,0.1498,0.0915143,0.0732472,3.9231,6.88785,3.02746,0.545082,1.39249,6.7151,21.476,13.9357,1.04785,2.1101,0.266879,0.864074,7.81278,10.6963,4.78395,2.10873,11.63,10.5366
0.745874,0.304026,0.217453,1.98533,2.02283,2.71276,4.31579,1.49933,10.9006,0.876272,21.237,15.9809,2.13716,0.623239,0.690561,0.573466,0.786528,1.88223,0.721138,2.87236,7.79373,6.60613
0.329188,0.0574215,0.212788,1.07026,4.28006,3.58171,0.247,1.87085,6.74956,3.19839,17.6735,10.1895,1.37095,1.29081,0.565594,1.95116,7.39977,9.44664,2.59985,0.784708,0.801825,0.863927
0.291853,0.208857,0.0749744,1.94263,4.56176,4.02377,1.70986,0.349034,1.29917,7.78527,12.6174,5.6099,1.99728,1.81469,0.501992,1.67665,10.5276,13.9535,4.67854,4.33753,10.1996,3.30838
0.260754,0.127524,0.298684,0.750329,1.17677,1.86608,1.7545,1.20167,4.01053,4.1132,3.86408,2.51422,0.913002,1.37367,0.0263723,0.208545,4.73415,6.98025,3.57988,5.38002,20.0575,18.3041
0.183314,0.118079,0.18324,0.897367,2.89812,4.50765,2.91294,0.787633,2.95399,0.765809,3.63808,0.056105,2.86167,1.71942,0.383117,1.65604,4.13783,4.34708,0.80323,5.57512,5.84734,1.77851
0.156065,0.0128519,0.0754416,0.095266,1.08379,2.85202,1.88506,0.345114,0.503229,5.2049,12.1618,7.10901,0.638451,0.92219,0.732675,0.496403,6.95321,9.97042,3.02495,3.84715,9.48391,6.60072
0.269116,0.143822,0.146876,0.0103963,0.174501,0.0281235,0.712337,0.344814,3.1888,11.6099,19.7464,11.239,2.1374,1.79198,0.00377134,0.434298,6.92138,9.3284,3.56499,1.46395,2.34995,0.017787
0.189805,0.0943399,0.0102615,0.596149,1.2804,0.656746,0.752923,0.0862822,1.18669,9.98554,21.3746,12.8016,0.806385,0.638403,1.12729,1.24234,1.08406,0.787476,0.515376,1.01207,0.521561,0.697897
0.134461,0.04664,0.0788573,0.362535,1.62754,2.22644,1.34638,0.452207,0.740689,9.8408,23.0144,14.1039,0.213861,1.46492,0.958148,2.47275,7.62138,7.64319,1.47886,1.03712,7.5155,7.9153
0.0377003,0.0181825,0.0535688,0.328377,0.776152,0.105785,0.600012,0.0100863,1.50033,6.74179,20.213,13.3856,1.65724,1.2017,0.285953,0.647798,2.74719,4.59789,1.71089,0.903894,3.06164,2.78781
0.107074,0.0489541,0.06071,0.233099,0.267452,0.316208,0.675117,0.355511,2.28363,1.43754,11.758,8.63074,0.0151768,0.83576,0.00350159,0.464334,0.905074,1.93878,1.66592,0.575772,7.50791,7.80651
0.0565009,0.0141689,0.0493456,0.207625,0.157265,0.968461,0.41946,1.70711,3.84611,3.80321,3.25724,1.66501,0.642531,0.393016,0.891884,1.69839,0.109596,2.33386,1.63974,1.15366,3.14798,3.55084
0.0229276,0.0104371,0.0631341,0.13432,1.12736,2.049,0.81663,1.37144,6.97622,2.72984,8.01017,5.20687,0.611159,0.972316,0.403759,1.0283,6.78691,8.03053,2.71281,0.0712982,2.77444,3.2915
0.0522587,0.0309223,0.0173996,0.354358,0.672959,0.358201,0.668667,0.396057,0.0677544,7.83404,21.1687,14.7351,0.655641,0.634963,0.174511,0.504583,4.37076,5.01367,0.199573,1.34963,0.288445,0.599488
0.0544806,0.0094649,0.047355,0.355238,0.761688,0.214861,0.461464,3.44026,7.93698,11.1349,19.6327,15.6122,2.3138,0.257835,0.289148,0.0875104,2.54982,2.78421,0.445836,0.837533,3.40325,3.23451
0.0842411,0.0894101,0.0686199,0.0199655,1.13912,1.87417,0.88146,3.49098,10.0614,8.52484,3.88529,2.44268,1.42139,0.881005,0.706301,0.338845,6.64741,9.90078,2.78559,0.702876,0.526849,0.534036
0.225732,0.115694,0.0654214,0.135502,1.11075,2.70651,1.88173,0.961759,3.24953,2.0953,15.1313,12.2374,1.55184,0.510414,0.434451,1.4837,6.97188,8.71639,2.87158,0.661285,3.90046,4.46767
0.0367804,0.0309963,0.0423092,0.422843,0.0515233,1.77686,1.24329,2.30014,6.56126,13.3109,24.0281,18.2803,3.98697,1.35069,0.878397,0.849444,1.08624,0.660877,0.240951,1.4986,7.64308,7.99492
0.0391349,0.0040641,0.054538,0.182933,1.25626,1.45103,0.850832,2.41658,7.30309,8.26141,9.71051,7.64075,1.2327,0.426759,0.0312612,1.53604,7.88,10.035,4.19171,0.996713,1.05092,1.34945
0.0943328,0.0515744,0.0111251,0.571512,1.2643,1.09395,0.342896,0.0644858,1.31155,2.91811,13.9076,12.275,2.60335,0.952249,0.388229,0.355209,8.57743,13.0007,4.46036,0.289302,6.97419,10.8544
0.0311516,0.0556726,0.124261,0.256049,0.000416651,1.28023,1.62248,1.14886,5.39752,10.5447,20.0806,16.3666,1.83562,2.01508,0.519145,0.657997,5.21079,6.69662,1.15216,0.657416,9.92997,12.9572
0.0093449,0.0675935,0.0367385,0.221133,1.42667,2.93722,1.96326,1.0889,3.36498,2.27366,3.06908,4.00539,1.61241,0.791627,0.304547,0.204576,3.14198,4.18583,0.831512,1.10187,5.9328,8.81073
0.0463073,0.00192847,0.0370751,0.0658598,0.550131,1.95721,0.613623,0.939243,3.48386,6.78934,18.9972,18.5954,3.54142,1.01376,0.384226,2.07357,9.16868,11.2714,3.41725,0.576514,0.13087,3.06615
0.00017409,0.0447693,0.0137138,0.0740431,0.323598,0.797153,0.490605,2.27784,7.41723,5.50889,1.27443,1.67976,0.0477045,0.847567,0.327745,0.273948,6.66141,10.2185,3.86789,0.133757,1.32323,1.15849
0.0394093,0.0227577,0.0286951,0.101189,0.304139,0.0144893,0.190612,0.652687,0.486056,8.27687,27.4557,21.6437,3.05888,0.319501,0.500376,0.0410013,3.25073,4.88043,1.85908,0.406631,1.83661,1.82767
0.013433,0.0298043,0.0532167,0.0836229,0.923236,1.45224,1.31825,2.18151,7.11808,15.5619,29.6625,21.2581,0.901236,2.01627,0.125878,0.369,3.02373,3.8746,1.48619,1.35443,0.371758,1.7979
0.0439837,0.0300024,0.0220885,0.142997,0.232747,1.47562,0.661289,1.6543,6.62554,8.19904,6.79966,3.12293,0.352067,0.326917,0.321655,0.21045,6.43637,8.96513,2.56569,2.51624,7.01763,6.26809
0.0228039,0.0119693,0.0100324,0.072881,0.681745,1.70242,1.20079,1.18611,2.56272,8.53974,18.623,13.7187,1.11773,1.05804,0.563491,0.228793,6.91839,9.81793,3.33942,0.0911742,2.11274,2.08927
0.0446785,0.011459,0.0267569,0.018439,0.395418,0.397152,0.359258,2.40462,6.4526,14.259,25.8433,17.3771,1.74554,0.442998,0.695751,0.013264,1.50374,2.32898,0.26342,1.97119,7.63697,5.93266
0.00861356,0.0285418,0.0275722,0.148243,0.459503,0.164118,0.341893,1.43131,4.51321,11.6833,19.9924,11.827,0.727104,0.184614,0.257098,0.555837,4.53781,5.44725,0.941547,2.23439,8.54201,7.23591
0.0206332,0.0169268,0.0130828,0.299237,0.589334,0.0160479,0.501722,0.252507,0.295525,6.05482,13.1184,6.73623,0.329637,0.146084,0.266607,0.513306,7.55581,10.233,3.5958,0.657246,0.273041,2.69261
0.0183699,0.0153591,0.0304691,0.1872,0.644484,0.723135,0.0285206,1.36862,4.96922,1.22935,9.46536,4.92484,0.102296,0.34147,0.0424233,0.278656,4.19511,6.08272,2.08005,1.13436,4.46974,4.55275
0.0419173,0.0370403,0.0280626,0.306656,0.547977,0.104916,0.332312,1.62685,4.87733,0.77395,8.33396,4.57325,0.228832,0.458101,0.19035,0.116101,1.56787,1.9948,0.0555486,0.267098,1.01007,1.57289
0.0102921,0.0127789,0.0364148,0.181265,0.464759,0.194575,0.114207,0.309537,1.14384,2.99667,8.16563,4.43568,0.119986,0.359387,0.665884,1.17629,7.21966,8.56046,2.66598,0.0303505,1.53346,1.9537
0.0235979,0.0179988,0.0122057,0.175232,0.455837,0.396362,0.154181,0.978248,2.94382,6.05018,7.77684,3.67329,0.44502,0.561196,0.225713,0.280667,4.00757,5.70633,1.74319,0.655362,4.80035,6.04914
0.0284566,0.0182857,0.00589626,0.0499577,0.119305,0.0196066,0.1189,1.08199,3.50164,4.94188,4.68337,2.03225,0.0998535,0.455497,0.549336,0.0278731,0.233497,0.51255,1.00127,1.66898,3.92041,4.23692
0.000200957,0.00594582,0.00777333,0.00817188,0.0610133,0.0128751,0.38571,0.0742849,1.52246,1.75011,0.647456,0.0653695,0.506231,0.499182,0.198548,0.158132,3.11218,4.33146,1.315,1.9003,4.25269,1.58068
0.00597867,0.026005,0.0350019,0.0870468,0.185781,0.0197535,0.019055,0.43346,1.11211,1.86433,3.15267,2.07509,0.241072,0.216194,0.393281,0.583865,4.22168,4.67802,0.987622,2.29724,4.66577,2.4349
0.0391904,0.041006,0.000738628,0.043703,0.287579,0.396902,0.441754,1.02626,4.06691,6.1554,7.09991,4.27633,0.814485,0.738811,0.730233,0.554011,0.36015,0.0529969,0.453846,1.63121,6.80416,5.52287
0.00536138,0.000592628,0.00156614,0.0448784,0.0524905,0.152651,0.0640178,0.192882,0.253657,4.49431,9.45726,5.31688,0.653691,1.1787,0.720158,0.31466,4.3132,5.68187,1.52559,0.282567,2.46642,2.26994
0.012471,0.0216085,0.00624026,0.0877751,0.124146,0.123882,0.164834,1.37834,6.08081,0.367589,11.6237,8.12788,0.567452,0.0861901,0.0219653,0.790977,5.90129,7.86434,2.23172,0.874471,6.06352,6.38406
0.00188167,0.00289042,0.0235531,0.0101064,0.234857,0.643177,0.433494,1.10497,4.75013,1.23104,9.13813,8.24421,1.58224,0.350226,0.285307,0.495954,2.14057,2.51316,1.07559,0.0973195,1.18189,0.608973
0.0389091,0.0278334,0.0537083,0.0541311,0.2196,0.547481,0.100079,1.32517,4.5058,2.00484,3.231,2.38054,0.457092,0.380949,0.26891,0.288768,4.21829,5.83935,1.84839,1.09115,4.81096,4.57151
0.00382368,0.0142552,0.0288007,0.142825,0.0144995,0.242746,0.305271,2.86324,10.8736,4.69406,14.3472,13.6262,1.63849,0.707838,0.393165,0.639532,6.91519,9.06639,2.77339,0.472828,0.109312,0.103034
0.0038049,0.00261573,0.0177868,0.00648422,0.201519,0.363095,0.0895521,0.922072,4.08265,0.828179,7.782,7.02041,0.801425,0.530756,0.055205,0.534111,4.6329,6.47122,2.42449,0.391287,0.428506,2.23453
2.89008e-05,0.00865495,0.0232612,0.0553266,0.0129832,0.21543,0.147118,1.69819,6.73376,2.71056,11.732,12.1777,2.42035,0.13326,0.210306,0.328735,0.73501,1.96127,1.43962,0.465303,1.95572,3.59761
0.000720464,0.00328198,0.000138186,0.0244525,0.0010734,0.189141,0.0381248,2.58711,10.2421,6.32852,10.3043,12.3812,2.94126,0.102553,0.182413,0.656312,6.32832,8.86258,2.63436,0.961946,2.28474,5.95248
0.00142362,0.0145612,0.0182414,0.0220022,0.0740727,0.0870973,0.158631,0.509376,0.705939,3.10322,12.9994,13.1492,2.70698,0.164226,0.488347,0.726814,7.99071,11.3066,3.47362,0.290305,3.21925,5.71863
0.00279653,0.00391848,0.00993864,0.00495885,0.107561,0.202165,0.327942,2.09677,8.51167,3.92476,12.4039,13.001,2.13734,0.544232,0.269021,0.545084,5.91236,7.81293,2.3868,1.01922,1.72408,4.60966
0.015903,0.0063215,0.0392522,0.0497093,0.116926,0.151204,0.113606,2.48894,7.19956,7.99495,11.8048,10.8405,1.87887,0.543015,0.111181,0.556364,1.98542,2.07214,0.62042,0.6065,4.70307,6.37821
0.0184587,0.000627467,0.00510291,0.0161691,0.021849,0.0186867,0.206023,0.224377,0.878809,1.6053,12.8988,13.0314,1.84285,1.27584,0.358282,1.02547,7.60193,9.54096,2.67264,0.133211,1.11197,4.00972
0.00195913,0.0202696,0.0142239,0.072644,0.136088,0.232969,0.433418,0.723455,4.4339,6.1627,9.31185,8.16739,0.656801,1.08916,0.138065,0.684004,7.43728,10.2447,3.37687,0.321077,2.47008,4.93093
0.022782,0.00124322,0.031462,0.0314746,0.0331695,0.148375,0.341572,0.781659,2.25099,5.40164,14.3405,12.9908,1.27184,1.50979,0.162154,0.279327,2.54454,3.15286,0.840496,0.439735,4.58321,7.20419
0.0154907,0.0135856,0.0173422,0.0451008,0.17196,0.0871756,0.188233,0.803614,3.00916,3.7628,6.75366,6.7517,0.60451,1.4061,0.542596,0.299212,4.32517,5.67687,1.21464,0.707078,3.86427,7.32962
0.0317052,0.00320907,0.00892152,0.0504744,0.0394497,0.162959,0.155575,1.08034,3.81336,5.76701,12.593,12.4014,1.71036,1.65285,0.12019,1.05314,7.86022,10.7345,3.88167,0.261712,2.28905,5.623
0.00904695,0.00628382,0.00840039,0.0119499,0.0748214,0.0460695,0.110974,0.498005,0.742882,2.98622,9.36511,8.2603,0.232915,1.80863,0.192158,0.711354,6.38944,8.56561,2.78109,0.624346,6.03026,9.38046
0.00503126,0.0257757,0.0301633,0.0346448,0.0359896,0.109305,0.218361,1.53063,4.48139,7.31215,16.2312,14.8243,2.3492,0.677826,0.188809,0.0423579,0.563906,0.516478,0.0762205,0.512441,4.55672,9.24066
0.0124698,0.00988876,0.00456266,0.0407167,0.0472667,0.0898674,0.0295399,1.19557,4.71241,2.40577,4.76238,4.13772,0.551133,1.35758,0.263973,0.723235,6.45009,8.88006,2.96151,0.835286,5.89777,9.83292
0.038004,0.00400534,0.003738,0.0481021,0.0669099,0.014255,0.181583,1.02398,1.95201,7.25729,21.9446,19.9938,4.18186,0.0752396,0.0634651,1.17168,9.65515,12.5419,3.90125,1.19398,5.81946,9.22716
0.0253526,0.00453951,0.0206465,0.0365892,0.000369699,0.0298592,0.506194,2.17673,7.94831,7.52894,4.63873,3.30522,1.9566,1.38312,0.197105,0.925951,5.51752,7.64285,2.55019,0.486224,1.97873,6.49238
0.0139746,0.0058775,0.00115919,0.0482579,0.0147208,0.0594817,0.225204,0.839596,5.02257,0.183726,17.8365,17.794,4.06076,0.505504,0.383837,0.0634397,1.75248,2.79009,1.22905,0.605847,3.90488,5.79925
0.00579316,0.0183499,0.00719337,0.0607648,0.0322706,0.0735909,0.208608,1.56718,4.80284,6.61469,10.6294,9.17883,3.26228,1.6667,0.96365,1.10111,9.39524,12.4282,4.1473,0.53997,2.23547,2.0944
0.00912043,0.00391477,0.0099265,0.0179156,0.100675,0.224831,0.140245,2.59218,9.63674,3.76961,12.96,12.1991,2.27011,0.171216,0.196845,1.19987,9.1598,11.6281,2.91345,1.03911,3.50502,5.38259
0.0236989,0.000399428,0.00260418,0.00069993,0.0639488,0.047008,0.0917147,0.851156,4.27777,1.19125,18.0788,17.7737,4.93865,1.15561,0.0256554,0.198639,1.80538,2.35094,0.739469,1.2621,7.19505,10.3425
0.00568577,0.00616203,0.0164462,0.0410843,0.148609,0.116659,0.239237,1.48857,6.53385,3.77922,6.34186,6.58927,1.51276,0.52527,0.688935,0.532929,6.88832,9.1903,2.99621,0.564325,3.07812,7.31819
0.00937992,0.00777715,0.0191898,0.000429228,0.0755178,0.236805,0.0667378,1.83841,8.05967,0.472303,22.1112,21.3687,5.36318,1.39993,0.341791,0.710129,9.01889,12.2661,3.91461,0.157858,4.62772,7.66971
0.00533819,0.000397298,0.00428478,0.00497003,0.0299943,0.00107482,0.0335832,0.280546,0.406121,1.05558,3.16669,2.21151,0.169903,0.313615,0.0691976,0.208505,4.72159,6.85323,1.83243,0.121761,5.73269,8.25676
0.00316295,0.00886418,0.0119305,0.00614329,0.0262445,0.11943,0.00877224,1.2882,5.92428,0.089609,17.2431,16.0768,3.25062,0.518253,0.291291,0.213502,1.52886,0.946836,0.375861,0.682223,3.43544,5.13948
0.00502449,0.000458755,0.0037717,0.00027202,0.0388868,0.133994,0.146327,1.59615,4.70636,1.37378,13.0233,10.0062,0.876713,0.86247,0.154342,0.713709,5.33218,6.71289,1.71166,0.590614,0.598088,0.69593
0.00480302,0.006002,0.000752226,0.00582633,0.0364291,0.170048,0.106646,1.22714,2.51239,1.43117,2.39034,3.02859,0.397563,0.231381,0.556132,0.137996,3.35902,4.68691,0.540284,0.0469913,3.82767,3.18856
0.00509945,0.0118393,0.00437365,0.00491002,0.109326,0.176353,0.194097,0.552216,1.39582,4.21321,9.38603,6.59611,0.490611,1.46047,0.298646,0.17284,1.00748,1.19401,0.311357,0.724704,1.99232,2.02416
0.00795716,0.00445433,0.00176158,0.0123088,0.0485908,0.116177,0.201841,0.770594,2.37478,1.21367,7.68578,5.28045,1.00017,1.0108,0.432491,0.106693,2.44148,3.73506,1.07471,0.235109,2.50602,3.74469
0.00904069,0.00363589,0.00704263,0.0165164,0.0380624,0.0607557,0.267182,1.00519,4.0837,0.999614,4.68853,3.07483,0.914004,0.914048,0.427882,0.684304,5.67099,7.34783,2.26228,0.0669137,1.16426,1.24862
5.35119e-05,0.000647221,0.00364708,0.0011159,0.0153208,0.0743587,0.103652,0.942203,2.36998,0.41195,2.93641,1.99231,0.529599,0.899489,0.464054,0.0149431,3.27105,4.83432,1.88416,0.483304,2.98993,3.24928
0.00581028,0.00178812,0.00618472,0.0244066,0.0616932,0.0854227,0.0115321,0.505482,1.53409,0.924834,0.271171,0.233568,0.483422,0.553685,0.0521591,0.362026,0.85912,0.615579,0.0268815,0.163238,0.763825,1.98156
0.00479134,0.00527578,0.00166561,0.0177583,0.1061,0.207538,0.177628,1.25049,4.34021,2.07868,4.24631,3.99294,0.139446,0.544085,0.0956191,0.260421,2.84477,3.82591,1.27733,0.25432,0.147986,0.998376
0.00946274,0.00678309,0.00756053,0.0137654,0.02289,0.08841,0.0545826,0.717286,2.4376,0.169618,4.21753,3.32674,0.66506,0.193042,0.179143,0.0365522,2.43141,3.92881,1.40927,0.153758,1.55196,2.83448
0.016202,0.00346367,0.00178354,0.0454206,0.128446,0.116323,0.0113043,0.326033,1.05245,1.30428,0.0698155,1.02128,0.0871579,0.469203,0.111257,0.223009,0.978708,2.23148,1.08376,0.0633273,1.43748,2.41969
0.0261027,0.0104393,0.00569639,0.0272885,0.132449,0.0430259,0.194728,0.720366,3.60087,3.53715,0.0206819,1.73836,1.14629,0.274363,0.0882207,0.0188346,0.839108,1.39588,0.686963,0.3428,1.26543,1.51438
0.00245361,0.0154558,0.0118988,0.00700386,0.0882081,0.0202158,0.0199387,0.455494,1.38258,2.46294,5.17635,4.13178,0.528248,1.24739,0.233678,0.104638,0.257707,0.431949,0.0011598,0.530564,0.110902,0.736586
0.0157522,0.0203556,0.00703276,0.00436085,0.0415766,0.104922,0.34885,0.356461,2.58048,1.00511,4.23275,4.04829,0.420361,0.33368,0.0173122,0.328734,1.10408,1.0596,0.00522031,0.353353,0.535078,0.991114
0.0020653,0.0115903,0.020172,0.0441786,0.189458,0.171185,0.14598,1.17764,3.72498,4.02709,4.08981,2.89552,0.364568,0.68812,0.17293,0.225949,1.11533,1.62545,0.444177,0.253478,0.614977,1.07321
0.035661,0.02951,0.0082441,0.0718119,0.0508132,0.0884149,0.0737386,0.0855923,0.662592,2.67347,6.78081,5.04657,0.536506,1.08972,0.33633,0.326693,0.48254,0.687611,0.276012,0.504631,1.89146,3.18141
0.0771203,0.0685106,0.0904887,0.276933,0.710225,0.847688,0.892037,0.141788,2.64773,1.07015,2.27218,1.22946,0.307665,0.635289,0.24496,0.538918,0.672378,1.51634,1.95046,0.439553,2.83008,4.73986
0.00156752,0.0105022,0.000987464,0.100605,0.0832629,0.260434,0.225353,1.72822,4.61929,3.08911,0.819066,0.586268,1.42965,1.68334,0.146742,0.269574,0.474745,0.455064,0.136381,0.364841,0.846826,2.68149
0.00741419,0.00434272,0.00900453,0.0218754,0.0982103,0.137782,0.140201,0.414381,1.68432,0.966128,0.646025,0.770797,0.904839,0.584496,0.243711,0.135345,0.883362,1.27402,0.586169,0.0862804,1.60285,2.89318
0.00859572,0.00874451,0.0138728,0.0637269,0.0390748,0.256267,0.215626,0.939377,2.61761,2.17939,1.75407,1.30894,0.641652,1.11872,0.727607,0.794568,1.34933,1.23034,0.269038,0.237428,0.364012,1.72278
0.0075222,0.00386814,0.01777,0.0114212,0.0615678,0.112555,0.27829,1.20682,4.91423,3.29376,1.20069,1.84155,2.01183,1.7562,0.394597,0.195407,0.122227,0.0325992,0.298633,0.506588,0.249414,0.191235
0.0113571,0.0133518,0.00471883,0.0426045,0.102536,0.0908106,0.08136,0.731352,2.66985,0.995371,3.5035,2.99833,0.314923,0.0101702,0.0110758,0.371209,1.4358,1.58018,0.254225,0.0589201,1.20414,1.49574
0.0205876,0.0206909,0.0538181,0.0905462,0.0637521,0.0662708,0.0592539,1.01037,2.70596,2.64134,2.05698,0.647097,2.17306,2.34082,0.875483,0.0921856,1.41733,1.93489,0.674278,0.094619,0.855158,0.769546
0.0157519,0.0100902,0.0160813,0.0379193,0.129621,0.0866468,0.321705,1.2468,4.98186,3.62473,0.93538,1.62621,0.950246,0.712469,0.122718,0.240153,0.385892,0.967389,0.657078,0.525365,0.340723,0.329984
0.00764148,0.000934738,0.0135148,0.0325593,0.0905483,0.0532163,0.086732,0.88622,2.92039,1.65845,1.74995,1.31639,1.34199,1.57463,0.50586,0.105852,0.32253,0.350334,0.214591,0.00991863,0.919122,0.717391
0.00120689,0.0042953,0.00189431,0.0088102,0.00215934,0.0599168,0.0700437,0.473595,1.74582,1.97576,0.996341,0.0186976,0.943778,0.996086,0.258534,0.0270777,0.950726,1.58979,0.614424,0.469204,0.467655,0.302033
0.00511515,0.00349136,0.00308531,0.0531147,0.110309,0.109712,0.223199,0.613234,3.01624,2.60844,0.17918,0.0607634,1.17352,1.35656,0.296415,0.100158,1.19104,1.40543,0.174646,0.210951,0.585922,1.02239
0.00269097,0.00513565,0.0147105,0.0860172,0.100891,0.0603123,0.158199,0.364331,1.03102,0.435317,0.448941,0.0458466,0.720445,0.218462,0.295662,0.0132359,0.0274407,0.317039,0.185681,0.221887,0.0114543,0.396256
0.0103193,0.00550187,0.00746745,0.0380648,0.0556886,0.136808,0.214002,0.185149,1.31327,1.58687,1.09592,0.742339,0.668965,0.607864,0.0998555,0.280538,0.0283334,0.325025,0.189901,0.32515,0.998787,0.700997
0.00501226,0.00968831,0.00814069,0.00313707,0.0461728,0.0823797,0.0954109,0.29962,1.63711,1.90775,1.37417,1.17541,0.95972,0.564087,0.262598,0.155587,0.845346,1.48215,0.754467,0.239355,0.121427,0.164445
0.0134812,0.0112114,0.00520516,0.0361139,0.00193606,0.0887258,0.1305,0.228529,0.863288,0.731221,0.289754,0.0658695,0.00250873,0.0398025,0.0982419,0.109363,1.25392,1.33732,0.117467,0.012884,0.881734,1.02749
0.00689288,0.0109339,0.00192298,0.038885,0.121285,0.207516,0.103938,0.819381,3.20215,3.242,2.32404,1.81854,0.948193,0.733013,0.408266,0.0430252,0.146352,0.25549,0.0343326,0.123148,1.23374,1.83032
0.00541816,0.00188538,0.000492645,0.00515144,0.0734926,0.0336404,0.0109449,0.496474,1.77057,1.86285,0.935237,0.339885,0.220593,0.383403,0.2215,0.00678369,0.666738,0.725162,0.0258659,0.0329034,0.640455,1.84731
0.0140335,0.00941898,0.000855172,0.0221974,0.0921026,0.174721,0.172558,0.883087,2.5398,2.08174,1.29969,1.2184,0.513558,0.138686,0.0277921,0.121098,1.3054,1.50126,0.255788,0.181045,0.931369,2.0007
0.00657364,0.013242,0.0131601,0.0299211,0.0710598,0.189845,0.0337605,1.5273,5.10109,4.38137,1.51715,1.03289,0.653444,0.0673114,0.0548285,0.0885524,0.132387,0.0880492,0.285755,0.219491,0.697233,1.82581
0.00266787,0.00325369,0.0122208,0.0647427,0.0900354,0.150194,0.0183964,0.674613,2.35681,1.61358,0.379399,0.135907,1.05087,1.18441,0.476782,0.266044,1.24006,1.25816,0.464998,0.216088,0.206145,0.731793
0.00581849,0.00793389,0.00397134,0.0481872,0.0820299,0.119125,0.061793,0.967091,3.01998,3.11106,2.45827,1.7494,0.825067,0.372447,0.10436,0.0166937,0.512695,0.557678,0.226424,0.165003,0.988161,1.44315
0.00502071,0.0122218,0.010479,0.00233822,0.116546,0.0252309,0.19241,1.50127,5.33677,5.27767,3.11315,2.08966,1.79793,1.54191,0.424386,0.182654,0.913612,0.978308,0.182386,0.108716,1.0464,1.7804
0.0104669,0.00499424,0.0055915,0.0415682,0.0606563,0.0382867,0.105797,0.602144,2.0959,2.05957,1.19126,0.431053,0.642363,0.801298,0.236272,0.159251,0.428492,0.266779,0.00376379,0.117376,0.500487,0.823639
0.00201048,0.0142654,0.00690295,0.000159485,0.0341645,0.292914,0.152226,0.863998,3.22002,3.28478,1.78083,1.39155,1.71919,1.45239,0.352847,0.0803462,0.748375,1.00056,0.315035,0.147522,0.234866,0.0289418
0.00856239,0.0024416,0.0018357,0.0150091,0.0869407,0.0385927,0.0827238,1.03746,3.80883,3.93472,2.37406,1.21183,0.509375,0.98583,0.426364,0.111993,0.144058,0.299009,0.213516,0.147709,0.860704,1.12047
0.00485883,0.00274493,0.0167911,0.00572007,0.0293542,0.00334575,0.0271508,0.156378,0.669401,0.506865,0.38284,0.0844247,1.04461,0.988393,0.205526,0.184956,0.421954,0.306795,0.194466,0.172418,0.873127,0.411267
0.00170368,0.00269857,0.00438278,0.0356912,0.0134339,0.0231642,0.24303,0.782635,3.30932,2.96597,0.9033,0.217731,0.414787,0.524641,0.0865792,0.031191,0.424423,0.530361,0.121883,0.721496,1.32049,0.326428
0.00250444,0.00119912,0.00526279,0.009978,0.0182972,0.0158467,0.118529,0.643761,1.97516,1.55997,0.828154,0.394744,0.576581,0.547637,0.023388,0.330975,0.820996,0.867624,0.258667,0.541157,1.80209,1.71768
0.00597753,0.00278035,0.0133739,0.034641,0.0453859,0.0509964,0.0859275,0.0410011,0.608639,0.625047,0.0551569,0.108609,0.0489409,0.0170905,0.0301073,0.0680884,0.467666,0.575298,0.236458,0.76125,0.895988,0.457887
0.0068339,0.00970103,0.0180836,0.0505165,0.104991,0.112016,0.086001,0.595554,1.83789,1.45684,0.465353,0.258693,0.312861,0.455699,0.0593549,0.0738829,0.671616,1.01772,0.335654,0.766965,2.03858,1.83567
0.00258055,0.00357507,0.0033016,0.00930924,0.0392187,0.101324,0.168622,0.225496,0.929061,0.594947,0.0884789,0.0768621,0.0654772,0.127003,0.0767323,0.155298,0.749442,1.01103,0.439846,0.535808,0.607299,0.295847
0.00359507,0.00278392,0.000148023,0.00097249,0.0381278,0.015149,0.0124113,0.0783825,0.323005,0.400609,0.766529,0.709485,0.0985574,0.222323,0.0971099,0.12133,0.356722,0.686842,0.188603,0.436229,1.07938,1.2788
0.00834567,0.0157527,0.00537121,0.00278057,0.00741269,0.0295955,0.0103205,0.466119,1.54986,1.27393,0.303981,0.174776,0.204441,0.243354,0.161522,0.109908,0.4452,0.486879,0.0618692,0.0943893,0.0907031,0.312846
0.0175279,0.0136563,0.0017504,0.0125425,0.0650165,0.0956528,0.103592,0.171766,0.904836,0.518796,0.974065,0.952592,0.0458035,0.249838,0.0462415,0.0597492,0.0206631,0.167037,0.180337,0.0899855,0.07237,0.0933743
0.00122736,0.00262164,0.00361671,0.0425965,0.0792638,0.104991,0.0619863,0.454324,1.41808,1.70801,1.42943,0.879095,0.389124,0.262785,0.00903116,0.0678975,0.729839,0.745113,0.203828,0.582017,0.585154,0.186603
0.00233023,0.00061526,0.0106788,0.00638993,0.00670808,0.00963446,0.0693936,0.457531,1.71103,1.72066,0.753273,0.248802,0.266721,0.255988,0.0558397,0.00950806,0.676624,1.10133,0.240485,0.282728,0.0863098,0.504921
0.0147402,0.00978682,0.00877225,0.018053,0.0172842,0.0275832,0.00107788,0.0770061,0.156319,0.0488288,0.12738,0.100069,0.549364,0.463922,0.187652,0.119505,0.424281,0.811869,0.32659,0.818764,1.49488,0.668078
0.00900746,0.00579748,0.00207994,0.00927386,0.0110889,0.0397637,0.0943584,0.33611,1.58565,1.43959,0.320621,0.195689,0.581378,0.507015,0.0589864,0.139966,0.0980072,0.155811,0.156552,1.80147,3.03536,1.03081
0.00909731,0.00417836,0.00622863,0.0172654,0.0385393,0.0215123,0.042262,0.281692,0.999355,0.952551,0.527235,0.22495,0.351344,0.536317,0.26545,0.160127,0.219545,0.41557,0.419772,3.50123,5.43767,2.13463
0.000818588,9.49991e-05,0.00749153,0.000108466,0.0412152,0.070975,0.00278448,0.151567,0.699679,0.56911,0.261743,0.273566,0.208688,0.19871,0.0517157,0.0706985,0.868283,1.26935,0.198874,3.92923,5.41842,0.852876
0.0101134,0.0086034,0.0174153,0.0140675,0.0336579,0.0422412,0.0728152,0.28673,1.05908,0.939672,0.37878,0.198664,0.0612499,0.0531188,0.137698,0.137173,0.336301,0.546831,0.608954,3.46292,5.38359,2.92863
0.00151132,0.00129771,0.0017984,0.00142785,0.0139562,0.0135424,0.00577338,0.17546,0.332688,0.303914,0.569185,0.502214,0.0063621,0.0388192,0.182523,0.10847,0.0678908,0.100132,0.308535,1.17616,0.467959,0.655427
0.00329001,0.00630015,0.0085385,0.0268267,0.0332135,0.0213712,0.0244696,0.055372,0.293338,0.400693,0.177001,0.0392927,0.000285596,0.0155252,0.00357846,0.0597162,0.31915,0.412672,0.128691,1.94792,4.02245,2.15208
0.0121487,0.00904825,0.00355516,0.00932454,0.0162456,0.00641329,0.0794856,0.0950496,0.0804088,0.41471,0.79054,0.600457,0.0921191,0.0318488,0.0677371,0.0668047,0.0770985,0.46131,0.13553,5.01093,8.80562,4.4362
0.0158544,0.00801295,0.00120369,0.0272864,0.0591096,0.0484923,0.0762131,0.0796463,0.57969,0.372114,0.437257,0.446957,0.0224701,0.0639391,0.0100051,0.0996864,0.124446,0.186576,0.444304,6.96754,10.9346,3.64783
0.00688725,0.00380354,0.00707558,0.0400607,0.0654646,0.0358781,0.0783573,0.172179,0.74936,0.64801,0.267396,0.174878,0.0243398,0.167153,0.0261805,0.0912051,0.339342,0.28986,0.31089,6.44834,11.2339,5.24645
0.00518037,0.00398229,0.00423437,0.0236172,0.0420722,0.0242872,0.00924885,0.095163,0.108549,0.1792,0.500187,0.483489,0.304808,0.284813,0.162803,0.00398927,0.236806,0.417588,0.0893402,4.05923,7.02602,2.95792
0.00646271,0.00702722,0.00264336,0.0124328,0.0458525,0.0575171,0.0113492,0.137344,0.651656,0.471328,0.131477,0.111366,0.0540213,0.158821,0.111836,0.0228388,0.288328,0.508684,0.0634686,1.64025,4.15124,2.66245
0.00413985,0.00408747,0.00333622,0.0139795,0.0192717,0.0391494,0.0620155,0.286196,0.624694,0.325064,0.107178,0.0187265,0.303582,0.241364,0.0896528,0.0440124,0.441358,0.571101,0.398894,0.401455,1.31102,0.094087
0.00156834,0.00157121,0.00186774,0.00211038,0.011748,0.00589174,0.0431391,0.152398,0.220941,0.042852,0.304806,0.197811,0.0316459,0.0990626,0.100346,0.0136368,0.0437786,0.0712029,0.103153,0.0689053,0.660363,0.568976
0.00358706,0.000238207,0.00161273,0.0220461,0.0233834,0.00505648,6.51386e-05,0.0168628,0.055378,0.134058,0.351912,0.273222,0.220171,0.212251,0.110125,0.245458,0.570766,0.482173,0.0101086,0.25423,0.228753,0.168591
0.0104378,0.0079046,0.000233278,0.00819929,0.0529664,0.0573983,0.0209419,0.0181982,0.0124716,0.0479317,0.102092,0.102638,0.0348645,0.0188399,0.0250752,0.058656,0.235448,0.503646,0.498752,0.63195,0.072362,0.7899
0.00377484,3.58615e-05,0.00243241,0.00203082,0.0294657,0.0357291,0.00302366,0.14882,0.446463,0.335229,0.168485,0.317592,0.315836,0.246208,0.074941,0.0356014,0.181828,0.469119,0.00243139,0.0284403,1.08474,0.865731
0.00895843,0.00296661,0.00306312,0.000504359,0.0109408,0.0169696,0.0143797,0.0849283,0.208956,0.142883,0.130986,0.129411,0.0495971,0.0990772,0.041848,0.165756,0.00421372,0.258931,0.124863,2.14465,4.05228,1.98358
0.00141994,0.000647218,0.00154599,0.00623632,0.0159265,0.0471278,0.0984493,0.121471,0.142875,0.0111774,0.33761,0.37296,0.318214,0.270911,0.0722672,0.053965,0.379354,0.270015,0.485475,5.05563,7.51485,2.61712
0.00467709,0.00327937,0.00362935,0.0069821,0.00938084,0.00769699,0.00310561,0.0339866,0.200384,0.171149,0.0139908,0.0314186,0.152548,0.167924,0.120135,0.16085,0.361457,0.211622,0.541364,5.32133,8.1996,3.66832
0.00995682,0.0046305,0.00276256,0.000256369,0.0162088,0.0121698,0.0285906,0.00334503,0.023493,0.0791739,0.127317,0.0723375,0.0594315,0.10605,0.0636322,0.0589494,0.283682,0.456214,0.0709996,2.22559,3.79939,1.59466
0.00445367,0.00191231,0.000716992,0.0020935,0.00456619,0.0213809,0.0595647,0.0409826,0.141497,0.114018,0.136991,0.101807,0.0425849,0.10708,0.0680114,0.0170985,0.269149,0.711919,0.0726757,1.16662,0.696666,0.195452
0.00615516,0.00290649,0.0015577,0.00188009,0.00540957,0.0177378,0.00770903,0.0695183,0.0521751,0.143415,0.328788,0.171446,0.0222985,0.010517,0.0303259,0.0968857,0.292488,0.41646,0.346012,1.56727,1.22237,0.617763
0.0134696,0.00934028,0.00297341,0.00499498,0.017305,0.023154,0.0128881,0.0885829,0.359564,0.387173,0.361511,0.367321,0.308763,0.202714,0.0551345,0.11724,0.59236,0.787272,0.404194,0.355519,0.558842,0.493208
0.00991544,0.000271578,0.00430544,0.0162728,0.0246328,0.0261574,0.00716405,0.102321,0.330219,0.25296,0.0462819,0.0931906,0.158313,0.0591572,0.0408314,0.0968398,0.0730364,0.0362988,0.105186,1.40299,2.34147,1.00824
0.00817789,0.00533984,0.00291638,0.00688658,0.0208058,0.00610387,0.00639166,0.0624216,0.151773,0.221402,0.367559,0.350536,0.201033,0.0967562,0.029668,0.0613157,0.0433512,0.0737146,0.018755,1.22165,2.80125,1.4867
0.0119999,0.0124666,0.0159573,0.0162765,0.0435642,0.0104267,0.0087925,0.140117,0.473729,0.587495,0.534469,0.327661,0.152091,0.132207,0.0166181,0.0229151,0.450308,0.682422,0.0170292,0.845097,3.49583,3.02139
0.0112468,0.0106619,0.0027321,0.0030748,0.0184533,0.0794524,0.124911,0.171677,0.240939,0.292877,0.338438,0.216209,0.0510319,0.00517248,0.0435808,0.0609158,0.450367,0.731052,0.280569,2.59915,5.12643,2.29673
0.00747092,0.0070327,0.00330286,0.0168696,0.00799438,0.0116341,0.0245169,0.107343,0.324164,0.250859,0.10503,0.14571,0.231378,0.268606,0.18211,0.169998,0.140648,0.528408,0.434586,4.47627,8.35465,3.88259
0.00299599,0.00317131,0.00348152,0.0131518,0.0323262,0.014813,0.00903426,0.0736846,0.224687,0.152737,0.0629964,0.0913095,0.000451908,0.0611807,0.00893335,0.162792,0.378929,0.534234,0.249042,4.85038,9.535,5.05628
0.0011808,0.00313312,0.0067067,0.0176782,0.00217561,0.0332149,0.0290639,0.0413854,0.00123719,0.159862,0.335297,0.336302,0.227997,0.117844,0.0783683,0.0253748,0.0424737,0.0725032,0.387869,5.35013,9.14275,3.63826
0.00305627,0.00181468,0.00838961,0.0055859,0.0494983,0.102874,0.200064,0.175631,0.0933151,0.14923,0.0223672,0.133195,0.118274,0.00591952,0.042969,0.0158237,0.109768,0.1925,0.293259,5.79245,9.45407,3.18265
0.00360526,0.00370157,0.00444788,0.0298342,0.150757,0.223699,0.051776,0.0306742,0.0941484,0.112249,0.186251,0.279014,0.149192,0.126734,0.139592,0.0452915,0.384784,0.469743,0.379252,5.19942,8.79697,3.70115
0.0142615,0.00441003,0.00574617,0.0470019,0.0328367,0.0580375,0.266707,0.196462,0.312533,0.360496,0.157032,0.557144,0.524364,0.282336,0.0692787,0.117867,0.377621,0.545297,0.0420557,4.5111,7.58024,3.78126
0.121454,0.0545843,0.0170098,0.0640294,0.192144,0.196313,0.199431,0.531878,0.363816,0.155262,0.204834,0.282342,0.0616875,0.281702,0.00918945,0.00463829,0.512182,0.724738,0.293752,3.5959,4.84439,1.76489
0.0680834,0.0236026,0.0686008,0.136448,0.569013,0.640919,0.3984,0.228454,0.310512,0.16742,0.107097,0.00659892,0.0713281,0.424512,0.300114,0.1864,0.755375,0.895141,0.327295,2.04172,2.12086,0.89227
0.00396718,0.0084503,0.0085445,0.371692,0.750879,0.241776,0.290297,0.887052,0.771878,0.37981,0.0462475,0.109386,0.194647,0.195139,0.175069,0.160806,0.396333,0.322701,0.172696,3.06687,5.30188,1.53619
0.014029,0.00485779,0.0659255,0.190723,0.694228,0.116374,1.60627,1.41635,0.407922,0.146547,0.344665,0.510939,0.0952636,0.284514,0.072029,0.0578687,0.541049,0.586611,0.888842,6.03754,9.3369,4.11159
0.0441567,0.0161914,0.00760413,0.0812829,0.278271,0.363918,0.243891,0.124325,0.489961,0.496247,0.152351,0.23065,0.285117,1.02211,0.613639,0.163711,0.133961,0.157042,0.474644,7.62295,12.2327,4.7326
0.000203189,0.00549797,0.0268739,0.253722,0.479633,0.716706,2.58958,2.25076,0.372009,0.330327,0.173209,0.165052,0.0314218,0.532337,0.595048,0.0822756,0.785382,1.27772,0.525606,8.87023,14.9549,5.83349
0.0284498,0.0161284,0.0104892,0.691281,1.40479,0.660112,1.25908,1.78643,0.0983435,0.401121,0.180421,0.08632,0.563712,0.454411,0.0611712,0.0522404,0.497641,0.150012,0.558403,8.65987,15.7563,6.70568
0.0485902,0.0251171,0.125814,0.68765,2.29527,2.35357,1.52965,0.593963,0.592858,0.526766,0.166458,0.56651,0.228271,0.437986,0.177297,0.0764084,0.199039,0.750029,1.08654,6.79908,13.208,5.68658
0.0177931,0.0400431,0.10872,0.870892,2.47448,2.35881,1.14362,2.93033,1.05031,0.0371074,0.392328,1.18483,0.92121,0.83211,1.44789,0.318705,0.519884,1.4361,1.64174,4.16897,9.22825,4.47588
0.0286878,0.0588512,0.0938329,0.26768,0.954658,0.669116,1.50227,2.36402,1.34556,0.544572,0.191256,0.970432,0.37484,0.77736,0.426485,0.0168139,0.10796,0.705587,1.56041,1.53101,4.28405,1.59094
0.00205135,0.0161338,0.0100963,0.26467,0.989683,2.05123,0.866249,1.46447,1.58678,0.664233,0.222056,0.117489,0.711146,1.06227,0.558119,0.0871275,1.52468,3.23477,2.32085,0.643427,0.330129,1.07865
0.00565208,0.0145294,0.140864,1.00701,2.70736,2.76428,4.55176,4.89444,1.32104,0.182315,0.0991109,0.490674,0.0315335,1.76013,1.81136,0.505549,1.16969,1.42157,0.814223,5.5498,6.20353,1.2408
0.033124,0.0570767,0.0248392,1.84213,4.02233,0.390921,4.33546,2.60957,1.03236,1.19866,0.455372,0.751413,1.31849,3.16685,1.18882,0.132964,0.122307,1.5968,1.10362,6.94045,11.9728,5.41785
0.0849169,0.0767731,0.314999,1.31141,3.89479,0.719195,4.48303,3.67902,0.151086,1.00542,0.60011,1.31125,0.514827,2.64298,2.07068,0.415078,1.26315,1.81851,1.63264,11.4137,17.8383,6.18254
0.00213575,0.036963,0.000590848,1.21573,3.09178,4.33451,7.56094,6.81482,1.0429,0.598428,0.680603,1.74947,2.58386,3.57579,2.84784,1.19698,1.4327,1.04884,1.77828,13.8033,19.3787,6.07554
0.00906872,0.0154612,0.0487335,0.062228,0.755685,2.89716,1.69697,1.77859,2.8907,1.83808,0.710838,1.32698,3.68157,4.59393,1.44207,0.342592,0.486138,0.341455,0.255814,8.40146,13.9045,5.70779
0.043036,0.00962649,0.0253783,1.47199,2.89344,2.42393,4.95686,6.25668,2.92857,1.11857,0.359398,0.0342297,0.346828,2.69907,3.3002,1.4114,0.41897,2.6267,2.77924,3.79703,6.17887,4.10001
0.0390628,0.00357271,0.276221,1.70292,6.30826,6.23921,2.08604,7.03733,3.85747,1.35519,0.824522,1.55359,3.37497,3.96791,2.43286,0.980751,3.51605,5.21641,2.32907,1.88562,3.55643,2.89028
0.062933,0.123341,0.111072,2.83316,7.36011,6.58369,2.85221,0.169596,2.81552,2.3744,0.269944,1.91029,2.56146,2.99962,1.02085,0.270416,4.87456,6.46526,0.277272,8.72869,7.91536,0.52677
0.0194081,0.0865087,0.325704,1.98671,4.91465,1.796,3.91529,7.563,1.95935,0.915181,1.33415,2.01209,0.427668,2.56494,4.22172,1.37994,1.84155,1.20075,5.54589,2.39979,6.91745,4.29146
0.00648361,0.0288607,0.100062,0.688065,1.55329,3.38262,11.0345,8.20546,1.15947,2.67626,1.0669,1.65313,0.653248,0.414235,0.91673,1.3233,2.81981,2.55301,1.76714,8.44366,10.4339,2.35276
0.00116089,0.022339,0.257031,0.733039,2.26147,0.729144,0.781043,1.29728,2.25648,2.7473,0.153486,1.51531,2.19283,1.2629,0.974572,0.0824742,4.49283,6.09981,0.921032,6.86824,11.2184,6.59884
0.0555682,0.0729211,0.214106,3.18231,6.26429,2.08025,14.4687,12.158,2.03826,0.659289,0.147385,0.702568,0.465231,4.47475,5.91455,2.0013,2.27404,2.24365,0.849396,1.86024,4.16033,0.348897
0.115057,0.0224278,0.556996,3.2001,8.74104,5.52,4.61037,7.60673,6.03295,3.19343,0.301044,2.16447,4.48278,5.7117,2.06108,0.414907,0.79037,0.688761,0.0454808,1.90607,4.77953,4.08132
0.0544498,0.182773,0.0146134,3.36984,9.48139,11.0737,10.4306,8.01741,4.45684,2.29591,1.64476,3.49146,4.64348,4.13762,3.05154,0.705182,2.09523,1.04844,1.20679,2.34031,1.35871,1.1002
0.0152366,0.01276,0.100611,1.8273,6.18042,6.43457,5.4093,12.6694,6.36233,1.55149,1.87133,3.75356,0.26415,7.04682,5.91582,1.56194,2.71697,6.34615,4.58704,0.382235,0.197606,1.28191
0.116059,0.0885478,0.347356,0.631793,1.15007,2.36922,1.57888,3.11491,3.8407,4.60503,1.18309,3.58771,2.90285,8.78601,3.80409,0.288316,1.70865,3.19211,1.10787,1.0342,3.88818,3.056
0.00977766,0.0930823,0.498078,1.51873,6.95131,8.63123,1.05073,7.3404,0.52958,2.43407,1.4196,2.81144,1.23283,3.06017,3.33304,0.545114,1.68286,5.49861,6.20649,5.22045,5.2132,1.85026
0.100414,0.12493,0.0402376,4.74023,11.1237,8.93328,12.1844,12.7512,0.403256,4.05705,0.329592,1.05706,5.437,7.78327,3.94885,1.0073,3.21563,3.66622,1.27475,1.96875,4.60202,1.65487
0.0172842,0.108947,0.5995,4.53898,11.4546,0.874846,8.97408,5.5037,6.18282,5.08408,1.16637,1.66703,1.5735,7.15467,4.58708,0.865307,3.1273,3.07337,1.76451,6.123,9.18801,5.39115
0.124039,0.0604035,0.463634,3.47104,9.42203,1.05564,15.3278,15.2551,4.145,0.153256,0.722979,4.28445,4.24028,2.43056,4.66095,1.56399,2.21602,2.38006,0.0550901,4.84369,6.21824,0.176511
0.037226,0.113177,0.272957,1.78302,4.52074,10.1806,18.5588,17.8137,10.7653,5.63196,0.450255,4.4621,3.90982,0.416771,1.65828,0.797718,0.345002,2.23946,3.33559,5.79355,9.63329,6.41506
0.0425698,0.145132,0.469058,2.83141,3.90241,4.00856,8.99476,6.00076,6.7545,5.16269,2.22957,2.1911,0.12056,1.9091,3.61787,0.636205,2.02552,3.64278,2.72294,3.76087,2.27326,1.95046
0.0781431,0.0971731,0.690385,3.83515,11.5692,12.6509,18.869,19.626,7.57277,1.64205,1.3085,0.591861,0.259392,4.69171,4.60014,0.274732,3.30019,7.26563,7.32515,4.7082,1.02406,4.64237
0.00996118,0.0498533,0.162007,5.42282,16.5944,17.0161,0.0891472,7.43852,5.53578,7.70455,0.680047,0.837603,5.61605,11.1079,7.47486,1.04116,0.627492,0.33683,0.723207,0.252243,2.68005,4.10773
0.0521464,0.0550832,0.0918429,5.55717,14.6918,10.5121,3.66455,6.30235,2.81712,4.81613,0.381432,1.02238,3.45662,2.17064,3.03068,2.03196,0.932538,1.57705,0.4735,1.9788,1.16452,2.83947
0.0347316,0.120838,0.912034,2.71041,6.68763,0.419259,8.95203,16.3703,0.38157,5.90891,1.05273,4.01198,7.11348,8.80247,2.47254,1.51321,1.07592,1.02622,0.829256,6.00215,9.50376,5.64207
0.0890199,0.0657984,0.37724,0.46812,1.53917,8.44162,14.6005,13.7753,12.8516,8.29044,3.05316,5.76721,12.4964,18.7777,13.1416,2.14654,0.382837,0.00890596,2.17458,9.53964,12.6056,5.34699
0.0902266,0.252829,0.137147,4.43568,8.54105,2.76807,6.12909,12.616,6.52397,2.17389,1.81086,5.3535,4.34788,2.23451,0.860467,1.56361,1.16559,3.78222,3.51746,6.47758,9.25542,2.82731
0.178436,0.0197725,0.42688,5.85267,14.662,0.626616,25.0158,24.6605,13.8955,7.28543,0.381307,3.28972,5.04666,8.44776,0.453072,1.98564,1.22014,2.50104,2.45469,1.32584,6.69202,4.33783
0.102606,0.0633189,0.829701,5.68381,16.3535,11.1491,4.24724,0.638825,9.48372,8.71145,1.65725,1.89347,2.88068,14.2065,12.8196,2.21043,1.65651,0.85177,0.873223,5.2682,6.47404,0.156601
0.209188,0.100627,0.424006,5.93419,15.2398,21.2138,27.5149,22.254,6.03756,0.117321,1.1133,0.8257,1.76461,0.0673226,0.210788,0.850644,1.43985,1.03273,0.613498,6.1357,10.8638,7.02881
0.189593,0.157532,0.640627,0.325888,5.44851,5.84437,11.9821,16.3555,6.61492,10.9645,2.97053,3.38069,0.216284,0.537947,5.03513,3.22852,1.35443,0.543671,1.88889,2.97485,1.50109,2.59813
0.163315,0.0706687,0.452182,1.34584,7.25889,12.7386,11.5735,1.29417,9.14149,7.24739,1.37365,7.2849,6.65639,3.81941,8.83384,2.96106,0.910437,0.886541,0.0991492,2.29752,0.0138067,5.40031
0.271498,0.141511,0.16855,5.0338,16.2428,15.4595,7.9704,17.9453,1.29632,4.47747,1.62996,7.03742,5.15541,3.9277,3.01399,0.640609,1.59147,0.673713,1.11682,3.85968,8.00487,6.31834
0.273096,0.255621,0.112854,8.48715,19.0767,11.8477,10.2908,18.2622,18.0696,11.0762,3.77879,3.6299,3.46271,13.9331,10.8174,2.78482,0.836343,0.964682,0.0122496,2.49343,2.97254,0.773757
0.274335,0.16467,1.09141,6.30486,15.6283,1.33813,4.67103,8.02441,9.65126,4.74066,0.613659,1.21704,3.90127,1.37089,4.50653,2.75225,1.33747,0.831172,0.757325,4.33263,11.1734,9.04905
0.0096802,0.145931,0.518123,4.45187,10.5314,0.957717,23.6542,29.279,16.515,7.29911,1.2456,0.593656,6.43276,12.5265,5.14455,0.744332,1.76032,2.97429,0.455992,9.88891,14.1075,3.28587
0.0702236,0.120332,0.285455,1.13827,0.251813,10.9116,21.8738,10.7127,12.0455,12.7042,0.615387,1.7023,9.99581,22.4064,14.3787,1.14681,0.830617,0.290463,1.49009,11.4293,17.9874,6.56095
0.114663,0.103516,0.123883,4.50779,10.8136,1.30491,20.5827,16.7121,1.32686,2.1535,1.93765,4.97126,1.39288,3.68067,0.975443,1.40483,1.12925,1.30049,0.611681,5.38025,10.6747,3.8611
0.00533915,0.144324,0.947256,6.23294,18.5018,20.7262,29.0092,22.4022,7.35937,11.429,3.0201,7.10089,13.4884,12.9593,3.70151,0.695607,1.29655,1.07163,0.710729,0.888668,3.51998,0.901094
0.033013,0.203553,0.616604,8.45961,23.145,24.969,10.904,5.61713,16.5549,12.6617,0.560642,6.20793,9.68285,16.2095,11.4254,1.52423,0.457685,0.0245319,0.880427,4.96025,8.31094,7.01609
0.241426,0.0666313,0.79378,4.647,14.7422,5.94379,18.9403,21.418,3.28351,3.23771,0.869154,1.58687,1.46199,3.30542,6.08674,0.611749,1.7604,0.771592,0.49009,3.34149,2.51547,1.90876
0.343358,0.0796193,0.240871,2.62945,2.89322,5.76016,4.69144,23.2031,23.7442,14.0668,2.51991,0.797253,2.58483,3.00102,0.504337,0.885146,3.86986,5.17891,2.29535,0.231303,3.82955,6.27054
0.182067,0.241593,0.426459,2.18716,7.98407,9.69854,4.1308,5.36442,13.5199,9.85263,3.11779,2.13687,0.00708212,3.27271,4.48763,0.750691,3.08434,4.61853,0.904673,4.93127,9.21975,9.16448
0.270607,0.200736,0.0598158,7.78612,15.1138,4.33709,11.4007,24.8237,15.2824,6.36503,4.14761,4.14831,3.41624,11.0935,12.8863,3.07032,0.470987,0.449449,1.27528,5.59222,3.11039,3.39569
0.0701023,0.329716,1.20547,7.37998,20.5078,3.03468,25.3809,15.9888,13.997,16.1715,0.614993,8.30961,12.5482,13.3614,5.23598,1.19655,5.3237,7.67456,2.87124,1.86396,8.39074,9.20358
0.108408,0.0787822,0.0586405,8.27935,21.5813,17.2832,1.76301,7.22389,3.9406,6.15405,3.05521,7.8974,10.2662,6.15456,2.45648,0.205227,4.95922,6.14124,1.83504,3.57872,4.58298,2.49317
0.0268744,0.0191661,0.430486,4.12877,14.0057,25.0844,39.7345,27.9986,6.68068,12.5298,3.26684,3.75023,4.84191,19.3646,15.9999,3.89703,0.930681,1.47885,2.79532,11.3523,16.6388,7.40986
0.11585,0.155505,0.179361,1.18444,1.02151,1.32814,8.5335,17.2978,23.0378,16.593,2.51667,0.0129886,12.1548,19.6438,7.14959,1.2693,0.762891,1.58303,1.93965,8.94591,12.2005,3.80137
0.108845,0.0720874,1.01999,3.92297,15.17,23.8016,29.5009,21.7433,6.43853,1.02986,1.15441,2.83097,3.05308,8.09373,10.2148,3.89116,0.65417,0.991627,1.20775,0.38035,3.07355,2.45964
0.0862498,0.208884,0.674613,8.97089,24.1474,18.9175,12.0513,29.6794,25.1741,14.2596,0.300798,4.70607,7.8275,19.0898,12.8028,2.30507,0.536748,2.22694,1.36066,0.439925,3.07328,5.2079
0.0664375,0.194505,1.03856,8.42581,21.6264,7.02698,3.40977,1.18505,15.1548,14.9188,4.26163,6.19392,1.42675,12.6801,5.58034,1.29926,1.77824,2.66771,0.515472,4.83821,2.9091,2.05092
0.272516,0.216631,0.685009,7.16657,15.0342,1.50573,5.98164,21.2922,12.1902,3.78665,2.66375,7.3602,8.407,6.64981,13.8071,4.83515,1.87202,2.51198,1.19702,3.00259,6.05388,5.49905
0.0241774,0.074638,0.586422,3.06238,7.716,4.68491,18.0737,18.6831,15.8446,20.252,1.18718,4.95868,5.40211,6.65137,7.52344,3.93213,0.817792,0.0549026,1.11486,4.70575,9.84622,10.1884
0.151444,0.166228,0.536992,4.63882,6.22367,8.56132,12.9769,5.15617,11.8699,10.2905,1.85196,0.162631,2.28219,0.0276131,0.653875,2.09046,1.17154,1.66879,1.64643,7.55885,7.11364,1.77968
0.0118204,0.00688154,1.22459,5.85804,18.2676,4.40808,28.643,27.0413,4.14177,10.7059,0.799362,3.77643,1.48514,13.8044,17.1879,4.68023,0.108504,0.394536,0.72366,4.80817,12.6135,9.50727
0.0652654,0.338515,0.0794751,9.77773,26.0965,30.32,31.0732,30.2366,28.2156,18.2676,5.4474,4.81857,5.06106,12.6794,2.73722,1.95371,1.8616,3.63178,2.97414,1.2484,3.71678,2.58299
0.16433,0.0658902,0.375596,8.47528,23.7612,26.198,21.7886,15.7069,9.72972,5.96973,2.61573,6.88874,0.836209,5.99049,4.07927,1.00707,4.38012,4.94554,1.20117,7.1061,14.8562,8.86351
0.136922,0.141759,0.909221,3.69329,12.4904,1.75202,31.7977,37.0842,25.924,14.8309,0.634176,9.15082,13.9379,21.792,16.3358,4.0285,2.78968,4.57703,1.07436,11.2692,15.9416,4.82361
0.0951072,0.152206,0.917211,2.30921,1.26697,12.0652,3.62766,3.41631,18.4261,19.2364,5.7671,8.47836,17.7684,21.984,9.06221,1.40841,1.42888,1.49522,0.405206,7.28834,12.7152,6.85131
0.0755674,0.103766,0.625446,6.13955,14.5893,7.33521,14.947,19.1168,4.76134,1.35817,1.29679,3.37777,2.2943,4.70802,6.02326,1.10012,3.90717,5.49957,1.53506,1.80526,6.40816,5.14287
0.0237928,0.314204,1.10773,8.87751,19.9193,2.99509,9.46564,18.9385,14.8254,20.5868,2.3963,1.37609,11.3599,17.0604,7.66574,0.691856,4.09458,5.20032,1.36189,3.64379,5.15287,0.13098
0.0891961,0.238774,0.904706,9.38282,24.6592,8.25666,11.7074,13.0219,20.4893,16.3804,0.112749,5.18739,8.7029,17.6353,13.2468,2.33405,2.15676,3.15655,2.14387,7.79538,13.7845,7.80519
0.0848569,0.0846627,0.342047,7.98847,22.5068,20.6574,9.92675,22.1997,0.328523,7.06638,3.16865,6.71912,2.02956,5.52302,7.33066,0.686477,0.532817,0.0854983,0.869325,5.03736,3.43279,5.23581
0.0727762,0.0603832,1.36538,1.3248,8.92431,22.1303,37.5484,37.998,33.6245,21.9093,8.03479,9.39421,4.95779,0.698341,2.56681,0.443235,2.96683,3.77877,1.48319,1.39595,2.4025,7.092
0.0722488,0.0478113,0.638229,1.54983,8.07989,8.51835,0.846435,7.69381,14.527,10.3265,2.18766,10.8846,9.17852,4.35483,9.00514,3.12687,5.58816,7.5612,1.68159,4.5767,9.78403,7.80616
0.0274064,0.225348,0.157651,7.73371,22.0312,31.9209,42.8562,39.4647,23.7516,11.7616,0.425486,7.13753,3.55057,9.67733,8.82223,1.6858,5.72775,6.21309,1.51875,1.4665,0.384511,5.31695
0.0155555,0.188123,0.074533,10.6256,27.1779,17.4176,13.955,13.0419,21.7208,23.4986,3.5163,0.717539,9.45077,19.2191,12.5015,1.33971,3.38917,4.1675,0.588985,1.34698,8.33856,7.88193
0.114227,0.146767,1.63361,8.34663,22.5826,1.37905,24.7866,14.369,4.47329,5.66246,1.38028,5.43811,9.46344,2.05867,5.43069,3.92642,9.26445,11.8251,2.02406,10.1629,13.1438,4.58191
0.0877335,0.455541,0.563719,7.93339,14.0555,3.72511,16.78,23.2614,12.2596,18.7187,5.8775,7.36963,4.61822,15.4706,4.07903,1.9781,7.33813,9.34221,3.91649,12.0172,18.3594,8.28934
0.274622,0.0861566,0.393157,0.691301,2.35133,7.20833,0.268559,17.0322,28.3905,20.701,0.112969,7.85514,8.60429,28.5362,20.8279,3.14243,2.99561,2.60902,0.207528,6.32828,13.5561,6.82559
0.302021,0.155797,0.602132,5.48126,10.361,3.97337,2.10198,17.7425,5.58899,1.39577,3.24886,8.37314,5.65803,0.444512,2.14412,4.29367,9.81552,12.3538,4.17024,4.37713,7.9663,1.4419
0.0362415,0.0073789,0.849084,8.03073,24.3975,12.437,24.0892,40.2926,36.4339,21.9482,5.51777,6.42921,14.3885,11.1367,1.16709,1.86736,9.53606,12.309,4.65546,7.23213,15.0369,9.47802
0.16844,0.0620909,0.469087,11.1629,30.5353,34.5337,23.7798,2.6636,21.1499,18.3178,1.38081,1.99179,5.37484,19.4813,19.5162,5.16735,1.9198,3.85932,0.595354,8.0314,8.4911,1.40543
0.156773,0.208306,1.48232,6.64741,21.0705,22.9034,31.153,32.6147,16.1256,6.72335,2.50269,4.89263,6.25451,0.784226,0.935818,2.18162,4.17115,6.3075,2.88126,2.25322,7.69168,8.60603
0.272819,0.120385,0.340514,4.4812,8.21739,9.94916,39.2412,24.2964,22.4534,25.5768,0.055601,9.17644,5.39072,5.19796,10.0189,3.5183,8.74411,13.3137,3.96429,4.68833,8.40761,6.93606
0.0318635,0.225601,0.544041,1.46011,8.24861,18.1378,21.21,5.96716,14.5173,12.5938,5.76826,7.92882,1.1267,4.50782,11.3542,5.13044,10.6306,15.0967,5.7384,3.86413,2.36399,4.95505
0.0403105,0.15576,0.19963,8.28931,19.3899,2.30435,34.5629,30.6249,8.61375,14.9126,5.52078,8.47249,7.80978,10.5319,6.93529,0.829962,6.08855,7.01972,2.47858,0.454395,6.26739,8.45175
0.230075,0.242707,1.93312,9.69456,24.2176,5.12889,0.0888847,24.8143,36.8382,24.1663,0.45895,9.6848,17.3651,25.0266,16.5611,3.5642,4.39919,6.93915,2.53055,4.11491,5.16203,0.513726
0.108975,0.318419,0.108703,11.4881,26.4203,17.7224,12.4219,17.0881,11.6738,5.39707,2.12787,3.8378,7.95912,5.03871,0.777262,2.24208,12.3283,16.7649,6.53837,10.3609,15.9828,7.35522
0.140723,0.00926661,0.250095,5.30492,20.2445,22.1588,9.4218,34.7078,31.4858,17.7005,2.23266,3.43302,12.1356,19.7285,8.60574,0.966099,10.9763,14.8387,4.60288,8.00589,13.2493,4.91743
0.161536,0.153555,0.446376,0.0368382,3.40358,10.82,18.7486,5.43006,24.1151,22.3496,5.81802,7.57032,18.1237,27.4931,17.7838,2.62911,0.238539,0.556453,0.483096,2.31306,4.91598,0.193508
0.36843,0.192672,0.927168,2.57681,14.2518,17.0179,6.32757,20.0042,6.69812,0.463932,4.51979,8.86247,5.18637,5.05866,6.14173,0.118584,8.82793,10.9667,2.2982,0.622668,6.59823,5.85658
0.125835,0.27696,0.714307,10.4443,26.8361,34.1795,44.094,26.6172,20.0055,24.2615,0.740594,8.8205,2.76102,12.5953,6.19828,1.11781,8.67371,12.4429,3.27634,5.62705,4.02734,2.2374
0.292135,0.0259522,1.34928,10.2626,28.1051,12.2859,6.07048,8.58935,22.7872,20.1892,6.23353,8.31662,3.16063,9.88813,6.90136,0.804326,2.6163,5.41006,2.82126,4.53743,9.34594,9.78876
0.179571,0.315747,0.0732446,10.4727,23.4058,4.85387,47.1908,36.0411,2.08315,9.91299,2.24927,5.29786,5.41207,8.8217,13.0763,1.81418,3.17256,2.17253,0.151592,3.13509,7.12066,6.79377
0.279214,0.25799,0.0580162,5.49976,10.5355,6.93882,18.0209,35.2995,40.2521,26.0492,4.07375,0.512754,3.01036,4.61877,0.367714,2.80576,5.60835,6.94272,2.85306,6.26239,5.40212,2.7126
0.0309715,0.21124,0.910206,3.53336,2.74764,14.4662,26.3099,19.5914,18.5099,13.1476,0.23915,8.41424,10.9095,5.32597,1.80243,0.702149,6.45089,8.28993,2.49363,3.41915,9.15983,9.7453
0.260501,0.148189,1.96653,6.00647,15.6505,4.44627,15.5523,36.0215,27.5249,13.2726,1.80312,11.0831,1.46939,18.8898,18.3553,4.06176,1.0025,0.303849,2.09279,0.480325,3.01693,0.29964
0.148523,0.129675,0.166309,11.4864,30.8949,26.9855,3.16049,6.07913,27.8139,26.8201,6.78468,8.44393,6.3087,20.3672,6.8458,3.12452,8.30798,10.7587,3.62478,7.25164,13.7373,6.62461
0.0695553,0.0359918,0.397718,10.3697,31.8506,33.268,2.91639,13.5011,3.94784,9.39912,3.14865,9.43748,1.09058,10.7044,11.2447,3.25674,11.1788,15.7791,3.75005,11.363,16.6214,5.47814
0.107495,0.24218,1.20052,6.7304,18.6727,15.8519,30.5597,29.2195,14.7208,22.7164,1.14095,7.48634,14.6352,22.6933,16.8402,5.00887,7.5225,10.3199,4.02543,6.71236,10.4478,1.56245
0.18496,0.163679,1.03638,3.95796,2.80641,15.0566,23.638,19.6463,30.7867,24.7008,4.29183,1.2649,11.4643,17.9305,5.56882,3.29159,2.91193,3.22764,0.0713703,1.40021,7.97314,7.49821
0.0296739,0.310292,0.847038,5.56159,11.6119,17.259,32.7705,31.033,6.9136,1.52708,1.39033,5.66442,4.97406,10.146,15.194,1.97076,11.4801,14.1539,5.0993,3.2867,3.00435,0.538431
0.0912444,0.0993736,0.848415,8.38542,21.4602,3.07498,39.4731,43.1556,38.3817,23.789,5.35895,7.99533,11.9301,10.2051,7.63869,3.84304,10.1019,13.9612,5.31735,5.34676,10.7005,8.2126
0.142368,0.134085,1.30821,10.8815,27.9445,5.68407,16.5843,15.8424,26.2818,20.7332,2.24476,9.92317,5.82996,5.35387,2.12793,1.37081,4.65886,6.75099,1.36973,1.57138,1.80657,5.94072
0.164711,0.193426,0.0251092,11.517,28.0444,30.2041,39.4308,38.6506,16.4382,5.55224,3.12399,7.76079,3.18253,12.2316,16.2526,2.84324,4.91619,3.72877,0.868574,4.59637,4.0198,1.39453
0.0772067,0.10786,1.29421,3.69064,18.116,24.9799,0.0998553,9.64249,25.2105,26.9736,5.45965,5.86269,10.0672,10.1598,2.66335,3.1944,8.62023,11.0623,3.06436,5.0955,8.79589,7.55608
0.116075,0.00634075,0.975395,0.745775,0.542994,1.93304,12.5935,9.92763,15.2699,16.9543,1.81404,3.94191,8.62993,8.00245,3.61589,0.712817,6.01501,8.71062,2.7177,1.47754,3.28577,1.3203
0.104828,0.158989,0.0378305,6.14315,21.2122,24.2402,10.9539,26.9348,6.62422,15.922,3.46582,2.0252,7.38212,17.4164,13.5072,2.21225,0.603826,1.75994,1.20608,3.20609,7.20193,3.81937
0.126529,0.354494,0.0889361,11.4258,29.3458,28.6132,20.5476,23.9453,35.3417,25.9762,1.57018,7.20196,16.8295,25.4305,13.8318,0.421932,5.12941,7.18739,2.49479,7.1329,12.0412,5.4543
0.428914,0.111663,2.04117,10.1522,26.0567,8.52404,6.23884,23.2929,17.8022,7.20172,3.90542,7.41008,8.06429,7.33701,5.21178,0.376734,7.01257,9.85368,3.87673,6.73314,8.66159,0.894499
0.0187367,0.28414,0.533291,10.2792,22.0567,3.37224,42.356,43.88,31.5752,18.1,6.48169,6.5957,5.85821,16.033,6.55001,1.18396,6.32104,7.63274,2.77312,1.43581,6.23316,6.85761
0.280194,0.0768924,0.860539,1.96158,8.90385,10.2931,8.92833,3.71993,27.7994,22.8183,1.0482,9.21385,2.24716,19.619,15.4042,3.14124,0.242287,0.980194,1.25119,0.301975,1.7278,3.88951
0.0928674,0.0167168,0.350698,3.01773,5.30712,16.1603,45.0602,34.4999,4.66702,3.03115,1.32218,5.72696,4.89176,5.41529,6.08797,1.96981,10.804,13.0548,4.1921,1.96282,6.39616,6.42506
0.136934,0.181147,1.27172,7.5214,20.871,14.1217,20.5636,19.1365,17.8288,21.7417,1.72967,0.0549661,2.48517,2.37688,6.29644,0.658475,11.8944,15.5952,4.75007,1.76934,1.63038,5.69979
0.091004,0.29045,0.895941,12.9336,33.8868,37.8937,29.1055,7.11869,22.3817,20.1633,3.82746,5.58829,7.43015,3.90776,9.7918,3.62987,3.05551,4.93274,1.631,3.54291,3.38011,0.53485
0.0278141,0.00782006,1.37065,8.56458,29.6089,24.6363,14.701,28.4538,4.10085,4.6268,3.48889,9.87806,5.17865,6.17466,3.91924,3.23379,8.34796,10.1916,3.32778,5.8067,10.2482,6.71877
0.194341,0.326815,0.035196,8.56187,16.5742,2.82805,1.32796,21.3892,34.5716,24.9545,0.332997,9.90284,3.34196,20.8759,16.692,2.10453,9.61326,12.6695,4.25385,2.77112,5.0465,1.34066
0.0872984,0.178603,0.441567,1.67693,0.096736,11.048,0.486513,22.2826,27.2276,16.6046,6.69305,7.12952,1.494,4.40435,4.2969,3.251,3.70155,6.14349,2.65425,1.30058,3.85598,1.7813
0.211145,0.296701,0.316208,6.73258,12.9939,9.58311,24.5348,35.4636,20.519,8.54975,3.90953,5.78267,10.6863,10.4369,1.18136,3.49392,0.811739,0.116586,0.617572,4.59414,8.23509,3.93408
0.232516,0.150463,2.02951,8.43806,22.1005,1.25535,24.4862,3.4982,28.8511,25.2475,2.69493,3.77947,13.667,26.6285,18.7075,3.28932,2.14278,2.10136,1.17937,5.29234,6.49478,0.591079
0.062049,0.301663,0.409061,12.5915,29.9072,11.5524,26.9276,24.0298,7.55241,11.8922,0.417937,3.57323,1.03233,4.28105,0.791297,2.24788,2.41013,3.53931,1.20698,2.17061,5.43091,5.52915
0.0183013,0.0966017,1.04068,8.35919,26.5808,34.7992,42.327,26.8984,11.5091,16.3531,0.331726,6.69059,10.6093,5.85125,3.31768,2.13616,3.24539,3.85764,1.05678,0.882895,2.18697,2.73508
0.0266822,0.139563,0.582207,4.15018,14.7566,20.7319,19.2132,0.185244,28.0726,23.6087,6.38302,5.4452,5.97773,12.2776,12.5254,2.49881,1.36655,1.13175,0.593625,0.744106,2.76787,3.87596
0.0459558,0.0308051,1.00551,0.151239,3.664,15.4554,37.1625,36.938,15.6811,5.4171,2.0283,6.11379,2.1469,4.24056,3.72337,1.8007,4.27259,4.41848,0.592589,1.57653,1.08849,3.54264
0.141984,0.133566,1.12279,7.81854,21.8677,25.729,2.34919,22.5433,27.9174,18.3117,0.0898962,8.01182,6.39141,8.47945,7.72927,0.787566,3.5225,2.90582,0.258921,2.02098,1.45793,0.138843
0.0745862,0.00401967,1.40394,9.01129,27.1895,14.5273,12.4738,22.9201,28.447,19.4742,5.23165,7.17367,9.4291,3.06864,2.37423,0.959769,3.19039,4.43835,0.793756,5.56026,8.22301,4.72477
0.486749,0.277657,0.795471,11.97,25.3698,4.9799,9.16767,27.579,9.04668,1.38497,1.48029,4.32025,1.38975,8.17059,7.12706,0.312086,8.92965,11.6451,4.01963,3.91361,6.89703,1.6253
0.252723,0.197368,0.0909732,8.87354,20.5869,5.5453,16.6384,5.16095,23.154,21.1795,2.81954,0.324029,10.2979,18.7264,10.9186,0.387094,8.41061,10.4847,3.75343,1.50586,3.67974,1.07207
0.0257169,0.211597,1.048,0.71124,9.39055,15.6583,6.16963,15.7121,14.1874,18.5798,0.258363,5.63669,8.19256,9.69211,5.3941,1.05232,1.4636,1.40218,0.572712,2.10205,5.39776,3.26678
0.0213097,0.0262393,1.51019,1.34034,5.70656,12.207,40.6754,32.3491,1.12099,7.05159,2.06078,7.57423,1.20882,11.0986,7.16333,0.306697,7.8021,10.2294,3.88001,5.01231,6.68451,1.851
0.154049,0.218493,0.399668,9.52888,24.6205,23.2101,8.13546,8.02033,26.0265,22.1182,6.89508,7.89107,3.2794,16.1067,7.92537,1.21021,7.60706,10.3792,3.35681,3.90495,6.9524,5.16721
0.15625,0.202867,0.525996,11.409,32.4667,40.5287,44.9129,38.1742,22.8499,11.9483,0.811794,8.68841,4.6484,8.72076,10.9188,2.60427,2.63014,4.85188,1.87784,0.219649,0.623785,2.04206
0.0943734,0.151962,1.21149,8.93377,27.1508,15.0952,16.9335,25.9196,18.466,9.98697,0.374758,4.72466,6.1688,5.24984,3.59769,1.83819,0.895303,1.41947,0.99717,1.22308,0.466153,2.99512
0.169108,0.237648,0.878809,8.72292,14.3759,9.40401,28.8342,24.5445,29.1633,21.9017,3.62841,1.34007,1.43923,0.681618,0.00822048,1.57782,1.78744,2.4404,0.318662,0.685649,1.89138,3.05077
0.441697,0.172079,1.58524,0.900431,1.01444,3.63036,18.2859,27.7278,0.926981,9.76771,2.11898,4.03066,3.19449,8.40738,11.7407,2.3294,4.83575,6.67661,2.56127,1.02122,0.732579,0.12237
0.311757,0.172432,1.48643,4.46354,10.8588,3.02072,1.85552,6.31151,12.8787,15.691,4.08321,4.4202,1.80519,8.6909,2.36624,2.75622,6.2383,8.08575,2.84967,2.98684,6.04644,4.32645
0.233659,0.296162,0.890419,10.0569,23.1104,4.95198,4.1368,10.9924,17.4334,20.921,0.745704,4.1666,3.43057,9.48306,6.5531,2.14965,1.25593,2.40068,0.084356,5.563,7.44126,2.05165
0.178327,0.147071,0.527584,12.18,31.8454,21.8745,17.7197,30.6898,11.3794,0.962246,2.63791,5.20783,6.8399,10.8161,9.87879,1.91259,2.69147,3.08309,1.0135,2.61638,4.71289,0.897456
0.0888565,0.12983,1.7271,6.4742,25.5828,33.0492,22.4396,14.1237,22.1446,17.5908,3.26678,3.06639,10.3056,13.448,4.52087,2.26043,4.02772,4.18387,0.401158,0.3949,3.46426,2.346
0.571046,0.15037,0.38335,5.83676,11.2019,12.6995,25.6693,33.9447,27.3533,15.4685,1.88992,2.21173,4.49293,10.5916,9.70496,2.99977,0.414781,1.3115,0.516614,2.4873,2.66893,0.470674
0.0043104,0.0565521,0.428146,2.39026,7.66177,22.4756,38.9678,30.9011,10.5921,2.69963,0.2727,0.509535,5.29599,8.57432,6.05868,1.58254,0.484905,0.382928,0.439795,3.44575,5.93278,3.85114
0.0567521,0.318614,0.00727342,7.51275,20.8913,23.3684,16.9369,15.8903,24.5,18.4035,0.158103,5.29499,7.68935,9.61357,3.36588,1.40008,1.29155,0.777167,0.362102,0.517047,0.620091,1.35553
0.216442,0.0528621,1.44936,9.73588,26.9735,4.74487,36.5911,30.1896,7.41469,13.1946,4.95757,7.01105,3.55642,6.72685,9.11135,2.09268,0.217863,0.160973,0.54668,1.39671,0.229006,2.05838
0.245693,0.401841,0.242936,12.8681,25.7188,4.70953,0.015564,12.9084,2.13302,7.39236,4.79537,9.9201,5.74512,1.63837,0.730477,0.68609,1.10904,1.60309,0.503934,1.1043,2.552,2.72305
0.19254,0.0603062,1.41137,6.0471,19.9591,18.7515,18.7186,10.6117,17.5653,19.2627,0.636334,9.97468,8.54035,2.57502,0.30691,0.503825,0.857449,0.824389,0.0766032,0.172165,0.130838,0.667376
0.0151035,0.260159,0.225957,1.2923,7.72959,15.0421,6.60272,28.199,18.314,7.07033,3.27727,5.53988,4.26977,5.16232,6.48291,2.01709,2.59163,2.28204,0.00342351,1.34457,2.78841,1.98544
0.0415218,0.15873,0.53457,3.41913,9.83747,0.852684,11.6048,13.0127,14.6831,10.559,1.62843,0.777932,5.99886,12.6198,7.91466,0.642856,0.461397,0.442542,0.165714,3.20763,4.2403,0.529323
0.28221,0.0688399,0.783991,9.50327,26.9697,27.8683,0.758268,24.9722,27.8622,17.5075,4.86633,5.14967,9.0997,7.06106,1.91064,1.41505,4.64982,5.25654,1.80053,3.01805,4.39157,0.911464
0.36908,0.153338,1.85515,9.1662,29.3875,33.0876,37.5157,30.1626,3.53964,4.06886,2.70108,6.97575,1.08955,6.41507,3.10775,0.0530475,3.80065,5.43186,2.02332,1.1975,3.24643,2.44876
0.302262,0.262175,0.169206,10.5328,23.8247,6.90975,10.296,1.66836,17.5899,14.861,0.160642,6.63987,4.32343,16.6822,11.1015,2.00455,0.0607895,0.644882,0.776933,0.460364,1.00913,0.394316
0.00518759,0.256269,0.154775,5.57832,11.3374,10.6937,41.2197,27.0361,11.2089,15.4772,4.5006,6.13733,1.50732,5.78913,3.26978,0.362146,3.3741,4.35322,1.04807,1.68676,3.94288,2.61795
0.0179521,0.0245662,0.805439,2.33676,3.62894,2.24154,19.877,21.2351,3.39977,2.05219,1.42056,4.81215,7.09908,3.37997,2.97202,2.25937,1.30772,2.10412,0.669937,1.85002,1.576,1.45642
0.342352,0.111076,2.05165,4.96031,14.1979,6.24138,26.3046,8.42723,17.67,16.4369,1.97906,1.41571,3.74657,9.83957,8.41144,1.02108,2.14954,0.89942,0.0808286,0.250511,1.2749,2.04721
0.339272,0.354885,0.266238,12.4086,25.9443,13.6911,16.9599,30.8065,22.036,10.3032,1.2666,3.02564,2.16282,2.60665,2.11349,1.04285,1.2971,2.55122,1.45684,1.76853,3.08969,3.14377
0.0290651,0.0719145,0.802223,9.97622,31.6816,30.6345,3.04111,14.5495,11.53,5.29476,0.148237,4.39627,2.13346,6.38138,8.51577,3.76183,5.29325,6.25809,1.84506,0.583442,0.20045,0.442787
0.0491783,0.0287932,0.71503,6.33966,22.0989,23.198,1.53813,18.358,24.0909,15.2971,4.2985,4.1674,0.420558,0.480636,4.06892,1.74633,2.60878,3.58956,0.933457,0.162258,1.18799,1.42865
0.13768,0.258098,0.836182,4.38023,5.52707,1.88799,18.6962,25.3155,0.18398,7.66515,2.1763,5.39376,3.04835,2.42348,1.37103,0.340998,1.4958,1.59859,0.27485,1.37199,2.39773,0.650437
0.0963798,0.0380151,0.999963,5.14841,13.438,23.5824,24.2805,6.92251,11.2491,9.97821,0.472774,4.99516,8.62783,14.1612,10.9134,3.0524,3.57474,5.31441,1.8656,2.96926,4.30762,1.25685
0.154496,0.0707256,1.66757,7.33766,23.0803,20.3369,23.8185,19.0151,12.2391,16.2217,2.344,1.88005,6.71157,6.49873,0.17895,1.44353,2.69338,4.69588,2.01974,2.03417,4.43892,2.47328
0.222773,0.222728,0.235708,12.0618,27.3756,0.242454,38.4205,32.1027,10.6148,3.01957,2.251,3.22957,5.06177,4.36653,0.141585,1.26925,2.65273,4.71755,2.1401,0.772368,1.25188,0.413573
0.241394,0.361962,0.00725197,11.0336,24.8846,7.55187,10.6886,0.286057,14.5778,12.8546,5.21822,7.68241,12.2353,15.3167,10.7026,1.71386,3.44966,4.81927,1.72006,1.01521,3.04419,3.11488
0.0592918,0.0129673,1.52013,3.97454,15.4521,24.0517,35.4004,34.1783,21.5815,11.6702,1.31328,8.58056,7.27337,5.88064,2.61049,0.691959,1.92023,3.13723,1.22951,2.30814,2.18357,0.278894
0.113319,0.161873,1.42129,1.03784,2.39285,11.482,1.20087,18.1247,8.32792,1.60005,1.54762,5.89236,0.0295132,2.14492,2.09775,1.61041,0.123763,0.297997,0.507739,1.41868,3.21508,2.58568
0.127377,0.135611,0.478007,8.01144,17.7885,15.1145,11.0378,14.2085,19.2424,13.7966,3.57874,3.14459,0.908638,8.51624,6.94438,1.34684,1.14748,1.32199,0.187843,0.823908,1.35903,2.58563
0.0286877,0.0900767,0.714887,9.17536,30.3449,31.2302,4.76464,21.5492,3.74588,10.395,1.20967,0.109553,0.476038,4.65073,5.0264,0.0248912,0.992174,0.613102,0.326078,0.863773,0.465933,0.463592
0.163351,0.450076,0.980555,10.1065,29.4171,26.6398,21.2206,15.5182,2.43342,5.86419,2.49618,4.15848,3.36472,5.04298,4.76245,1.27368,1.03911,0.537772,0.241585,0.0300942,0.904643,0.81527
0.181633,0.393534,0.511102,10.0494,19.0595,1.17564,0.667098,7.95692,12.2156,15.3452,0.210323,6.96178,7.10875,2.77478,0.0065987,0.216619,1.36953,2.84927,0.94092,0.338853,0.0321547,1.07165
0.010787,0.0294981,1.1366,1.20835,4.56533,12.6636,39.7631,36.8516,15.9712,5.20634,2.89813,6.46137,4.81465,4.58004,5.84718,1.65439,4.39921,6.52735,2.53803,1.35739,2.50612,0.929274
0.106604,0.0227147,1.23167,2.58765,8.36658,2.17036,14.4321,13.0666,11.9825,8.13108,2.83164,3.56133,2.96934,11.0449,5.98319,0.748841,4.15344,5.28323,1.74333,2.62827,4.53671,2.43626
0.0823131,0.175636,0.370523,9.84649,22.4334,2.39293,33.7158,30.4462,21.1816,12.5031,0.699217,1.88813,4.17217,9.01597,5.79027,0.854403,0.419482,0.0367579,0.122525,1.92768,2.90977,0.801989
0.201613,0.443264,0.0067575,12.5168,29.3378,20.9215,23.0251,26.8758,5.20783,2.91138,0.456235,0.388989,2.53402,7.69964,6.47348,1.84851,3.20195,4.35928,1.45947,0.935693,2.75444,1.76835
0.0304701,0.139318,1.59984,7.70701,28.957,33.55,16.0567,5.04363,12.8417,11.8553,0.0556249,3.08953,5.98675,12.9202,4.75538,1.00717,2.78429,3.98737,0.948865,1.21858,2.58149,0.115866
0.234185,0.175178,1.28425,6.81604,16.9943,15.8411,11.5023,20.6317,6.42659,11.9318,3.11415,5.53473,0.551036,9.85297,9.19506,1.84102,0.518977,1.97751,0.786948,3.27035,6.38846,4.72925
0.597671,0.152667,0.0813138,0.0128526,4.63447,10.1299,8.58873,22.2391,5.28276,3.46079,3.73262,8.84969,10.0143,7.78001,5.28463,2.31823,0.232294,0.183738,0.293875,1.77392,1.86384,0.637552
0.0730766,0.0318601,0.0122501,6.73807,20.7352,26.6711,12.7622,2.02965,11.8289,12.1853,0.535268,6.55915,8.044,7.14048,1.71674,0.95148,1.07206,1.45963,0.259581,0.0590148,1.26418,2.05363
0.258818,0.210456,1.60072,9.3815,25.8761,17.9651,20.8017,29.2443,16.4032,6.22236,2.7057,1.89677,0.789983,7.16733,10.5026,3.27738,1.84616,2.76114,1.13825,0.540171,0.758695,0.806912
0.287384,0.270233,0.356747,12.642,27.019,0.00491692,33.0945,25.8057,11.3718,5.75759,1.56631,0.776285,1.75415,0.717058,1.37748,1.62701,1.53663,2.66545,1.38727,1.35683,2.02589,0.992428
0.0743153,0.0165012,1.67018,5.77127,18.5267,6.06453,14.5177,17.3947,17.1902,11.7069,3.79655,2.58066,0.722112,3.43893,2.97647,1.29634,0.791117,1.58489,0.147289,0.481888,0.780973,2.46841
0.120116,0.0724006,0.481568,2.3484,6.68852,21.3282,43.9418,35.6268,4.07589,5.16077,1.49956,4.8128,3.2026,8.34049,11.7858,4.03669,0.27273,0.342971,0.0161752,2.33685,3.58844,1.90781
0.0951979,0.0712362,1.16628,3.99069,10.1237,2.91055,2.05193,8.92082,4.28159,8.88237,1.12643,6.08893,8.57282,8.70081,2.17866,1.52337,1.06847,1.86287,0.234764,3.4433,4.74096,0.968573
0.339377,0.0463113,0.256375,10.8196,26.514,24.7533,23.3902,16.4933,6.52342,10.1079,2.81192,5.19938,8.72133,9.72393,6.74477,1.9955,2.46021,3.74324,1.27237,1.79969,3.73451,1.53249
0.0667524,0.10391,1.68871,8.64783,31.7703,30.9537,6.43167,26.3405,8.86557,0.871442,0.0187505,1.55721,1.80917,9.67178,10.1142,2.70898,3.12965,4.10732,1.40596,0.87163,1.92848,0.813191
0.0830672,0.522516,0.881056,11.498,27.0386,21.7243,11.3653,11.3633,12.8937,8.77748,1.52218,1.70612,10.2073,14.9705,5.71433,1.53047,2.02826,2.11723,0.636435,2.5924,5.45196,4.12209
0.348944,0.185788,0.908059,4.17317,8.26739,4.88404,3.69716,23.6671,16.934,6.91046,0.109076,4.22541,5.78145,10.4002,8.98287,2.43972,2.57035,3.90104,1.83307,4.40668,5.35962,0.67749
0.317622,0.0821496,0.109393,2.69177,8.22564,19.6859,38.4795,35.5661,12.6554,2.5095,2.24294,5.5844,2.40139,10.0231,7.2171,1.05458,6.61425,9.44944,3.37329,2.45319,5.2355,3.9355
0.0841092,0.276664,1.57563,6.4508,18.9043,4.137,11.4015,1.14327,11.6862,9.47912,3.53246,5.55257,2.16846,11.4456,5.28661,1.3619,6.12916,7.93392,1.61845,1.20112,0.656302,1.71716
0.0760731,0.461272,0.627712,12.9531,27.6758,0.289309,39.5263,31.3591,1.75104,5.33963,0.800286,5.58518,4.07414,6.24316,8.70823,1.92995,1.16316,1.02562,0.572741,0.0937645,1.98537,2.54228
0.074175,0.237636,1.50385,9.21339,26.7337,22.4774,25.3928,25.0136,0.428655,5.85779,0.64701,3.06259,5.6094,3.47947,0.617902,0.443659,6.96451,9.82523,2.82795,1.62932,0.201735,2.17079
0.0530808,0.0961241,0.0417829,6.4254,19.7323,28.0199,23.8213,6.12831,10.6784,9.43037,0.807992,2.51451,1.31819,3.49605,4.14952,1.03005,11.9267,15.9136,6.03561,1.05794,1.748,1.46172
0.17384,0.171012,0.427726,0.495521,3.4037,5.56044,16.6373,29.6255,10.4542,0.490746,2.18535,6.31633,6.04987,4.77354,7.42544,0.640821,5.60448,7.59874,2.93332,1.95819,4.12233,2.40633
0.138813,0.0324624,1.02841,7.05364,19.3065,21.1085,2.7437,21.0828,15.035,6.02538,3.32854,6.02441,0.932106,8.05501,5.68754,1.24026,3.73355,4.52658,1.34576,3.06991,4.54212,0.959275
0.0807932,0.0570717,1.87129,7.74866,29.8482,31.5554,7.54518,11.0635,12.2786,6.77859,2.09712,6.56733,0.247407,2.5773,1.5983,0.327515,8.67283,11.19,3.70224,1.94434,3.3177,2.13276
0.342842,0.225689,0.215052,12.9423,28.6386,17.2477,21.6387,30.1348,9.12894,0.158089,1.64933,4.99738,5.5946,9.75672,7.49643,0.574278,6.15852,9.25256,2.98481,0.483332,3.19068,2.97489
0.241764,0.151972,0.746797,8.61866,20.3096,3.2535,30.5581,17.4439,5.22509,6.96123,1.35575,3.13255,12.2612,19.5728,11.5386,1.0629,2.85141,4.21868,1.62474,3.19664,4.98531,1.8811
0.16109,0.172893,0.596679,1.79165,6.4096,1.84144,21.1389,19.6669,1.3372,6.10746,0.922982,0.842553,3.83487,6.66042,1.43769,0.660232,1.90123,2.67786,0.58704,5.05938,8.76586,4.46131
0.00445122,0.00797539,1.28577,2.80643,8.55167,11.956,44.8146,37.9108,6.23703,3.13261,2.10373,6.53021,11.5312,11.6596,3.73602,1.40153,5.65797,7.73804,2.81832,3.97127,5.54316,0.587621
0.435942,0.22509,0.344665,11.7644,24.2437,5.77419,5.19133,8.28909,12.1687,7.38384,1.64236,8.21855,13.9642,20.9537,14.6409,2.17401,5.59671,7.93622,3.60482,1.31977,5.65778,5.49223
0.334151,0.731177,0.853847,11.2239,32.1681,31.6546,32.0827,30.1257,12.5136,3.28599,4.38673,7.55608,5.33584,4.28471,2.48819,1.44348,2.29474,2.34969,0.428609,1.19304,1.50752,1.24805
0.0816051,0.0290318,0.465833,9.00243,30.0352,30.8417,6.78962,29.5742,13.8472,2.37,3.11306,4.28899,4.16755,7.93455,0.500806,2.94175,3.69309,3.47328,0.733469,3.68878,7.62629,5.78518
0.0344607,0.242289,0.394483,6.00707,14.2533,10.7502,4.136,0.149128,7.5494,6.52777,0.0831984,2.87541,2.15429,14.4144,14.1489,2.27414,5.18517,5.84739,1.35106,3.33812,2.68093,1.70995
0.192133,0.00467877,1.18043,2.1826,7.53449,15.4645,7.46892,26.6847,7.32294,2.89869,1.54207,0.664448,1.65049,2.76281,3.05649,1.31588,2.13097,2.43642,0.365404,1.26791,0.97366,2.21128
0.0118731,0.0586501,1.49925,6.17525,21.2699,26.9975,36.6367,30.5256,2.16994,5.97262,2.12871,6.3222,4.13294,6.07533,8.69588,3.84074,3.15817,4.43051,1.38826,2.70188,4.73758,4.5438
0.0972748,0.42297,0.28742,12.6543,29.5215,9.7242,6.43976,0.557918,4.73003,6.04171,3.52118,9.85747,10.2628,2.91859,10.2706,3.26756,5.70792,8.40234,2.87496,0.216729,1.10924,0.0867431
0.240579,0.167075,0.604825,11.7708,28.3281,0.698008,45.7523,39.5177,9.25086,0.645816,2.63747,8.98032,4.74111,6.65519,4.14533,2.27553,6.47241,9.36804,4.15994,0.156457,1.91708,0.963917
0.173187,0.170225,1.29533,6.32499,19.3116,18.1954,23.0633,26.064,13.1277,5.23125,0.832448,4.73999,5.92819,20.1081,15.933,3.30161,4.17419,5.95255,1.87957,2.50967,6.11816,3.0646
0.142596,0.0241129,1.21583,2.79779,6.92125,21.3149,30.2585,19.1709,8.93999,4.73253,1.42389,0.348603,5.59076,1.76479,6.69324,3.55109,0.414749,1.62952,0.342073,6.18536,8.51304,2.60414
0.0967162,0.444971,0.574337,7.27389,13.2399,6.96425,22.5132,33.7029,11.1098,0.481801,0.1332,3.11822,5.5992,13.5205,4.21186,2.25951,2.39736,4.65635,1.90545,5.3399,9.65988,6.77413
0.141973,0.200027,0.895497,8.62007,28.9794,29.4271,1.73012,12.8392,0.758645,5.39456,2.93062,5.53489,8.49267,26.906,20.1709,3.02893,7.99601,10.3131,2.7916,1.61454,3.71825,0.179921
0.0466424,0.110188,0.367267,10.9854,33.1045,32.5067,1.37911,15.1338,0.669924,5.91481,2.15723,8.41777,4.47343,0.0142887,3.27968,3.24363,7.20794,10.3283,4.06274,2.4458,8.10696,6.25698
0.682716,0.144828,0.165591,10.0429,22.2835,13.8586,25.3978,35.1096,8.53099,3.01928,3.33497,9.21031,16.1423,14.5912,1.69834,2.82164,2.60771,3.53086,1.93195,6.33645,7.28155,1.34414
0.00757179,0.161052,1.28324,2.57276,6.61232,12.6022,28.3985,18.2232,10.2375,5.85188,2.48024,4.86779,11.0889,21.8985,18.4206,3.7218,5.04418,6.72076,2.95673,5.89353,11.3892,7.59931
0.0175768,0.0838512,1.20414,1.30483,6.53257,11.1916,26.5987,29.73,12.1349,2.68559,1.11369,0.207124,4.16093,0.603254,2.24605,2.24413,10.0168,12.8538,4.31953,1.99869,1.02763,2.06371
0.141397,0.442251,0.179278,9.6711,21.4795,4.4029,44.5243,39.8858,12.6147,2.40317,2.21664,4.02232,6.41231,3.43199,2.3235,1.09657,7.24941,9.41996,1.86598,1.95769,2.4461,6.05633
0.175835,0.326051,0.587416,12.0448,28.8857,8.65057,9.12051,2.5712,6.10235,7.05602,1.74237,5.55427,2.10343,8.05196,11.8122,2.8937,0.595938,0.578649,0.809101,0.171406,1.57199,3.90011
0.182418,0.0549221,1.74226,9.16083,28.767,31.9463,38.8436,34.1088,6.05802,2.76839,3.68673,6.80386,3.26788,6.90687,7.35955,0.219075,7.10408,9.36313,2.34529,2.70711,3.33094,2.51414
0.161449,0.131541,1.05257,7.4842,20.9322,24.7468,5.01937,24.386,3.93508,5.08486,3.39806,8.29894,11.2971,12.6229,8.15475,0.717734,9.67454,13.8177,5.18762,1.73411,4.3311,4.54664
0.0582079,0.221064,1.02829,1.69013,0.702493,2.07199,6.97251,3.45648,6.18593,6.08146,0.458387,4.57388,8.54795,1.10547,6.51321,3.6126,7.01531,9.19732,3.54627,6.84867,9.48428,3.44345
0.11483,0.112394,0.523489,5.36751,21.1237,26.4362,2.71559,14.8272,5.6824,0.093137,0.124155,0.945922,3.78728,9.00686,5.14432,1.01457,2.17049,1.44868,0.455711,4.4831,5.52587,0.314395
0.338454,0.0593373,0.819145,10.642,30.7955,26.6957,12.3183,9.54501,9.0627,4.97411,1.5875,7.16588,14.0447,13.7536,4.27393,1.36309,8.76302,12.456,5.1342,2.11562,0.956997,0.622642
0.340743,0.342261,0.0956258,14.298,31.7825,8.87359,14.8633,4.03507,8.4611,6.9208,4.1819,9.02919,7.62182,1.77373,0.636102,0.721502,10.7655,14.6129,3.44013,3.64613,4.79527,4.45728
0.0700317,0.223494,1.92479,7.98469,21.5194,0.140387,15.8679,2.63936,1.02346,0.429604,4.40067,8.50904,3.77984,11.8547,4.27612,0.962477,5.91212,7.78789,2.43776,2.61517,5.68511,7.06462
0.0902402,0.21185,0.695854,3.84938,8.7992,9.2057,6.30898,0.252827,9.35933,8.18446,2.45954,7.44687,0.460526,4.60199,0.658695,2.67002,4.56648,4.75343,0.158824,4.12438,0.403472,4.70379
0.124077,0.272868,0.284279,5.33159,8.52626,11.4261,18.2733,0.83428,10.376,7.32394,2.86546,5.43864,11.0222,7.14558,1.60455,0.978535,8.14115,11.2597,3.53247,2.0842,1.79316,6.49681
0.0777657,0.339497,0.141523,11.4009,27.6037,12.4695,6.2925,4.11255,3.85902,3.98355,0.0451583,0.124203,7.38278,10.9315,5.91097,2.46876,8.56024,12.0787,4.81524,4.10494,9.26562,9.17603
0.0813282,0.0422415,1.69596,11.039,37.0141,39.2538,19.3729,0.43831,12.455,9.5679,4.69565,8.84622,11.4223,9.60652,6.29605,1.40827,5.50235,8.0375,2.70688,0.365368,4.03722,6.08321
0.0553758,0.25848,0.574561,12.8983,33.7831,34.7701,19.9152,4.90544,5.85903,6.02884,1.9443,11.4206,16.4716,7.89199,4.42665,3.93658,0.203001,0.0668325,1.51912,4.85435,1.54244,4.71252
0.00981617,0.127915,1.31305,5.38056,14.5233,0.242089,13.2578,3.32755,7.21218,6.36076,2.55455,8.8493,3.01672,0.940011,6.12812,3.70141,5.47074,8.97276,3.45955,0.214699,1.84282,5.14109
0.033395,0.0820101,0.161908,0.347162,5.5263,21.5486,25.3823,4.52664,13.7918,11.0818,5.09624,5.20766,6.44269,15.3455,10.0788,1.83713,11.0872,15.8549,5.32922,4.20729,6.9043,3.10563
0.00801395,0.166058,1.00949,7.14441,22.087,15.9198,0.320076,4.08226,4.33489,2.4721,0.390896,1.484,0.599255,4.5929,8.15419,4.11418,8.48973,11.8753,3.89479,2.14906,2.60073,0.750783
0.0538689,0.666519,0.30558,14.8174,30.5715,1.54832,21.5102,2.40862,11.7184,7.18329,2.05382,1.57091,9.19465,9.06397,5.03121,4.42049,0.918431,1.17473,1.07681,2.4806,3.16135,0.706388
0.188797,0.204629,1.92416,11.3284,30.7829,9.53686,13.3355,0.52146,13.1559,10.5269,1.9452,8.09433,0.077267,9.95007,9.86314,2.75557,7.46797,9.83428,4.38897,3.51008,1.63134,3.35779
0.0223653,0.224993,0.338327,8.93403,25.2588,27.3917,11.7098,1.40949,2.08094,0.281655,4.57693,13.2775,17.4831,15.6486,10.1522,4.51275,9.5625,12.3669,4.48682,3.07278,1.58479,2.62577
0.032222,0.0116391,0.285593,1.43288,7.72598,21.3816,22.028,1.67039,15.4296,12.6586,5.90499,10.7065,14.2938,4.88553,7.1986,4.66105,4.86389,6.77684,1.25304,4.89668,8.64636,6.55246
0.0331161,0.162123,0.225859,6.03273,15.7998,12.2294,1.55804,1.38423,9.64332,8.64472,1.54237,4.29392,3.81798,1.59581,8.84652,4.89302,1.86004,1.77916,0.765523,1.91675,5.22639,7.97827
0.0430635,0.0234213,1.3332,9.15264,31.6951,36.0281,18.9762,1.16781,6.31293,4.00089,0.936873,0.805679,10.7878,16.5931,11.814,4.76691,7.05196,9.71892,3.17639,2.72602,1.00831,6.47696
0.0722524,0.317567,0.383347,14.0508,35.9123,28.8609,8.57844,4.16548,16.7275,13.3413,0.249272,3.05243,1.7522,8.31679,10.009,3.03226,8.38326,11.7283,5.39722,0.752322,3.936,6.88966
0.0834872,0.290158,1.39191,10.0294,24.5546,2.54451,14.7765,5.88981,7.20687,6.36359,3.53993,3.3161,8.90642,7.6217,6.51333,4.87223,3.24406,4.62529,2.45463,5.51691,9.64097,9.54835
0.0944591,0.198859,0.8407,5.16897,11.3256,2.90182,9.08668,3.85896,11.6575,8.50783,4.12,6.81683,5.40523,2.50398,7.27067,4.71483,3.71266,4.21356,1.48118,0.812723,2.82628,6.13232
0.0284663,0.0134375,1.03826,0.77884,3.85112,6.36294,14.8767,12.5945,17.8449,14.2635,0.233494,9.50443,17.9663,18.0698,9.31736,1.3919,7.57037,9.31227,3.99202,5.52706,2.78388,3.46056
0.224934,0.278943,0.141781,10.1296,19.7017,4.22214,18.848,4.34652,1.70028,2.66864,2.65406,6.40615,6.15049,0.144665,4.52995,3.45355,6.33668,7.61682,2.58775,1.17546,3.89424,5.54981
0.0391994,0.226252,1.82666,10.5914,30.8656,20.6465,3.39463,6.43478,16.3325,13.1047,3.15874,0.213815,10.2289,11.0313,1.62711,3.43888,1.52461,1.94104,0.749459,2.0611,3.92977,1.709
0.0466483,0.384857,0.122015,12.5115,35.598,42.8549,28.4505,13.0568,15.4734,13.0913,2.26575,3.01939,8.35044,9.03096,4.64973,0.0169954,7.55798,10.3673,1.1138,5.63382,3.70477,1.55274
0.283776,0.0830445,0.0933408,8.06572,21.6861,25.2825,20.64,9.44548,1.7254,2.1593,2.96145,4.51255,6.96115,13.1703,5.07842,2.35796,11.2684,14.564,3.16035,5.33214,6.1611,2.93823
0.0771285,0.102865,0.872757,0.0719409,0.394686,10.6881,13.5634,8.71273,17.6854,15.3646,2.33103,7.91774,5.04372,10.5242,1.5539,0.303224,6.19722,8.74061,5.34678,6.33032,3.47186,3.34596
0.31936,0.276883,1.04201,4.20692,17.8008,30.7843,30.2082,16.5075,12.9318,10.5595,5.74814,11.5207,15.8292,10.8566,2.63156,0.40342,3.01534,2.7777,1.93106,4.57795,0.789343,6.30505
0.481545,0.131833,0.231702,12.5851,28.8584,18.73,7.14811,2.56919,8.42644,7.49678,2.66043,8.5457,17.9113,14.682,2.07248,0.647375,7.44141,10.0966,2.81727,1.6074,7.53584,7.09508
0.666715,0.0635275,1.47438,12.7116,30.2653,3.82138,15.3828,8.73887,19.9796,17.6903,1.57412,0.927318,4.23941,3.28451,1.69686,1.84922,6.21853,8.98011,1.62467,1.28284,5.58593,8.90572
0.188438,0.103929,1.07631,10.1854,27.081,12.216,5.43894,3.71584,7.79031,6.97891,0.438757,5.11796,15.8778,16.5402,6.16397,1.03958,1.2587,2.4121,0.930144,6.20518,2.20273,7.23093
0.236382,0.191437,0.667556,5.46992,15.3513,20.0356,7.6305,0.813166,13.0629,12.6004,0.999774,6.3057,1.85533,3.42738,3.89359,1.35624,2.59362,3.28196,0.606113,3.30198,6.10885,5.78278
0.363159,0.110222,0.810247,4.33988,3.54072,7.94813,2.84688,2.15206,16.966,16.2303,5.94312,6.3923,7.93597,11.2762,1.9971,3.5065,5.31543,7.10292,1.22413,9.4108,10.24,7.04383
0.0272539,0.164243,1.17724,6.76998,23.8854,25.035,11.7937,1.237,1.60723,0.68532,3.53869,9.14107,4.86416,3.53037,5.86276,2.67247,3.47175,5.49746,0.0780399,2.24008,1.78507,4.93311
0.00640284,0.206338,0.289263,11.4214,33.4216,34.9417,13.9137,5.14862,18.1269,15.8213,0.455061,9.6584,18.6252,19.5912,10.5511,2.97001,0.987789,0.776949,0.954328,1.87551,3.03501,0.0124503
0.0612481,0.334407,0.0108522,12.5959,32.6588,19.9039,6.73962,2.34843,15.912,13.7901,2.13107,2.62922,7.54246,1.93792,6.42217,3.64155,2.92152,4.75878,2.36729,3.23401,3.97154,1.86286
0.191024,0.110285,1.46689,6.72843,16.7191,8.86469,30.1722,15.5824,7.75282,6.1953,0.64846,5.4424,16.0704,11.0282,5.14775,4.35374,5.12584,6.21312,0.709541,0.988248,2.08979,0.564602
0.112459,0.229016,1.10197,2.95428,2.07349,9.67431,14.8699,13.6767,25.3785,21.3225,6.54716,9.33418,15.5777,15.8394,10.8467,4.01745,2.43787,3.25263,1.79128,7.94615,7.73645,6.39288
0.0218604,0.346729,0.331716,7.19242,13.8318,5.92915,24.5408,8.23047,11.9758,10.6847,2.38004,7.61318,5.5319,16.2236,10.7626,3.27895,1.64274,1.72518,3.6932,7.1726,7.40643,4.97783
0.274762,0.246866,0.527817,11.094,26.3633,3.38703,33.3287,20.4825,14.173,12.0708,1.94663,6.62579,6.93222,8.08586,5.76829,4.21381,2.54786,3.46727,2.6343,0.577629,1.29549,5.45653
0.0945092,0.301002,1.1164,10.6994,32.2289,20.7368,3.43305,11.8466,23.8702,20.0104,5.10465,6.85016,12.4717,4.84085,6.19919,4.11464,1.36029,2.49131,0.443334,2.0624,1.79666,8.49156
0.0572867,0.135582,0.708398,11.1486,30.1738,36.3824,22.6413,3.0555,6.0506,3.68885,0.0605695,4.78616,16.226,21.0108,12.9003,4.33914,0.168932,0.0938093,1.38175,2.15112,9.95184,10.3143
0.133568,0.104762,1.47832,2.86202,12.1474,17.6434,17.6175,15.0497,20.7177,16.5851,3.48952,3.18752,6.06559,7.86996,7.85213,2.668,1.6067,1.87057,3.60448,4.54401,2.56427,6.85529
0.0964563,0.109553,0.321672,0.888513,8.88083,13.9602,0.838704,15.5257,25.588,19.4609,0.785585,10.8924,20.249,13.1383,3.79539,4.33054,0.928303,1.7356,5.79883,10.7259,3.37186,7.32814
0.0959487,0.0012305,0.546735,7.72673,25.0547,25.2264,5.52892,4.16114,0.934914,2.94513,3.66256,10.2836,6.22161,4.06241,6.55312,2.55746,1.07406,1.4726,1.8904,1.45344,3.13668,5.3418
0.356217,0.374361,0.0797145,13.157,30.0172,14.1179,2.91777,8.16862,25.2076,20.0181,7.96239,7.08824,8.68424,18.2733,8.63493,2.50791,1.92499,2.0551,1.10555,6.08324,6.78231,2.38978
0.186971,0.406337,1.9929,9.87563,24.8692,6.07433,3.42514,11.0658,18.6682,14.1071,0.358298,7.04337,2.17745,0.795175,4.57331,2.96066,0.833103,0.771803,1.94799,2.43014,0.0292453,1.15207
0.0396949,0.393028,0.700969,9.13912,19.962,18.4376,17.9438,8.79652,9.93538,8.79358,0.192143,5.18454,16.413,14.3229,0.0147602,1.89983,1.66726,2.24776,3.85822,1.16699,4.08348,4.20073
0.260508,0.0501474,0.140844,0.23705,5.72192,22.0578,29.5524,4.76181,26.2209,21.8656,0.423867,4.18172,3.03214,6.50355,2.70517,0.341821,0.468181,0.66348,4.22663,8.69471,3.16769,4.04388
0.134458,0.273458,0.138015,6.38296,13.7286,3.57584,2.31485,5.81633,11.5703,8.72703,4.10758,9.57067,16.7111,13.0179,3.37399,0.890399,4.35338,4.58935,1.47487,6.82418,0.697622,5.19084
0.257714,0.0862408,1.48421,9.20572,29.2558,36.669,34.9038,11.9777,17.9066,15.4226,5.47325,11.5306,15.3448,8.90609,1.46256,0.911742,3.83173,3.53905,2.50025,5.39576,9.21143,9.42052
0.594202,0.0243705,0.71829,13.8662,35.4036,42.5354,37.9133,9.56646,25.8239,22.206,1.33584,8.03555,5.24108,11.8513,3.44402,0.483918,1.82808,3.1881,2.66822,9.37386,10.6518,10.2347
0.328669,0.142191,1.36674,9.01439,25.437,14.7522,1.43128,1.59121,2.614,2.68183,3.2365,5.03338,6.32577,10.3416,0.181441,2.08597,6.79858,9.94316,0.173312,3.26751,3.3243,6.22331
0.0956617,0.421119,0.0820372,5.38547,8.80792,15.2775,32.8913,6.379,25.5104,22.091,5.36904,4.94451,11.0715,7.52192,0.805463,2.14197,7.88511,10.8397,0.223018,4.43063,4.07084,8.33661
0.0589008,0.0424928,0.469583,1.76565,6.5373,16.6789,29.1128,11.0929,21.4824,18.881,3.80141,0.565489,11.2253,16.0754,7.66006,1.10767,3.19781,4.7325,1.24198,8.71395,10.7302,9.00682
0.404469,0.349524,0.32846,10.3753,19.6648,4.72862,1.56202,10.7969,8.11893,4.49014,3.03693,6.59071,8.84715,8.65008,7.3328,2.60334,2.4427,3.45028,0.043151,1.25067,3.04737,3.24353
0.197684,0.338724,1.7513,10.5721,27.8218,7.63905,13.09,3.77357,28.4579,23.6574,0.369838,12.0845,19.2525,11.3532,3.67573,4.09069,6.09918,8.6111,2.71452,12.1811,6.63961,1.75624
0.250167,0.161413,0.341556,12.1192,32.11,23.7994,3.70474,2.7598,17.6261,14.8955,5.29008,8.22016,3.73577,2.31357,7.49826,2.85128,7.79683,10.0109,1.47536,7.72207,2.89116,0.9461
0.0412506,0.0389339,0.0985178,6.31349,22.2237,21.643,3.17757,16.8129,17.3565,11.8628,6.09637,6.39219,7.45901,18.5253,12.1121,3.99694,3.78649,4.94903,1.14887,1.24161,2.20898,1.74045
0.178612,0.0221348,0.43486,0.0546341,2.4555,5.10027,17.6051,22.5573,33.3358,26.8483,2.20644,5.95473,2.77429,4.85175,8.54196,3.6653,1.75642,3.82359,3.89934,4.56632,5.45283,4.84599
0.0230129,0.0166763,1.13056,3.14011,16.6519,27.4434,18.8055,5.88286,8.80499,8.08069,1.41343,3.84705,14.276,10.1591,5.44573,3.89637,8.05375,10.119,2.13999,1.26758,6.99719,6.9246
0.576103,0.165676,0.911911,11.9974,30.1566,19.7852,8.33889,18.415,23.9269,18.0588,0.729448,5.99769,0.0649743,8.02602,9.83877,4.91165,6.60092,8.19881,2.71763,9.02426,0.289064,8.19647
0.357131,0.510386,1.28712,10.9808,29.9092,0.950828,36.9989,29.065,29.2192,22.9327,6.63685,11.3427,18.4138,18.2295,11.9208,2.9771,1.39722,1.14141,5.55096,11.931,2.45716,6.7768
0.200503,0.412781,0.655128,9.83357,22.7999,3.82722,30.0384,14.6492,0.426001,0.257323,3.86992,11.9889,12.8415,2.40871,7.70979,4.09994,5.0019,6.52508,5.0752,2.31313,6.25239,9.40349
0.0404222,0.181225,0.421737,5.48474,13.0328,16.2715,12.4718,12.968,28.1296,24.0683,1.14433,9.5461,2.71488,4.56687,5.76819,4.43102,5.69819,8.26625,3.02407,1.69639,6.96361,9.96405
0.253166,0.0813591,0.974126,3.80057,3.53198,23.3121,44.9473,30.0019,24.7077,18.9868,5.32172,4.69067,2.83954,10.9527,9.00525,3.34108,2.33504,3.14936,0.442882,0.177922,0.798368,4.67606
0.151223,0.0155612,1.52664,6.13004,21.1181,2.75183,29.2303,17.4559,8.50398,9.22956,2.67907,4.54754,10.2474,12.0105,8.47978,2.95167,2.71398,5.37242,7.10928,5.85645,2.91363,3.24889
0.149789,0.132096,0.0776383,11.4556,32.5078,31.7678,8.30104,6.00822,30.7298,26.7689,5.73686,1.51178,5.34686,4.85274,4.00249,4.10396,7.52827,10.6028,9.79376,12.447,8.59409,3.97724
0.0300744,0.389509,0.12757,11.2755,31.0165,35.4758,26.1814,15.7754,16.7779,13.8155,0.639926,9.93944,11.6234,4.13618,3.65068,1.66217,6.21415,8.83607,7.10191,7.38172,4.10726,0.937237
0.217043,0.165489,1.2897,6.42165,15.4991,10.0184,17.1165,12.7967,14.4874,15.1532,1.95828,12.2109,14.2049,10.5659,5.63977,1.91429,1.45106,1.95408,0.167954,4.93794,6.74281,3.46155
0.312592,0.124624,0.789868,3.46111,0.871942,6.09302,7.59692,5.5063,27.8049,25.4164,7.63476,9.58703,2.95166,5.47451,3.25815,0.481579,3.39102,6.37511,6.30443,5.83469,4.76322,3.7018
0.139041,0.140723,0.645578,6.33833,13.7162,5.49832,7.3028,2.8831,7.1887,6.94288,1.88614,5.93795,3.58571,8.23569,1.21333,0.322254,7.81814,11.3313,9.09075,4.22923,1.66344,5.7096
0.0418393,0.445402,1.03726,9.56253,22.0663,4.74324,0.388673,0.155941,24.5221,22.5903,2.59573,2.58958,3.52347,2.78548,1.06151,0.448346,6.33246,8.99812,8.31501,9.39536,8.86977,7.68849
0.11063,0.251724,1.27894,11.3148,28.3702,21.6134,23.1326,10.6633,27.4998,25.7098,2.31228,1.75515,6.75617,8.10102,0.913561,0.943703,1.88961,2.98772,5.42375,10.1079,11.6346,8.41745
0.0364753,0.283083,0.49666,11.2762,28.5149,38.9167,40.4301,21.7514,4.37286,2.52923,2.5988,8.42692,5.72395,1.16789,2.99957,1.96721,5.66322,7.50536,4.09636,2.91273,2.17828,8.85148
0.0367567,0.00789262,1.3867,2.90378,14.5822,23.4882,16.9668,13.0977,30.6926,25.0877,6.92849,12.0676,13.7642,7.76195,4.59657,0.656634,8.267,10.8561,8.74634,11.5299,3.19558,6.42031
0.0469398,0.0346701,0.883276,0.165046,4.41053,16.7902,30.2128,11.2146,21.5201,19.3675,2.40773,12.0442,5.9891,4.17547,6.18643,3.10619,4.74705,7.10819,9.10218,8.25136,1.82532,5.6663
0.222035,0.167423,0.128364,7.95433,23.6488,42.0726,50.8038,30.652,14.4749,10.4864,0.747528,5.53553,2.24821,3.46776,4.59888,4.19887,3.50446,3.26392,4.29959,4.91382,2.2971,4.70825
0.274973,0.368646,0.206791,11.7941,28.6601,26.8923,21.2613,22.2724,33.105,26.5424,4.49464,1.02116,0.652187,5.14567,7.76592,2.67335,7.14547,9.88032,0.262401,7.1076,4.39523,1.09184
0.217857,0.174723,1.90396,9.54751,24.8627,1.17987,19.6345,1.85516,15.6831,11.9999,3.0367,1.99388,2.61204,9.22289,8.35004,3.35172,6.50452,10.2621,5.17053,0.652469,3.8189,4.15262
0.128427,0.114367,0.707473,9.39146,19.2465,5.65491,33.9138,25.5814,20.7949,16.1477,5.78473,7.07854,3.76765,3.22338,8.57276,4.98448,1.91107,3.67204,7.1177,11.456,3.76817,2.76129
0.327539,0.136176,0.76767,0.23234,7.5483,4.99478,17.2962,28.8223,34.4589,26.3521,0.124654,12.5748,11.3004,0.546334,7.3293,3.57784,2.5658,3.79873,5.90954,12.9608,3.06479,5.42275
0.376241,0.124143,0.467778,5.1428,9.2081,1.73094,0.356195,9.35058,6.93786,3.9062,4.98646,10.415,6.53018,4.50908,8.10894,5.1065,10.2625,13.4493,0.34778,3.66516,5.47013,9.06013
0.19938,0.0143899,1.18174,7.87293,25.315,16.8013,3.63353,15.0507,30.3496,23.608,6.53255,7.25116,2.04025,7.67985,8.82361,2.17593,10.8316,14.4665,4.49087,0.129257,5.70106,6.29288
0.0347166,0.168947,0.818803,11.6253,33.2265,26.5268,7.32034,23.9382,30.5764,22.4984,0.757182,5.39771,2.13527,3.78719,7.23584,4.32495,2.58103,2.72394,1.87094,0.423448,0.820301,6.94845
0.109923,0.115605,1.55093,7.20383,25.292,10.5262,24.2524,19.7834,1.69364,3.25359,0.456465,0.24187,3.30042,0.573424,6.60347,4.0122,8.43916,12.3082,0.839016,8.21988,6.0336,6.82651
0.23226,0.171974,0.186721,6.29487,11.2327,9.45172,28.1578,4.07344,31.4587,27.1107,2.09618,6.59873,3.90784,3.13694,7.54535,1.41009,15.1497,18.8651,1.97077,14.8486,10.8362,5.24569
0.13575,0.145789,0.0649312,0.469996,5.49588,9.05278,0.119482,12.7883,23.094,17.878,6.81519,10.2869,9.76301,6.87785,6.62839,3.1895,8.41685,12.1756,0.612242,6.42652,4.82937,4.23959
0.0411641,0.149117,0.271437,8.11433,18.4943,6.71397,40.6419,21.4764,11.5048,10.7043,5.05878,10.2752,6.0423,3.80422,5.53709,2.14033,0.998941,2.05987,0.286118,5.58555,4.75247,1.11217
0.165339,0.0552424,2.05859,8.95321,24.9128,8.03219,48.0907,17.9886,30.2737,27.1331,0.198061,7.76121,0.479375,3.42622,2.29226,0.723947,10.4019,12.6465,1.28534,7.60512,2.31054,1.48387
0.184671,0.223206,0.253808,11.9169,28.96,16.0768,7.63713,3.52698,12.5243,11.062,3.30075,5.42443,4.68654,0.550525,2.12888,1.90009,10.5702,13.554,1.66909,6.17177,0.774197,1.23385
0.0713651,0.119894,0.522352,6.77124,21.8761,35.3861,38.8488,12.214,20.089,17.5135,2.60618,0.965531,4.80415,5.04453,2.27722,0.156981,5.49852,7.17783,4.30613,10.9024,7.40654,4.91861
0.025851,0.134625,0.273651,1.52444,5.37773,22.4692,45.0733,18.8482,29.4049,25.9313,4.2877,3.891,3.95758,0.608637,0.326558,0.984045,3.1017,3.23119,3.47241,7.58629,9.13166,8.14777
0.269116,0.150007,1.15387,2.13851,12.9151,9.90565,14.1687,15.852,2.79905,4.93695,3.0634,10.035,11.1213,6.3115,2.36937,0.654376,9.22209,12.1557,1.51123,4.91589,1.82099,6.25736
0.0474858,0.0905157,0.672971,10.1473,27.2596,28.7876,14.2656,6.59241,27.8198,22.4129,1.4625,11.2871,5.34569,2.29472,2.60022,1.73935,8.85442,11.2003,3.07256,12.7627,2.94048,6.47288
0.0411081,0.236406,1.52194,9.86459,25.9442,18.7618,18.2907,8.57145,24.8373,22.9683,7.00684,7.92217,0.175005,4.48217,1.96686,1.50583,2.50842,2.23146,5.90225,7.84798,2.76361,7.8896
0.1338,0.465756,0.862056,10.021,21.2198,10.9203,16.7911,21.196,7.12947,2.87727,3.14587,5.73671,3.79315,2.06787,4.43091,1.02733,6.5243,8.52106,6.98342,4.83532,2.51705,5.11494
0.0364381,0.233934,0.0232635,6.95354,14.4604,16.4586,22.7401,26.2498,32.8721,25.1201,2.99379,4.62215,9.11508,11.641,7.15171,3.36993,10.4925,13.9051,5.93015,3.41055,0.707363,2.67403
0.0265451,0.35604,1.2035,2.46183,0.294137,14.0053,15.3339,9.38515,21.6069,18.7689,1.48242,2.89112,0.889121,3.17747,7.34278,3.65394,5.4272,7.43311,1.41932,3.94379,0.495038,1.35451
0.0456298,0.285514,1.52904,5.23044,14.0247,9.82051,15.247,19.4756,14.4937,10.0409,0.861091,10.1774,14.6782,7.02028,4.50499,2.58378,4.02951,5.59304,10.2745,15.4773,8.7593,0.141828
0.36117,0.128769,0.00609136,11.2366,27.6407,39.5315,47.0138,37.3943,35.0949,26.303,7.93205,9.87445,8.9439,7.38304,8.89542,5.51764,10.222,13.0864,10.9876,12.166,4.80352,1.38275
0.350403,0.0193332,0.882189,10.0693,29.1917,39.6325,38.7293,23.7881,17.1435,13.8617,1.74821,8.17164,3.44035,12.9674,9.4362,1.27502,8.84035,11.5871,6.43839,0.87484,5.02891,4.5912
0.461102,0.30774,1.58123,6.46896,19.9077,8.51205,6.82183,9.80049,19.8273,17.3198,0.118004,6.94563,1.43776,1.12401,6.83688,4.09076,1.2673,1.36631,1.66048,4.00902,5.08979,6.61221
0.200869,0.0607145,0.828959,4.81337,6.64234,21.2347,45.7344,33.6588,32.4141,25.9742,5.10265,4.9694,12.8201,6.95773,4.1376,4.1118,6.13723,8.62952,6.69506,4.30949,3.38454,5.16474
0.339926,0.470016,0.576953,3.81498,7.14373,20.4177,39.7537,28.4903,8.53048,3.74466,1.10632,0.567095,3.02762,7.43217,7.55493,1.90025,9.06113,12.838,10.9741,9.39671,6.25615,4.83476
0.192233,0.0819603,1.39019,6.99486,17.0825,4.5238,3.54141,2.32905,22.4711,20.0095,3.13551,5.80487,13.5298,14.2693,8.28232,2.76008,5.14843,7.93532,8.95711,12.4401,10.304,7.10897
0.155936,0.216506,0.577095,10.3702,24.5996,0.908219,21.7661,18.6168,28.6197,23.7563,0.233979,10.3004,11.5717,4.36096,3.52477,2.2738,0.261347,0.77832,2.77925,3.7205,3.6786,3.27192
0.00269475,0.283778,0.699087,10.4875,28.5527,15.4085,21.0896,20.6989,0.182433,3.59427,3.592,8.06815,3.49112,7.28411,2.23563,1.91219,4.38115,5.71628,4.58907,6.79566,3.76861,0.948178
0.036853,0.0688728,1.26328,3.58888,19.6848,16.5211,17.4934,14.518,25.3427,23.8853,6.89384,6.94905,3.12214,10.4723,5.13552,2.03791,7.06156,10.7567,10.1514,8.83081,2.75194,1.6481
0.00878496,0.129914,1.01002,2.22624,2.28664,5.32449,16.8663,4.4266,21.5726,18.6373,0.634422,8.04335,13.1252,11.0523,4.48926,0.235475,5.03194,7.68041,8.76062,7.08944,1.55747,1.51012
0.169477,0.120781,0.17686,4.69713,16.3403,20.8219,4.32787,3.99118,8.17609,8.81056,1.39846,2.65217,10.4669,10.1643,1.7025,0.59063,1.13641,1.49013,3.17371,6.71426,4.8468,3.44676
0.200237,0.0552117,0.248884,9.94124,27.0242,11.9067,26.9283,15.2233,27.9329,25.4641,1.78011,6.14244,10.0915,7.97928,1.91297,1.01237,7.14053,9.53387,2.43669,3.32455,5.70777,4.38802
0.0547459,0.250238,1.67603,9.5039,27.4405,4.78724,47.5956,23.2548,15.6951,14.1787,4.25628,10.3952,17.5927,11.5512,1.26288,2.04069,7.87035,10.4668,7.47214,6.9991,0.532462,5.68765
0.265052,0.245384,0.575608,10.738,21.6081,3.50644,25.7057,15.6021,15.9577,13.8502,6.42518,8.64796,0.360227,4.88287,0.641376,0.847699,1.20569,1.95849,7.59909,12.0353,2.96964,5.12673
0.0790918,0.0280178,1.02684,2.57561,10.9657,18.9475,25.6577,5.42195,29.2509,25.3847,0.916398,7.21133,7.79675,14.1439,5.56501,0.171773,5.99521,7.43281,2.82231,6.69998,1.78884,4.7137
0.090218,0.0294644,0.192072,1.67742,2.91887,24.4215,54.4921,29.3092,5.63237,6.46033,2.71048,6.62246,8.88082,8.15575,5.25074,2.36966,7.62751,10.2938,1.36142,1.66962,3.31881,5.51631
0.0348399,0.0297253,0.835318,5.48068,18.1999,0.0259678,30.4089,27.7782,23.3585,18.2671,3.08297,3.22571,14.2335,11.0976,2.376,3.00881,3.9257,6.62835,3.69217,0.273912,0.452974,1.37822
0.135763,0.0847767,0.776465,10.9531,29.6567,30.9381,13.2746,8.21169,27.2975,21.7083,4.66515,3.59894,5.5624,0.649284,4.50231,3.09128,0.925424,1.76836,5.44284,5.79875,1.41299,0.0554165
0.145671,0.000582008,1.76568,8.44154,27.1937,34.4393,34.8242,19.277,1.09346,0.259934,3.23537,10.6912,19.9922,18.7834,8.35506,2.15078,3.83356,4.19641,5.63638,11.7828,4.7763,0.0837642
0.247468,0.290225,0.355678,8.60758,15.9137,12.4526,23.9386,29.8273,27.796,21.1889,0.770056,7.95267,3.42198,3.53807,6.05869,1.74166,6.01236,7.39894,1.92399,7.94609,2.91347,2.29098
0.214945,0.184936,0.421404,2.56669,1.81188,1.50784,12.4977,22.8212,24.5762,17.8653,6.3411,3.90038,9.78895,11.2288,3.05647,3.07521,2.51432,4.17639,1.23859,1.6808,4.41359,4.22059
0.122866,0.131818,0.489814,4.9021,9.46106,0.465153,8.57269,2.53929,5.81431,4.62842,2.1531,4.80968,2.19991,4.38487,6.23135,2.89945,0.932905,0.37622,3.97264,6.18315,5.22336,3.86825
0.180271,0.294744,1.78311,7.36603,17.498,5.08273,5.34744,20.0952,29.6904,22.1822,2.41029,6.21165,15.7815,17.3296,7.844,1.56778,4.4798,5.17596,3.28761,5.74321,2.91787,4.5208
0.0628629,0.537487,0.170091,12.3456,26.4383,26.6293,34.0984,30.4024,19.0177,12.3851,0.653522,0.729151,3.43988,0.0787219,4.52805,2.6446,4.10193,4.63288,3.97491,7.10844,3.99044,3.91628
0.125435,0.106675,0.663005,9.01291,27.2783,41.7947,46.6183,20.0316,11.265,10.6536,0.448988,9.31256,19.2187,13.394,1.61109,3.09357,0.421464,0.286467,2.80932,6.49012,6.46082,3.95675
0.157167,0.177438,0.3814,4.66639,15.8667,19.1163,12.5669,4.88066,26.6033,21.0554,5.99187,9.67561,11.7402,7.70307,4.40511,0.814128,3.49833,4.06116,0.136061,0.939046,1.74156,3.00369
0.0264263,0.00292473,0.85774,1.13565,0.121489,18.5275,37.8257,24.6071,11.4041,8.86474,2.8492,7.01318,8.163,15.3725,5.84482,1.47764,3.84886,4.19444,3.11724,8.32038,3.58402,1.15067
0.0376744,0.351576,1.19566,7.69619,18.5053,39.2283,57.0948,26.8067,15.037,15.2455,0.754912,6.16705,3.17838,7.42859,0.379336,1.37378,0.563661,0.410989,4.83609,7.63011,2.50654,0.2554
0.290086,0.540328,1.165,8.47493,22.9319,19.8975,21.7737,8.69952,24.3012,22.1793,4.37017,5.44076,14.1453,12.1048,2.06969,0.117226,2.31223,2.53257,3.88687,3.47648,0.760561,0.113262
0.082153,0.493169,0.420395,11.4278,25.7267,1.01934,19.8675,7.92192,4.17964,3.72447,0.739827,0.980887,9.07794,10.15,1.90423,0.625935,1.66874,2.50718,1.61873,1.12951,1.33998,1.77384
0.0367571,0.301368,0.243266,9.50127,22.5502,0.453115,33.83,17.2851,18.5088,17.5414,3.50204,6.29173,14.5614,11.2332,1.80737,0.366302,0.792285,0.734321,2.57064,1.86657,2.58997,3.62943
0.12383,0.141286,1.04749,1.5129,12.7657,9.55988,19.8404,15.9356,19.404,19.0978,0.311056,8.19584,14.6308,12.6357,3.63752,0.0955189,0.899748,1.71428,4.97458,6.99298,1.23318,2.53749
0.105964,0.0017423,1.48592,1.21447,2.61163,1.56702,8.07094,13.3048,4.05425,1.15851,2.73625,4.54232,6.63919,12.017,5.69738,1.37726,2.21593,4.12172,6.15466,8.22202,2.20308,3.11824
0.124812,0.0593204,0.213887,8.36568,22.9027,20.959,2.38407,1.5292,21.5224,18.9915,5.19424,2.74771,9.37718,11.6382,0.292391,1.8387,1.6523,3.19081,3.09634,2.71071,0.747214,3.18708
0.126513,0.168204,0.369532,9.78838,30.4809,22.3029,13.7629,13.9286,14.9264,15.1916,0.541843,5.72169,10.1661,6.0239,2.18044,1.81666,0.633288,0.549348,0.866814,2.65597,3.26066,2.03517
0.00672875,0.0957996,1.15949,9.298,28.6353,5.83463,35.3143,28.3774,9.35422,5.06389,0.278816,5.05402,15.0515,16.3687,7.04711,1.36962,1.35201,2.21441,3.06874,3.00187,1.08061,1.40779
0.186129,0.234156,0.792028,9.41413,16.3939,12.2206,34.7483,22.7029,23.9872,20.2915,4.09496,0.46076,4.99752,7.63031,4.75562,1.70452,2.03852,3.84353,5.45261,4.87515,1.33182,0.80384
0.0676554,0.039096,1.22511,0.571212,3.99258,2.17644,5.60061,2.85865,11.5138,10.5363,0.974321,3.00782,13.9169,11.1168,1.93887,2.1777,2.42091,3.25224,4.94872,6.41195,3.25228,0.391622
0.0910877,0.0904756,0.699594,3.42257,8.95893,16.7631,45.9702,30.7087,14.3524,9.75003,2.56784,1.98089,1.69816,1.72308,3.50021,2.19212,0.124052,0.00483084,1.02695,2.79277,1.63075,0.184651
0.053052,0.0914465,0.834118,7.68806,21.1502,8.41747,44.5882,33.0388,24.3623,18.7409,0.244992,2.30322,11.5971,17.0473,7.70454,1.57678,1.7253,2.23915,2.72198,3.91567,3.35844,1.69012
0.13148,0.212637,0.462599,10.9182,28.8052,20.2471,4.68947,11.0969,8.83475,5.32925,1.83957,4.25376,4.757,4.60465,5.04514,1.46273,1.64157,1.79061,3.75718,5.7585,3.74397,2.13283
0.174636,0.178888,1.63238,6.83041,24.9342,36.0433,32.9251,18.6801,16.0273,13.4856,2.64148,5.16668,16.5759,13.4936,0.535918,2.78486,0.260431,0.13643,2.64112,3.32989,1.39488,1.25579
0.108271,0.231084,0.365125,6.69686,12.6556,20.259,35.1312,30.4277,21.3619,14.5251,1.80573,0.506589,1.24177,3.56365,3.09898,0.977459,1.21172,1.82616,0.822859,1.62402,1.04782,1.92573
0.210983,0.0894778,0.596473,0.539269,5.07714,5.426,15.4869,19.8414,4.79473,1.85768,0.462716,5.77403,15.9793,16.0592,5.73965,0.969493,0.823743,1.70737,0.798381,0.588874,2.22665,2.6211
0.0459709,0.111272,0.364779,6.8858,18.1375,14.7373,1.97562,0.508121,17.8693,15.5635,0.632808,6.62582,7.17316,3.66418,0.918756,0.900993,0.194685,0.903876,2.78645,3.42713,0.0153187,1.39444
0.15988,0.289912,1.80159,8.19572,21.2805,9.09189,4.74502,15.049,19.8453,13.5683,3.72039,1.52078,10.168,13.0318,1.80346,0.67045,0.573389,0.810931,4.05647,6.43215,2.47069,1.51259
0.324564,0.461125,0.312606,12.5203,24.4708,15.7348,21.0812,20.0219,0.253871,2.81246,2.10542,3.62946,2.86322,5.61142,1.5543,0.32901,0.332959,0.0227901,2.38822,3.9114,1.24053,1.07434
0.0748829,0.322667,0.921538,7.7718,22.8038,31.18,39.0003,18.1495,17.9097,17.0345,0.756568,7.41465,15.6338,13.3975,2.59782,0.564625,0.730532,1.06597,0.0450717,0.0628876,0.840249,0.144529
0.103706,0.11266,0.234565,3.30924,11.7294,23.9033,25.0553,5.0333,14.2257,12.1629,2.91288,3.22262,8.21897,7.7863,2.27171,0.168591,1.62407,2.19404,1.52338,0.943657,0.253869,1.1603
0.132323,0.136119,1.12135,1.86041,5.57698,9.16254,19.9505,13.4699,6.08467,6.78346,1.37353,1.1318,10.0893,12.1727,4.07943,0.280325,1.17887,2.31532,2.52772,1.51791,1.32456,1.508
0.180848,0.178149,0.778268,9.41228,23.5601,41.4555,55.0523,24.7344,17.4309,16.7979,2.16763,2.13834,10.2827,9.51976,0.93866,0.887331,0.401847,1.51544,3.44462,4.31164,0.922749,1.8833
0.171368,0.130981,1.65789,8.70589,27.5579,35.5343,38.7567,19.4603,7.19104,7.92466,0.507041,1.68978,6.83989,7.66636,0.0999767,0.757407,0.546244,0.491289,2.39878,3.90145,0.878879,1.48853
0.198102,0.407529,0.135006,11.8897,26.396,8.999,8.65815,0.985311,11.7525,9.28593,1.96612,5.01847,6.38848,11.8856,5.25886,1.40681,0.580466,0.0140195,0.186209,0.0102998,1.35664,2.16674
0.158208,0.203904,0.222034,7.58086,16.2909,10.5244,39.6234,16.5259,17.2699,15.6873,4.87364,8.60559,12.3571,9.55064,5.12414,2.02763,1.56489,1.65812,2.10249,3.09856,2.71596,2.07841
0.0871542,0.162455,0.691703,0.0624777,4.81931,5.34464,29.9807,22.2872,1.29898,2.9764,1.45081,6.45238,13.5305,9.37344,1.44064,2.08633,1.4386,2.22348,3.16419,2.90796,1.19835,0.598583
0.154608,0.184268,1.65104,3.77235,8.69249,0.0277238,5.33982,15.6382,15.3892,10.703,1.10594,0.895588,3.3121,2.05021,2.86519,2.04481,0.522849,1.2446,2.59223,2.71182,0.663918,0.188018
0.243668,0.33065,0.805791,11.4299,25.046,11.5765,6.60905,0.753365,15.0852,12.5522,1.6779,4.50902,12.9785,14.4108,6.59758,1.83686,0.908274,0.527877,1.50559,3.09261,1.69894,0.375502
0.158015,0.0246481,0.683108,8.96257,29.8678,22.3707,11.2309,17.3306,3.80972,0.665147,1.80068,4.88212,1.39501,3.44229,3.7532,0.946201,0.730965,0.484815,0.0656119,0.414926,0.36012,0.202551
0.0961366,0.0294489,0.649602,7.28585,25.3205,13.8607,21.7567,26.8829,18.5766,12.1684,4.76,4.04397,7.04374,9.44514,1.57349,2.07554,1.03667,0.863227,1.53812,3.40662,2.00474,0.699176
0.076603,0.205972,0.965883,6.18847,11.1068,8.49474,29.0239,20.073,13.2531,10.0049,1.33481,6.38931,3.33512,1.75797,3.53161,1.56081,0.254923,0.216472,2.37644,3.97829,1.97201,0.355621
0.270424,0.109599,1.3405,2.60504,6.48904,14.5253,9.585,2.30385,5.63157,4.04336,0.364012,5.95235,13.5819,13.5402,5.49583,1.31111,0.790226,1.28502,2.52608,2.38937,0.885857,0.716341
0.235855,0.00431907,1.30597,5.0519,17.8757,0.0368269,30.8361,27.1562,18.13,12.8555,2.5752,2.32323,4.33898,1.39766,2.02744,0.846583,1.88939,2.25432,1.96636,1.73258,1.35271,1.5478
0.0618726,0.165064,0.57511,10.3907,25.576,8.74391,49.5449,31.6031,10.4404,6.76428,0.719927,2.45841,12.1279,10.8434,0.351938,1.50317,0.523964,0.382825,0.627933,0.245851,2.10837,2.16501
0.0780322,0.309293,0.14998,10.7287,25.9306,5.67118,21.2058,10.442,7.75289,7.38535,1.87679,3.19642,6.08347,5.7578,2.79032,0.82687,1.81066,2.6135,2.77812,2.81257,0.279537,1.70539
0.172946,0.0648769,1.5208,5.05086,19.4297,28.8441,27.245,16.5329,14.8954,12.4018,0.140106,3.13821,7.12298,10.8187,3.48684,0.15468,2.77017,4.08564,3.62594,4.21512,1.56677,1.15957
0.0541155,0.205231,1.50692,4.16657,6.15637,25.0136,46.3298,28.7383,6.07799,2.51634,2.8568,3.85193,3.60978,7.04838,1.38156,0.69015,2.13873,3.31271,2.76478,2.28357,0.131276,0.917474
0.174175,0.0533528,0.831994,5.29831,12.916,2.06554,24.3097,17.2864,9.01965,9.7895,2.47162,5.62341,11.2801,8.77479,1.63862,0.369019,0.22925,0.466938,0.40933,0.30922,1.0472,1.08126
0.136431,0.0362448,0.288643,8.89293,26.9214,28.0899,7.9921,0.0289815,11.97,11.5161,1.26959,3.85674,9.91658,8.74458,1.40672,0.590688,1.1099,1.94652,1.38098,0.940185,0.465352,0.231972
0.211528,0.0836866,1.36462,10.0517,28.1959,26.9913,22.6397,14.2273,1.38015,0.784099,0.313122,2.07525,6.94103,6.02674,0.0367922,0.564114,2.94999,4.27397,3.21227,1.98083,0.0395517,0.959259
0.378634,0.310685,0.0739787,10.9924,21.2026,12.343,20.1881,18.4275,8.86031,10.7555,0.166734,5.61994,11.2635,10.1999,3.14824,0.373278,2.74746,3.88477,3.48288,3.49663,0.728415,0.997736
0.203815,0.0237603,1.71416,3.45413,9.76697,7.39633,17.3816,14.8139,7.82184,9.38774,4.22958,6.17734,0.286438,5.35716,2.99021,0.694662,0.00451355,0.566323,2.24462,3.41446,1.00273,1.47693
0.0780387,0.0570777,0.731088,0.18119,1.12786,8.12044,12.5684,4.56737,3.15063,2.91454,3.31612,5.04919,5.79825,9.40937,0.05381,1.0072,2.34479,2.12768,0.0441716,0.351425,0.8344,1.16892
0.231712,0.280256,0.624719,6.72607,14.0462,3.98543,7.73339,9.21102,10.3287,11.0295,0.805806,6.18894,5.92913,1.15126,2.22283,1.47118,1.00918,1.09216,1.11654,1.79001,1.70246,1.02706
0.343586,0.172616,0.0909225,11.7254,26.5923,29.9281,38.0191,24.3787,4.25279,6.93632,1.24952,3.94513,12.2474,13.0376,5.49943,1.69351,2.07215,1.79121,1.1911,2.01405,0.739095,1.20209
0.218881,0.100809,1.78627,8.70546,29.6937,42.2759,41.8706,22.5199,8.08432,5.63604,0.0706401,2.73715,2.05496,1.72125,2.56325,0.914813,2.19859,2.42561,1.34638,3.05849,1.75356,1.46808
0.0814792,0.203493,0.459717,7.94308,19.4189,15.9449,2.34991,1.2855,11.9535,10.5616,3.02715,6.3826,12.5936,8.55928,0.836312,1.79499,0.949463,1.42067,1.04468,2.76682,2.26303,1.21338
0.174452,0.167701,0.915312,0.760192,3.17161,18.5993,42.86,23.5439,2.19526,3.67379,2.32422,7.59082,7.20861,4.95448,3.93047,1.78547,1.21471,1.79301,0.984708,0.469499,0.905865,1.10336
0.0497804,0.320955,0.289612,4.62233,13.0262,33.1496,50.5956,31.8288,11.7744,7.92281,1.62511,4.78609,5.84061,11.4314,5.72015,1.15606,2.60132,3.89074,0.00801581,2.68748,1.55466,0.251206
0.00127085,0.373641,1.55867,7.49739,20.677,13.7476,10.4925,13.2864,12.1059,8.30638,2.7104,3.18634,1.37901,2.89349,2.09637,1.63917,1.95865,3.15481,0.52085,2.80137,0.903809,0.0928973
0.155715,0.407609,0.45316,13.0993,27.6667,0.0575665,26.925,11.9372,0.179086,0.401562,0.89616,3.735,9.378,7.07393,1.21623,1.88695,0.550063,0.714493,1.63,2.23051,0.0884371,0.31792
0.0381543,0.129777,1.08101,7.84157,24.855,4.3908,32.3404,27.4477,13.3327,8.97371,2.18386,0.862299,6.35658,9.29854,5.23612,1.45466,0.215013,0.475982,1.4959,2.59686,1.77828,0.884081
0.0591054,0.043182,0.559997,3.96522,13.5756,10.3981,14.3892,20.6699,10.275,5.62845,0.608504,5.08493,7.76083,7.43486,3.69042,0.860924,0.30582,0.627281,0.539629,1.06831,1.42403,0.947418
0.095836,0.0747713,0.508666,2.04019,2.93483,3.72741,0.176195,4.6001,2.01284,2.82928,2.37698,8.09121,11.9241,6.83707,1.24506,1.26675,1.42178,1.12838,0.967943,2.27232,0.332909,1.43043
0.0659615,0.177047,0.709622,8.01589,22.659,17.8172,6.40801,15.0581,12.6985,8.55672,4.77065,6.28992,0.311272,2.74729,1.72752,1.32984,0.19677,0.195034,2.22198,3.94285,1.1176,1.05915
0.0600964,0.00551142,1.38895,7.46733,29.0603,20.6351,16.1775,21.702,7.31294,4.07817,1.69096,5.40197,3.48391,8.28524,2.86812,0.0922479,0.732657,1.44612,2.62418,2.47499,0.264275,2.04147
0.102517,0.294911,0.639542,11.3254,27.4497,6.90907,28.6383,19.8769,4.14395,6.10665,0.00603523,4.03571,5.33019,4.163,2.43463,0.524371,2.26114,3.37701,2.45234,1.41306,0.722506,1.48876
0.127217,0.325108,0.494195,6.80024,13.9413,6.58716,19.3897,1.81437,10.9008,8.20223,1.04162,0.540912,7.63587,8.25485,1.23412,0.933395,2.00095,2.74577,0.95767,1.0736,0.28961,0.953296
0.0329832,0.0990799,0.736964,0.0890911,0.272186,2.77318,16.7069,15.473,3.03209,0.587962,1.86133,4.10432,2.45746,0.351257,0.515512,0.241383,0.141042,0.323015,1.02001,1.26555,0.915307,1.36957
0.0789676,0.128964,1.16643,4.05663,12.6066,14.3399,48.9051,27.4994,5.77983,6.68903,3.27323,9.04645,13.4007,9.33411,2.14461,0.362848,2.26278,3.90925,4.13738,4.94671,3.53389,1.70336
0.0858691,0.391272,0.444558,10.9979,24.054,3.64246,34.9942,15.9805,8.12347,7.39934,1.70753,8.19039,7.08515,2.76098,0.833159,0.0847876,3.11159,5.04825,4.17187,3.16052,1.14752,0.346307
0.0399633,0.262514,1.19552,9.33261,28.15,25.6367,13.7216,4.9991,1.57837,1.56369,1.95625,3.53078,4.71493,8.57522,2.51482,0.262047,3.27806,5.23193,3.33411,1.04646,0.204713,0.0169516
0.119995,0.267375,0.331373,8.25163,24.2275,41.4168,51.174,24.3756,7.4818,7.41455,1.29713,0.62406,2.80237,3.60135,0.169122,0.188025,3.44161,4.325,1.70705,0.517506,0.193623,0.177758
0.0381301,0.153888,0.326108,4.42257,8.37105,19.7807,38.1817,23.5812,3.74938,4.71214,0.943101,0.617328,5.16387,5.55214,0.327186,0.831519,0.0288817,0.133551,1.19393,0.576584,0.448078,0.227917
0.367731,0.294851,1.01485,4.38823,11.6494,15.5594,2.94905,7.96737,5.62897,2.30063,2.59279,4.59857,0.809063,5.52723,2.66193,0.835146,3.93348,5.76866,4.20201,3.90896,2.58161,0.945714
0.0101264,0.0690002,1.44205,6.8362,23.881,31.0782,29.0823,11.8955,7.73146,7.31374,1.76187,8.0263,9.14076,6.37727,3.63713,0.358035,6.59984,8.74051,5.47944,5.1499,3.89207,1.80879
0.251312,0.457838,0.29402,11.8558,26.519,20.3964,24.3932,20.1428,1.42632,3.59035,2.80623,7.9543,9.75381,4.70272,1.32749,1.36276,2.12035,3.52926,2.97039,1.92413,0.944541,1.73274
0.26954,0.384045,0.896282,10.0469,22.2763,10.5966,12.6275,18.1905,6.85761,2.22499,2.21482,3.84497,0.215113,1.84184,2.22254,2.0963,3.40511,4.16306,0.925106,0.0559041,0.473759,1.84845
0.118784,0.0623631,1.10585,4.62154,13.7893,10.9087,5.50139,6.23595,8.83866,6.79691,0.325643,0.794974,4.90916,8.30357,5.61352,1.44672,4.55026,6.83687,3.218,0.305801,1.80836,2.13855
0.0545423,0.197155,1.21067,0.419695,1.75861,6.80412,5.51617,11.4112,0.711706,2.08208,1.41954,2.17429,0.139725,3.57273,4.05496,1.64793,2.59291,4.44997,3.67855,2.55903,0.596337,2.73315
0.417396,0.296902,0.589988,8.94973,15.1056,12.4319,25.1511,24.9213,7.91797,3.5446,1.49833,4.24532,2.88756,3.73842,2.73678,1.96206,1.28087,1.57583,3.32656,5.59174,2.13268,1.30873
0.407757,0.0613216,0.949938,9.72402,29.7896,39.0864,37.7231,21.3224,8.07041,5.36035,3.62511,7.15415,5.63653,0.94296,3.92286,1.67162,1.45171,1.41502,2.07951,3.78978,0.504202,1.64828
0.290874,0.0030525,0.613877,9.57154,29.2257,30.3899,13.6063,1.64002,0.133814,0.0597476,3.11257,8.2183,9.9779,8.33351,5.78539,2.28559,3.23941,4.50627,1.05071,0.386316,1.80247,1.57903
0.0286325,0.164663,0.113348,7.86971,20.9339,1.06829,32.0838,24.8114,7.97365,4.67998,0.778855,5.07411,3.6347,1.77905,5.1593,2.19666,4.07917,5.53781,2.56519,1.30326,0.833541,0.0892519
0.158838,0.0820466,1.35214,0.556271,2.43402,25.5839,53.8106,32.1145,8.04512,4.2297,1.10417,0.0267663,4.24404,2.6342,3.65357,2.34822,0.911493,2.01185,3.12328,2.38844,0.729107,1.60102
0.238001,0.00431185,1.12875,3.24696,12.4477,18.9753,22.7302,12.7335,0.242216,0.975331,0.717762,3.09183,3.67741,4.39588,5.1032,2.69457,3.0181,3.55347,2.29405,5.88578,1.92078,0.956405
0.26466,0.299527,0.051419,11.5063,25.9732,0.164587,26.7195,14.8814,6.55798,4.7032,2.63944,4.74318,1.32657,7.28482,5.56293,1.1273,4.94838,5.91442,1.58931,6.28061,2.43031,1.26137
0.138196,0.347396,0.229892,12.276,30.1785,4.27283,48.5569,31.7529,7.83387,4.16631,2.63943,7.80038,3.35616,0.925927,4.32847,3.24955,2.95265,3.37482,0.114206,0.573627,1.68143,2.52151
0.0141406,0.0911387,0.995795,7.33503,25.0607,11.5409,23.2645,20.5354,0.0191725,2.72553,1.48541,6.36675,7.6485,1.55142,3.6476,1.90364,1.36812,2.60703,0.0682487,2.99785,3.64459,2.23472
0.0816045,0.0613007,0.986859,4.40401,13.2565,21.2232,11.304,0.0215822,5.30131,5.87204,1.83427,3.63073,4.51189,4.6902,5.07478,1.98666,4.61819,6.17479,0.880174,3.56062,2.18853,3.73633
0.0437257,0.0533947,0.457166,3.59838,8.6213,3.08609,23.5684,18.696,5.98357,3.33119,0.870363,1.09818,3.78771,5.40903,4.37851,1.78989,4.67056,6.48902,1.71001,5.58954,3.1038,3.25954
0.0410023,0.0395726,0.625468,6.76531,24.5003,17.197,18.0074,20.8562,1.19823,4.21881,1.9846,4.82942,5.09985,0.620378,3.22186,1.38794,2.7406,3.8983,1.86078,7.3368,6.26824,3.11713
0.104409,0.104126,0.726599,10.1496,32.0977,22.6004,12.2798,14.5032,4.89632,6.49151,2.46007,6.90257,1.29092,1.71916,2.37941,1.71682,0.639962,1.53966,2.95709,3.31712,2.94083,3.15534
0.304182,0.227525,0.283546,12.518,26.8195,9.12267,6.54148,0.778187,3.71378,1.85166,3.70903,7.41937,1.91471,4.91724,4.0527,2.14787,4.35254,5.75559,1.10276,2.92386,1.17001,2.77027
0.0978684,0.274084,1.86634,5.04162,13.263,4.86755,11.3971,14.5006,2.84289,4.91654,2.99675,7.03465,6.80033,4.33851,3.01653,0.945158,5.48702,8.24869,0.468254,3.78001,0.219753,1.63382
0.400614,0.00642625,0.659126,1.28635,0.854629,11.6087,37.206,25.6319,4.29108,6.93876,0.316934,4.60914,6.29668,2.33345,1.61208,1.78603,6.09923,7.55468,1.64731,4.69181,0.783458,1.59445
0.262294,0.412038,0.323781,6.67585,14.6975,11.7904,36.1434,16.7426,0.787027,0.652545,0.22857,1.942,4.96736,3.74294,0.344391,0.61185,0.808551,0.929068,3.81546,7.79012,3.88544,0.796036
0.315011,0.686171,0.356539,10.8947,26.3017,13.6401,3.22782,3.23337,6.48721,6.41691,0.950708,5.23202,6.77667,4.81695,1.95422,0.0359664,4.31005,6.2797,4.93306,5.84786,3.98284,1.41866
0.052099,0.202967,1.56598,9.88751,30.7148,42.8089,49.0549,26.0189,5.49281,6.59408,3.52407,7.10417,2.42969,2.85185,0.801869,1.07513,8.22506,10.6797,3.05076,2.39168,0.88826,2.0251
0.181989,0.109478,0.481126,9.74612,23.9671,39.6353,50.5874,27.7755,2.16571,0.244424,3.77809,6.19543,1.45298,6.50859,2.10283,0.726325,5.4897,6.972,1.06088,6.48852,2.05515,1.39945
0.0158354,0.107224,1.00891,1.36502,4.64657,2.53051,4.46663,7.62479,8.40284,6.49006,0.685669,6.03925,6.07513,3.48123,1.93548,1.60495,1.9708,2.32395,4.50125,3.83833,1.9678,4.46302
0.017845,0.0499909,0.389958,3.71963,13.8184,31.4545,40.2962,17.3499,6.38194,6.6264,1.8476,3.45329,7.96215,5.31622,1.27146,0.997064,5.85486,9.24218,8.04083,6.1376,0.718627,4.91498
0.227021,0.180023,1.13727,8.88643,24.6909,32.9851,43.0213,29.1528,6.15408,2.65453,0.0722223,2.84704,3.97441,1.42325,1.83549,2.46718,8.4646,10.6368,6.60246,7.1716,2.04467,3.84193
0.327506,0.384909,0.233625,12.7682,26.9362,14.655,13.0754,18.2384,11.7783,7.34968,3.23402,6.16012,10.269,8.90625,4.61743,0.756857,3.95965,5.83025,2.37056,0.238315,2.28704,5.03957
0.133332,0.324882,1.60414,8.26987,21.8417,4.08944,10.9074,0.581461,5.4664,4.09112,2.19387,7.90971,4.09132,3.32595,5.01145,2.2021,0.781774,1.91795,4.37667,8.13562,7.94407,5.26886
0.37299,0.251388,0.776267,5.30376,15.3204,8.34443,16.4953,19.2487,9.46526,6.0404,1.95702,5.33499,4.02576,5.78457,1.88014,2.78106,7.26152,10.0976,7.9066,6.95859,3.91248,2.64494
0.180534,0.196617,0.138723,3.54624,3.14903,4.55245,23.0543,24.3961,13.1454,10.5283,4.67044,1.522,1.53787,3.82085,3.26865,0.4466,7.36497,10.4312,8.15531,6.43003,3.57748,3.13998
0.224179,0.19429,0.397243,7.43143,20.1839,20.7699,20.5799,11.2779,6.13687,6.44321,0.878125,2.62672,9.90004,10.8998,3.51693,0.396309,2.98772,4.58871,5.64503,6.76492,4.55106,2.17253
0.035572,0.23542,0.476239,10.8651,29.6289,17.4482,5.28651,10.9929,18.6619,15.3121,1.75737,2.55226,4.39152,3.35577,0.301768,1.23041,3.01071,3.44337,0.380299,1.89842,0.742232,0.453231
0.108056,0.167696,0.467467,10.7418,30.1941,8.83286,30.4494,24.9837,7.61049,3.96586,1.31869,0.707363,8.95136,10.9727,2.49964,0.321916,6.43325,9.235,5.99427,3.78983,1.26966,0.386616
0.124943,0.0939586,0.19985,7.2919,20.3452,0.859761,34.7634,21.3801,12.4623,12.5522,2.08005,0.425009,5.91892,7.19447,1.53341,0.242099,6.3426,9.53628,8.43995,8.04344,3.9951,1.03552
0.0770091,0.0488485,0.0962786,1.29488,3.7922,1.77237,13.7133,4.98659,16.7992,14.5649,2.19947,1.54598,8.4429,9.34124,1.97345,0.863009,3.31413,5.64579,8.32045,9.77597,5.48209,2.55711
0.0493589,0.113795,0.333265,4.95936,14.1836,2.85703,17.4332,13.6384,1.79731,0.288476,0.0880363,0.911909,8.67586,9.84479,2.2347,0.250157,1.5015,1.23241,4.05084,6.70926,4.51749,3.99485
0.217976,0.0766364,0.470807,9.77932,27.9528,6.77426,34.1848,21.1301,14.7936,14.6761,1.72912,2.76919,8.2193,7.89867,1.86047,0.396518,4.07376,5.78707,0.444984,2.33747,3.4422,5.04246
0.268135,0.123928,0.483058,11.357,31.6869,11.1866,28.764,18.8804,11.5194,12.3855,2.19135,3.52379,12.5931,12.2146,3.09487,0.6335,5.1491,7.59565,4.80133,3.29331,1.84858,5.48096
0.147718,0.183205,0.413209,9.26425,24.8553,14.6565,3.76946,6.07604,7.16636,5.56409,1.72619,0.182963,4.96889,6.42659,1.66608,0.0268776,2.68887,4.01671,6.46691,8.20177,0.0978123,6.42568
0.202735,0.0172982,0.396171,4.08554,10.231,14.372,24.4476,11.3538,18.4841,17.384,1.69941,0.837821,12.8888,14.6599,3.30139,0.786005,2.19751,2.2052,6.64769,10.6335,0.928846,5.45071
0.0813809,0.00568735,0.0591489,2.20857,8.30498,5.89226,35.6268,24.2307,6.77405,8.82543,1.94698,0.94534,1.40661,1.15365,0.207591,0.574615,5.67288,6.69537,3.0226,8.03863,0.0443472,5.19165
0.0443642,0.04918,0.422117,7.98015,22.4655,5.52599,24.271,22.3173,13.6569,8.97937,0.55945,2.66703,15.5945,16.653,4.39657,0.0824119,2.75493,3.19985,1.58429,4.14811,1.24684,4.91793
0.117361,0.236283,0.662465,11.1848,30.1905,20.0444,3.67266,3.27427,18.0892,16.464,2.70509,1.41453,3.07734,2.73665,0.0919709,0.37276,1.1019,1.64266,1.0185,2.87475,3.40605,3.87976
0.223241,0.23369,0.7377,10.8912,27.2425,26.9789,29.673,20.9764,0.193662,2.9599,1.40021,2.38856,15.1659,15.6608,3.03427,0.0339078,5.11132,5.8189,3.47374,8.28097,3.44843,0.943707
0.23099,0.136198,0.791604,6.62163,16.7656,24.2753,36.4752,29.3763,18.3424,12.707,1.00843,2.96322,6.38496,5.91265,0.420937,0.0266468,4.86621,5.50885,5.52841,11.3037,4.40632,0.321801
0.122427,0.0217242,0.161215,0.546453,0.0334415,6.47011,18.8166,18.3203,17.8894,13.0577,2.05264,1.87052,13.2691,15.2319,2.99531,0.833068,1.2834,0.854301,6.08735,8.78959,1.87391,1.80013
0.00203968,0.16011,0.505505,5.61983,14.576,12.9156,10.6693,7.06885,2.62407,2.66402,2.47708,0.410852,10.3841,11.7075,2.26261,0.41662,3.73957,5.56007,4.50575,4.16436,0.271363,3.25008
0.195254,0.302878,0.65386,10.692,26.6436,29.4238,34.1312,28.5319,21.0933,16.2568,3.86414,3.35266,13.4431,13.6817,3.46424,0.54255,7.25184,10.0272,1.76401,2.29891,3.18875,4.72324
0.195149,0.336767,0.883449,11.4951,29.0688,30.1868,34.3282,29.0031,15.7287,10.1501,2.27277,3.16927,15.2309,15.2309,3.14232,0.869784,5.75531,7.65191,3.41758,8.96638,6.51272,5.46136
0.0966327,0.154722,0.685387,8.54088,22.2111,17.8812,12.2099,5.35304,8.71679,7.61887,0.184712,3.11457,10.499,10.552,1.77118,0.779032,1.2255,1.16026,6.25681,10.7371,7.43664,6.31827
0.0260331,0.0855325,0.280871,2.79079,8.88094,0.349285,16.0144,19.761,22.1245,15.3752,0.712489,3.69425,20.0118,19.8891,4.37663,1.93692,5.85102,7.81435,7.95042,9.21896,7.76652,6.60796
0.0878916,0.237275,0.252086,3.37877,7.32505,16.7621,34.9077,26.47,7.47174,3.39158,0.960267,0.292765,6.17417,6.89043,2.08168,1.60094,8.91775,12.2001,7.09509,3.70846,4.62155,6.20196
0.235519,0.121777,0.585716,8.79543,21.8311,24.1619,30.4105,14.7115,15.2003,14.225,1.94857,4.08219,20.7646,21.7628,4.94811,0.658417,6.89982,8.67962,1.62121,1.6769,4.0851,7.27787
0.0819665,0.26027,0.659307,10.9088,30.1044,22.0109,7.1253,1.01276,16.6153,15.735,3.50109,0.987942,2.87772,2.59304,0.135537,0.227353,0.966233,1.20607,5.5728,8.89766,0.95004,5.15349
0.262836,0.124928,0.408455,9.67482,25.8284,7.00493,23.6222,15.481,0.711561,1.07334,1.33422,3.39449,20.8776,22.3793,4.57612,0.441679,6.95329,10.3629,11.1513,10.9641,1.78048,3.81238
0.0883973,0.161563,0.235117,5.75774,16.6405,0.0797484,35.4095,23.4333,13.1746,13.7738,1.01563,1.04013,2.31148,2.63544,0.0955294,0.115359,7.31871,11.505,10.33,9.39518,3.27063,1.53466
0.0807764,0.142083,0.0463377,1.05719,2.19557,10.6707,26.2086,15.7727,11.7811,12.7605,2.3121,4.30534,20.7721,21.4487,4.39891,0.926859,2.6634,4.72608,4.37571,4.0649,1.76296,0.435001
0.0576715,0.164624,0.222758,6.62056,16.0938,7.9043,4.3965,3.12043,3.65137,4.29789,0.704032,1.65805,6.69024,6.97248,1.0489,1.00074,2.13936,4.55881,4.12717,3.06506,0.0682881,2.41512
0.133046,0.100917,0.56598,9.96789,28.8322,10.2314,28.3418,17.9454,16.571,16.4289,2.37079,3.95233,18.6427,20.0371,5.22056,0.253608,5.92589,9.93272,9.5337,9.04569,1.0603,4.26128
0.0588978,0.17637,0.531169,10.5929,28.3838,3.78369,36.6245,21.536,9.32036,7.86456,0.576644,2.0066,12.1223,12.1683,2.73736,0.80748,5.75219,8.5728,10.2126,12.0568,2.50237,4.27293
0.0761677,0.208619,0.121208,8.41442,24.8447,11.968,16.2919,16.7524,11.3765,8.72058,2.6982,2.55523,15.2388,16.4089,3.24853,0.966106,1.91555,2.63953,6.46651,9.04084,0.15173,5.99063
0.0403266,0.129519,0.0235994,3.04876,4.92493,3.25684,8.22652,0.152788,20.3607,17.2294,3.38932,3.93821,16.8062,16.6221,2.06443,2.62422,3.45192,3.99625,1.16423,4.17894,1.5493,6.87876
0.0243499,0.0210152,0.0375392,3.19222,7.04849,10.0957,34.9057,22.3647,2.10084,5.18247,1.95724,2.45982,10.4444,11.3198,3.31214,2.84098,8.7081,9.65728,5.3454,4.73667,7.6348,7.86586
0.0855707,0.09094,0.113336,8.65086,27.054,9.79779,30.2363,32.6577,21.0455,11.8226,1.5419,1.77081,19.8366,20.874,5.75615,2.46514,7.87328,9.51894,9.29662,8.57096,6.1625,6.27658
0.0106196,0.194287,0.743571,10.7955,27.2985,9.73457,13.113,13.2938,16.9627,12.1766,0.95652,1.214,4.89595,5.88878,1.12119,1.5728,2.49235,4.43931,10.2189,13.2331,8.91029,6.02305
0.0119487,0.250138,0.839424,10.0277,29.3994,29.2931,22.1947,16.5841,6.90957,3.83777,2.06461,5.20215,23.694,24.836,4.23478,1.78405,3.7619,4.31147,4.63428,8.9638,4.65586,3.16005
0.0707322,0.228949,0.535488,5.7221,9.7809,14.0364,31.7187,29.3931,19.392,15.5148,5.11105,0.910384,0.324013,0.0321518,0.851976,1.12117,5.57497,9.14659,0.988095,3.73766,2.33968,1.47772
0.0334981,0.140785,0.121383,0.199879,1.21462,15.3897,32.1069,22.2378,13.2182,13.0664,6.78371,3.02189,25.4063,27.361,7.55315,1.21321,3.42461,8.13453,6.42914,4.08306,0.486601,1.46726
0.169108,0.0600881,0.302244,6.19196,19.7106,15.0849,3.05134,5.15263,4.4151,4.08334,2.10959,2.21101,4.21935,4.82492,1.60374,1.35116,0.713292,1.3533,7.3875,10.8733,5.6173,1.81566
0.405778,0.148312,0.626569,10.1846,22.2857,17.9556,18.6586,17.842,18.4154,13.4676,0.890702,8.14334,26.3997,26.9806,5.14309,1.87873,4.3695,6.12876,4.6049,10.8767,5.72803,3.50188
0.279755,0.291764,0.798925,10.9653,31.2603,37.5176,41.1857,32.357,15.7292,6.49743,1.36072,1.4665,10.7237,10.7635,3.09366,0.207495,3.76628,4.87225,4.22923,9.31497,6.77534,5.26769
0.120929,0.229224,0.689169,7.82692,15.8271,13.1588,23.6611,18.9758,7.27462,11.6977,5.58146,2.73773,23.5062,24.8115,5.08555,1.8237,0.923577,1.46734,2.51282,2.31202,3.43553,5.51205
0.0111094,0.0843408,0.0795643,2.66982,11.3141,12.6034,3.16783,10.3019,22.9828,18.4629,5.10831,4.01298,14.91,15.0032,1.93671,2.40224,3.18097,4.41658,0.954032,3.96624,3.47437,8.06731
0.0859268,0.06254,0.62514,3.51172,12.1977,21.7213,30.9678,22.3426,6.71482,3.81562,1.95654,4.87151,21.2265,21.789,4.96683,0.756452,4.0666,3.23395,6.51871,12.408,1.61,6.94569
0.0575854,0.262478,0.65144,8.73689,18.0966,19.487,33.3904,17.3084,18.2806,15.0649,0.0373358,2.48515,18.1904,19.3003,5.7893,2.32947,3.16295,0.0649553,9.05878,10.7113,2.16979,7.98672
0.12366,0.335191,0.354387,11.2657,32.0382,32.8737,26.1918,9.25431,16.0945,13.6,0.045087,3.63911,18.4929,17.7674,2.0107,3.38418,0.421117,3.86803,7.67492,9.16087,1.15281,5.86988
0.0719297,0.197669,0.578469,9.13557,21.917,7.61919,8.47924,0.107895,6.76947,3.62279,0.482791,4.01424,18.7414,19.4029,2.16253,2.75089,4.33382,6.2429,2.19469,1.21803,1.25386,3.72236
0.203073,0.23455,0.285751,4.8824,17.5402,4.5732,28.7101,17.8897,16.4611,15.8765,1.43455,2.12268,12.4095,12.0244,3.6417,1.51003,4.38524,6.26434,3.43927,7.9312,5.58765,3.47207
0.0376936,0.0813714,0.195284,0.915386,4.29705,18.6197,39.5639,27.2738,5.86146,10.4515,2.00746,3.95983,21.1464,23.1797,7.36727,2.69463,0.899298,3.5473,5.59524,9.7868,3.57806,1.4976
0.0890593,0.0415364,0.787703,5.86547,12.4254,9.29835,11.6836,10.289,6.12398,5.87036,1.67864,1.26731,5.25513,4.5215,0.837505,3.17886,3.06551,2.04528,6.705,11.0859,4.69922,0.367156
0.0166018,0.187706,0.600726,9.68204,28.5044,16.8617,13.3866,10.7859,14.6019,17.1279,5.0686,3.24974,21.1548,22.7633,4.09414,3.32029,7.19855,8.9445,7.28796,6.50011,0.0834749,3.53775
0.024835,0.259453,0.164095,10.3219,26.2597,2.04716,35.4206,19.3969,10.0063,9.3545,2.84846,1.49149,2.23839,1.9969,0.0440482,0.989497,6.50478,10.458,5.16703,1.69144,0.686071,3.4889
0.0527374,0.16461,0.282995,7.21159,23.3685,6.59448,28.4144,23.3279,11.2617,7.25101,1.41383,6.39772,22.2724,23.2916,4.5317,1.26343,2.41754,4.53861,1.97198,8.65119,8.64141,7.01205
0.0680835,0.0114864,0.282836,2.00658,4.5995,2.5784,11.2864,17.1391,24.8549,15.0455,1.91599,0.58394,8.80226,9.0471,1.91858,1.11267,2.74978,4.84132,9.57772,10.3236,5.44813,6.18812
0.107782,0.0130554,0.0960674,3.59555,9.00947,2.94982,21.067,11.6754,3.99992,1.00148,5.15795,1.17303,20.9946,23.0022,6.08728,1.51543,7.20239,10.9296,12.4416,12.68,10.6338,7.62365
0.0528994,0.0426081,0.632725,8.25008,25.1336,4.58713,36.7163,38.3341,24.5743,16.3444,5.74664,4.7044,16.3407,17.4242,4.82566,1.62852,6.06937,7.86903,6.9757,4.6015,3.89649,5.72519
0.0331758,0.0381325,0.756115,10.3443,28.8546,7.33818,28.4421,26.5863,19.6555,17.6764,7.88748,6.30712,19.2202,19.043,2.46927,2.98673,1.27041,0.656497,2.77293,1.37306,4.05269,7.10652
0.215323,0.153526,0.398971,9.70805,25.7142,15.4102,1.0962,4.20937,7.62866,0.951452,6.88625,1.72834,20.5375,20.0505,1.8448,3.62399,2.41955,6.51324,8.42373,7.60262,0.811798,5.62702
0.275255,0.165366,0.235967,5.90237,13.9325,18.0383,25.0073,23.4817,21.5462,13.6724,3.13083,0.740962,18.5144,18.2358,5.8931,2.28136,3.68838,7.09811,8.67384,12.1357,3.94404,2.69327
0.144486,0.0186087,0.292758,0.227741,3.3625,9.39624,33.6047,24.0273,10.2598,5.73409,3.38275,6.95132,22.8016,24.108,7.32143,2.14183,1.86399,3.17247,5.96182,8.2834,1.02133,2.68099
0.00826553,0.162524,0.056198,6.4599,15.8225,0.170956,25.5793,17.7236,3.86046,8.80132,5.00862,5.22148,15.0539,14.7746,1.2675,3.74649,3.71251,3.65914,1.27453,5.24435,3.53813,1.00916
0.0362087,0.215743,0.987018,9.67564,27.8463,21.444,3.27347,0.769733,13.6091,15.6469,5.60088,3.95376,24.7262,25.4721,3.86115,4.38487,7.53393,7.23243,2.68476,3.27429,1.56661,2.24189
0.138302,0.414981,0.907438,10.709,25.4217,23.2126,27.9582,26.8671,15.5103,10.2618,4.87705,1.49725,11.7307,11.8355,3.62797,2.95388,7.47577,7.57629,7.18421,7.76015,1.1395,6.2827
0.0653661,0.402649,0.227031,8.80508,23.6581,31.557,41.9404,28.7966,4.67646,8.96468,0.36066,5.82499,23.5333,24.8098,6.08904,0.906591,2.47094,4.17412,11.1439,13.6475,1.46226,6.78449
0.0842406,0.179164,0.0243398,3.2844,3.7577,5.18036,16.7896,3.74352,22.5998,15.0847,0.427668,2.26243,6.22172,6.8285,0.839185,1.09081,2.08839,1.32303,7.9831,10.5601,0.490383,7.8982
0.347346,0.0494586,0.271994,3.71615,4.59832,1.45975,7.39361,12.4498,8.49224,3.55929,1.0721,4.1073,24.143,24.9991,5.31513,0.569225,7.19824,8.06248,0.0211431,3.86254,3.2024,7.84319
0.398081,0.272234,0.244183,8.65204,25.4276,34.0856,37.9171,13.5435,19.8162,14.8011,0.806998,1.40747,2.32884,1.19376,1.18449,1.90318,5.58268,9.41897,7.53897,3.57492,4.53798,6.62729
0.396227,0.0536144,1.09238,10.6092,22.8133,20.84,32.0243,17.7926,17.1027,14.0777,0.570339,3.28481,21.1988,21.9465,3.29595,3.27267,1.82279,3.56234,8.73484,11.4713,9.43853,7.39077
0.294056,0.0233215,1.13314,9.4572,31.038,32.3563,22.966,18.8708,10.3584,3.79538,2.5929,1.8935,3.31186,3.90481,0.96807,3.77063,1.80768,5.25455,4.64769,9.47629,3.37245,3.24653
0.247692,0.00500018,0.216947,5.67181,9.31019,6.61898,20.6399,5.01785,19.117,18.5055,5.67909,4.80715,17.5484,18.4381,6.36159,2.98062,4.24215,9.60729,1.7724,11.181,8.713,3.3826
0.276851,0.206868,0.257219,0.0335139,6.75325,0.169437,33.2259,31.0443,4.1454,13.9766,7.32353,1.05454,7.90036,8.82882,4.3737,3.50827,2.43358,6.15293,1.2324,0.502289,3.39787,1.38768
0.272317,0.188295,0.317258,6.39088,20.9891,33.2361,39.2007,24.779,8.42085,2.58365,4.88886,0.379483,14.2076,15.0346,0.681235,6.09423,5.01761,4.66962,0.379361,2.10205,1.53337,0.937302
0.238477,0.323678,0.357234,10.1134,18.9961,7.21601,1.29478,3.59736,12.8914,11.1806,3.6417,5.69818,13.1445,14.3363,0.202738,5.87331,8.013,8.68363,3.14666,12.4162,9.08425,5.73273
0.0888455,0.197737,0.560198,10.6126,36.3242,26.116,12.3257,10.3612,10.9127,4.9246,5.90899,5.36425,10.4381,11.7496,5.41127,4.72645,6.43251,3.37699,7.89741,11.1751,5.21589,4.4472
0.0884435,0.0509906,0.57326,7.33985,15.0189,12.5614,41.0717,23.2869,8.0895,12.2543,9.21173,1.03815,18.5026,19.4048,5.58917,2.14652,0.549333,3.76629,7.02525,7.59887,7.77035,6.96294
0.0671276,0.0507526,0.11669,3.08501,16.6449,10.4075,22.0537,31.4718,26.8387,20.9773,10.0857,2.33573,7.26121,8.69918,1.47573,0.608719,4.47976,6.52077,1.48045,0.865174,4.04673,8.03123
0.0142516,0.0409605,0.79256,2.26156,14.8501,19.5161,9.25789,7.72685,10.5809,9.26749,6.5744,6.68202,22.0234,23.617,5.05632,0.341478,5.90426,5.92776,4.57114,9.47673,0.453156,7.00618
0.000929266,0.150791,0.194811,7.84917,14.6731,8.60645,32.4744,29.2657,23.3037,10.0422,4.84339,4.62282,6.10368,6.58136,1.24173,1.3051,4.52137,3.32084,7.84292,9.76873,3.32096,7.94073
0.0980068,0.212015,0.0731527,10.8325,36.1272,19.6156,29.6207,36.8649,24.7069,11.9607,4.8863,1.43493,24.1468,24.4954,4.14343,2.71405,0.522048,0.80576,4.73625,11.1281,4.27331,4.25721
0.0679972,0.148161,0.441035,9.29464,19.5079,4.76346,27.8102,9.75972,6.26218,4.82166,5.20564,1.69228,4.33426,3.7977,2.45225,2.43953,3.55384,5.46202,3.1315,1.58216,4.14595,5.47487
0.418461,0.153008,0.836888,5.85631,22.8631,25.4227,10.9918,9.0103,18.9272,17.0008,6.05582,7.02525,23.9119,23.7928,7.93896,3.38921,6.14833,12.232,2.6914,1.23644,0.931423,0.326396
0.124701,0.137039,0.0820152,0.671091,6.95542,3.05653,19.7927,15.6615,8.0563,12.1886,5.12622,1.41163,3.43608,2.99494,2.32517,4.53382,4.747,10.931,1.09639,10.0234,3.83177,0.960255
0.20279,0.0301865,0.662688,4.50416,9.00999,13.7027,41.3276,26.6578,0.868769,3.94318,1.75153,3.03957,21.344,21.926,1.66258,6.5668,3.74811,0.700591,6.00302,10.7536,2.12999,2.55104
0.172437,0.104242,0.518417,9.76063,31.3571,21.0496,16.3035,18.6263,8.92195,13.7904,1.56174,0.0670804,1.76149,1.20012,2.99887,5.70756,9.97827,12.8746,11.4108,8.60855,0.46234,5.37045
0.109863,0.388906,0.138571,11.1448,22.7127,10.6864,5.97128,13.768,15.7145,10.1152,2.891,3.14491,17.6784,17.9969,5.72631,4.89254,11.3955,14.9662,9.38225,3.81181,1.1635,5.81754
0.0974211,0.357893,0.558729,8.54256,26.1433,33.6058,39.0798,28.4587,0.793465,5.47151,1.86041,1.43505,0.985965,0.609907,2.05954,4.50838,4.88247,3.64398,2.34124,7.01547,8.3448,6.94343
0.237307,0.243127,1.11887,2.72647,3.04968,9.587,32.5318,15.3827,23.0895,16.4833,0.945855,3.72922,12.8795,14.0692,0.814477,3.28355,3.68955,8.81949,10.8668,8.95633,5.0249,6.05384
0.293197,0.167834,0.154451,2.55328,3.38543,8.89205,19.3276,3.56964,12.3531,3.85569,5.3766,2.744,1.16549,1.90375,0.817994,1.14139,7.2411,12.7836,13.095,13.839,11.1753,7.82299
0.354366,0.324863,0.929032,7.18634,22.2741,23.4006,17.3328,0.132488,19.8203,16.9864,8.5321,1.50001,9.60232,10.2662,2.63864,0.417514,3.47313,4.17006,4.62795,4.34822,1.19939,1.86004
0.179022,0.272195,1.0237,10.1532,24.2422,24.7369,33.0187,15.0101,20.2641,20.1684,8.79579,3.2669,3.8373,5.03465,0.434395,1.70043,1.6514,5.46569,3.61241,1.73048,4.92086,3.79507
0.44054,0.119233,0.373664,10.6145,27.2857,30.9059,38.0266,32.56,9.21784,5.20871,9.00111,5.15873,5.39676,5.62262,2.50026,1.33955,5.12244,8.5545,7.03557,7.57438,4.1477,0.388422
0.0810504,0.277717,0.0361983,7.02112,16.2946,13.4029,10.6135,14.8364,19.7767,8.38115,8.00697,3.21869,7.56692,7.64278,3.96336,1.98034,4.35361,5.70648,6.48879,9.33264,3.55527,0.57556
0.0234154,0.0904101,0.508429,0.256282,2.5602,4.70836,23.0792,20.5581,5.11477,6.54734,8.27515,4.92705,2.66205,3.33747,1.29829,4.32881,1.37783,0.318663,5.21715,8.24524,3.66078,2.27458
0.410243,0.177385,0.158595,5.89201,12.5774,21.7687,39.356,29.608,7.11723,7.91325,10.1397,6.76206,10.9754,10.6069,0.622286,5.81642,5.66126,3.39566,2.61139,5.54571,5.98499,4.9031
0.115165,0.328946,1.10535,8.72974,23.7291,28.3201,29.8289,15.8988,10.0165,16.7539,10.4221,3.83464,1.94563,2.61598,4.33739,6.49617,8.71369,5.76401,1.62231,3.7125,1.20172,3.97854
0.0514433,0.296537,0.871221,10.3808,25.4703,14.9804,4.06042,9.84969,16.8447,16.3559,9.53487,0.1436,13.0917,13.1698,4.78921,4.06438,5.86628,6.29222,8.18357,6.4629,3.61249,7.78566
0.12425,0.134724,0.029399,9.04032,27.4942,13.0693,18.1651,10.577,0.452414,1.65408,4.84721,3.31057,0.226882,0.336168,2.97486,5.04466,3.01972,3.70494,10.3879,13.2752,3.50343,4.28583
0.0847316,0.143175,0.272602,3.94958,7.80466,13.0144,41.9673,39.2656,28.1303,14.0354,2.21423,5.5437,13.5831,13.4113,0.00219472,3.13996,4.1141,4.38664,6.1579,7.80402,3.20233,7.38535
0.0776147,0.184754,0.179801,2.36055,0.264902,3.39526,25.5233,31.9218,20.4228,7.79805,1.7762,1.35023,0.698376,1.12262,1.09804,0.836905,5.8403,10.077,3.18205,2.64422,0.463403,5.01068
0.124592,0.273268,0.0099826,7.47822,23.7413,21.7944,2.91898,12.4288,18.7563,11.3846,4.0474,1.41167,14.2833,14.1835,2.58919,0.252843,2.05703,5.4946,6.26363,5.56174,4.16564,2.29084
0.0648726,0.0251364,0.706993,9.63537,22.0356,2.43895,32.7209,31.1992,26.647,17.6863,3.043,1.22069,2.9297,2.63835,0.678999,0.0493674,3.94033,3.94905,6.40484,9.71414,2.91868,0.292692
0.0236174,0.028145,0.767838,9.36046,33.487,15.6544,29.3237,20.3174,0.95831,1.42289,0.603481,2.56503,14.883,14.8263,5.12414,1.74596,5.49153,10.0776,1.74534,8.82145,2.01191,0.273013
0.172106,0.121916,0.147461,7.13719,12.3342,8.13894,27.6513,9.76053,15.4025,13.7535,3.99802,0.178338,3.94655,3.31296,1.25077,3.62556,0.908077,5.52757,0.257158,6.27128,2.42452,2.19597
0.22989,0.144775,0.0769704,2.07838,11.6983,19.4384,9.39775,2.15227,7.90099,14.6519,5.10738,3.16397,11.7058,11.1101,0.742436,5.25586,3.65272,3.40937,1.19495,2.25441,4.81813,5.13554
0.121657,0.00407021,0.0401546,3.76718,18.8405,11.0626,23.4829,22.5181,3.0373,3.79184,5.93695,4.12155,5.59993,5.10518,4.41095,6.09831,7.73071,8.79923,1.19165,3.78364,2.13126,3.04289
0.220795,0.149335,0.136039,8.67506,15.2426,12.5681,46.9338,33.8843,4.0983,8.93133,6.0983,2.68734,8.76097,8.89451,4.43458,5.16526,6.62898,4.58218,5.14678,11.1269,8.30612,5.60827
0.285716,0.031612,0.85599,9.87134,35.8401,26.8517,10.9351,7.40574,15.7867,7.3012,7.48172,2.0907,5.96181,4.28977,2.27876,5.32609,2.8426,1.39421,6.99493,7.19585,3.52601,4.17696
0.287148,0.00360819,0.837505,8.74995,15.2253,1.3506,4.13456,15.2074,6.19441,6.7895,10.5189,5.91516,5.8015,5.77212,1.58364,4.67287,1.35081,6.05021,4.87636,3.78323,4.70649,3.81342
0.29469,0.201023,0.324262,5.62212,22.5114,38.2704,42.2743,13.6222,21.2099,22.3912,12.4257,5.85007,4.33089,3.82406,2.8527,3.41758,2.6287,5.28666,1.01105,3.67658,0.283801,3.12348
0.195464,0.127065,0.699565,1.25752,9.97863,5.92635,25.1751,13.2401,17.8199,16.3387,10.2758,3.54311,3.75265,3.55708,2.23804,2.26106,0.877385,0.359004,7.12549,9.41516,3.37698,1.62426
0.0290542,0.122835,0.0345093,5.64987,6.68566,10.9624,23.0121,20.9082,15.9301,2.20051,8.69144,3.55202,3.51679,2.68823,0.517023,1.39202,1.68001,3.59326,8.30957,8.35128,1.49275,0.249687
0.154709,0.335969,0.0838934,10.3151,33.6403,36.9846,21.2125,2.12992,23.2766,11.7008,6.39,3.52267,0.65562,1.72125,1.10306,0.226787,3.84577,3.74642,3.47969,6.59995,5.43022,2.92165
0.222908,0.194849,0.835118,10.3352,18.9979,13.5736,30.2106,31.135,1.6078,2.95628,5.58371,2.92431,0.113136,0.607807,0.974821,1.47907,2.70362,3.69378,0.404375,0.948359,0.096837,1.32325
0.14127,0.0514399,1.25598,7.94233,27.5259,39.0573,42.0533,28.9888,14.1204,11.5566,7.77202,2.95206,0.914476,2.01203,0.826737,2.65959,1.14337,3.25723,2.29486,3.70768,2.70799,5.00623
0.153521,0.0183958,0.326382,3.4772,1.39002,2.55784,3.74437,1.39961,6.03466,14.1225,6.75982,2.03623,2.49818,1.9616,1.69589,3.97926,2.30745,0.230567,3.78653,8.96563,2.87901,3.56775
0.00830257,0.0463864,0.59283,2.29973,0.000513911,1.67948,12.7031,12.9902,1.05117,3.94941,2.274,1.41798,1.99565,2.57788,3.3464,4.76828,5.79882,4.95428,5.62003,5.63272,2.03681,5.24079
0.0887692,0.438153,0.292328,8.45357,25.6169,37.6584,40.0616,19.9061,7.5781,9.84901,2.56088,1.05241,4.2363,3.0545,2.31772,4.73529,6.66123,6.56844,5.00684,3.80176,0.112465,3.69273
0.210748,0.42362,0.230637,11.0033,20.7337,16.8232,27.1746,30.0369,20.9368,13.2848,2.41866,0.161058,3.5311,4.19851,1.05881,3.82575,1.28083,1.01723,0.275949,2.70429,2.39176,2.83787
0.296643,0.0358656,0.731923,10.0111,30.9194,28.0629,15.0432,15.3583,11.6541,5.01131,3.20014,0.46861,6.27731,5.41143,1.82816,3.09193,3.98177,6.61674,6.67396,8.36932,5.99674,2.1877
0.0196794,0.0310351,0.671045,6.1172,14.1493,2.72795,24.8341,26.2194,22.4912,11.2957,2.61185,1.08238,6.41076,6.05591,3.02626,3.72567,0.838468,7.36136,9.33829,6.36596,0.647686,0.660838
0.137479,0.0269095,0.137543,0.448645,6.38255,4.40444,33.8072,36.4951,23.5243,9.53328,3.85885,3.87167,5.54866,5.75228,1.90324,0.473975,1.88529,2.9601,4.2103,6.47208,4.52283,1.05747
0.00841402,0.133446,0.851176,4.22959,13.2404,22.3176,30.6609,13.3768,6.75925,7.42313,6.82122,5.04151,7.97326,7.77263,1.38962,1.64879,5.7033,6.8467,2.51143,1.96032,4.5338,3.68294
0.0212705,0.248913,0.540554,8.37538,20.8682,13.1438,2.83895,5.60361,17.7879,16.4374,8.92644,1.98494,4.99168,4.71218,0.97167,0.434132,2.37632,6.50987,6.38347,2.8303,0.36854,1.86376
0.109625,0.24595,0.116781,10.3628,28.5462,9.66796,20.6359,9.6035,1.30323,10.4517,9.81417,1.54888,9.42668,9.33237,0.364843,1.12786,3.09449,4.2678,5.25085,7.20373,5.96857,3.20626
0.0660805,0.276462,0.26483,9.41382,25.0054,3.54379,35.4412,22.3504,7.48391,3.23549,6.4713,4.04417,3.40736,3.64222,0.518849,2.71872,2.53672,2.56621,2.0854,5.78565,3.94216,3.56216
0.11596,0.0874345,0.731025,3.55561,10.591,3.17325,30.5228,25.3179,6.35827,8.93444,5.81382,6.61934,10.4062,10.1845,3.53738,3.23037,5.23904,5.45464,0.311929,2.94395,2.42623,3.25143
0.0203966,0.014263,0.00696113,0.890456,0.412293,1.82875,0.938558,3.78461,10.5959,3.39049,7.22082,3.59151,1.315,1.21141,2.16602,3.96265,4.88792,3.94872,2.05455,1.22087,0.887726,1.87519
0.0395146,0.0637851,0.614125,5.4312,19.3294,8.57235,24.2993,25.9561,0.20296,12.2931,9.0135,0.857891,10.0731,10.258,0.827042,3.04727,2.00394,0.461009,2.33933,4.85345,1.25934,1.72252
0.00696167,0.0415412,0.748809,8.53381,21.0756,3.30528,37.4507,16.5388,20.262,19.6669,7.80128,2.57054,0.405778,0.599701,1.83041,3.50523,0.908092,3.41555,2.42824,4.94635,0.564407,1.50816
0.146785,0.138259,0.152129,10.093,31.0255,16.8669,17.2142,6.9965,13.8972,10.8421,5.64992,4.51815,8.94871,8.76035,3.6122,1.83663,3.17958,3.55463,3.51043,5.82644,2.59746,0.763966
0.0422593,0.39349,0.0366174,7.7218,14.8728,4.9215,2.20185,8.75049,16.7641,7.50033,2.55295,1.84076,0.279849,0.183524,1.78109,2.84424,1.37923,0.46449,1.24862,0.842309,0.390936,0.482191
0.143701,0.25199,0.437896,3.20445,13.1215,25.9958,33.7244,9.08473,20.5163,12.6968,1.61039,0.317263,6.35151,6.66406,0.643529,0.942776,0.305574,0.739874,1.72243,2.99095,0.128228,1.75733
0.0761677,0.0601881,0.277731,2.45367,13.6436,4.32914,32.5925,31.5514,3.08653,2.62357,0.767753,0.372634,0.172306,0.609764,0.107022,2.55325,6.97527,5.22806,2.98463,5.02721,0.0959718,2.85245
0.0224403,0.0318244,0.512398,7.31885,13.8955,7.05191,27.409,19.1935,9.20278,5.68761,0.333607,0.0973891,4.62381,5.48311,1.36702,0.876606,1.65912,3.31213,2.04055,5.76167,1.90607,1.27645
0.0817455,0.142494,1.17371,9.44539,33.7605,32.2211,15.6151,15.2055,8.15944,1.23438,0.551879,1.14205,1.88616,2.30132,0.595346,1.44524,0.203407,0.998038,1.49329,2.09314,2.51231,3.61895
0.373325,0.238632,0.214346,10.1578,17.5744,12.351,22.523,25.1171,14.6535,9.47009,4.00451,1.99274,3.49104,3.91727,2.40871,3.81206,5.57913,2.74347,0.746206,0.539814,0.900627,1.43865
0.0327356,0.33426,0.27444,7.44826,23.224,35.9458,38.893,21.8016,13.4273,15.6545,7.64301,1.51125,3.31559,3.94044,2.06265,1.21212,0.11614,0.687347,1.37703,4.65205,3.94415,2.69715
0.197334,0.00513877,0.451803,1.68911,3.96835,5.75889,11.4707,16.7636,12.0084,11.0113,6.84551,2.48067,1.03246,2.08233,0.575769,3.05425,3.56062,3.21186,1.83718,4.33669,0.718078,0.316236
0.15737,0.172686,0.194108,4.60082,2.95065,4.33573,0.490719,1.20872,0.07373,1.27031,5.33064,4.40426,6.3519,6.82247,0.538438,3.96326,3.83205,2.81739,1.70084,5.14313,3.61037,1.33574
0.177951,0.190864,0.693729,8.7024,28.8264,39.0405,39.2751,30.9808,22.853,9.91971,5.77597,3.80068,0.197897,0.316222,1.6418,2.84516,0.591458,3.30204,2.71627,1.50931,0.136976,0.490582
0.15339,0.137521,1.14225,9.61888,17.5811,13.3173,28.5096,31.0323,12.8836,0.95105,7.02037,1.84683,8.72043,8.56853,3.45994,2.21632,2.48559,5.62461,1.30318,0.588088,0.0604719,0.909993
0.0476674,0.45684,0.277674,9.45749,30.951,34.8489,22.2716,0.236662,21.1925,18.2089,8.5608,2.87539,0.870553,1.10234,0.713518,1.25851,2.55882,3.2388,1.88096,4.73496,3.41249,1.40179
0.258704,0.0345888,0.363619,5.32744,6.19338,9.20676,18.6984,21.5534,28.8233,22.6687,9.53039,5.65914,10.8715,10.739,2.20398,1.1736,2.07426,3.39331,4.58772,4.33218,1.84229,1.0832
0.147675,0.188362,0.0742825,1.30538,5.28544,0.927781,22.6078,16.4596,1.68818,6.50518,6.86249,2.48961,0.463683,1.02728,0.681989,1.24409,6.0816,7.75937,4.03345,2.23931,1.95117,1.51916
0.203913,0.614042,0.373788,6.69717,21.7091,33.6889,37.9883,17.061,12.1508,9.53699,3.59687,0.10166,11.2365,10.9589,1.87871,0.242542,3.604,4.9634,2.05099,0.789498,1.37076,1.40027
0.084078,0.21106,0.431616,8.2953,16.3865,6.48072,8.82336,11.8992,7.8674,10.6724,1.92652,1.53813,1.95464,1.05114,0.252519,0.309959,0.148777,0.00323787,1.36567,1.80272,0.041462,1.25327
0.0274352,0.0798252,1.02483,8.59042,29.8077,21.0305,8.08838,9.624,1.63759,0.383173,2.67124,3.65871,10.2919,10.7633,3.01529,1.81531,4.70826,5.28764,4.69346,3.43352,0.218474,1.79491
0.139308,0.0480301,0.308993,7.47163,15.2641,6.40731,35.9669,23.7753,9.278,14.3157,3.85544,1.20474,1.81962,0.858047,1.76468,3.55104,5.27145,4.14852,2.7391,4.79317,3.24748,0.246679
0.101886,0.0758449,0.248454,3.02178,12.9413,4.84322,23.4116,10.9658,23.2699,18.247,2.95548,1.0727,8.74956,9.55494,0.935857,2.3482,0.416639,1.20858,1.05679,0.556988,1.69934,1.05131
0.0693818,0.0445551,0.560073,1.86554,9.52668,14.52,9.57543,7.87529,17.341,6.6241,0.61899,0.166617,0.899501,1.18519,2.19946,2.25368,1.89512,3.18128,1.05993,0.520021,0.514804,1.06052
0.0422199,0.195722,0.173907,6.90296,15.3256,0.282388,19.2887,9.34068,7.71301,7.3789,2.3219,0.867069,7.36337,7.47932,2.79125,1.64217,0.587593,1.36977,1.56797,2.11245,0.211309,0.280597
0.0110017,0.199745,0.300476,9.21153,27.4463,8.79271,28.0938,15.0294,13.2034,12.3181,4.58247,1.6493,0.0657066,0.650101,0.944984,2.95079,4.55638,3.90894,1.43474,4.11456,1.25344,1.25092
0.0756796,0.111655,0.856817,8.55006,23.3897,4.84693,27.2113,26.9463,11.6793,0.755571,3.39603,2.55969,6.71695,7.34546,0.609379,3.80534,7.41199,5.96022,1.53177,3.07241,0.771077,1.64872
0.230133,0.10523,0.326809,5.23527,15.4716,9.95055,2.81323,12.6773,20.7228,9.98191,3.74455,1.76482,2.66185,2.84528,0.407568,0.297641,1.60088,1.77993,1.12844,2.1464,1.34546,0.858529
0.350998,0.163448,0.999229,1.52536,0.33789,5.67888,20.6398,15.9911,6.19631,7.02249,3.82429,1.54525,5.82134,5.86068,1.72965,0.344075,5.03313,6.09171,0.0590271,3.16529,3.29961,2.51642
0.123716,0.0599338,0.49629,4.14186,13.7524,0.823059,31.0943,26.8501,7.11427,4.80398,5.72003,2.90858,3.79664,4.50918,1.46024,1.08768,5.78688,6.13104,0.298427,2.16709,0.645208,0.955142
0.0375371,0.166744,0.15335,9.0583,21.9577,3.45512,21.6926,14.2809,10.921,15.3511,8.40832,2.6484,3.20278,3.40228,1.21221,0.263554,2.7988,1.93847,1.00795,2.20225,0.856387,0.185906
0.057389,0.370265,0.230624,9.92859,27.7194,20.6296,4.59634,2.51579,12.7585,13.8254,7.78042,1.86474,5.79233,6.43255,2.68939,0.517152,3.3442,3.68506,1.94817,2.59777,2.27876,1.42238
0.117197,0.168058,0.943734,7.32262,16.6526,16.2607,20.4037,8.39658,6.33323,5.03767,6.20645,2.76701,2.53247,2.21124,0.818433,2.45484,2.44979,1.84746,0.629043,0.838492,1.53722,0.21587
0.0227574,0.17954,0.663765,3.52567,11.8382,22.4562,35.3608,29.2381,15.6264,5.10738,4.54841,4.30842,7.93017,8.61798,0.8696,2.72362,3.87791,2.98453,0.67355,1.01878,2.06193,0.304769
0.0344805,0.199713,0.721552,0.487941,7.77435,4.04515,15.246,22.544,17.5708,5.72797,4.83314,3.51545,1.80055,1.99691,1.65604,2.63383,2.96674,1.72315,1.75633,3.01685,3.08347,2.03285
0.258113,0.138238,0.795485,6.09556,12.3587,4.11068,2.64722,6.05557,2.10215,2.12961,4.30424,0.027068,9.67333,10.1299,3.85417,1.17198,4.74477,6.30302,0.0776493,1.04067,0.875461,0.287816
0.135264,0.330532,0.362538,10.1358,29.8023,34.6714,33.7944,26.0684,11.3776,6.10278,3.60405,0.926009,0.141527,0.049091,1.42457,1.83656,3.95732,5.9387,1.12795,1.34152,1.97402,1.48771
0.198605,0.220481,0.545064,9.69364,17.7398,14.8473,25.2616,16.4552,2.76849,0.757988,2.32096,2.71575,10.6709,10.8829,2.06272,1.8921,2.91123,1.36103,2.3637,3.20876,1.64458,0.444982
0.077796,0.0258698,0.869014,6.33368,22.9182,28.721,20.9134,3.64616,9.45846,5.42967,0.433178,0.812992,0.00258562,0.818622,2.17049,3.62967,7.63356,7.13363,0.601346,1.64907,1.01356,1.14934
0.107705,0.115609,0.537354,0.709229,2.31766,13.2628,14.1039,1.24837,1.87049,3.07152,1.33625,2.42377,11.9096,11.9134,3.10695,0.807678,0.546554,0.100176,1.51579,2.35671,0.373804,0.96096
0.032996,0.0482406,0.832057,4.13906,3.79125,4.5829,24.4345,18.0722,4.79561,3.33885,1.80412,1.28157,0.374935,0.800089,0.734152,0.150704,3.84347,4.3246,1.85549,1.9733,0.588384,0.942993
0.0449455,0.0290315,1.08785,8.59081,29.828,38.9062,38.8888,25.289,0.589353,4.35646,2.21273,0.644446,10.4116,10.7288,2.13918,0.100452,2.52117,1.94175,0.871349,1.06557,0.215505,0.923166
0.198543,0.484906,0.483559,9.63256,18.0765,5.20174,3.5077,7.11872,1.03219,0.935699,3.2991,2.13125,1.23044,1.16724,0.594969,0.0283288,4.89439,6.77283,2.94038,0.900475,0.0411679,0.282602
0.136981,0.408065,0.263348,9.04012,29.4084,23.9126,9.16859,17.6681,0.742961,8.66463,5.76441,3.13058,9.04046,10.2673,1.33633,0.90725,5.46965,5.65325,1.98626,2.54948,1.32048,0.596747
0.0778633,0.109172,0.290537,3.5768,3.32676,17.7681,36.503,18.3213,8.94547,11.9673,6.54591,2.37955,2.71134,3.80976,0.862102,1.24793,4.37744,5.63634,0.386046,3.87676,1.14552,0.592971
0.176567,0.396404,0.581792,2.54875,4.94127,5.15961,15.2646,10.156,5.53541,5.09593,6.34569,2.22216,6.84552,8.30542,3.19366,3.42744,11.9796,12.9253,2.6563,2.02227,0.550828,0.246866
0.106411,0.126268,0.444347,6.80522,25.7981,28.7451,12.1868,9.06971,18.0747,10.5027,2.7513,3.08355,4.99083,6.0101,2.47246,2.08304,2.65367,1.6082,0.95977,1.33402,0.158062,0.146961
0.0252753,0.0499251,1.14819,8.24088,17.5041,5.00372,24.2305,3.32083,18.3659,8.78103,4.19701,3.63941,4.56046,4.2622,1.71398,2.29917,7.75323,10.7538,2.51842,0.30635,0.401101,0.326918
0.0962095,0.182566,0.184853,9.44174,32.788,20.1897,23.8743,28.6827,10.3005,5.83666,5.67818,1.70118,4.71011,5.72154,0.355434,0.524246,6.9301,8.01614,0.787261,2.87018,2.98361,2.00362
0.154987,0.346424,0.355059,6.54337,10.1314,9.10753,26.4136,26.0424,25.3398,17.99,7.44089,2.54289,1.32054,2.69682,2.36575,4.5585,9.61643,9.26739,4.93546,2.39295,0.309594,0.636199
0.118783,0.216788,0.435718,0.352268,9.22631,17.0778,12.8176,2.82489,10.2733,14.0208,7.29392,4.08232,7.78317,8.95194,3.93527,3.56817,9.11807,8.7871,3.63105,3.12071,1.99872,0.157104
0.146916,0.295003,0.305214,4.95837,20.6477,14.3993,18.9838,23.5709,8.15199,0.455441,4.96519,3.65522,0.208773,0.0550713,0.0697384,0.552243,1.52102,2.96782,0.0314729,0.979177,0.028955,0.196085
0.0330134,0.0356633,0.42673,7.87133,16.1281,9.14741,33.3954,18.1776,8.53429,6.89385,2.82321,0.0236728,9.2283,9.46563,1.75122,1.20666,10.3215,11.3339,3.54407,0.029659,0.845906,1.8167
0.068293,0.057943,1.12701,9.34222,33.6213,25.2224,6.94235,10.2082,6.01344,4.4476,2.46404,2.71823,3.61901,4.33535,1.12305,0.355296,0.893704,1.18152,0.122884,0.26152,0.280194,0.368072
0.0545125,0.323302,0.469184,8.26043,14.0364,2.81181,0.924724,2.06174,2.90806,7.7469,4.43209,3.22792,9.1428,9.26747,1.73979,0.49822,5.15721,7.51009,1.08734,2.28748,0.738042,0.20445
0.0706139,0.343219,0.175989,3.93061,14.2253,26.7761,32.4596,22.7774,16.813,13.4733,4.25615,0.362764,5.26452,6.04809,1.1613,1.64103,9.7747,10.246,1.58621,0.660289,0.334738,0.749278
0.00469114,0.00716969,0.0434039,2.27072,12.5791,6.04692,23.7509,30.7513,17.1815,7.71077,2.91849,0.908047,9.0317,9.82705,3.33189,2.27418,3.64226,3.10903,1.97279,1.13095,0.698385,0.3574
0.237278,0.195904,0.12899,6.8232,12.5727,1.13383,12.3607,3.48233,9.15749,8.13005,1.02642,1.63442,7.43338,7.96365,2.39471,3.00489,8.97778,8.85298,1.45934,0.547887,0.869539,0.241816
0.291172,0.253003,0.172225,9.90829,30.0324,32.317,24.1414,23.5219,22.4002,11.7051,1.21096,2.16224,8.83398,9.39249,0.602186,3.85676,4.41814,3.20116,0.477439,2.46904,1.39745,0.403731
0.2412,0.169975,1.20143,8.33422,17.1995,14.2213,24.7757,20.72,2.49002,1.40257,1.672,2.62005,10.1144,10.3138,0.120453,2.84042,4.99098,8.08469,4.4766,2.18237,1.23236,3.0115
0.264757,0.125469,0.518601,5.57889,18.637,26.2062,27.1707,7.48854,15.149,8.85216,1.58355,2.85218,7.38152,7.03676,2.65473,0.564729,6.67539,7.73035,2.37843,2.34052,1.60894,0.142193
0.000456333,0.152096,0.764328,1.00461,3.15397,6.78275,0.521232,3.73393,2.97386,4.03578,2.33686,0.190599,9.95831,11.0452,4.83498,3.115,7.2362,9.2632,3.30388,0.107304,1.76737,2.10151
0.0339386,0.217674,0.47773,5.47703,10.5548,10.0068,17.3703,6.88185,10.515,7.2754,3.51326,0.112755,6.17293,5.64826,0.527381,5.30753,17.5843,18.4975,5.24383,0.298418,0.564482,0.000910347
0.178014,0.45867,0.376965,10.4922,26.8063,31.2014,36.1768,24.3968,4.69659,12.0534,5.29116,3.34459,9.46023,10.1433,1.75462,2.54115,3.52809,2.3147,1.9245,4.02108,3.26175,0.962506
0.23767,0.290961,0.461391,9.7776,23.3581,18.6522,18.8041,17.6933,2.66681,4.96331,4.55912,2.18358,2.54068,2.66792,2.24438,0.2589,14.6701,18.4778,3.08258,2.98891,0.198611,0.657291
0.0470108,0.0883095,0.914386,6.42312,20.1218,13.3727,6.228,10.1406,0.912816,3.49862,4.03974,1.10876,9.68412,9.46783,2.38138,1.75016,13.9438,16.3119,2.14099,3.32649,1.98691,1.20823
0.140841,0.0293497,0.10212,1.74875,4.13173,8.16005,28.8261,21.2935,3.30345,4.88219,4.29034,2.39095,0.432772,0.459015,0.16585,0.210235,4.11495,4.82244,1.23878,0.826879,1.40904,0.545736
0.14961,0.0217417,0.859408,3.58587,8.06716,13.6745,25.94,14.2177,2.83763,2.31914,5.32732,3.09154,7.34219,8.40888,3.19778,1.19489,13.8944,16.6372,2.60963,2.10755,0.416219,0.19655
0.0522662,0.191023,0.703588,8.95801,23.5939,20,11.9132,10.1358,12.7044,13.2286,7.44146,2.12332,3.38885,3.78161,1.64267,0.836004,5.51988,7.1389,1.18527,5.01687,2.42352,0.445778
0.044995,0.280855,0.0131537,10.9535,28.2523,13.1678,11.7585,0.834712,18.5165,13.8174,6.75253,1.43148,5.42516,6.25618,1.35183,3.1168,8.99323,10.2409,5.78955,3.76395,1.29615,0.519698
0.083596,0.136831,0.297059,8.23599,23.2131,4.28922,29.4082,21.2761,2.68017,1.58586,5.37817,4.91748,7.40903,6.15374,1.19289,5.28768,14.7388,15.851,5.38228,2.35914,2.09109,1.34201
0.018109,0.0989576,0.448258,3.93256,12.7258,0.408557,26.3276,29.6168,19.5893,6.9562,4.76523,4.48682,4.38349,4.88279,2.20492,1.85895,3.17395,2.89383,0.540186,0.264358,1.22206,1.88701
0.0936193,0.158071,0.274181,2.13277,6.81489,8.68511,5.79152,2.90671,2.88048,0.659942,5.81628,1.04972,10.1117,10.5402,3.54073,0.551627,7.71376,9.81997,2.43678,1.44763,0.57123,1.6633
0.139064,0.0840232,0.667208,6.79316,16.4487,0.209416,25.0906,25.6949,15.7147,9.68936,6.38125,3.00993,0.183297,0.467553,2.01536,1.49051,8.72942,11.8404,5.34914,2.72696,0.348592,2.35088
0.108619,0.0652957,0.969067,9.02728,29.9974,12.5019,26.6961,21.3028,5.3888,7.74952,5.51677,4.00368,12.3806,13.6455,2.39896,2.8376,0.00219152,2.41711,3.37908,3.73338,0.462543,2.71635
0.156188,0.180335,0.137662,9.53761,23.18,4.7551,19.0848,3.86181,12.1723,2.99708,4.29757,0.571937,4.24827,3.58689,0.941773,4.47884,7.52221,4.98117,2.71616,4.32471,0.206327,1.47208
0.387969,0.0828871,0.0392563,6.88671,20.2684,20.7667,9.61538,3.73623,9.61106,7.97194,3.44185,0.235711,14.0091,13.9298,4.0943,2.54613,5.786,5.78644,0.767657,2.56437,0.6849,0.964386
0.190714,0.0125577,0.552626,0.318322,3.82468,2.27723,22.9853,15.087,1.17235,1.65171,2.71408,2.95948,4.31203,5.01043,2.24372,1.35306,0.558673,0.941028,0.684145,0.745438,2.06009,2.06217
0.0790949,0.293343,0.499201,5.98214,10.5844,9.8711,36.8125,26.0104,2.05633,9.14558,3.40442,3.28905,13.4748,14.4685,2.65624,1.07908,1.88931,0.960764,3.40899,3.3134,0.0116393,0.492578
0.0658524,0.27141,0.781962,8.72057,29.8068,21.7227,9.84528,12.1994,9.27053,13.3849,4.03194,0.430709,6.51282,7.55123,1.22715,1.25033,0.631864,2.69977,0.458748,4.39152,2.49152,0.131892
0.291909,0.0290197,0.99145,9.8036,21.3578,11.814,11.8896,18.1985,11.6463,5.26497,2.39291,1.48414,10.8746,10.8859,1.68527,0.438464,1.64381,4.26515,0.398529,2.74483,0.25174,1.61474
0.152983,0.325438,0.259088,8.19999,26.2268,35.7556,40.8091,24.1881,9.38937,13.039,1.50219,2.28794,7.88231,7.87996,1.42613,1.28581,3.48941,3.21454,1.33493,3.18997,0.426925,1.64267
0.0190003,0.325508,0.287641,3.34673,0.232972,1.19417,19.0046,4.47596,25.0889,16.5602,1.94222,2.27454,9.7681,9.45547,2.19608,1.36546,0.160399,4.60653,3.86439,0.900468,0.921396,2.3196
0.0684476,0.125513,0.164099,3.71724,3.43465,7.13829,9.14666,1.3708,1.04878,1.00181,1.20316,1.70001,6.67833,6.86217,2.08089,0.326158,8.42463,11.4768,1.886,3.9318,3.86991,3.14316
0.282576,0.230839,0.261941,8.73211,27.937,34.1041,27.0163,0.0452887,27.9521,16.9654,0.584618,2.93399,7.12443,7.15701,0.0299203,1.49914,5.16705,5.85531,2.50617,4.03919,1.02523,1.41857
0.148032,0.178014,0.994579,10.3164,19.9476,15.6425,28.5693,18.1746,15.3687,12.1265,2.48556,1.3644,5.95712,6.66271,0.441158,3.89711,4.61565,5.95535,6.07372,5.8538,4.9207,3.38817
0.0168501,0.103771,1.26038,8.87444,31.6729,37.9394,32.7083,27.5722,16.7091,8.10958,4.5336,0.536215,3.42341,2.9023,2.21571,5.86562,12.3091,11.1445,4.42366,1.88042,0.66267,1.74174
0.0304204,0.124403,0.222168,5.0217,5.13611,7.53976,11.9089,0.0515855,17.9323,18.8524,6.81222,2.72163,4.94907,5.3659,3.32591,4.5103,5.88191,3.48634,0.636536,2.71655,5.48005,3.57031
0.155218,0.166489,0.29491,0.853342,5.34419,4.33362,22.3869,26.8934,0.88587,10.7233,7.06851,2.23072,0.79911,1.15599,2.8259,3.66823,2.32072,5.34266,3.0514,3.20876,1.81732,1.49944
0.0413254,0.414486,0.517414,7.02496,25.3057,38.6259,39.5155,23.9677,12.9636,6.59591,4.58907,2.8029,4.21821,4.43582,1.3819,2.11358,6.50223,7.35398,3.20884,3.45209,0.302214,2.94524
0.0100819,0.330947,0.563852,10.194,20.5053,12.2729,10.0723,12.3211,17.964,14.0477,1.24724,2.61003,3.1478,3.33775,0.702942,1.65362,0.50527,1.39776,3.81679,6.62224,2.25616,1.52577
0.158444,0.297483,0.624831,9.96658,28.284,15.4937,10.0409,6.24737,6.57128,4.759,0.690441,1.99644,6.16795,6.67994,1.27816,0.647654,6.21413,7.18999,1.34053,5.21996,0.860273,1.34919
0.0394933,0.0567559,0.272721,6.68082,20.2278,3.6909,29.3016,28.0498,18.6505,13.0423,1.94758,1.85318,5.77603,6.21203,0.721104,0.446936,8.81868,11.2955,1.99302,2.20176,0.482466,0.0657484
0.118682,0.0149644,0.224004,1.031,2.49352,10.6223,29.7389,26.8821,22.9979,16.5373,2.01136,1.68115,4.65334,4.70292,0.437971,1.01364,5.23313,7.26338,3.79331,1.7596,0.387465,1.6726
0.0433055,0.170877,0.231402,4.99286,11.2416,7.68983,5.70463,4.93765,1.92569,1.54285,0.753495,2.05092,6.88879,6.78363,1.77462,0.128765,2.24187,3.92076,1.67495,5.76452,1.72171,1.64288
0.0888059,0.168048,0.225978,9.46917,27.3012,12.2692,18.0397,21.2484,21.2,16.0944,2.90087,0.420439,2.9538,3.35641,0.359684,2.53205,14.0621,18.1046,2.26156,5.7628,0.396092,3.4806
0.0508022,0.236787,0.429754,10.249,28.0592,4.88054,33.2176,29.473,19.7935,14.6927,2.52394,0.94951,7.2878,7.52889,1.99938,2.61909,13.0298,14.3763,0.339709,6.58367,1.1172,2.92491
0.265704,0.0689806,0.669568,8.14539,24.3883,9.25613,20.7739,16.211,0.151336,2.1654,0.207325,1.92805,2.18771,0.699111,0.529756,0.303644,5.33257,6.55933,2.85557,1.52492,1.8085,4.38828
0.078575,0.0884319,0.321617,3.45009,6.69496,1.27616,2.81255,10.1459,21.1386,15.4176,2.5647,0.675021,1.64692,3.45466,2.73419,1.44346,16.5534,20.1321,4.54523,0.169261,0.890329,4.65548
0.071675,0.0586185,0.119894,2.81923,6.60461,2.96998,2.12038,6.62789,14.5111,10.7687,0.859498,1.40333,6.39651,7.99277,2.2902,1.55537,9.41386,11.8892,3.37783,0.788993,3.12177,4.22377
0.132213,0.179796,0.404367,8.57901,23.3204,16.6592,2.13002,1.1973,6.11896,6.29392,2.49196,0.247925,4.77008,5.28513,0.776216,1.28221,7.78407,7.84531,1.26851,1.29572,1.31672,3.83826
0.192553,0.266202,0.628785,11.6466,29.7869,18.0436,0.219848,4.96303,17.6215,14.4786,2.6741,1.73826,7.63148,8.16524,2.13198,1.25861,9.51137,11.9236,2.38662,1.1185,2.79529,4.25519
0.180646,0.214047,0.653353,11.0421,30.243,19.3166,1.67959,0.662788,5.90129,5.52724,1.52665,1.41597,7.54734,8.56454,2.57182,0.274346,2.01404,4.03107,1.60588,0.434017,0.36495,1.80641
0.0484675,0.148252,0.339873,6.33718,17.0689,9.16318,3.80953,7.55709,13.7111,10.5822,1.20118,1.04181,4.03427,4.80987,1.36568,1.13993,3.45199,2.64533,0.424233,0.141376,1.21465,1.71971
0.00678725,0.0395031,0.0579397,0.53379,0.551073,0.557217,1.45164,6.07528,15.5783,13.4392,2.42946,2.03596,10.1575,9.93849,1.52745,0.884748,0.0309727,0.225505,0.105056,0.299328,0.801711,0.474913
0.112148,0.120993,0.407186,7.44623,19.9594,12.5856,0.866957,2.66324,3.17794,2.06823,0.0370299,0.026417,0.974215,0.716566,0.211269,0.18935,3.20724,4.57091,2.23579,0.842794,0.667561,0.891924
0.260944,0.184375,0.498337,11.9663,31.5744,18.1111,2.88042,7.22506,15.9473,12.8681,0.0281602,0.163759,9.11331,10.8372,4.18852,0.263487,2.3698,1.33389,0.116913,0.802494,1.54471,3.29825
0.419377,0.0521649,0.828756,12.0025,32.7605,19.9389,2.34127,5.23534,9.91,8.62306,0.516831,1.30165,1.95559,1.36282,0.802425,0.526293,5.86263,9.57103,3.10091,0.9083,2.04882,4.83991
0.683717,0.302065,0.88823,8.83809,24.1314,16.473,0.591327,1.69712,10.6446,10.2484,2.10461,1.59311,10.5582,10.9569,3.01739,2.18862,14.8768,17.7772,4.77271,0.173687,4.18489,5.56351
0.146449,0.00852119,0.294174,3.15579,8.03286,7.0628,3.98686,7.1027,16.9639,13.8674,2.70531,0.100439,3.83906,5.31055,2.06861,0.136964,3.39775,2.59129,1.28955,1.82732,1.74541,4.98551
0.0590675,0.07208,0.208358,3.77408,10.7586,6.21042,2.95031,3.96416,4.13048,3.33584,0.669617,2.04812,7.76296,7.06145,1.67338,1.29314,14.2534,19.4442,6.15161,0.560612,3.38289,6.64932
0.151936,0.187371,0.502099,9.65386,26.8735,19.0122,0.0376445,0.90171,12.0524,10.5853,0.995223,3.55067,8.39184,7.11623,2.21245,2.56011,21.3978,26.3956,6.84264,2.13269,4.53576,5.90854
0.0608197,0.375854,0.673261,11.8368,30.7547,18.8835,1.22378,1.51165,13.7869,12.214,2.36566,0.0540443,4.9877,6.64576,1.46273,0.0511723,3.85589,5.64399,1.59361,0.143029,1.90719,5.19107
0.0317265,0.344517,0.470605,10.7184,28.2438,18.4662,3.14141,2.65298,0.0262082,2.10449,2.17144,0.424238,8.3914,10.434,3.47624,2.26244,17.0983,21.4207,6.6864,0.80526,3.67119,4.68531
0.0941479,0.101799,0.331262,5.20911,12.5512,7.56675,4.51239,0.218752,14.5586,12.2927,0.900991,1.73807,1.96676,1.76884,0.489238,1.94611,19.3735,24.9479,8.40567,0.357054,1.82433,2.8367
0.269376,0.0718133,0.183447,1.35287,2.56211,2.68072,6.27684,2.80294,14.7852,11.738,1.47153,1.81877,10.3865,10.8204,2.25231,1.72312,0.788332,2.66551,0.295139,0.351001,2.51566,2.12947
0.280709,0.0880749,0.403708,7.10628,19.0625,10.919,0.859191,0.994663,3.84865,4.21325,0.419354,0.803707,0.454549,0.536581,0.213221,2.6206,11.2068,11.5577,2.03131,0.56384,0.119198,0.599725
0.0648596,0.21988,0.484432,10.8122,27.7285,18.4609,3.15179,5.44866,17.5009,13.5671,1.9441,2.89016,11.3014,11.877,3.39247,0.719243,9.42974,13.3907,4.12555,1.12885,0.164831,0.0185149
0.194914,0.203026,0.612387,11.4867,32.7869,27.3395,10.0415,0.0827311,11.1077,10.152,1.35599,2.77003,5.966,5.18934,1.13397,0.301191,4.21393,9.42356,4.91827,0.620228,0.464122,2.43838
0.324422,0.110801,0.530605,8.71364,22.5096,13.6562,0.787915,3.86603,9.43988,7.86518,1.08071,0.788969,9.87739,11.6914,3.0904,0.190337,1.43379,3.23165,0.992787,0.37289,3.51062,4.54932
0.114216,0.0604057,0.131127,2.55941,6.67498,1.00986,7.38698,0.308481,16.2178,14.0527,2.55547,1.18068,7.47295,9.28615,2.3089,1.74568,4.44104,4.19803,0.0701764,1.65857,1.63148,3.94621
0.210289,0.0215969,0.166806,5.73221,17.1279,15.5823,5.48503,0.403435,5.09466,4.2927,1.52135,0.10902,5.92149,6.15662,0.520291,0.0726748,1.99604,3.73904,3.04084,1.23671,4.22287,7.71772
0.243879,0.259101,0.710937,11.0937,28.0284,13.9759,3.91092,2.50008,12.1402,8.37407,1.41455,0.0734911,7.76917,9.83153,2.6723,0.316575,3.66589,5.46168,2.15865,0.101086,3.71855,6.25064
0.270306,0.245325,0.85685,12.4789,32.294,18.0608,1.5987,4.91554,18.3618,16.3421,2.50605,3.50144,5.52315,4.16968,0.0327673,0.230199,7.00087,9.6832,3.09979,0.881301,4.77058,7.22351
0.0814698,0.166442,0.411849,9.98891,24.5961,15.1511,0.10764,1.50128,2.03476,2.78293,1.28119,3.51059,11.6415,10.3357,1.47734,0.48533,2.65738,3.758,0.837865,0.305964,2.65172,6.20083
0.151489,0.164859,0.138867,4.95872,16.2823,16.9181,5.51176,6.70651,17.4577,13.4303,2.01978,0.638306,0.596832,0.661963,0.379294,0.454144,1.28959,0.903039,0.131635,1.31294,4.49587,5.91708
0.0916043,0.0389049,0.0910093,1.0654,1.73961,0.506816,1.78711,2.85015,15.5791,13.4986,2.01389,3.54301,12.3217,11.3273,2.28506,0.573878,2.1801,4.37387,1.86411,0.0315745,1.83931,3.59117
0.0494132,0.235315,0.175019,7.77987,21.4366,20.127,10.2226,2.33567,4.21083,3.80408,2.50826,5.07915,4.74907,0.893674,1.09424,1.40935,8.05629,11.3016,3.83986,1.02538,2.21254,4.0919
0.129437,0.256752,0.537914,12.1489,35.8492,29.9723,10.1719,2.95479,22.3443,22.0289,1.91437,4.58189,6.94948,11.4105,2.76077,0.453971,5.27128,5.67112,1.3221,0.464507,0.918202,0.666735
0.0480595,0.404407,0.728803,11.7414,30.8529,14.0612,9.53804,9.02548,7.9304,4.82997,3.45045,5.61206,1.3776,5.13701,1.59127,0.702902,3.91119,7.46002,3.04432,0.436395,0.797693,1.17022
0.0712479,0.26779,0.274083,7.43045,17.1382,4.04179,9.41195,1.68131,15.5752,10.9198,2.51368,7.05052,13.3725,10.9908,2.57838,0.240154,9.5467,13.1005,3.63309,1.23754,2.45122,1.62978
0.0719474,0.0375495,0.0781348,0.439314,1.99129,2.56191,2.30268,11.3362,26.2732,21.8834,2.42189,5.6994,10.1556,9.29304,2.48148,1.30838,8.65922,11.345,3.16389,1.07118,1.89466,4.58625
0.123001,0.235543,0.181256,4.86757,9.29383,4.49517,11.153,1.40229,0.660628,0.440495,0.582337,0.675073,6.68999,7.16758,1.52761,0.0332798,2.69634,7.42139,5.59021,0.979284,2.87969,5.76995
0.292717,0.121599,0.439538,8.31355,19.9447,8.69287,5.01924,6.09158,26.738,22.484,2.61444,5.26428,11.3224,11.6486,4.05791,2.13634,0.0965009,2.80318,0.108322,1.57303,4.46682,4.94393
0.285131,0.0502023,0.514494,11.113,28.8099,23.6766,4.93048,2.16809,16.9775,15.0759,4.52101,5.09264,0.605056,1.74956,0.992444,0.59735,6.64669,8.25601,3.51512,1.10599,2.80011,7.56235
0.254291,0.0843311,0.714027,11.2715,35.7608,37.46,20.1291,4.10749,7.07194,3.75614,1.83942,5.47514,4.65303,9.6373,2.08438,0.432009,0.0331514,1.67925,0.301988,0.424283,4.20237,7.51421
0.172867,0.0304347,0.478109,6.02725,14.2594,4.71513,0.118917,4.26476,29.562,28.6957,1.82116,9.44956,5.66909,0.0454477,1.2951,0.125106,9.08445,14.2164,5.66577,0.282992,2.69951,4.94503
0.0298364,0.00989177,0.0802423,2.31355,8.57794,15.7913,14.8135,10.0915,11.2528,6.51736,2.31308,8.03802,12.5237,8.39321,1.05584,3.15984,14.613,15.1367,3.25537,0.493272,5.07723,6.35695
0.154153,0.161576,0.575578,8.49276,27.0214,22.1894,4.36315,4.65391,13.751,10.2768,1.81357,3.35356,3.36932,0.815421,0.197848,0.968058,3.60511,4.95314,2.32408,0.577679,0.727004,4.0229
0.107248,0.226009,0.728711,10.5635,24.5308,3.80675,13.07,11.4407,25.8058,23.4473,4.07391,2.00798,10.6864,11.2631,3.73702,3.04334,11.512,13.2915,3.7895,1.86839,3.08013,1.68508
0.0430559,0.229352,0.47658,9.23251,20.6353,6.84266,2.34943,3.79078,1.47814,0.89869,0.644122,3.93173,6.35109,4.08555,0.494264,1.95542,15.8381,22.7942,9.07359,0.490892,1.63293,0.203561
0.114166,0.00681537,0.446757,5.89216,16.0678,16.5993,7.52151,8.01906,25.6768,22.7963,1.21729,4.16634,6.10521,11.0913,4.33151,0.14358,8.90061,12.4867,2.37717,1.87269,0.0742551,0.311671
0.0882161,0.0820782,0.258453,1.84364,11.3845,21.7207,13.358,5.43096,17.5317,14.372,2.90676,3.22959,3.90074,8.40729,2.53653,0.176208,0.10425,0.376546,0.307074,0.950145,3.12653,6.07337
0.129466,0.0563198,0.278082,3.47477,9.2866,6.89665,1.39112,1.69774,5.77769,4.86269,1.11214,4.52371,9.34433,8.3826,3.16721,0.236144,8.44157,12.4501,3.25692,0.528171,2.3397,3.54331
0.00963005,0.289644,0.330579,10.0232,30.0711,33.4314,18.0282,12.0212,27.6145,25.5164,5.27109,1.87167,9.02777,11.838,4.77952,0.0539111,12.3034,19.9731,8.25433,0.916235,5.20048,8.19664
0.128503,0.330326,0.896939,11.5655,35.3403,30.908,11.5977,7.4716,8.42524,4.26033,0.84959,3.39665,4.13231,1.44998,0.420305,2.93896,13.6714,14.9588,2.55542,1.67726,3.30657,7.14076
0.179277,0.131761,0.65559,8.54261,19.7103,0.458618,17.3596,12.8487,13.0293,8.31996,1.85764,7.96455,12.5484,9.68779,2.43605,0.294042,2.64593,4.12903,1.87318,0.893743,4.91031,6.01047
0.0731023,0.0414005,0.140523,2.89546,2.23081,11.9468,14.6151,9.37662,22.1924,20.4901,6.68042,7.20817,5.09681,0.50575,0.411853,4.36934,11.1884,9.81487,1.78668,0.0487335,3.93969,6.73992
0.0739309,0.159396,0.161572,2.27037,6.07522,0.410244,9.53532,6.18691,0.299784,1.34713,3.01974,5.27304,4.47921,8.006,0.397642,0.239592,10.3909,15.6413,7.19947,0.628116,1.81059,3.79365
0.0678658,0.163871,0.487027,5.7645,8.62038,11.2373,14.7255,4.71959,18.1413,18.6513,2.04022,3.11346,0.0101286,2.09741,0.332869,2.04068,2.94594,8.17363,3.25482,0.82061,3.62079,2.40149
0.418912,0.159939,0.563274,9.30216,22.7556,12.4025,0.0508633,3.84739,11.5922,7.34685,1.3906,0.163084,7.33189,7.91814,1.32504,0.0961855,0.452803,3.12079,2.00314,1.51405,1.80067,0.0863649
0.0696688,0.144506,0.716032,10.9535,34.8921,37.0395,13.851,1.84722,2.46509,2.91517,4.79664,4.57283,0.809392,2.84074,1.10108,2.08069,3.43065,5.90991,3.97558,1.65681,2.0022,2.57359
0.0494784,0.136978,0.803544,8.5839,27.6235,29.2763,15.3167,10.7298,22.2963,21.5762,9.46093,11.8046,14.8928,10.0761,2.94706,0.477601,7.8396,10.5835,2.56844,2.1016,2.79976,3.22634
0.121822,0.205766,0.0525895,1.96314,0.205215,11.0296,11.5168,1.53463,6.16971,1.44409,6.80488,15.3509,15.0308,7.58506,0.935523,1.44678,7.9168,14.3946,6.05729,1.73235,0.790589,2.40211
0.13751,0.0564274,0.493856,5.99608,22.4509,31.4814,23.7434,12.5568,10.3045,7.48395,4.79156,12.5549,0.328893,10.4791,4.78072,1.43667,5.69606,6.20387,2.37505,0.85727,5.9075,6.47012
0.0567145,0.284221,0.621512,9.57958,25.8991,13.9944,7.60027,2.71523,12.0702,9.01003,4.84223,8.90841,3.41905,13.0633,4.18009,1.45382,6.59157,13.5464,6.85228,0.422677,1.77168,7.79484
0.520084,0.0724491,0.781551,8.50313,15.2787,10.4913,25.7771,7.28898,7.88832,9.00704,1.36698,4.96429,4.89555,0.950934,0.867745,2.48904,16.9428,21.6871,5.88973,0.816647,7.40562,7.09392
0.605565,0.153851,0.399865,7.52009,16.0598,4.04437,0.690837,2.82889,11.4792,14.5635,3.92023,0.967446,9.47067,12.0161,4.07451,2.58608,15.3945,20.8672,7.89895,1.10461,1.76728,5.82342
0.124977,0.0936504,0.324022,5.24155,19.8239,28.6976,19.4744,0.472116,9.63128,4.74789,3.43591,7.34888,3.84349,2.49349,2.27106,0.802327,3.6887,10.272,6.52126,1.60891,4.61746,7.37947
0.410333,0.148946,0.123232,0.547852,6.7198,20.8644,15.5102,1.04919,6.776,7.23407,7.94798,13.9697,16.0381,7.71208,1.02219,5.01122,3.56427,1.25767,1.778,1.18644,1.98798,3.77667
0.0616694,0.150316,0.49619,6.73622,23.1539,24.2278,6.99632,9.01453,18.1261,13.0301,7.22969,12.727,10.0841,3.35492,1.14838,2.06175,4.65666,2.30631,0.105876,1.19614,3.78935,4.45302
0.00222598,0.0181052,0.876453,11.1763,38.1247,44.4133,25.4365,1.03202,21.8448,17.23,1.80087,9.04689,0.477106,5.54601,0.0341009,2.57126,5.91805,12.2827,3.93002,0.422399,2.105,0.205315
0.0737792,0.26763,0.532746,9.83173,25.8707,18.2019,7.77013,4.95533,4.38775,4.4865,3.11573,5.52789,0.316323,1.59257,1.81994,3.23732,25.0974,33.455,12.7318,0.637155,0.585273,0.352766
0.0353785,0.293797,0.0818075,4.79878,4.5503,16.7776,26.4791,5.92011,12.9275,9.65263,1.27057,3.05929,8.79124,8.37144,2.73991,3.41834,17.565,20.3212,5.10058,1.6708,0.335036,3.85072
0.104011,0.222317,0.0895263,0.376622,3.25731,12.4187,13.6153,4.35538,28.116,23.3507,4.79874,1.45848,2.31138,3.81243,0.246634,2.144,6.50066,6.83314,2.6968,0.749746,4.28119,3.00347
0.068102,0.0358679,0.274847,3.05623,2.92512,12.4004,19.3159,12.5115,9.46308,3.08889,4.21168,7.96986,10.5213,8.73805,2.81794,5.20582,20.3279,21.9955,4.21567,1.58309,2.08322,7.09088
0.0164021,0.0819223,0.864787,7.35476,11.4531,11.2015,16.7963,3.77916,10.9337,5.47776,2.6481,9.59406,13.6719,11.028,5.26767,1.58576,15.9235,28.2562,12.9975,0.263809,4.53795,8.13055
0.320036,0.502908,0.536462,11.6406,32.7426,27.0715,7.6966,7.82527,21.6576,19.1169,6.98223,6.01766,1.20677,3.97502,0.416333,3.1028,9.54813,16.5153,4.77038,0.440651,3.18964,4.3544
0.360016,0.624878,0.0825275,10.8264,36.7281,44.0629,18.9429,0.838806,1.53791,2.47488,0.551601,0.318393,8.80689,13.5899,6.51126,1.44661,2.24722,4.74102,1.87342,1.11128,5.52365,9.41611
0.0946447,0.0878309,0.0552118,4.35852,12.8096,13.984,10.8304,4.43125,8.58919,10.6333,4.49791,3.48368,2.43388,2.22437,3.44922,1.54178,13.5359,18.7125,3.2706,2.82272,0.987347,3.80787
0.287351,0.121979,0.444953,3.12746,17.2178,30.5558,19.0798,1.34979,1.94135,2.50704,5.08668,7.88405,2.94175,8.53669,1.21645,1.01089,14.9726,20.9407,7.91825,0.545934,3.65571,2.7952
0.192796,0.168403,0.541087,7.63848,25.7348,32.7399,25.3403,10.1896,1.64325,1.0576,6.04475,12.9318,6.09216,4.3264,3.65162,3.37915,6.53977,6.3857,1.92155,1.57686,0.693106,3.05852
0.257551,0.0929756,0.683945,8.12399,16.2926,2.95169,15.6623,9.93892,17.8597,18.0502,9.69321,14.821,14.4274,3.59926,2.06932,1.01826,9.24912,11.3459,4.44751,0.921489,2.55763,2.45029
0.257207,0.106278,0.460866,8.72913,14.1323,13.954,29.9397,12.9577,0.375668,4.74938,6.60304,11.8604,10.3973,1.30372,1.54258,3.13279,13.5429,13.7389,1.40532,1.01124,2.57817,3.9236
0.000164621,0.304611,0.470266,8.26444,22.8316,18.6116,10.9345,12.512,9.24979,2.35474,3.43316,4.01323,4.00908,6.11557,0.535408,0.0649539,7.07301,14.482,7.45691,0.342128,0.45531,2.43814
0.0672761,0.169179,0.207432,3.52589,20.0799,38.8117,28.5436,7.78506,11.0183,11.1817,0.986273,3.70759,5.51537,1.59757,1.11234,1.34527,2.61407,7.12745,3.60491,1.3567,4.25182,3.28771
0.0712278,0.0388115,0.76865,3.95438,8.88074,3.11344,6.49548,3.67966,0.0766518,3.53111,5.59339,9.46944,1.3554,10.9383,6.77212,3.51335,0.623168,5.54366,3.53761,0.345886,3.48769,8.72303
0.0415163,0.120614,0.786588,10.7627,37.8933,43.9378,15.9713,1.19981,12.1681,14.2745,9.69864,15.1787,3.07445,6.76964,1.91014,0.415095,8.81959,13.5646,3.7235,0.102876,2.52345,3.77755
0.0911399,0.148579,0.741673,10.9557,36.3803,43.1775,24.0399,9.51029,10.2141,5.18892,9.45963,20.1317,16.9631,8.7372,3.93447,3.44799,11.3264,12.4882,3.56413,0.929399,5.29609,7.81942
0.229284,0.114417,0.134303,7.37515,12.2645,2.39317,4.44778,6.1348,8.96384,8.56075,9.69313,18.3273,20.8539,14.0816,6.11557,2.87671,1.74968,0.560742,1.68994,1.51251,1.83858,7.18211
0.123278,0.130146,0.104737,2.9484,1.15907,24.9932,32.2077,18.4513,22.3393,19.653,9.70313,12.348,5.8703,1.03093,0.123435,2.94925,11.0612,13.3179,5.89572,1.51478,3.99327,3.45421
0.363832,0.272267,0.182353,0.659757,0.452342,3.35022,4.81737,8.46719,17.1984,11.1359,3.32298,6.8515,3.88016,10.6067,4.09084,3.48446,9.88767,8.62993,1.03602,1.71267,0.0155215,2.83433
0.545107,0.126006,0.00885375,4.77418,1.2788,26.2809,37.2725,15.4975,1.60073,3.67655,0.957412,0.768376,2.59075,4.82007,2.05689,1.5709,0.150543,0.521795,0.422071,1.26407,3.15397,2.55306
0.226726,0.414912,0.616428,9.08518,21.4005,1.37524,9.85293,1.32436,11.3054,12.048,1.93566,6.45638,1.34526,3.30656,0.819471,3.80025,11.7886,10.77,1.7354,0.322763,2.40624,1.19524
0.430301,0.176831,0.176587,12.2758,39.4828,45.1854,27.2635,3.84394,18.1247,16.7557,7.74914,10.8638,6.59518,0.00474814,1.04363,0.464028,13.1685,20.3393,8.92295,0.643212,0.89337,1.40562
0.211365,0.417414,0.00886813,7.61528,27.6393,38.6412,19.4553,3.26948,2.54162,9.03227,7.08205,13.5445,14.6886,5.11404,0.0400049,1.09505,5.21192,8.54968,1.72421,0.749896,4.7355,2.27875
0.0580936,0.0983246,0.28565,0.257426,4.12055,9.00574,4.24959,5.67089,10.3451,5.74122,3.45205,10.6482,8.91918,0.241349,2.95009,0.819657,5.06507,9.39239,5.42208,2.29061,0.483657,5.3395
0.16238,0.137138,0.0164062,5.82416,24.7254,41.5313,27.2745,0.635996,8.56244,7.78605,4.95432,3.27806,4.19756,8.611,4.33362,1.65455,11.4989,17.4651,3.86599,2.51255,4.91988,6.52069
0.175054,0.309612,0.153456,7.05543,18.4506,19.7881,17.2092,15.0368,16.7642,13.5506,2.56476,2.66345,6.20268,4.30405,0.468886,3.17195,17.5625,24.4078,9.32124,0.339252,2.75898,3.62398
0.057237,0.291392,0.18876,7.99855,9.86392,18.2171,28.7979,5.58924,11.6771,10.1784,4.01094,4.57594,2.97473,9.45476,3.75665,2.89801,11.7235,14.4495,6.4749,1.14346,2.27067,8.3757
0.213952,0.157786,0.595667,9.66452,20.153,6.4533,27.9843,15.7599,10.4176,7.91591,5.72259,8.95916,1.32367,10.7155,4.47765,2.94636,8.02026,9.59781,5.80965,1.72681,2.76565,3.06774
0.0152687,0.0920416,0.907462,7.32533,27.5633,33.8426,24.6088,5.46989,16.7737,13.9654,3.28115,12.7048,11.3481,3.98057,0.41966,4.4802,16.3839,15.9729,2.38914,0.267923,4.16563,3.18353
0.108093,0.235024,0.176077,0.398685,10.3631,33.0707,32.5482,4.76974,13.9845,12.8445,6.45751,10.6244,14.6757,10.9618,3.36775,1.45761,8.16155,16.1857,6.71004,0.980729,1.15455,0.915501
0.255633,0.290638,0.397893,6.93025,22.2371,19.2061,11.5629,5.97868,13.7359,16.9342,4.85507,2.16316,0.943589,1.46579,1.00599,2.97523,4.35958,12.7572,6.91934,0.206454,2.06835,2.57741
0.0607019,0.14278,0.229884,10.2721,37.51,50.7398,28.0829,5.66329,19.1318,10.1255,1.9565,6.67357,11.3241,6.52684,0.562869,2.27725,2.04012,0.744239,2.77311,0.60726,1.41333,2.2055
0.165452,0.0816401,0.380524,7.79897,22.5145,23.8915,11.6621,0.549006,5.24423,6.60296,3.26942,13.4365,8.243,2.15376,0.502916,1.53052,6.02476,9.80831,1.93305,1.12319,5.62131,4.2894
0.178491,0.0607945,0.506381,4.51213,2.01695,19.8568,18.4822,9.03822,23.6067,16.9214,5.52977,17.7627,4.56962,2.97658,1.8943,3.69473,12.6113,15.3762,4.72605,0.759877,1.06213,3.5008
0.0960838,0.0217428,0.646981,3.13863,2.23614,20.5718,31.2922,6.09103,21.4741,19.434,13.0919,20.4468,12.426,3.00651,3.43228,4.76035,9.7625,10.4725,4.5675,1.36132,4.49394,7.04145
0.103146,0.0663007,0.619071,0.34562,7.93266,17.8335,9.67378,2.9245,5.19551,3.88443,8.08735,18.8459,18.8157,9.55652,2.55266,2.49048,8.43166,9.96739,4.43167,1.67728,1.26939,2.83339
0.232131,0.174412,0.438914,6.58753,7.50093,24.9072,42.7314,11.7814,16.7536,11.6167,5.23633,13.7008,10.427,1.81134,1.59371,5.1816,15.4002,15.8812,4.3103,1.89558,4.39129,6.40428
0.046824,0.620304,0.654173,12.3469,35.8925,25.0311,1.76684,9.06323,29.0574,25.377,8.35349,4.12353,4.31385,10.9826,4.33025,0.592445,3.28358,4.67919,0.254919,1.1966,1.84854,1.15222
0.0459862,0.130399,0.663368,11.2452,38.2926,50.303,36.6167,14.8279,0.202789,5.40861,1.20445,5.27133,8.98103,9.09121,3.64434,4.29016,9.01297,3.69627,2.52939,0.475131,2.92278,0.706761
0.0426333,0.305777,0.548718,3.65252,13.7504,20.6897,10.0072,9.90478,17.7346,9.30628,5.33431,10.673,2.22816,5.84017,2.01061,0.969091,1.21486,4.52417,2.26223,0.525195,1.12732,1.31233
0.0159397,0.0995641,0.0813087,2.04888,13.8187,28.832,22.1536,10.004,16.2365,13.8685,5.38776,16.8261,4.10027,8.63837,2.90221,3.27187,1.7499,2.23993,1.5939,0.77791,1.5889,2.9491
0.128313,0.0762869,0.228058,4.23918,18.4325,35.1689,23.0585,1.26152,0.832833,2.88496,8.0125,19.1314,13.3842,0.33048,3.43134,1.83538,2.33694,0.665544,2.16332,1.19666,0.777963,2.25884
0.174959,0.131184,0.0682031,5.22744,8.08454,2.64181,0.87797,3.33098,12.6936,15.095,9.66708,17.4123,15.928,5.86884,0.14028,3.55182,5.87183,6.06987,3.57382,0.181398,3.48086,3.10757
0.610966,0.0301026,0.579239,9.07416,12.8285,21.2023,31.434,7.60316,4.22227,2.43858,7.25675,11.8883,5.49706,0.308287,0.567413,0.711752,0.392957,1.36201,0.161725,0.384806,1.60005,4.42553
0.0165711,0.670788,0.0307368,11.4268,30.3782,14.6582,13.7408,13.0946,5.73596,4.97054,4.85231,3.48859,2.74506,2.98469,2.07284,3.18191,3.43665,3.27369,1.94421,1.3066,3.9691,5.66412
0.534264,0.130198,0.80333,5.61141,27.4187,47.3598,38.9195,17.9876,17.1627,15.7792,2.9716,2.6035,0.299243,3.72455,2.47195,0.640985,2.98581,5.19475,0.90662,1.64874,0.440887,1.66143
0.382519,0.600806,0.434079,1.21132,3.00286,13.4771,23.461,12.2417,9.29603,5.71092,3.0884,6.76929,1.18374,6.22453,0.00112253,3.07943,3.03893,8.20525,3.26283,0.536404,3.31136,4.20707
0.0392632,0.313433,0.308534,8.92054,30.8559,39.7337,29.8347,15.2971,7.00177,3.53747,4.71014,11.0831,8.75864,4.33875,2.56821,1.43629,4.39078,4.95579,2.10369,1.20003,0.63621,2.67788
0.266385,0.188639,0.697663,8.40052,31.0311,45.2635,27.6443,5.46352,9.32585,9.06472,2.87519,10.5589,13.9818,11.3881,3.44341,1.4629,2.43301,5.67099,3.06981,0.000645751,2.11549,0.0394886
0.147032,0.173526,0.568928,6.26002,11.9204,0.0809857,11.501,6.61658,6.89296,10.4166,4.519,5.65374,6.87149,4.26056,1.90982,2.14256,5.58363,3.76919,0.674207,0.417138,2.62498,0.434672
0.164736,0.0858969,0.687265,5.71483,4.0982,26.2522,25.9974,1.55382,13.0432,18.1808,4.86997,0.790619,6.74699,8.89992,2.84561,0.978766,4.10813,7.90623,3.42712,1.6824,1.27242,1.78226
0.0679813,0.129504,0.581784,4.65315,13.2633,1.69102,10.4679,8.74202,11.0944,6.0416,1.36024,6.26801,9.04034,8.59386,4.00067,3.32128,12.4767,12.326,2.30464,0.445975,1.52995,4.30429
0.35082,0.100143,0.0948476,1.02188,9.20335,32.4306,25.1975,0.479235,4.90932,4.73493,1.15162,9.05734,2.14262,1.41007,3.05716,4.09217,2.61047,1.03975,1.06362,0.752168,1.76784,1.90515
0.183228,0.180394,0.950546,8.07951,19.6929,6.23201,28.6869,17.6963,17.1126,14.4829,4.28371,14.2353,4.73017,4.16637,1.3366,2.52811,13.6287,15.5678,4.54446,0.523312,3.23394,4.55124
0.0926415,0.180346,1.00443,11.5422,39.8821,41.987,17.9145,1.03301,12.3414,10.438,7.48947,14.8524,12.5663,2.2976,1.58873,2.90875,8.67315,11.5011,5.38443,0.414024,1.05585,3.04748
0.0472298,0.0370864,0.601829,8.10226,28.9609,44.5422,37.4142,17.2575,12.014,10.3533,6.09533,10.7408,9.86826,1.86181,1.60528,0.734659,1.51558,0.0140266,0.63312,0.193833,2.32858,2.36562
0.128147,0.00729123,0.0376201,2.43085,2.17935,3.07457,8.54892,1.9053,12.3148,8.1348,2.28642,3.18175,1.05305,4.45456,1.59066,0.331832,2.21633,1.87774,0.892624,0.846457,1.58671,2.15751
0.0664661,0.134339,0.0738573,0.85023,12.7911,36.4754,35.6205,6.73972,15.2888,15.6552,2.75815,5.50141,7.37177,4.05304,0.598595,1.71731,8.57255,8.16192,1.32182,0.538402,1.01883,1.47414
0.130571,0.152712,0.0935429,2.1008,5.96084,11.3169,4.27154,4.38917,8.29696,13.7652,0.928615,10.3443,2.20342,6.43724,2.7155,2.73315,1.09232,3.71026,3.37917,0.392891,2.87425,1.22464
0.15363,0.00526848,0.818616,5.75203,5.22473,20.5932,24.0248,2.14284,13.5432,6.57666,7.06633,15.2277,2.48314,9.49836,3.79943,2.14563,3.74149,1.32956,0.232117,0.528841,2.07991,0.659758
0.182959,0.359775,0.977978,11.4125,24.8471,3.52576,19.8087,1.09128,7.81889,3.85016,7.83456,20.7961,13.4273,1.18151,0.856369,4.18068,10.8135,9.49063,2.5233,0.66814,0.218188,0.482692
0.479397,0.139572,0.0567648,12.293,38.6003,39.2044,11.0564,6.65928,7.14487,3.54969,7.18569,19.5771,17.8172,9.32788,3.07819,0.806559,1.28304,5.10472,3.47243,1.49986,2.80666,3.71284
0.100376,0.156437,0.0370154,3.15894,17.8794,39.1454,36.262,9.57084,9.72482,11.2182,8.57242,12.2159,8.2346,2.838,2.79544,0.316475,3.9719,3.43072,0.91249,2.11148,0.717242,0.180647
0.0971235,0.0904676,0.92884,3.12634,14.9498,11.0265,5.56913,10.8254,12.9392,11.12,6.60854,6.27533,0.180988,2.99917,0.690848,2.02823,5.59194,5.70193,1.18318,0.768174,2.16729,2.64169
0.259054,0.0494475,0.183363,7.59259,28.8878,46.0116,39.2025,9.26727,13.583,8.41089,0.811777,0.334443,1.2707,1.57252,1.70475,0.111584,9.24321,11.8829,2.99467,0.398139,0.228045,1.63429
0.0528713,0.0318243,0.0029712,6.62523,18.451,22.4826,15.9102,1.35698,19.7471,18.446,2.28222,4.77363,0.302456,1.69358,0.999527,1.58203,1.98804,0.565506,1.9142,0.218146,0.889217,0.796815
0.0692611,0.212217,0.153522,6.72601,7.58301,19.0128,31.6213,12.2065,2.85477,4.0912,4.01168,11.0207,6.33519,1.7299,1.17881,0.601675,5.05515,6.38841,2.30915,0.674496,1.04509,0.989153
0.264997,0.401833,0.488573,7.87933,14.6757,10.6534,20.7276,7.45456,25.8756,16.6817,5.91687,10.969,11.0431,5.12319,1.99347,0.996255,4.93994,4.11844,0.210819,0.164614,0.010993,0.98529
0.161121,0.414761,0.170411,5.37899,21.1702,27.8429,16.3006,13.1217,22.5847,14.7156,3.33915,11.541,9.37885,2.19678,0.347529,1.19651,1.75227,3.26767,1.62847,0.763093,0.30694,0.674596
0.238444,0.158383,0.469894,2.33078,0.832567,24.7287,23.9556,1.30565,4.03478,6.73388,4.0965,6.42347,0.213435,6.51703,3.66829,1.83141,8.88193,8.98623,2.21945,1.07644,1.68247,1.32412
0.391572,0.261215,0.87711,8.71711,27.1352,16.8047,6.25871,3.90555,13.1829,15.9361,5.25552,0.800466,3.33428,5.56749,2.49778,2.00571,0.316583,3.20811,1.69093,0.977985,0.562444,0.154453
0.316008,0.0948065,0.0234279,10.8362,36.723,48.557,26.9705,4.24712,3.73194,2.12353,0.531256,3.75684,0.216117,2.72162,0.509784,1.06949,2.72435,2.33606,0.205597,0.306434,0.581947,1.35932
0.190688,0.137842,0.0785688,6.7527,18.1645,23.9528,22.7106,11.0938,1.8134,2.92156,1.21594,7.27158,0.554943,5.9422,3.49388,2.11008,0.0107593,1.0796,0.680399,0.764748,0.166802,0.676137
0.125587,0.00218989,0.148335,2.828,0.662936,21.0283,24.6042,11.2128,13.8095,13.1372,0.394603,9.03153,6.47636,0.0721212,1.73222,0.210257,1.81438,1.19504,0.30116,0.311813,1.44295,1.89366
0.128385,0.191737,0.0982699,1.57279,1.6815,24.0629,32.6226,15.4976,7.69045,4.11724,2.62607,8.36388,8.90051,3.71593,0.913766,0.659612,6.86427,7.27235,1.35443,0.0322023,0.519931,2.2172
0.0163143,0.0159817,0.24911,1.68663,1.76903,12.4211,17.3994,11.1767,5.01454,3.3628,3.96963,6.09429,4.06614,1.11482,0.939271,1.63869,0.431518,2.47346,1.83525,0.12901,1.04012,1.02444
0.488557,0.0519356,0.725618,7.79257,11.5705,20.8999,32.8709,9.57666,3.57433,2.62407,0.389783,1.02862,2.82844,0.56292,1.99716,0.378692,1.3768,4.71042,2.61807,0.0919607,0.627317,0.36592
0.297965,0.427329,0.488202,12.7352,35.2699,21.9461,3.10022,3.77481,5.83356,9.88747,0.820701,5.35268,2.91692,1.73774,0.885148,0.380156,5.23233,8.04809,2.66571,0.251818,0.455812,0.151148
0.0805286,0.164381,0.393312,9.40805,34.1697,45.5511,24.0444,0.412878,2.69377,7.59576,1.75532,8.76496,1.73161,3.55566,0.205216,1.2059,5.56926,4.83201,1.13248,0.0340597,0.188192,0.296839
0.0847933,0.205186,0.153187,2.45062,7.69483,17.0886,14.826,2.34061,0.272125,0.789263,4.15783,12.0421,6.87234,1.32209,0.365277,0.930913,6.40506,6.15947,0.836609,0.190282,0.470747,1.29159
0.21202,0.0223357,0.0662199,4.2477,18.2981,27.7736,12.7464,4.69248,4.47543,2.4291,3.51066,12.7446,11.7346,6.36573,2.61904,1.21012,3.07264,3.83817,1.67628,0.252598,1.16628,1.38975
0.159557,0.0585069,0.0395039,5.459,20.7877,36.5819,31.3992,11.6741,5.27315,5.15221,2.19159,9.3518,7.30491,2.53773,1.55121,0.41339,1.92171,2.65763,1.25294,0.269058,0.780822,1.28761
0.251783,0.728674,0.745736,6.36773,9.17395,1.78046,3.15129,4.28851,6.4886,5.34115,3.58943,4.50686,0.274288,4.54238,2.55514,1.16257,1.6279,2.98708,2.24728,1.36936,0.847807,0.586872
0.799951,0.125616,0.183687,9.01222,13.3889,18.9979,37.7199,19.3285,10.4785,7.28198,1.94906,0.295046,2.45307,4.36591,2.42685,2.93312,7.01983,4.98135,0.114239,0.617086,1.32881,1.60375
0.667493,0.103698,0.614756,9.32608,26.0065,12.4919,3.92394,5.52859,13.8457,8.13979,0.718452,3.58356,0.632293,0.925525,0.837177,0.886167,3.79515,3.03115,0.353756,0.41122,0.264536,0.243077
0.0966836,0.0366364,0.392548,4.29049,21.036,38.3706,34.3675,7.20644,17.9337,16.8736,0.485635,8.69513,3.1013,2.20322,0.718966,2.02203,8.31779,7.16754,0.743795,0.263666,1.49114,0.818564
0.0913345,0.330899,0.591451,2.89779,6.64079,9.32843,13.8295,2.58606,3.33699,1.91546,2.88915,10.2807,7.82208,1.44258,0.677306,3.09813,5.49195,3.52251,0.138054,0.554599,0.110734,0.408662
0.0323831,0.255615,0.217944,9.29721,31.3456,35.2007,17.1732,1.83291,14.3106,10.1637,4.50927,9.66907,8.23872,1.26493,1.00619,1.07347,6.83002,8.38096,2.79767,0.614037,0.689332,0.665931
0.203726,0.152248,0.330945,7.82126,27.8101,38.0992,21.9084,5.98919,20.7005,13.9415,1.35304,7.42924,2.69582,1.8725,1.29587,0.374641,1.91548,3.35221,1.40811,0.972502,1.37891,1.06534
0.0384166,0.0642774,0.124248,5.57928,9.88639,2.64111,2.34067,3.6467,4.1124,3.83394,1.42467,2.75383,0.762948,2.67731,0.390946,1.13118,4.35862,4.42124,1.4589,0.0118924,0.0284794,0.198443
0.0123574,0.206104,0.615552,3.84384,1.95162,23.1835,28.1461,3.17972,11.0648,9.05712,1.79895,0.814678,0.656158,2.01557,1.6839,1.20154,0.481958,1.66765,0.0264344,0.544756,0.540447,0.466423
0.18258,0.0369594,0.505016,2.84646,8.33214,2.50089,16.2619,7.1136,8.19207,7.04599,2.23178,3.73303,0.826633,4.8565,1.97542,0.360162,0.0182203,0.279294,0.116822,0.09326,0.578999,1.04541
0.0680387,0.0414799,0.0377329,2.75353,2.69799,25.3818,30.4848,11.0248,0.751734,1.04169,2.2305,7.14197,4.38772,0.348608,0.00478559,1.83161,1.80006,1.0884,0.933779,0.388979,0.35048,1.34288
0.531203,0.0132905,1.26396,8.74943,21.7733,2.53821,24.0412,6.66261,11.7059,12.1263,0.577885,7.46544,7.59053,4.76333,2.0064,0.240794,1.64806,0.404572,0.615923,0.0808598,0.573169,0.318205
0.360478,0.115491,0.748425,11.5102,36.886,37.9264,21.2632,11.0611,4.12474,0.21163,1.1378,4.75148,4.86813,3.1131,0.708162,0.292215,4.08443,3.8373,0.383574,0.04802,0.218733,0.475942
0.26441,0.26821,0.595377,6.1223,23.504,36.8641,25.6506,1.04316,8.32058,4.33275,1.10349,0.618999,1.29872,0.973173,1.1007,0.226381,2.03886,1.24091,0.194314,0.0360772,0.619523,0.520438
0.020666,0.2209,0.00441283,0.0801739,2.73667,3.72524,2.60311,6.96575,13.01,9.73621,2.69536,2.40931,3.05694,1.69149,0.1857,0.256679,3.3996,3.88717,0.601346,0.355018,0.122024,0.231881
0.0373758,0.0276125,0.193318,3.19706,16.1661,32.2777,21.1222,1.35275,1.46913,2.66832,1.379,4.65292,1.47942,0.454961,1.03726,0.643046,3.64375,3.46775,0.717335,0.326602,0.24814,0.94811
0.0303578,0.0728919,0.11301,4.01912,10.6202,16.6621,16.1267,2.95904,12.3906,13.0361,0.177259,7.76199,3.36783,0.150844,0.805111,0.794277,5.75788,5.4529,0.473328,0.49273,0.181962,0.298009
0.211933,0.0506248,0.537945,6.71624,9.39156,12.4983,16.4969,0.56156,0.259681,0.47797,2.32114,8.3063,6.33208,2.01735,0.202601,0.631943,3.68876,4.40679,1.62933,0.045055,0.15831,0.580948
0.246958,0.182751,1.08031,10.361,24.1236,4.0207,29.2408,11.1091,4.22508,1.55287,0.764234,6.15364,5.89582,1.52607,0.659088,0.650484,5.28919,7.81626,1.47935,1.0443,0.593321,0.333605
0.0245882,0.183919,0.916002,8.73565,29.1707,28.3747,10.2607,5.39996,14.171,13.5082,1.94935,2.6207,0.0530995,2.61108,2.09093,0.279164,6.37263,9.2295,3.59996,0.166164,0.439845,1.38459
0.0678841,0.197893,0.186021,0.574028,7.75017,28.0874,33.1412,12.7801,0.635226,0.0391453,0.36304,1.97454,4.07084,3.77237,1.16333,0.726254,1.57,2.06002,1.18379,0.205127,1.1413,1.64122
0.110795,0.356542,0.649061,6.66814,20.9134,12.5093,0.187916,7.92328,16.2218,11.0677,0.791948,5.95254,3.03965,0.332334,0.596839,0.604307,5.10924,7.08293,2.82396,0.0878652,0.0187957,0.531537
0.00240691,0.0951457,0.441734,8.47554,28.9803,38.5289,24.446,10.0939,13.0176,9.53673,3.97932,7.66332,2.23902,3.92278,1.49876,1.33994,5.27681,6.4398,1.81655,0.240727,0.71517,0.473797
0.144477,0.104522,0.492756,5.50027,16.8623,23.2656,12.843,1.56,1.40287,4.81484,2.79029,9.32127,4.68605,1.71109,1.04562,1.11011,3.81656,4.2508,1.21457,0.260798,0.224769,1.1807
0.0501623,0.098926,0.395399,4.92452,6.96377,8.33559,9.70796,1.3747,11.9213,13.5233,0.970094,9.55922,7.67978,2.69538,0.426161,0.621166,1.60525,0.59311,0.827655,0.596271,0.564071,0.349565
0.171915,0.2554,0.61798,5.18996,9.32971,15.3368,24.7086,7.32595,7.93879,6.51879,2.28603,6.60537,6.32426,3.39336,1.45644,1.1606,4.4845,3.7381,0.567933,0.102174,0.216294,0.268993
0.0860732,0.116734,0.20895,1.49683,9.24004,9.04083,4.25772,8.50449,2.5159,0.602582,0.00011977,0.798643,0.783717,0.0296199,1.27351,1.98682,5.02469,4.00186,0.46773,0.166509,0.204347,0.256699
0.133707,0.123531,0.833091,6.65168,11.8618,16.5282,32.4642,15.6525,11.7853,9.00084,1.96807,3.55437,4.42114,1.74998,0.332743,0.668789,3.10116,2.1564,0.121896,0.111011,0.173268,0.693149
0.236326,0.272686,1.32602,11.5805,34.1156,14.1794,13.8661,10.0389,9.87357,9.04613,0.622089,5.67504,2.51191,0.392361,0.0368735,2.11052,8.53411,8.21884,1.4514,0.460538,0.0445292,0.452219
0.0960503,0.0545346,0.830837,8.83816,30.8767,39.67,29.1876,14.6842,8.23433,5.84677,1.90126,7.2465,3.01283,0.363553,0.342071,0.421629,3.76001,4.75683,0.924188,0.469393,0.0311648,0.188645
0.109755,0.223403,0.00539136,2.29744,6.9268,19.698,18.7202,5.85934,10.8425,9.10777,2.78866,6.58501,4.91913,1.83608,1.13644,1.44941,3.21895,0.797312,1.10345,0.359577,0.392303,0.653508
0.076403,0.128858,0.226145,1.92075,9.64402,14.4066,12.0706,3.50818,8.07969,8.67022,0.0052519,5.65479,5.74661,2.771,0.343638,0.313005,0.352355,1.94711,1.05764,0.117524,0.0393928,0.40578
0.263692,0.141058,0.100782,2.2721,11.0259,27.7918,21.5848,0.587852,4.28031,8.31568,1.02696,2.36417,1.57036,0.672073,0.47456,0.36015,4.55704,6.21474,2.3477,0.367967,1.24231,1.24955
0.0703837,0.0395717,0.272297,4.78378,9.74263,9.62662,8.44903,6.82366,8.92564,6.2716,0.119281,2.02405,4.65561,5.02146,2.03164,0.54221,0.433336,0.322167,0.174876,0.00572934,0.0583116,0.856338
0.0232009,0.516794,0.6099,10.3596,21.4125,5.47092,19.106,0.788345,7.55545,5.12547,3.66423,4.9205,4.46475,1.97275,1.1818,1.16602,0.353345,1.21707,0.878943,0.176582,0.53499,1.04391
0.193999,0.461879,0.65567,11.1798,29.7991,5.03548,24.6444,16.6337,11.7564,8.90348,4.33727,6.72421,2.44349,2.995,1.39037,0.0580915,1.80751,2.1972,0.320683,0.963541,0.107157,0.516118
0.0137631,0.137831,0.139391,3.24527,13.8729,21.5638,16.5327,1.78443,11.3326,10.4367,0.0324013,5.1794,0.423802,4.2177,2.01214,1.77015,5.36741,4.93837,1.40888,0.0714568,0.458058,0.868248
0.10765,0.248582,1.19247,5.02078,13.806,10.5018,30.6893,13.2182,3.64767,5.40589,1.15153,3.05626,2.76568,0.0417072,1.04057,0.495687,2.75999,2.68555,0.547194,0.043409,0.38286,0.215889
0.0442818,0.289466,0.87771,9.02423,27.102,20.0138,7.8471,5.08228,2.88453,1.66002,2.30781,0.807428,2.13986,3.12101,0.778052,1.27827,5.64108,6.3499,2.0408,0.281152,0.629503,0.531384
0.159451,0.0681424,0.345621,6.08403,20.8798,34.4397,28.231,4.61744,12.0492,12.4497,5.65568,5.09355,3.72017,1.14602,1.54618,0.237664,1.97739,2.98,0.902026,0.399893,0.830652,0.607703
0.236725,0.0557365,0.315879,4.75922,10.7175,15.5429,8.6683,1.9421,6.18447,10.3905,6.00917,8.71894,7.54745,1.64043,0.0668826,2.0082,2.9001,0.967783,0.505125,0.146166,0.134746,0.660597
0.0839813,0.457637,0.0814041,5.54528,10.2285,7.18482,12.6627,5.73519,11.9665,5.63659,3.4525,9.36259,5.99981,0.414543,0.312254,0.0905511,0.949694,2.27487,1.21909,0.0079678,0.555954,0.565977
0.30007,0.381262,0.354255,3.23414,7.53248,13.2912,24.4763,4.49239,5.60971,3.24117,3.58143,6.13392,1.65614,1.70557,0.0428519,1.00616,1.5259,4.46195,2.04658,0.256927,0.0755407,0.87542
0.0301578,0.134136,0.120833,5.2363,9.99286,1.98004,1.38497,9.06458,7.4056,1.78491,0.401307,2.33828,1.05897,0.689322,1.57845,1.49711,4.82579,5.31301,1.01485,0.65875,0.947441,1.35527
0.370098,0.475808,1.34334,11.5269,30.481,0.893321,32.2083,10.7213,13.7341,14.113,4.1926,1.28528,1.47808,3.47422,1.13465,1.12253,1.74451,1.51978,0.802915,0.147261,0.477857,1.10325
0.349603,0.284321,0.708538,11.1567,30.6396,13.4688,10.5326,4.68398,1.60844,5.09252,5.96616,7.26204,3.06612,1.01555,0.233053,0.158309,1.92686,3.05628,1.32278,0.305543,0.982911,1.07539
0.107855,0.0443815,0.203791,3.22445,10.4907,24.2596,29.7508,12.8733,1.77932,1.12675,5.00653,10.6959,8.89614,4.41264,2.01401,1.6603,5.85087,6.64187,2.02624,0.243534,0.332149,0.44024
0.197116,0.162584,0.897703,2.26758,6.4346,10.1481,17.0529,1.16729,10.6718,8.17999,6.41875,11.2883,10.5243,5.05843,1.59459,0.135996,3.25192,4.26862,0.419403,0.771047,0.221786,1.05531
0.0708443,0.0591882,0.156696,3.38174,9.35059,13.9693,14.1851,5.40173,4.13526,4.20364,5.03181,10.0427,5.70537,0.651326,0.534027,1.65914,2.87517,0.189926,1.57142,0.557583,0.306098,0.0465809
0.209482,0.192098,0.267994,4.22639,12.73,27.8147,22.1789,5.02193,15.7357,10.5551,0.0567143,5.55355,1.32131,6.54596,2.54294,1.39417,0.744241,1.24862,0.902637,0.0706306,0.23943,0.281817
0.128146,0.269691,0.157279,9.654,24.5538,20.1826,10.6514,5.3875,1.57971,1.91436,0.491993,0.980292,0.731636,2.97965,1.72085,0.944113,0.896135,4.0162,2.61081,0.0955097,0.454221,0.215545
0.224763,0.58176,1.3158,10.8559,29.1178,1.45529,20.6519,0.661574,9.45906,3.12003,2.64263,4.77469,0.166321,3.25795,0.824498,1.53826,5.26328,4.99541,0.39007,0.234377,0.54456,0.455374
0.389479,0.298846,0.257414,6.1272,12.5651,7.34497,26.9258,10.3124,14.907,15.3985,6.07347,7.36985,3.46186,2.9219,1.39846,0.935001,2.68094,3.4465,1.78018,0.0381849,0.123644,0.182754
0.0362186,0.250032,0.47733,5.53179,14.6607,0.3801,15.2131,7.5663,1.73182,0.921427,5.00213,9.49133,7.91502,1.36221,1.15311,1.31152,1.86828,1.48487,0.334547,0.364632,1.14106,1.12741
0.279618,0.387089,1.10898,9.73238,25.1709,2.59988,29.4237,10.5731,5.43467,2.83591,3.71803,8.84461,7.86221,2.51545,0.387996,1.6797,4.48718,5.23621,2.26126,0.683099,0.28429,0.568466
0.0402973,0.29097,0.0930656,8.25172,18.8049,12.6164,8.10972,12.9354,18.6813,15.4698,5.48738,4.16988,1.9807,0.510903,0.905521,1.55336,0.589664,2.31395,0.241897,1.00948,1.82606,2.39017
0.177754,0.0244853,0.384402,4.44712,12.4167,27.9699,27.6289,6.78907,1.04095,1.18266,1.75234,0.996613,3.96078,2.10202,1.38431,0.851351,1.60243,2.63752,0.818376,0.292776,0.240449,1.37263
0.0442474,0.0525701,0.0410592,4.36622,15.6659,23.4209,11.9437,7.88417,14.87,8.82989,2.88027,4.20262,2.10523,2.24796,1.13556,1.67771,1.73385,0.316316,0.39533,0.270929,2.05322,2.19409
0.145274,0.433106,0.33348,3.73257,9.82809,6.79894,11.8581,0.711352,7.40564,8.80446,1.76778,5.33997,0.540072,4.09452,0.144835,0.525946,4.49049,6.9938,3.05633,0.378039,0.142823,1.52563
0.0747396,0.00712744,0.44862,4.03799,13.7796,30.8482,30.117,8.6477,2.27454,4.72386,4.23278,5.91291,4.23816,2.06087,0.93239,2.0857,5.53065,5.36679,1.30065,0.0652744,1.67102,1.25672
0.224178,0.580816,0.590843,12.0118,34.7681,21.953,4.32167,3.86093,12.2334,16.572,4.59399,3.09754,7.34209,7.15826,2.56804,0.708227,2.25462,2.35939,0.347255,0.789946,0.277483,0.955131
0.323563,0.525558,0.778637,12.7208,30.8225,3.4728,35.9156,18.2015,3.4411,1.10873,0.929629,1.77052,0.82157,1.80735,0.744525,1.74312,2.36602,0.66009,0.705294,0.723402,0.770926,0.634412
0.163142,0.0552757,0.309894,4.75481,8.5273,4.49094,11.5034,1.05939,3.84107,0.214527,1.42377,7.53402,8.75426,6.95045,3.12794,0.826754,5.06362,6.65317,2.81674,0.378442,0.501198,0.718224
0.152859,0.204594,0.393086,2.39235,6.76231,12.4894,29.1759,18.8137,16.9654,14.7947,1.18947,11.726,11.7257,7.45085,3.68655,2.11251,1.83079,4.45803,0.855776,0.822048,0.010786,0.370138
0.129021,0.279208,0.28915,4.46894,5.39405,15.7716,17.4924,1.58484,0.532551,2.80102,3.81271,10.5769,5.03843,1.64693,0.166288,0.493704,0.607566,1.06327,0.326959,0.0988959,0.796806,0.726086
0.0644611,0.025686,0.290032,5.22848,9.76405,12.0967,11.8619,8.16646,13.2068,12.5536,6.73333,8.05708,0.296955,7.24588,3.33822,1.82615,1.06703,3.02611,0.192276,0.314478,0.244287,1.2084
0.0954291,0.0732026,0.0661183,8.79136,28.266,42.2851,24.6254,1.28337,6.90947,7.23723,1.27858,3.80121,2.80109,1.92341,2.77146,0.446478,3.58736,6.0018,3.20615,0.522227,0.910613,2.33071
0.248865,0.312601,0.958563,11.685,37.2991,33.8872,15.6334,8.76539,5.31752,5.70465,1.22689,2.34904,3.68717,5.01053,0.797798,1.7182,3.92628,2.47276,0.271898,0.746101,1.7101,1.44731
0.253875,0.250355,0.65942,7.17661,14.8615,11.4713,23.5387,7.25642,15.9167,19.0278,0.00428735,11.1112,5.93846,1.68436,1.47194,0.204564,1.22833,1.46484,0.485612,0.441389,0.482782,3.32015
0.0421741,0.21695,0.193093,4.20514,17.5279,31.5915,30.2311,16.5928,7.29519,1.46394,4.75001,15.8984,13.9637,3.6353,0.565824,1.67395,4.01337,2.22482,0.415566,0.139878,2.47822,2.5939
0.26096,0.465401,0.785454,9.97335,28.2515,7.49504,18.9299,13.0124,6.97877,2.21901,5.37831,16.4735,11.768,1.00958,1.60386,0.580931,3.65682,7.0288,4.04309,0.0188887,0.190035,0.968603
0.122814,0.343792,0.452014,9.44264,17.8071,13.5386,32.086,15.9108,17.9258,17.197,2.02695,12.7992,3.96235,3.80849,1.30787,1.54262,0.876306,3.06577,0.0608172,0.118531,2.64599,4.27355
0.0015055,0.00796931,0.332855,5.17533,8.44707,3.00949,8.05394,10.7084,0.490236,3.36039,3.66392,6.70452,1.11846,1.31412,1.78701,1.72313,2.55661,2.17546,0.00398642,0.895836,0.0298094,0.278635
0.300841,0.0138345,0.0634843,4.44934,17.2381,35.3047,26.5248,4.88124,12.5179,15.1449,3.40817,0.587201,3.72104,6.09554,3.69727,2.76622,1.9925,1.20138,2.5519,2.27487,2.66576,2.02033
0.0638884,0.00438103,0.665746,2.50113,17.3283,28.9092,14.0904,1.07806,9.72503,7.40692,2.40611,5.36126,2.59515,7.36054,2.23089,1.53501,6.67629,9.62243,5.31702,1.80891,1.48847,1.13222
0.106238,0.15171,0.146163,1.95041,9.93721,22.5556,12.9291,7.16688,7.28374,5.13658,1.56269,11.808,9.3063,4.46176,2.81905,2.61338,6.26347,6.27182,1.28537,1.26342,1.86879,0.721264
0.102389,0.20121,0.254413,11.3021,38.4349,51.6794,35.0549,16.0276,21.2107,21.0467,0.230574,14.0937,15.8835,11.3214,3.54115,1.33157,0.212027,0.622018,0.922876,0.282922,2.01954,2.06898
0.277695,0.296615,1.44013,11.2933,34.6375,21.6469,1.02479,6.28867,7.01495,0.156043,2.3505,9.67997,7.3217,3.69932,1.51507,2.69414,3.48765,0.57664,2.98612,0.0555241,0.955846,0.444926
0.0617471,0.00399584,0.193002,5.375,2.78081,27.6408,40.3825,17.2912,2.7341,0.349448,1.7296,4.75436,0.296008,4.86046,1.98431,1.64806,0.122762,5.09768,5.27379,0.857795,1.9631,1.10912
0.0738458,0.329363,0.317986,1.52295,16.2776,25.297,10.6013,0.352933,6.69401,7.31001,1.56743,0.372071,2.68206,5.71915,3.12679,1.91379,1.77434,5.88003,2.13021,0.600692,1.43455,1.85914
0.0361014,0.32015,0.257818,0.819311,0.96931,21.8929,33.4617,14.3679,1.31042,2.7615,1.45619,5.89278,5.11115,3.36362,2.35918,3.36895,9.23378,8.4959,0.73167,1.90721,2.00395,0.910377
0.0636435,0.0170166,0.144275,2.59547,18.6781,36.6233,20.2315,3.887,1.78075,7.66972,0.971494,8.77549,5.14267,1.10922,0.428168,2.57426,6.49458,8.39374,4.90225,1.6127,1.60955,0.633436
0.239686,0.173757,0.0748718,2.06409,4.44814,6.23157,11.6424,0.908292,0.780744,4.64285,0.274334,8.41086,3.75866,4.36912,3.96734,3.37669,4.6671,3.71218,1.79281,0.995339,0.757257,1.85294
0.151379,0.139747,0.312156,1.89552,18.1424,42.3437,29.3381,3.44609,12.7025,11.4825,4.19933,3.67945,2.23821,2.98952,3.57405,2.61603,6.89065,8.82812,3.80176,0.44681,0.807269,2.88262
0.0676675,0.13565,0.674477,2.33815,11.9767,16.7491,15.9569,11.6046,9.35041,10.4741,5.59876,3.07467,1.97991,0.211442,0.622668,1.99056,4.86109,8.81835,1.55232,0.897059,0.409767,1.09986
0.068141,0.0763126,0.18302,1.2813,13.6843,37.8824,34.5577,7.74265,2.86566,7.22424,7.20828,10.0885,4.95258,2.81241,2.67972,1.0386,4.59281,9.68685,5.38205,0.940692,0.102113,0.247551
0.24159,0.0754425,0.511774,3.30575,19.534,37.1665,34.7268,15.3925,0.395677,4.22871,8.08615,15.5438,8.80112,3.46656,2.86922,2.38177,2.76062,0.209586,1.49973,1.19337,0.838848,0.857169
0.0637198,0.00627822,0.242639,0.0444786,4.6659,21.8159,29.0808,13.9685,0.499482,0.738478,6.0844,16.2524,10.1976,1.11271,1.34005,1.19582,2.5582,6.44631,2.94313,0.248912,0.91919,0.0276704
0.175011,0.271149,0.142291,3.56211,21.9852,46.0551,38.3134,9.22241,3.10934,4.18686,3.28414,13.4616,9.30534,3.08509,1.55883,3.74023,10.9858,9.38625,1.01671,0.493675,1.3774,0.725976
0.385121,0.474368,0.0632154,1.42337,5.78362,2.20577,10.021,9.67172,4.22535,8.77372,0.0418372,6.19367,4.81093,4.39737,3.2149,1.15871,6.76199,9.6565,4.81328,0.594584,1.83125,0.805581
0.0161546,0.024482,0.00939508,1.89861,18.1647,42.6702,30.5789,0.207559,0.241928,7.63943,4.12287,2.51487,0.432137,2.63331,2.55436,3.12903,1.87347,0.829905,0.0471464,0.504994,1.60313,2.97594
0.212552,0.00838356,0.0838236,1.17885,11.2756,22.9293,14.9299,0.251855,6.49778,9.14448,8.76782,10.2579,5.78948,0.212775,0.103679,1.35981,4.70518,6.34796,3.33856,2.03126,2.31288,3.88285
0.0775192,0.185692,0.319601,1.80529,14.8246,32.0831,18.5014,6.6647,11.1287,8.34519,10.008,16.9838,12.7269,4.863,3.70897,2.47534,3.68672,6.52456,0.261597,2.61978,2.27313,2.77626
0.174771,0.217547,0.529049,2.42727,17.7448,39.0148,37.0111,13.8245,1.97273,1.78303,9.9813,20.8542,14.466,5.19602,2.70084,0.281039,5.7551,9.88135,5.40278,1.96781,2.89854,1.08334
0.0948672,0.0713471,0.0605737,1.06401,6.45538,12.6378,6.28764,2.88147,1.06215,0.0162687,7.38054,19.2836,12.2555,1.64203,0.451433,4.09383,6.13246,4.3148,1.30489,1.4509,2.8426,0.836252
0.0542696,0.0350564,0.186872,4.69401,24.0228,48.8582,47.7291,21.7044,5.03344,2.51813,4.73311,14.2632,8.03602,2.65834,3.14622,0.682295,3.20569,6.67455,4.47237,0.382053,2.64303,0.466731
0.0236691,0.195782,0.230228,1.84201,7.04248,10.899,4.96347,3.3477,5.79872,5.7328,0.492184,6.10888,1.40827,4.73823,3.07037,3.40613,11.0936,10.1614,1.43723,0.713716,2.71857,0.915946
0.0103374,0.137615,0.143372,2.91266,19.0056,42.223,40.27,16.6714,1.25707,7.51972,4.76068,3.08911,3.38266,2.70809,2.39289,0.271652,8.33917,13.1958,5.59076,1.44858,2.46113,1.94687
0.0574249,0.0665599,0.19147,2.79192,15.5437,30.8839,16.8037,6.31465,0.592903,8.73026,7.48611,10.8781,6.45286,1.64174,0.390032,4.3255,2.13357,2.59826,1.11026,0.359954,1.91252,0.758129
0.0672602,0.0526571,0.306641,0.23064,9.83917,24.7373,17.8449,2.45804,5.23423,8.39527,8.54113,14.5458,7.78222,4.18896,3.50048,0.283715,4.76898,8.77412,5.90952,2.26514,2.20726,0.429912
0.116029,0.101886,0.0961137,0.245791,14.8238,39.7071,28.126,3.32133,9.57024,5.8238,7.48617,13.9462,8.21783,2.72953,3.54451,3.34929,3.35383,6.85767,0.880735,3.04466,1.75159,0.989349
0.0250072,0.0392105,0.367588,1.22643,6.25571,4.55629,7.68545,10.3855,3.08509,0.845595,4.92953,10.2807,6.39873,0.2871,0.430682,1.298,8.61994,11.6882,4.44583,0.304588,0.940053,0.051625
0.0427897,0.0950187,0.594062,1.10908,18.0271,43.6932,36.8115,6.85474,4.15036,2.79042,0.822939,3.97402,3.51466,4.25877,4.395,4.94623,6.57937,5.79537,2.98071,0.0684547,0.601559,2.1306
0.0321049,0.0364047,0.231369,2.34798,0.567076,16.3753,24.3573,12.7659,5.11999,5.22181,3.4554,4.04112,1.71029,3.99362,3.28231,1.09983,5.94207,9.13008,5.24504,0.192201,0.413441,2.64587
0.0491983,0.079905,0.136174,4.92935,21.5172,39.4615,36.4821,13.8538,4.33613,7.5977,7.78511,10.6862,7.02468,0.178433,0.64193,5.08734,10.5803,8.31788,0.550919,2.33808,0.671264,1.78394
0.0470582,0.191773,0.381464,1.06685,13.6483,36.1186,33.1224,7.54663,7.56211,9.45919,7.78362,11.5779,9.38852,3.90452,2.47756,1.14008,6.38285,8.63883,2.40847,0.359736,1.18234,0.451031
0.0709764,0.141836,0.172105,4.25095,13.9583,20.0812,19.1472,9.99414,3.90977,8.06108,7.0028,9.5913,7.88877,6.24675,4.80038,1.12673,0.116729,6.28339,6.56297,1.6349,1.01646,2.08535
0.157045,0.0452268,0.524854,4.10761,20.5111,43.4784,30.6109,1.15792,2.57247,7.77765,3.71961,3.48954,3.4882,2.96006,3.28405,3.16712,1.38368,6.91811,5.08281,0.271392,1.90741,1.84277
0.0337497,0.137778,0.528633,1.27796,4.63041,1.67464,5.6131,1.40609,1.76417,4.4981,0.26047,5.31579,3.05413,2.2549,0.0222548,4.52584,2.37611,8.49202,3.03819,1.84206,3.15915,1.1626
0.267101,0.109016,0.0712937,4.49899,23.3738,43.3019,25.9471,1.35352,1.22897,0.423344,5.37961,14.5948,10.4365,5.44014,2.91976,1.80327,9.13382,10.718,3.49021,0.765934,2.32714,0.454096
0.218698,0.0320389,0.739084,2.36533,6.47033,23.1932,31.4467,16.5286,2.7675,1.21216,9.41377,20.2832,13.8679,4.64854,3.50721,3.88137,6.61275,6.99976,4.08929,2.56137,3.45407,1.94006
0.0694243,0.0416178,0.82849,1.06198,15.8208,28.1453,16.4821,2.74582,2.26789,5.082,11.1136,21.4065,13.5056,0.744969,0.13142,1.72308,5.70458,7.53951,5.23285,3.71441,3.39731,2.84192
0.0554295,0.162114,0.255511,1.0203,12.9752,39.1296,44.8393,20.3633,7.11955,7.06231,10.4914,18.9025,11.3002,2.52476,2.55824,2.36145,9.26783,10.0781,3.41404,1.19476,2.72128,3.69302
0.0381479,0.307052,0.695241,0.155807,8.12293,10.2693,6.45292,8.94698,10.9144,8.77765,7.35375,9.91831,4.64316,4.73179,1.88971,3.51335,3.55798,7.92869,1.29845,0.578218,2.83948,2.03864
0.00295427,0.00307452,0.577291,1.24317,12.2885,40.1274,41.5336,14.8668,4.45594,8.11307,1.85852,1.46385,0.835538,1.92534,0.756277,5.77722,2.76048,3.36557,1.79726,2.63185,3.32598,0.576268
0.107167,0.260125,0.0965949,3.7566,5.69788,8.43903,6.46433,12.3532,6.46996,4.76278,2.25686,11.847,6.75844,2.40746,3.22181,1.06145,3.26895,7.17676,4.93165,0.140991,3.10089,1.10385
0.0772261,0.144904,0.0134828,1.80063,16.5243,34.8439,24.262,1.72053,0.250906,3.59544,6.65162,19.7812,10.4746,5.12581,5.63437,1.47041,4.95184,8.95641,3.01663,0.0906825,2.10952,1.51344
0.0954556,0.0343841,0.11276,4.88032,2.02853,23.797,22.6029,6.17823,7.25876,0.0972895,9.5682,24.2256,14.1686,2.30408,4.97272,7.01116,10.0549,6.202,2.63634,4.87888,2.64275,0.448026
0.112916,0.0354134,0.0427662,7.32706,23.1712,23.6146,1.25441,12.9445,3.80287,4.20827,11.5064,23.1706,15.3509,2.65323,1.69467,6.12867,6.2136,5.22381,3.65585,1.17423,0.669237,1.87787
0.0590776,0.0591787,0.349559,1.75518,12.2319,36.5174,35.157,4.13505,11.6598,9.27514,9.54868,15.6513,11.8037,5.51791,2.72308,1.0157,5.32682,7.19858,2.1297,1.37569,0.580901,1.41006
0.015359,0.0838679,0.395929,5.37201,14.4199,2.97092,16.3101,15.9844,10.5934,9.01081,6.93227,6.98982,5.84337,5.04113,3.49388,3.29397,10.4891,11.8139,2.78124,2.05785,0.811019,0.137002
0.156034,0.0889114,0.011977,6.22221,22.2169,41.1355,37.9584,12.0496,3.24845,8.47452,2.94783,3.90671,2.92098,0.889813,0.748495,1.30876,3.76538,5.5956,0.655868,1.56292,0.0437484,1.63064
0.16502,0.379477,0.72661,1.41567,1.47945,15.9226,24.6079,12.1244,1.28714,7.49733,1.81909,12.6083,8.70776,3.62532,1.91289,0.926542,0.201144,4.38929,6.4749,3.69144,0.977395,0.937393
0.0513259,0.0542163,0.363917,2.94953,16.1572,29.3068,27.3386,12.6279,0.610388,3.5329,4.12501,16.4285,12.4722,4.96375,0.0305129,6.31435,1.00713,5.26112,1.38585,0.704907,1.23617,0.525641
0.23215,0.375289,0.517036,2.14481,8.24216,27.8561,26.2102,5.98704,2.37721,1.16119,7.35501,16.6692,11.4577,3.47363,0.705142,5.78169,3.20696,12.4056,7.63518,1.13437,1.90063,1.9666
0.296832,0.282495,0.829929,0.965964,8.56371,12.4864,5.61252,2.89052,0.532632,1.36359,5.22496,11.7819,7.44498,0.624923,3.2288,0.695382,7.64388,6.48413,0.26846,2.55438,3.82024,1.34804
0.063519,0.0764309,0.0480431,2.01859,7.33833,33.3623,28.755,5.91493,7.11361,7.64627,2.8544,2.63869,0.0720092,5.24111,6.63003,3.27638,1.13506,4.09581,3.96536,0.583286,3.7462,2.03152
0.39456,0.0630031,0.900905,1.33969,8.24196,4.41236,20.0581,8.63981,6.92077,9.83429,0.631357,7.87975,6.43278,4.79567,6.66225,9.69679,11.3115,8.00543,3.95773,0.494776,2.58567,4.51783
0.00574257,0.13969,0.425839,3.10146,7.86566,29.387,23.6391,6.51437,0.698918,7.57645,1.68497,15.4043,9.66694,0.799934,2.94988,7.76652,12.3869,14.6938,9.5945,5.24815,3.3622,3.74441
0.11639,0.0480427,0.209163,6.95011,10.3754,17.1698,34.7713,13.3692,2.03314,7.19842,3.72128,19.371,10.9956,2.73509,1.25906,0.493495,2.89425,3.82581,1.79521,3.74657,3.10455,2.96367
0.0278489,0.0671206,0.478423,3.74099,16.7628,23.4434,18.3293,14.0071,11.9931,8.61957,3.3266,16.4093,8.69926,5.23836,4.42689,1.19535,0.647045,1.31023,0.0825786,0.363617,2.69949,1.02787
0.183346,0.107401,0.0954749,4.9778,2.68434,28.1262,38.9065,8.61733,6.69636,3.32102,1.82349,7.71695,4.59609,2.34394,1.26179,3.60847,0.407813,3.7994,2.07067,2.93046,4.13605,0.288033
0.151909,0.02841,0.029844,9.72007,21.944,10.5137,3.32573,12.6771,10.3425,4.17694,0.345091,4.19676,1.77708,1.71674,0.962721,1.00402,7.55017,13.0769,6.3061,1.73213,2.93641,0.95375
0.206957,0.286926,0.192092,3.90023,14.193,33.2469,27.1416,3.25375,11.7574,6.58413,4.39953,16.4481,7.76885,5.36313,2.08925,6.88467,10.6487,5.60297,3.97595,3.64567,0.806122,1.85769
0.320366,0.329836,0.289125,4.54623,11.0613,6.19559,12.887,3.85958,0.559746,7.31406,8.14041,26.1125,14.5617,3.19582,0.329994,5.734,3.96998,0.94056,0.385565,1.57625,1.20324,2.03402
0.163385,0.159366,0.894929,7.83624,20.7603,27.4415,8.95567,14.4928,5.42143,9.22979,6.95291,27.4485,16.8342,1.20206,2.41301,0.890245,7.08748,5.2965,3.7089,4.5712,1.50324,0.634536
0.254269,0.349779,1.21731,3.44493,5.11065,23.3392,30.3883,9.85817,4.32256,9.20826,5.08468,23.748,16.0211,5.19452,6.17491,4.23001,7.14001,13.5695,4.98462,1.94106,0.282777,3.66676
0.00193808,0.351507,0.423159,0.37769,9.83879,12.3053,5.00055,18.0848,14.1065,7.74695,4.14119,16.5558,12.3629,6.49053,9.0007,10.4366,1.41057,5.85026,1.73293,0.375071,0.61323,3.54189
0.0390576,0.270805,0.70044,1.24078,5.59064,28.9764,40.9974,23.1368,10.2843,6.20995,0.05084,4.25037,3.67187,2.91577,4.9875,6.3526,3.69608,1.16008,1.34194,2.59845,0.353251,0.453636
0.110187,0.370644,1.4925,2.95685,3.07551,2.65947,14.5572,12.8024,7.06316,2.04409,3.20192,8.483,6.52609,2.11137,0.77071,0.4665,2.93148,4.38011,2.31701,4.42497,2.58229,1.44339
0.0223751,0.0171495,0.781515,5.59735,0.531145,24.5077,35.8329,23.5467,12.8295,7.70673,5.97188,20.3878,14.4807,5.72035,3.93053,1.02805,5.68783,10.5628,6.31531,3.14661,3.09182,1.84071
0.200788,0.35104,0.685019,4.2676,9.24273,11.5355,20.4641,5.31577,1.65188,6.82456,7.77879,27.3253,16.85,4.41058,3.25886,2.27921,8.34346,7.48358,4.52761,2.04745,1.62369,0.627449
0.104962,0.197436,0.747174,2.6221,5.30413,17.436,18.1406,13.8655,1.74031,10.2436,5.62432,27.2192,17.5783,1.27773,0.88667,1.67486,0.401426,0.691552,0.376578,2.05094,3.03128,2.6714
0.262016,0.172532,0.232309,9.31665,11.3736,19.0715,24.3154,1.2856,5.95734,11.9618,4.41826,19.8286,10.178,4.68368,1.5229,7.14699,9.86239,5.52619,1.61916,4.03419,3.62982,1.44931
0.0225135,0.146265,0.287453,7.46081,18.8699,9.8913,4.50668,3.87533,13.8182,10.6885,0.270179,8.05715,2.66033,5.26096,1.03288,6.52091,11.8924,14.2861,9.84478,3.05658,1.55777,0.52304
0.0787219,0.152884,0.385953,2.73117,0.27977,23.2133,24.9316,1.83721,2.97849,1.23194,1.62009,2.29839,2.44499,1.28966,0.811019,1.44961,3.15394,6.08632,2.64973,0.943427,2.63054,2.01672
0.0280869,0.156464,0.184868,9.73499,19.3114,4.2682,24.6207,5.49322,8.48918,4.02514,4.11818,12.6927,7.74468,2.37215,4.70995,3.3465,1.24812,5.89846,7.73602,6.21109,3.59135,1.53275
0.117799,0.157347,0.933809,7.0199,15.4593,25.1505,22.6953,4.9791,5.27698,6.12682,4.45728,18.4374,10.3045,4.13947,7.23545,7.43134,0.29273,5.46821,1.51743,0.160877,1.53428,1.71273
0.0944651,0.403333,0.837813,1.22294,5.20851,17.4853,31.7927,7.02855,0.249,9.20102,2.53214,18.3315,11.0508,2.06832,4.70875,3.76749,4.73732,9.88701,2.41157,0.742444,1.28868,4.51309
0.19017,0.114563,0.203335,5.60859,14.9876,17.3889,15.3169,5.93552,1.61701,7.59855,0.546174,12.1974,8.35638,1.59644,0.379709,2.60782,6.59909,5.81864,1.06415,5.34517,2.72025,4.32841
0.462065,0.300815,1.42084,4.49758,6.36803,26.5061,30.3544,0.735104,13.9544,9.81904,3.52601,1.5284,2.98287,5.0778,3.7325,0.946507,1.98847,5.49267,5.18693,1.90587,0.133265,1.49226
0.173387,0.372729,1.44482,2.48037,4.07287,2.13221,2.34234,2.62171,9.2522,8.45921,6.53441,10.7052,5.03144,4.96375,3.91275,3.04824,9.24466,6.9049,2.42469,4.29571,0.554998,1.72849
0.340512,0.221351,0.0256019,1.60498,1.64598,22.6301,19.6345,6.9998,5.21955,2.75869,8.95951,20.3264,11.7022,1.49074,2.69068,1.23586,6.227,9.29469,0.10051,3.36801,0.149663,3.48116
0.529494,0.379906,1.17402,1.91947,2.44206,11.5051,25.125,18.5603,12.2103,5.85358,8.61111,24.3654,16.6363,3.2633,2.28695,8.20576,1.66002,7.08966,5.07888,0.144488,1.6334,1.03372
0.151142,0.171381,0.699834,7.81208,5.08508,12.4462,7.02931,8.23339,1.26375,6.48329,5.99195,21.2353,14.804,5.82483,0.270375,7.20712,7.39593,6.10914,1.2716,4.1398,3.12104,1.25448
0.127569,0.386651,0.161431,7.76694,13.4541,15.7909,39.3822,27.8316,8.17024,5.74371,1.98047,14.3021,10.7028,5.31493,1.32774,1.94078,5.6834,7.64941,0.190873,2.49589,1.87857,0.616738
0.462273,0.0317978,0.156727,0.435726,4.77085,5.11615,2.08213,1.7077,3.74393,8.34723,3.01412,1.37558,0.485626,1.36452,4.63485,6.26476,8.30962,8.00577,2.79106,0.977195,2.38944,1.67682
0.0117685,0.0947006,0.172972,10.5773,14.8048,17.3294,40.5111,29.11,17.7305,10.348,8.18363,11.3788,8.18694,4.67699,6.75834,9.5679,8.90505,7.46521,7.68959,7.00748,4.67727,4.96827
0.200786,0.110723,0.0922028,10.4402,19.8839,0.517721,7.06851,9.4764,11.7192,6.08716,11.3072,21.4391,14.2189,4.79136,5.86195,4.99393,1.11976,6.43543,3.40099,1.27182,2.50602,4.20173
0.0427358,0.312892,0.247275,0.368575,3.0914,16.883,28.1379,20.6781,6.16416,1.27146,12.9073,29.2937,19.2013,2.54211,1.72312,2.02192,9.96132,10.9293,6.23123,1.03422,2.32514,2.15919
0.28464,0.069102,1.41926,7.88841,17.3391,16.5244,29.8185,7.11394,14.7749,2.65476,14.032,28.9401,13.0418,4.25922,3.22915,0.294205,0.0166303,0.0986568,0.951786,1.63842,3.2416,1.41809
0.197727,0.436022,2.19059,10.9339,10.4586,9.96401,15.0306,0.627305,3.14283,1.20987,5.50954,15.9117,7.80107,6.36813,6.18372,2.79327,5.09687,5.73758,1.84599,2.91601,4.95885,2.92694
0.383766,0.49379,2.28969,2.40723,7.37265,45.2123,43.0546,8.29019,13.2943,5.35547,12.7677,8.51004,0.248862,2.92492,5.09583,0.10988,8.55255,8.6772,5.54393,3.45143,1.29252,1.19104
0.632019,0.152806,2.67864,6.92283,7.93141,6.16851,20.7518,11.3274,6.42481,11.486,15.9747,19.3804,8.10686,1.94769,0.911362,7.95452,4.69055,5.09035,7.26344,5.80347,2.70252,4.68979
0.486918,0.741805,0.921302,0.0427671,12.173,48.6699,45.7634,0.0167741,14.9718,9.49157,8.73059,13.7821,7.33826,5.5082,2.28197,2.68521,2.86423,3.67968,2.15693,2.26504,0.22591,1.50804
0.656363,0.0231026,0.583027,4.31358,5.30565,13.1009,4.86276,13.8256,10.2778,3.71807,4.97978,5.65385,8.98364,1.98719,0.688349,0.000964802,4.41263,3.05913,1.70749,3.14555,0.384346,2.94757
0.0355051,0.463686,3.12339,8.96075,3.54996,21.3536,26.3995,0.530608,8.453,0.203416,5.42498,14.5776,11.676,1.3176,1.61357,4.44865,8.09451,6.90037,0.372092,1.48385,0.0592852,1.31427
0.0248141,0.27653,3.55559,4.92957,13.2573,27.2201,8.56935,7.12823,3.84803,1.38882,8.04068,20.2448,12.8904,2.58002,4.58999,7.04862,7.33154,7.48765,1.5424,2.79442,0.120862,1.82433
0.306753,0.237205,0.863121,6.48282,12.3818,15.8181,9.98147,4.08652,0.958978,4.75272,7.50942,19.1929,10.0619,2.61866,2.57579,4.26214,7.88926,5.17763,2.79763,4.48034,2.18805,2.37376
0.030063,0.458202,1.19496,8.22787,24.6983,27.8976,15.185,3.3213,4.96434,4.76514,2.80638,10.0491,5.45197,5.50749,4.99121,1.04617,2.10574,1.21371,3.18176,3.94622,2.59728,0.013433
0.208788,0.233166,0.57041,5.38474,6.29111,16.441,26.2782,12.7001,12.6084,10.9914,3.33899,4.33393,3.59794,0.648485,0.258836,1.94851,5.1206,3.3427,4.37281,4.15545,1.67123,0.0620757
0.226328,0.540497,0.235222,7.73892,18.1303,32.7642,37.0429,8.41055,12.3619,8.31773,9.40146,16.6797,12.6909,6.1763,3.56807,1.74971,1.32627,7.02351,3.27809,1.3308,1.6085,1.80393
0.175124,0.57514,2.53337,13.5119,26.6331,26.4508,12.5738,3.38731,1.65357,3.60146,6.46717,16.8164,14.3171,6.42468,4.31242,2.74988,3.00709,0.740647,0.583599,3.48559,2.80179,0.546282
0.370735,0.187605,1.63429,7.0243,5.80286,3.16381,4.66985,7.45828,8.89411,1.62683,7.2208,12.1421,7.94263,2.12573,6.5051,9.85968,1.1613,7.78092,2.49553,1.59011,0.687997,1.2135
0.0874242,0.575103,4.47739,12.0003,17.9709,24.6928,18.6578,0.353128,2.51203,0.916583,2.06266,3.66684,0.339812,3.63737,0.0179932,3.67541,5.97218,10.8631,2.96359,0.36229,0.299603,2.20312
0.536527,0.59403,4.1649,0.737981,17.953,48.7824,54.95,29.6545,7.86777,3.14508,4.76137,5.5104,5.46856,5.14323,2.18851,0.690183,7.08209,12.7884,9.73814,5.34654,2.16343,2.08477
0.212539,0.0827144,5.96306,12.6164,3.1812,2.99621,15.123,7.01251,1.98757,6.39657,9.59162,14.6894,9.22363,2.58223,1.66717,3.64909,3.54026,6.28868,2.35658,0.278982,0.112576,0.350146
0.310574,0.0657393,1.21449,1.59036,14.3186,41.0714,42.7862,24.4194,14.8343,7.68834,10.4057,21.02,13.073,0.416643,2.30616,6.12393,7.14176,4.94891,5.07904,4.0866,0.480165,0.804816
0.584135,0.228105,1.32968,3.21152,4.29395,3.1676,7.18001,3.93133,14.2436,9.4323,14.6698,25.4039,13.7351,2.93623,3.41686,3.05014,7.14507,5.81916,1.94339,2.72426,1.40582,0.0738441
0.149395,0.664328,1.43073,6.37834,3.00323,4.69811,1.76793,13.9,8.13799,1.65261,7.75832,19.6582,11.4294,3.49895,2.26789,2.65766,1.2037,7.36064,5.17633,1.54397,1.10261,0.194976
1.99232,0.870842,0.352539,6.51024,11.9664,2.04175,0.219696,15.7118,12.7798,0.934014,7.67233,13.7239,8.24734,0.821674,1.01945,1.8417,1.35136,0.974076,4.09548,5.13291,3.21062,0.492023
0.14907,0.2586,1.49432,3.3196,4.5568,32.1149,43.1982,6.45383,4.76969,1.09236,3.74782,3.69559,2.2548,3.64021,4.91364,1.86469,2.69612,7.48545,6.28735,1.23146,1.28796,0.421619
0.940486,0.313685,1.10113,6.50704,5.05146,0.585927,12.0625,23.0713,12.8116,0.363491,4.18736,8.09653,4.61107,3.65338,5.94055,6.06257,7.47087,4.47718,3.35271,3.59454,0.625396,0.860142
0.107318,0.178486,0.0244464,12.3315,18.6366,19.1713,40.9569,16.2072,2.05395,5.09514,9.76905,16.2891,7.77092,2.88311,5.20929,8.10809,8.4195,4.45847,2.57978,5.23113,3.15064,3.06689
0.542452,0.45384,0.18164,6.86546,12.6444,6.64311,23.0041,19.7365,15.596,8.87548,12.8262,23.3862,14.299,0.815274,4.89642,7.425,3.89081,2.28616,2.52007,1.52315,0.605058,1.34071
0.0422881,0.142484,0.340087,6.77376,10.3198,14.3567,32.5246,21.0491,10.9393,6.4363,10.2039,19.8691,13.2194,4.60296,0.326485,3.49025,3.44021,6.84052,0.373261,1.50773,1.32401,2.34227
0.269048,0.304992,0.590147,15.6022,25.521,7.98354,27.8824,14.0119,4.13553,2.86051,8.35043,15.3347,12.0001,4.50979,1.17835,4.16076,4.45892,7.21175,0.587343,3.92549,2.10681,0.467746
0.345082,0.0395412,0.0737751,6.30036,10.8375,9.97573,15.0626,19.0586,10.242,0.210772,4.03691,8.49562,6.30803,2.49245,0.0301746,5.26431,2.65236,2.66677,2.36638,2.03137,2.01685,0.354121
0.0885196,0.431956,2.26189,0.517872,3.36951,22.0486,28.1578,6.2683,1.94795,0.116157,0.599762,1.18251,0.467696,1.99916,2.80005,2.66698,2.30665,0.404516,2.91157,2.48767,0.875194,0.306699
0.0471078,0.0581567,1.89488,9.08542,12.4277,2.3902,1.65297,9.73691,8.79694,2.29683,3.77003,4.63109,5.45908,4.41916,1.74252,2.30751,1.45372,5.32195,1.58141,1.14031,1.05849,1.05674
0.392097,1.52997,0.190684,0.826673,0.923243,22.7916,30.4501,16.2614,19.0248,12.4616,0.832054,0.47775,0.373145,9.42606,13.715,1.71274,5.85939,2.17373,4.35667,1.03535,0.0648903,2.4076
0.609673,1.24898,0.991177,2.30772,6.10223,15.6388,30.3247,0.778924,15.4294,11.3497,7.522,4.64186,2.2506,25.8475,33.6104,10.5288,7.22747,4.52398,2.2281,10.7359,18.2702,16.4352
0.399658,0.287989,0.136724,0.887959,2.67475,14.2748,4.07647,18.2137,12.487,1.20252,4.4232,1.13206,5.50412,27.0112,18.7515,3.48169,3.6978,2.22271,0.00902618,6.10529,12.1908,5.65501
0.213849,0.0882688,1.47586,3.09699,1.09677,24.9832,61.4791,42.2057,3.24073,2.30796,11.2249,8.20082,0.756629,5.26167,5.83142,6.14385,4.65268,3.8963,3.64844,2.60329,9.55297,5.90699
0.355413,0.201169,0.0539461,6.89603,10.6858,2.08458,22.5364,21.3298,2.08342,5.90868,6.12144,4.29386,1.58303,16.3589,18.4649,0.352247,7.37587,5.25303,2.26863,4.59875,11.1236,8.3109
0.289985,0.290854,0.193927,7.01473,11.2014,17.827,37.0045,9.97656,4.74765,0.167077,1.66717,6.05081,5.30637,12.5241,19.7574,7.68857,0.424538,0.164021,2.7494,3.58932,3.25894,2.96264
0.38137,0.674103,0.892079,5.81083,6.63298,6.80364,4.05545,12.1479,5.12174,6.5502,11.8952,14.0205,2.96403,16.8571,15.0545,1.08973,1.01723,3.47292,1.78173,1.69144,5.21733,9.95988
0.913626,0.70649,0.687998,10.2899,16.6669,2.87852,10.5093,3.18553,7.62985,4.91523,2.73531,9.0366,0.223747,19.3944,4.12737,11.2201,0.942131,7.25334,2.80834,0.519646,0.888072,2.97463
0.12708,0.130029,0.951235,5.46934,10.4509,10.2925,11.5281,12.5631,7.08954,4.22024,4.80516,8.09757,5.58982,0.467662,9.51264,12.2966,6.62686,4.83789,0.560465,2.83012,3.04523,1.07767
0.246667,0.115102,1.70986,2.25322,1.92028,0.0448148,10.1689,25.9022,12.2042,3.47674,6.54499,7.42796,7.65363,17.4328,9.35514,13.4368,10.1705,0.00682201,1.45168,0.795125,1.75855,0.704053
0.166561,0.370754,1.03926,11.9846,18.2724,10.0284,32.5691,16.5485,2.44454,2.81884,2.21734,0.99494,1.65057,2.82201,17.4862,23.5217,9.82748,0.00392861,1.70407,1.56346,0.918939,1.76676
0.996302,0.168806,1.51616,12.6198,16.6937,3.12282,1.13757,8.36799,9.34181,2.02417,1.72345,6.00844,5.00652,0.532103,2.80497,8.06633,3.35569,0.369925,4.76881,4.92311,0.93416,0.442808
0.570015,0.10133,1.39315,2.50396,0.454903,14.7932,26.5601,5.3117,10.456,5.93238,5.68791,12.2626,6.99436,0.409788,0.161007,1.54472,3.12991,2.84489,2.31505,0.143807,1.03422,0.781846
0.331195,0.314295,0.355772,5.23113,10.7418,0.018594,3.93719,16.3693,18.0932,0.275119,11.8565,19.4427,11.7513,1.17043,3.02326,8.21315,4.50826,0.771836,1.38583,2.7152,0.980458,0.407021
0.234739,0.745422,2.31093,9.8497,10.0454,18.0961,29.1374,16.8577,6.69589,6.48927,10.4169,18.4279,12.0088,2.84639,0.216631,3.88952,0.38406,3.63783,0.271887,2.13056,0.000802221,0.459342
0.154047,0.45325,0.510129,6.32019,6.53425,10.8157,2.51435,31.8329,33.0437,9.22028,5.90147,10.2384,5.79473,0.267189,1.25258,1.25655,1.03645,1.70333,0.379633,0.0285636,1.42732,1.11416
0.614425,0.270409,0.558555,6.37193,9.34009,7.56482,15.3428,0.306572,6.40203,2.88163,3.3205,3.88086,1.07605,1.13139,4.91012,5.4214,1.94717,0.584608,0.194176,1.19824,0.850302,0.0486819
0.0159732,0.562323,1.17942,0.200713,3.77722,15.7716,16.9375,21.892,24.9889,3.67349,2.23953,3.94217,0.428278,5.34118,1.78976,5.76117,2.88803,2.22582,1.37668,1.47828,3.03735,0.116763
0.232581,0.0461852,0.937386,7.59389,9.21433,0.791402,1.65728,10.5795,10.1691,3.38695,1.73305,3.53228,0.394078,5.12476,4.76615,0.996305,0.220563,3.52083,1.87606,0.53934,0.764056,0.735909
0.120262,0.303106,0.584025,10.6162,15.5794,15.3612,19.6322,20.6329,20.9556,1.38708,3.47966,1.53405,0.404644,4.56283,3.36389,2.31622,4.31799,4.16659,2.56304,0.626402,0.423451,0.793907
0.118967,0.383733,0.157027,2.27184,5.16112,3.91309,20.5127,29.836,16.9044,1.60289,3.83813,4.23712,2.1694,2.69099,0.458641,3.91061,3.64377,1.29992,2.21404,4.54407,1.89798,2.13681
0.665496,0.562592,0.725505,7.65186,10.4097,13.8775,20.9624,9.32831,18.8774,7.29432,4.84443,7.13808,3.96907,0.563425,0.592973,0.147219,0.269848,0.943446,4.09378,6.4801,4.06189,0.30175
0.0913382,0.00793703,0.618798,7.39554,13.1862,9.34284,32.1401,37.3455,29.0731,10.1526,4.45548,7.4318,4.83061,2.92079,2.92654,0.0775691,2.8694,3.22791,4.50355,4.68755,1.81928,0.436161
0.017091,0.11862,0.59552,2.15099,2.95721,8.4316,9.76732,2.59054,7.20595,0.821737,2.87363,4.89933,3.73805,0.262803,1.59967,0.627671,0.205225,0.139961,0.243772,1.05031,0.562441,0.705291
0.0384903,0.322449,1.14925,3.52348,8.14004,13.4579,35.2671,32.5208,15.2785,0.544625,0.840883,1.84843,1.66459,0.406292,0.529861,2.33792,1.76049,0.93911,1.60472,0.25383,1.37626,0.358733
0.0385961,0.248594,0.689631,5.57772,6.58093,0.615647,5.76543,22.8957,19.9715,5.50507,0.0707789,0.253228,0.303948,0.864111,0.922807,1.61647,0.45823,1.34556,1.58592,0.656735,1.04098,0.376277
0.524713,0.38485,0.524311,0.600581,2.01721,15.4661,24.1993,21.5178,18.6058,1.67472,4.47508,3.50377,2.09289,4.27573,4.81847,1.02036,2.11157,3.88213,1.7117,0.71652,0.949203,0.0801739
0.2329,0.0906379,0.982938,1.37787,5.60021,5.96807,10.4577,2.84903,7.54955,7.03765,3.88965,5.47705,3.73346,4.32731,4.39618,0.720191,1.96295,3.16712,1.50984,0.868507,0.861489,0.267901
0.13407,0.67141,0.435345,2.24359,3.42074,11.3026,10.3417,5.35395,12.1349,5.59975,0.49173,2.03618,3.29042,4.26059,3.79197,2.08912,2.43132,2.81641,1.31613,0.114757,0.347204,0.0708279
0.0529565,0.661927,1.00178,4.93993,4.79881,15.4394,22.38,11.7377,45.728,29.7501,2.05699,1.71523,0.203011,1.7173,1.15623,0.186015,1.69023,0.896174,0.727034,1.21594,0.13517,0.483516
0.105801,0.193778,0.210781,4.5273,5.51433,4.9809,3.87777,9.36789,30.343,20.208,2.12898,2.23327,1.91917,0.797738,1.03697,3.66797,5.56047,4.64359,1.05784,0.963366,0.553784,0.336751
0.354642,0.193142,0.718138,0.227572,3.71839,14.2066,28.0023,9.58416,0.864658,4.10062,0.432064,3.99039,2.89415,1.2888,0.654288,1.14357,5.43419,6.08345,1.83116,0.621985,0.870311,0.129527
0.338125,0.201334,1.18043,6.74307,5.9835,0.146983,2.11293,12.182,25.3363,16.0677,1.79965,5.51902,2.43054,1.23963,0.448263,0.969222,0.550524,2.49681,1.83882,0.977105,1.3381,0.532543
0.156289,0.101228,0.186577,7.10506,14.2575,6.79544,17.1791,7.07791,28.4815,32.382,8.80661,6.0479,4.77052,0.875649,2.19209,1.359,5.40321,8.2187,2.43357,0.00623323,0.0273913,0.39102
0.0560824,0.250961,0.460289,0.142487,1.54948,6.35212,9.60247,2.83019,0.60332,3.52299,4.36682,5.80869,2.76265,2.53747,1.70089,0.899921,8.68176,13.1072,6.46037,2.29702,1.80878,0.827369
0.197211,0.0294422,0.389348,12.2283,21.7334,0.799787,8.78009,2.15956,20.5847,21.9326,0.595606,5.57054,3.04794,2.5933,3.59317,2.34549,5.27826,8.22471,4.22762,0.776572,0.335532,1.16051
0.08996,0.234099,0.523669,16.5526,29.9668,0.108318,19.3622,14.1981,27.1206,23.2578,5.37488,2.83993,3.18841,1.3325,0.45762,0.912413,0.312412,1.74946,2.73893,1.32872,0.38876,1.04992
0.136345,0.158923,0.0531378,7.31005,14.9893,10.4493,1.26541,5.35184,10.1141,16.3032,4.35387,0.00729543,0.159739,1.1287,0.478089,0.14673,4.22371,5.26547,1.16167,0.606513,0.653747,0.425085
0.0820753,0.223932,0.429665,5.21713,6.86031,12.3967,19.4748,17.9733,36.6748,28.8954,4.75484,1.38834,1.9727,0.295502,2.28131,0.384909,8.00556,10.5518,3.79951,0.759699,0.198079,0.878319
0.144583,0.208726,0.489253,10.5518,18.0172,4.18012,8.96172,13.3061,13.8778,5.14141,1.53058,2.41949,0.782031,1.42933,1.82077,0.135341,7.50814,10.8454,4.19565,0.868041,0.964096,0.177301
0.322076,0.170758,1.4353,9.71491,15.3608,19.7275,20.2144,20.7651,26.0138,12.2785,3.84833,6.31391,3.68963,0.520758,1.01254,1.12179,0.104333,1.08542,1.0951,0.745027,0.369349,0.150868
0.0178046,0.13173,0.0913037,3.53796,9.22049,16.3554,17.7291,26.0657,46.922,33.1609,6.94247,4.98679,2.82519,0.701017,0.688681,1.58905,12.0228,13.4068,3.08305,0.713528,0.175497,0.00542648
0.296724,0.330531,1.62096,1.24006,5.31952,2.59996,18.9405,8.06429,17.968,15.5955,0.903516,3.59981,1.40023,0.191108,0.0518551,0.967293,1.31545,2.51617,0.241465,0.332046,0.740078,0.0177342
0.340601,0.392878,1.72698,3.50232,0.726251,8.84914,17.3694,1.88307,11.7216,8.73831,2.32606,2.43578,3.32454,4.25583,3.76699,3.7727,7.03281,4.86269,0.345661,0.834621,0.366068,0.128113
0.145057,0.0957192,0.643149,4.57493,5.50032,1.53692,9.90905,18.8737,12.6666,2.77659,3.26458,0.957334,1.7954,1.59921,0.282747,3.54478,5.2386,2.58403,0.91327,0.645428,0.253445,0.732618
0.147546,0.429061,1.04162,1.72656,6.8909,7.4322,16.5676,15.3996,15.0894,4.09512,0.187379,1.00966,0.968367,1.97057,0.56706,1.55147,1.46263,0.294152,0.968492,1.3609,0.735168,0.0803874
0.132545,0.321448,0.923863,4.42663,3.73744,5.18477,9.11657,7.20986,2.64452,0.547202,0.276022,1.91923,2.4427,3.18379,1.64227,2.09489,2.80558,2.05935,1.50623,0.681325,0.647254,0.249184
0.0173214,0.0748093,0.795523,10.8071,13.6061,9.60694,18.7689,15.8197,19.7139,10.2396,1.7345,1.06226,0.824712,2.89004,4.71479,3.55689,1.48829,1.59171,1.4847,0.593559,0.552238,0.159218
0.022797,0.157449,0.236337,6.29452,9.31579,9.87482,27.1272,23.0039,8.34243,2.9542,3.10493,2.15055,2.12798,2.59206,2.2329,0.0410827,0.339203,0.355626,0.436183,0.0576318,0.136396,1.15986
0.166038,0.285643,0.239682,4.72412,8.52413,3.5371,17.1188,25.5975,20.6458,4.07882,1.40803,1.66972,1.32871,0.467562,1.47113,1.65091,0.54701,1.56258,0.836364,0.718106,0.042586,0.102124
0.126059,0.326141,0.00325269,13.0084,21.7168,7.86105,27.715,9.68001,1.64811,4.92707,1.94755,0.660045,0.556104,4.85987,5.33678,2.55469,0.542675,2.07557,1.33532,1.31526,0.708566,1.903
0.552863,0.0046802,1.43011,10.87,14.0372,3.01908,8.56234,30.8358,29.2033,9.96377,0.529389,1.59403,1.16309,1.33616,1.32444,0.395051,1.81822,2.52458,2.28061,1.00956,0.690343,0.0461381
0.174981,0.494537,0.460926,2.38132,5.93028,12.4495,17.2157,7.06435,5.69316,6.94905,6.72204,6.93389,4.19975,1.22437,3.23305,1.82877,1.17809,2.32514,0.97982,0.367932,0.268511,0.0888232
0.14893,0.196202,0.596554,13.0194,19.446,1.20458,4.41792,21.127,24.2648,7.01714,1.42985,4.05733,2.34399,0.155087,0.734617,1.68851,0.565554,3.39353,2.75411,1.04914,0.672714,0.0963325
0.190452,0.599913,2.2179,14.9054,19.2849,17.3406,14.1134,2.99338,0.841208,1.48108,1.64196,2.99873,1.71302,0.192812,1.71546,2.61459,0.411796,0.873955,0.70454,1.04975,0.681447,0.563268
0.270422,0.209167,0.974521,6.03088,7.65941,16.6769,11.1246,22.9318,20.0814,3.78345,3.95957,2.55749,2.5465,0.411977,2.28501,3.98174,1.33396,0.279226,0.476982,1.13368,1.34006,1.16714
0.191582,0.173952,1.26629,4.46472,1.06109,1.15462,2.93695,9.05026,2.01767,6.64059,4.23706,1.27674,0.290492,0.092716,3.21505,6.35509,4.181,0.621377,0.3152,0.016416,0.505557,1.24104
0.185228,0.659267,1.52458,11.1,12.4154,17.9037,14.1504,17.7828,20.9124,3.53058,0.357711,1.50511,0.438962,0.736571,2.70932,5.19602,2.08872,0.630989,1.4339,1.07019,0.0729912,0.61697
0.146843,0.397177,1.6799,14.7729,22.1218,13.0404,14.4021,28.0976,24.3054,6.97892,1.54613,3.75932,2.87256,1.80834,4.54846,5.15805,0.700639,1.78617,0.801581,0.0673417,0.115067,0.156536
0.249774,0.0291072,0.0276007,7.6551,15.0831,4.82744,16.8199,6.27104,14.9203,3.27437,1.31494,4.12935,2.9632,1.6143,3.04589,4.18143,1.28283,1.31441,0.633919,0.196929,0.296411,0.758457
0.344144,0.463071,1.11705,6.79137,8.97908,11.543,17.0246,25.717,23.8988,7.01821,1.71977,4.24621,2.2993,0.21334,1.54922,3.0435,1.11953,0.0260902,0.897845,1.13908,0.688907,0.25041
0.356505,0.254013,1.41879,18.017,27.2361,2.80339,11.0581,4.86677,8.41889,1.31252,3.79588,4.28668,2.4733,0.241547,1.65139,2.04432,0.398734,0.347383,0.168713,0.247061,0.114553,0.856721
0.0112202,0.148158,0.544314,13.9615,18.857,7.28582,22.0219,25.1203,21.4364,2.77303,3.30611,3.10278,2.4938,0.138864,0.25709,0.885251,1.12131,1.39054,0.87187,0.13499,0.351829,0.692692
0.298702,0.342019,0.49509,2.67798,6.82912,5.62819,4.15522,10.2821,11.1797,5.2677,2.64928,2.3629,1.04136,0.950379,2.27919,2.19962,0.589112,0.0234649,0.337323,0.230994,0.561097,0.17055
0.0964849,0.122023,0.177063,14.4339,21.9081,4.78703,23.2042,28.3425,26.2447,7.87428,0.959561,1.20235,1.13879,1.14137,3.09968,3.07167,0.410639,2.22563,1.12766,0.0732465,0.544518,0.113498
0.11543,0.484914,1.45719,15.6212,18.3378,5.12165,16.0617,6.05416,3.11197,4.2834,0.0639916,2.85872,1.17543,0.620764,2.34234,5.32313,2.26778,0.731121,0.553019,0.144406,0.572471,0.920404
0.427738,0.482121,1.28657,5.79486,3.99223,7.69143,21.8763,35.0983,27.9384,5.26998,0.5007,5.07566,3.21462,1.02847,4.21906,6.54436,3.26547,0.78088,0.172923,0.436901,0.255614,0.579933
0.0185819,0.0243891,0.20712,4.78511,6.12898,13.2361,17.1272,10.3253,14.7447,1.68208,2.60642,6.46956,3.34825,1.23093,1.23215,4.46759,2.35911,0.234788,0.129659,0.174522,0.0903988,0.212051
0.378565,0.425978,2.05003,12.0169,9.49576,1.9332,13.4241,18.8823,6.43457,1.9799,3.73134,5.77771,2.47727,2.09036,0.115364,2.52667,0.790414,0.0412414,0.302316,0.117016,0.209304,0.301821
0.292028,0.523774,1.51307,11.1278,14.3385,22.1157,10.9959,32.8945,30.0983,1.79605,1.66835,2.53596,2.04082,0.0154284,0.148525,1.68734,2.30868,1.14946,0.667969,0.799498,0.519979,0.466198
0.124906,0.160615,0.323761,4.50301,11.0441,8.81904,10.6381,28.5108,22.1007,0.123201,2.56243,1.144,1.46516,2.01373,2.49849,2.08182,0.990189,0.271179,0.443202,0.854043,0.415629,1.77345
0.285402,0.434892,1.90105,7.96798,7.07614,10.4602,13.638,5.48852,0.144706,1.79312,0.427941,1.15344,0.796719,0.0585791,2.7253,3.51782,0.694354,1.14803,0.981756,0.848526,0.406319,1.03618
0.397259,0.327421,2.36832,16.739,25.7798,21.2091,19.0904,19.9768,13.2502,2.67983,1.07091,2.89244,2.75732,1.31538,0.270932,0.813969,0.501896,1.41831,1.05906,1.44851,2.60623,2.5383
0.0677851,0.0665831,0.304224,9.81401,17.8053,3.17727,11.6049,12.5703,6.87638,0.177851,3.37066,5.81073,3.12197,0.861627,1.32823,0.262694,0.115046,0.0262331,0.880298,0.593231,0.0515832,0.251819
0.417484,0.260856,1.33891,6.80017,10.0385,17.6243,19.9762,8.53777,1.33688,0.643262,3.61141,5.52502,3.00838,0.398392,0.630571,0.503423,0.218364,0.804633,0.388133,0.744426,3.04521,2.60807
0.0260132,0.441738,2.29881,17.1219,27.0266,13.211,10.0816,20.328,13.6196,4.34398,1.97277,2.02317,0.911385,0.86499,1.40292,1.94593,0.263984,1.73006,1.67995,2.77278,6.38515,4.69075
0.149514,0.36039,1.37879,2.82231,6.05144,10.8961,4.84574,13.0416,5.15477,2.27882,0.848499,2.53715,0.890957,0.0444864,1.37734,2.15317,0.525744,2.04088,0.0239627,3.85759,7.21104,2.58365
0.00187071,0.105653,0.465127,3.64804,10.5635,21.0164,25.6986,9.53565,3.85323,2.31906,3.75363,2.03252,2.58443,0.20366,1.92179,2.57288,0.114345,1.26184,0.311174,3.06146,7.00683,2.9609
0.0666737,0.563114,1.87267,1.09725,10.0125,1.42961,7.58692,2.7339,1.30838,4.43054,2.51075,6.63312,3.68639,0.671564,0.677855,2.78884,1.81786,0.466111,0.858388,3.58332,7.02799,3.59887
0.0237225,0.258224,2.85629,13.4822,9.79753,20.7856,40.3097,20.303,5.97728,7.89255,0.363326,5.67738,3.92221,0.0703848,2.14296,3.51724,2.4471,1.31312,0.426112,4.24457,7.82502,3.96641
0.0329618,0.310359,1.74612,5.47964,2.52558,4.1351,18.0658,23.8441,7.53369,0.0363664,1.13438,3.00605,2.45623,0.953472,0.91309,2.88804,2.46323,0.936288,1.09827,1.70376,6.76053,4.23988
0.1088,0.0671032,2.02168,8.33594,2.40037,21.4913,19.2212,6.70439,9.47941,0.947395,1.38124,1.30985,0.587602,2.56384,1.08458,1.53413,1.60196,1.67797,1.43299,1.93627,6.01768,3.88223
0.0441325,0.00766733,0.870677,2.20566,10.2976,16.225,2.30771,13.0564,1.41542,2.49236,0.902409,4.75238,4.4998,1.21655,0.848774,1.09381,0.655985,1.48649,1.95834,4.13421,6.2007,2.24054
0.115847,0.451334,0.139492,2.71642,5.57228,9.48526,8.00446,22.5385,3.4407,5.89386,2.7542,7.35978,6.48851,6.55035,5.21344,2.61967,1.03671,0.916854,0.893546,4.9113,8.61795,4.08316
0.439032,0.194748,3.85922,16.718,29.1716,34.5431,20.1174,1.56757,0.477601,3.83341,2.23659,6.72249,10.1865,10.6875,6.68045,1.66726,0.159667,1.51459,0.0373109,6.74294,9.27633,3.34336
0.084799,0.784067,2.08521,3.70323,0.225203,2.11693,23.1565,32.4879,9.37158,0.655996,6.9681,12.5628,9.82101,10.3746,6.69762,0.293422,1.55788,0.7444,0.154993,2.261,2.87451,0.549541
0.24832,0.155012,1.69803,9.39003,19.1515,32.0034,32.9774,16.12,6.76906,7.0475,1.82697,6.01733,7.86456,9.3344,6.53195,0.751514,0.640922,1.17903,1.51883,3.5968,4.32178,1.40447
0.0872363,0.284142,2.75469,1.8549,13.8508,18.8222,34.9759,34.1963,5.71509,1.13369,5.64066,5.2146,3.45591,3.40631,2.49288,2.07866,2.83626,1.53874,0.780069,5.80805,7.7071,1.43076
0.232079,0.653164,3.28311,13.6324,9.73404,16.8994,39.379,32.7093,9.4273,4.43401,9.01999,7.49259,6.71943,10.6501,6.86133,0.736596,0.390767,1.62924,1.50999,4.71672,9.48071,4.18237
1.05926,0.47383,0.169202,6.86368,17.9433,27.5928,29.778,12.6943,2.08941,3.6955,0.230449,8.13549,13.5773,20.3237,14.6085,2.03211,1.72912,2.40058,1.2113,5.6993,9.82771,3.96924
0.630719,0.238955,2.9289,15.654,20.6308,0.690541,29.5853,31.4735,8.1503,1.24927,6.44637,12.7288,12.8969,15.783,11.4035,1.6785,0.829683,1.08963,0.35164,6.18258,10.2268,5.41622
0.36217,0.396558,1.93428,3.77851,12.3971,31.2462,20.3419,6.01025,2.63985,7.02137,1.70003,8.13816,7.17488,0.533179,0.781785,0.0898526,0.930413,2.52145,3.31114,1.63363,7.46508,4.79706
0.420838,0.0837683,1.27614,3.9654,3.59417,11.9269,2.7194,17.8418,12.5839,4.68894,2.35792,8.21773,1.88332,11.136,10.047,0.288714,2.14603,0.649805,0.645281,3.99061,7.39939,3.12977
0.226456,0.369603,1.27558,2.35059,10.1929,25.1637,4.37824,24.537,15.4331,5.69428,3.58196,0.0968253,2.99773,7.38221,3.43148,2.29114,2.47394,1.10593,0.416768,3.03023,5.8092,4.03486
0.225071,0.645915,3.22701,14.4071,5.74597,24.9889,35.0716,13.3644,1.29349,0.681479,0.0357847,1.57573,1.37244,2.34811,2.27108,0.770819,0.991436,2.0855,1.20145,0.862641,2.00841,0.706434
0.601199,0.652412,0.327536,5.92504,13.2397,13.6246,7.39663,26.0568,11.3207,4.32691,7.32361,10.0908,4.20077,4.88535,4.42901,0.0225169,1.97368,2.15266,1.17367,0.0611653,0.393711,0.765279
0.296017,0.352788,1.89369,3.06005,9.90534,37.2153,54.0831,31.1057,1.19569,0.788446,1.07039,8.41021,3.73099,5.42921,4.13008,1.66191,0.370418,1.66275,0.593749,1.38829,3.76367,2.06095
0.245447,0.0484799,0.57529,0.386505,3.12414,3.51322,29.6057,39.2814,15.0443,0.771291,2.97658,7.6533,2.14721,5.58238,4.807,2.28382,0.296173,1.68474,1.09205,3.60617,2.81838,0.329081
0.00788729,0.272247,0.196996,10.0083,24.5868,43.3267,56.4451,32.62,2.53341,3.5577,2.08161,0.39867,0.212347,1.74528,0.899837,1.31949,2.24585,2.05738,0.221713,1.11359,0.279804,0.216205
0.547517,0.14481,0.988398,11.824,16.5923,33.116,72.7055,61.7583,19.7362,4.95732,2.05891,3.63676,2.0109,2.30063,3.32513,3.00949,0.691745,1.11668,0.530519,1.34606,2.53423,0.577949
0.840354,0.774606,1.19535,7.53822,16.1017,5.09053,17.1564,9.31756,6.90718,5.43952,4.72676,9.05743,5.76609,1.85096,3.70553,2.7068,0.710333,0.858845,3.6824,3.9533,1.91264,0.91814
0.430543,0.237188,1.74649,10.8641,23.98,15.9257,0.450401,7.5307,6.88817,6.71931,9.71163,11.1169,5.89963,0.286194,2.07466,2.50417,1.71215,6.13837,7.16599,4.31741,1.03831,0.0176429
0.288544,0.0740787,1.24337,2.79366,2.23138,30.3268,52.3597,27.3046,1.92637,3.03363,4.92258,12.1957,11.2748,3.79477,1.20463,4.62907,2.91322,3.29448,3.01664,0.140356,0.314532,0.889045
0.681537,0.375169,1.01762,4.61618,12.1483,65.5574,76.6465,30.17,7.04384,3.87659,3.0731,5.61882,3.96031,2.33846,1.07819,4.78805,5.97906,7.84224,5.58926,0.8223,0.780974,0.607367
0.139206,0.0183523,0.621754,4.7674,10.7636,25.6522,26.8281,0.479642,8.89209,1.9095,2.58121,6.14095,2.65063,0.560998,1.18752,1.97641,5.20736,7.74953,4.02599,2.0754,1.81502,0.666904
0.38451,0.0101178,3.32971,11.7601,5.25422,47.4913,40.8727,7.70714,3.05888,2.63608,8.46944,17.1218,10.0843,1.70669,0.771868,1.87755,5.74308,5.77707,1.26384,0.33581,1.22792,0.444101
0.0179842,0.426392,3.11233,0.505296,3.93422,32.594,34.3018,3.53477,7.51591,2.86017,10.7454,21.5667,13.122,3.28229,3.25561,2.50141,0.642526,0.657435,1.28762,1.05329,1.24053,0.410319
0.0875279,0.0106014,2.5305,4.78947,18.6741,47.3236,40.3942,8.08689,4.98297,5.90559,10.5914,20.0036,13.5834,4.011,3.29024,1.75971,0.63285,0.435432,1.59048,2.23628,1.10734,0.212517
0.0419698,0.236543,0.121985,4.12633,4.45589,35.2316,39.3505,5.2689,7.92042,2.54194,8.29941,12.9035,8.29373,0.0179761,1.0682,0.884455,0.668927,1.80219,2.52617,0.773922,0.441955,1.27853
0.134725,0.00529592,5.27397,17.771,31.4014,41.4408,28.8929,7.02225,5.42574,5.93488,0.700159,0.982064,0.0394186,3.95672,4.36495,4.39718,8.65084,6.5739,0.432431,1.7059,0.459135,2.03268
0.15034,0.812971,4.15211,1.71561,15.8234,24.8758,23.3626,4.17761,8.87049,5.33049,5.39548,14.3162,8.84707,3.0295,2.71815,0.122359,1.94197,0.0638464,0.92925,2.59711,1.45729,0.549796
0.0872676,0.318059,0.697614,1.0648,7.35127,15.2856,14.568,5.22671,1.46106,3.86492,7.83085,26.3434,17.6493,1.06858,1.66273,3.16955,2.57477,2.69477,0.780102,0.558921,0.646723,0.640018
0.391989,0.220776,1.60882,6.81232,14.0924,12.7347,11.3545,2.8048,10.7068,0.150823,7.99508,30.3625,20.9652,0.934281,2.94787,9.50244,9.87951,3.91401,1.31489,1.62412,0.315639,2.85174
0.173022,0.264519,4.51912,14.2323,14.0095,12.4987,16.2507,9.83317,3.99309,2.20317,16.8298,32.8678,15.6497,5.20776,4.31155,3.44491,16.5186,15.8195,1.38529,2.66368,0.121307,3.68488
0.021371,0.311499,0.846968,0.703698,7.76132,19.8528,27.0119,25.8685,17.0367,3.31462,20.2527,34.7156,17.7587,5.96028,7.06089,8.13579,7.80201,1.35154,1.20956,0.46599,0.598986,2.4839
0.500853,0.0660614,1.9312,6.45732,10.6591,21.3451,24.451,11.219,0.477825,3.38821,17.6854,25.9957,12.7276,10.0184,11.2384,2.97607,2.38192,2.62986,2.27049,4.30501,2.04583,6.02295
0.806642,0.329508,1.32181,4.94411,17.161,31.0548,32.2105,15.6638,0.0796722,2.3303,7.46025,7.85445,0.802825,2.9459,0.918236,1.51045,3.09426,0.508224,0.811993,1.13451,1.47302,2.56792
0.365047,0.0580442,1.88074,9.53269,4.22462,27.4426,39.3771,26.4974,17.5112,6.83319,5.1656,13.2852,11.4179,8.73625,5.96321,7.08207,19.7282,14.962,3.09744,0.999883,0.17432,7.74265
0.254604,0.432515,0.194152,3.09768,1.71785,29.0859,36.4589,18.0632,11.0023,4.96446,14.574,28.9958,14.9643,0.609426,1.98063,3.43274,11.361,3.93794,5.7847,4.72809,2.27696,4.60668
0.0808929,0.399938,2.27719,8.88301,4.92153,18.7456,28.3094,15.2156,1.45952,2.91803,17.3885,35.7694,18.0263,0.213723,1.23887,1.62785,11.7335,10.9069,3.91965,1.76238,0.175259,3.71273
0.119269,0.331148,0.620991,9.17309,7.87498,26.482,39.8958,15.7339,1.17036,3.16132,16.94,30.2993,14.7787,1.19114,1.6552,1.37477,1.76682,2.86693,3.73539,2.26244,1.5318,9.55251
0.21955,0.0793204,0.445922,3.37531,9.14581,11.5076,12.3944,18.8736,16.9862,4.79039,10.6513,18.4438,8.3334,2.47495,3.24286,6.88259,18.1044,16.895,6.23365,2.57862,0.062249,4.17065
0.153261,0.136382,1.77482,0.504209,0.276988,14.4767,19.5649,5.85273,2.32679,0.333731,6.31495,4.66948,1.19108,1.49621,1.16025,1.44343,9.39278,5.10006,1.62131,1.03301,1.91644,0.32196
0.194546,0.0942907,2.73371,11.4926,15.3503,1.74496,0.328692,20.7614,22.6089,7.34414,3.60935,14.1389,10.8321,1.95494,0.230213,5.69944,13.1917,9.88845,1.0693,4.18146,0.16056,8.14826
0.118083,0.58985,0.197207,10.7702,13.2564,0.540056,4.33444,0.117501,7.79147,7.90491,18.1786,32.78,17.3979,0.242733,3.28193,3.38693,0.280442,1.55093,2.43254,2.4869,2.3474,4.94054
0.100452,0.235057,0.593676,1.0139,6.84662,23.9085,22.5787,1.29319,0.337939,5.48245,18.435,35.6589,16.7545,0.83389,3.14327,2.11704,16.5141,15.9675,3.9673,0.171326,1.75964,7.66614
0.255582,0.571923,1.97102,2.09002,0.143474,20.4955,28.1484,22.0235,17.7534,8.1338,16.6648,26.8317,11.9381,1.7715,0.560015,9.18086,15.2508,6.12103,2.23657,3.80545,1.60592,5.30971
0.610903,0.4317,2.75263,7.83045,14.8019,31.0642,28.8901,4.15691,20.0335,8.04811,5.33564,6.77489,1.97112,1.77396,0.0738548,6.06414,21.8979,16.1279,0.45943,3.47577,0.964647,3.13764
0.241985,0.326302,1.99303,8.98676,17.1533,28.2113,25.5033,6.92114,2.49954,1.58384,7.109,17.1344,12.5809,3.55083,0.543517,6.39436,18.1908,13.5586,1.30657,0.691081,0.729853,8.2477
0.249481,0.349528,2.38825,0.0270618,4.93761,35.3782,38.5676,8.0741,2.27847,6.31913,18.588,33.4898,18.0787,2.86779,1.65277,3.67138,4.42575,0.374941,1.69364,3.42871,0.35313,0.147611
0.33099,1.05271,0.79494,3.07907,9.5821,26.4148,31.821,19.7783,14.4796,5.76062,19.2739,36.8317,18.0426,1.13756,1.44601,3.02546,1.23768,3.64683,1.78025,1.57261,0.26343,6.51831
0.0758723,0.163762,1.20089,8.62179,5.10691,19.9932,22.4882,0.488344,7.13114,1.09921,12.2373,26.9087,13.7171,1.19502,4.24554,1.5377,20.3838,19.4595,3.79024,0.211633,0.0220071,4.4029
0.119405,0.0489879,0.821722,6.8987,3.71639,18.6265,22.4816,12.2917,9.33469,1.40802,3.71372,12.0949,7.29132,0.813506,2.13337,7.71248,13.7284,10.6609,0.324238,3.90041,1.4695,2.23308
0.0259397,0.152075,0.624663,2.20039,0.218989,13.8987,18.1838,0.550482,14.6069,10.2864,4.48252,3.08853,0.136988,0.910104,3.19078,7.84984,18.1989,22.648,7.88653,0.725071,0.743175,0.146191
0.1578,0.104754,0.0319864,7.84034,5.42089,26.4516,37.2882,16.9489,0.585661,5.45712,5.15032,15.5744,8.74477,0.592295,3.26253,6.51343,16.7882,26.4632,14.9446,3.37603,0.98171,1.58124
0.30831,0.115328,1.40747,9.06505,8.68714,4.7539,5.19765,2.31445,1.13314,5.11721,5.1238,21.2609,16.0502,2.55639,3.80911,9.03022,20.1904,28.2967,17.1295,5.09922,0.824501,1.33374
0.274096,0.22834,0.830999,1.61681,3.89029,26.499,33.8612,17.4583,4.24775,0.747779,4.41162,16.3287,13.2779,1.97476,5.13224,4.64148,3.14722,11.27,8.77326,0.142771,0.250403,2.56118
0.0169457,0.135624,2.38072,0.821269,0.113006,30.3416,36.7163,6.28783,0.320327,4.30652,4.48103,9.62385,6.88132,0.308234,2.30151,5.10547,5.65128,8.2049,1.79408,4.64538,1.82513,1.10647
0.00662862,0.184826,3.63061,13.3911,14.077,4.97774,5.29245,9.49612,0.79082,4.52233,1.35791,5.27707,5.10037,0.782524,2.23235,4.05242,4.27435,6.3431,1.13141,3.82039,1.52011,0.229339
0.429905,0.473365,0.972986,2.45644,13.6439,43.5816,45.2625,3.73551,10.436,2.37959,8.67537,22.2524,13.4076,0.906301,2.88259,2.84631,7.02898,11.4097,6.26121,0.0649686,1.38668,3.57731
0.373053,0.307149,1.20379,0.37839,4.14471,26.2534,27.6686,1.56612,1.14557,5.50562,10.4956,29.3236,18.6827,0.580252,1.58997,3.43007,14.4629,18.54,8.60343,3.13654,1.63226,2.69296
0.540335,0.0691642,0.549057,2.79928,12.07,31.3778,30.0705,3.69813,19.1227,7.4555,10.7197,25.628,16.2336,2.13134,1.72335,1.16971,6.60745,11.5325,5.37954,1.23707,0.490296,0.840246
0.318595,0.156948,3.68702,11.5912,21.2275,44.8972,42.6464,4.23507,9.61037,3.97402,7.18408,19.6653,12.7831,2.06331,2.06898,3.02592,0.0301886,2.32144,0.0290246,1.72201,0.734861,1.04303
0.24353,0.44747,2.2394,2.98417,6.05819,8.30878,10.5407,11.3664,20.1024,7.87693,4.23125,7.66818,2.78597,0.830678,2.26699,6.438,9.08244,8.0313,5.06262,3.10348,0.681398,0.17302
0.0357232,0.47745,0.280436,1.16573,8.15362,44.1309,49.1449,6.79749,14.8513,9.25944,1.42499,7.19041,4.73086,0.723406,3.71998,7.28133,9.4586,9.03603,3.23332,0.202651,0.0242575,1.29461
0.558826,0.0801102,0.508126,6.20014,11.0848,12.7092,15.4667,16.6574,10.4714,1.74138,6.70053,15.5268,9.80645,0.818534,5.52588,7.25013,6.60718,5.45535,1.30365,4.08671,0.26338,1.79201
0.577244,0.646429,2.54405,13.1083,11.0814,27.0108,40.6939,11.4606,4.49527,2.28246,5.10217,13.8585,6.82542,4.01826,6.08611,6.87592,8.54338,10.1635,1.63818,4.5093,0.67971,0.806489
0.261732,0.182311,2.41972,1.62382,2.87903,29.9734,50.6373,27.0475,2.58354,6.33234,2.33021,15.1215,10.0073,0.267251,2.72202,4.97974,10.4724,18.0351,12.5776,2.12851,0.587109,0.461776
0.0167812,0.11082,2.12383,1.56684,0.147319,6.0966,13.5036,3.22617,5.42353,0.836245,5.34011,14.9921,11.0711,2.69711,1.57505,3.51645,0.520026,2.55353,7.63351,5.77797,1.80167,2.16342
0.018887,0.08802,3.13655,14.3942,11.3132,9.89524,15.0765,10.2523,1.33238,6.94809,7.22079,9.27713,4.65538,0.907183,3.04367,4.20772,4.95555,16.0813,9.93242,1.04412,1.49146,0.120957
0.12153,0.136347,1.75016,3.7672,10.2556,2.226,1.79674,9.20386,12.7708,3.85239,0.334693,0.409175,0.68367,1.68201,3.9438,4.2036,1.80433,4.24873,1.02239,0.745615,0.552759,0.703291
0.0817875,0.222258,3.06456,7.32839,11.473,19.2484,16.6658,8.52964,4.23446,0.81957,4.10103,11.3541,7.74721,0.174075,0.556129,0.121306,2.51825,4.60058,5.25835,2.80963,1.32346,2.29734
0.0757153,0.158633,3.29949,8.93744,2.86314,4.1744,5.5356,22.0528,29.1365,18.917,2.42382,17.0308,8.93283,2.69157,3.47291,2.15036,0.520482,1.03982,4.50455,3.45165,0.131548,0.261598
0.315967,0.560751,0.33317,2.928,10.2061,35.2239,41.0219,15.1853,4.30939,0.220576,7.09728,23.1616,13.6097,1.36534,5.22118,5.80905,4.17623,6.12316,2.81977,2.8985,1.93639,0.727041
0.0896262,0.370203,1.12198,4.17046,10.6643,32.8316,32.0911,7.04561,23.7935,11.4528,11.1203,20.4794,12.4533,1.05239,3.75707,6.23041,3.53562,2.60346,0.964337,3.77137,0.349931,2.17516
0.0194145,0.376604,0.707761,0.552302,4.50313,20.0807,22.1322,9.31099,6.56903,4.52989,1.76331,5.85407,4.96992,1.46114,3.48855,5.57873,0.528091,1.5676,0.716387,1.1465,0.328759,2.11469
0.0936349,0.344809,2.64774,7.84687,14.2152,39.5097,39.834,1.65276,13.6925,2.52947,2.61839,5.70439,4.19912,0.902913,2.21519,5.32971,3.05849,0.373833,4.32099,5.37224,1.04299,0.190171
0.271675,0.36058,0.551074,4.28367,7.15254,4.75668,4.12738,4.14547,0.0464211,3.65486,3.23307,11.0764,7.69331,1.9929,4.14175,6.37849,1.97132,0.385737,2.6685,4.05726,2.54945,0.82623
0.107291,0.016457,1.46778,4.28128,4.0212,35.0861,39.6864,1.54426,11.9219,3.66676,3.98758,16.7743,11.9481,0.827914,4.63123,8.0263,4.60696,1.31649,1.96102,2.88758,0.76272,0.605581
0.0809573,0.307307,1.31346,6.33673,14.4831,35.0544,41.2045,19.7936,3.13761,1.91873,9.78381,20.8487,11.7729,0.964112,2.64214,5.86372,5.3349,2.62382,3.96735,5.33999,0.373736,0.885546
0.0427385,0.283933,0.627107,9.54755,13.4905,0.492294,2.14794,8.3662,6.00657,0.273328,7.28627,15.145,7.96346,0.463584,0.0263942,1.31904,1.02006,0.497204,1.44587,2.76318,0.454328,1.64081
0.227049,0.170245,0.222702,6.90309,3.10286,31.8137,44.1662,24.9576,13.8349,4.23572,0.0160399,2.10606,2.23116,1.1496,1.07006,2.32357,3.81408,3.5091,0.869761,1.83928,0.302255,0.410932
0.0907651,0.257932,1.3989,1.70244,5.03016,22.3499,28.812,15.1885,2.43516,2.72852,0.128222,5.01271,3.03847,0.322937,2.23758,4.85922,6.63953,5.34049,1.82767,4.17368,2.07385,1.38116
0.154166,0.234307,2.46659,13.1274,13.6563,10.0921,21.0157,18.2096,15.3073,3.99256,1.57123,9.21377,8.33268,2.3892,2.83105,5.14393,5.99323,4.58292,0.804462,0.237109,0.302677,0.811678
0.0872748,0.276554,1.13991,11.0678,15.0978,20.0205,32.2779,6.21651,4.38415,1.44026,5.52472,14.6132,10.9894,2.19571,2.65768,5.79486,5.44605,3.98351,4.49786,3.6337,0.726025,1.24915
0.379495,0.11861,1.30269,8.32843,13.604,8.14541,4.53224,14.5982,17.8087,5.70754,8.75255,17.5257,9.1965,0.266644,5.3204,8.84526,2.8037,1.17477,1.4799,1.60108,0.415345,0.418674
0.0198308,0.090698,1.46814,1.5634,4.34067,33.4825,30.777,0.273099,3.62109,0.795692,3.85156,9.33763,3.86578,1.45176,5.66686,9.00363,2.53554,7.60999,3.57804,2.35665,0.253856,0.540632
0.0473288,0.0089647,3.35497,13.7566,16.0926,6.34303,7.5634,17.8022,13.8558,1.47074,1.1569,2.24424,3.11546,1.70972,6.33956,9.62493,0.914797,5.08505,5.94433,5.67743,1.09146,0.843067
0.299235,0.581547,0.211502,8.16873,26.4386,51.2909,39.0307,3.02597,8.33669,0.860929,1.01012,0.281867,0.377254,1.22961,4.13578,7.52971,5.51538,1.46938,2.05672,2.839,0.275745,2.00252
0.0128827,0.0863181,0.509643,4.50016,9.92434,5.5394,4.25328,12.5294,8.91291,0.317435,0.45781,6.48715,5.43105,0.436722,1.99884,3.28003,4.54102,6.07085,5.61578,3.76425,1.75561,0.275026
0.25033,0.560641,1.03994,0.487976,6.65339,36.2787,39.4085,0.213356,10.1566,0.977616,5.09814,13.8608,9.35491,1.58519,0.684788,2.62077,8.45534,11.3982,8.12059,5.40988,2.85301,0.700633
0.203677,0.193974,3.04904,11.6425,14.5046,18.3509,17.3088,1.97061,2.33598,0.80415,7.16468,16.1728,10.1935,1.09931,0.548673,2.2458,7.48555,9.76745,5.12815,1.84085,1.54406,2.58144
0.326462,0.0270421,0.554234,7.07872,7.58872,20.9875,26.9321,6.08335,16.2767,5.82414,1.84285,9.21675,4.88136,1.96021,1.16474,0.249396,0.956742,0.93684,2.474,2.93185,0.158058,1.88858
0.189413,0.0341497,0.556782,2.74732,1.899,25.2123,36.6852,12.2778,1.37343,2.82686,0.595919,3.39345,0.974306,1.64745,0.531953,2.86253,5.84174,7.09716,4.25594,1.54066,1.11414,0.511826
0.0423796,0.315754,0.221345,3.85508,1.6884,5.32375,1.96677,19.4655,20.3296,7.72641,2.5283,1.32128,1.28544,2.30515,4.61214,8.00042,10.2399,8.20202,0.661032,1.96494,0.585726,1.83717
0.263202,0.109772,1.49371,9.20361,2.68065,29.3668,34.6295,10.726,0.457939,0.243413,3.39059,8.27608,4.59905,2.07615,6.63767,8.53964,5.35465,2.75204,2.0412,3.96669,1.15616,0.608776
0.442223,0.103096,0.364253,4.56914,2.39492,13.1568,23.3539,25.1408,19.5348,6.76788,8.84678,17.4751,11.119,1.75128,4.30942,7.15477,0.55304,4.65494,2.85438,0.656157,0.00994109,1.6807
0.101957,0.108967,0.00635046,3.62728,0.328769,17.645,19.9374,8.56525,1.09894,4.09694,3.55053,14.1979,10.5407,2.58322,2.11231,4.10784,4.86489,10.0565,0.375595,5.53434,2.09699,1.1058
0.0905842,0.100369,0.536949,8.41471,4.8331,19.8962,25.3896,16.8281,11.3852,2.82225,2.12724,7.41756,5.28085,0.268702,0.966764,2.45605,5.24585,9.41197,1.23439,6.40117,2.4795,1.29415
0.40289,0.339029,1.36035,6.75311,8.11302,8.18534,11.182,12.8549,4.32219,4.33088,4.32909,4.62319,0.616499,2.38803,3.63461,5.14267,0.62792,3.97923,0.100091,1.70777,0.637264,2.72176
0.394023,0.298223,0.420063,2.00864,1.3727,18.9306,24.5926,8.29041,1.36121,3.92374,0.00722653,0.327399,1.01544,0.28956,3.37409,4.57212,1.88082,0.291047,3.63488,4.28393,0.135232,0.736356
0.0769779,0.258928,0.0986672,9.10328,14.9922,1.63564,1.18991,16.7296,11.1517,0.910353,5.53101,8.9754,2.60945,2.48151,0.656337,2.72322,6.1365,6.18843,1.97486,4.73925,0.2525,2.18259
0.182128,0.4407,1.59793,12.0797,21.8122,27.6789,21.6117,1.08086,10.8151,7.80707,5.35813,13.7303,6.84728,0.370117,1.90516,1.38366,5.76515,9.26167,3.34121,0.111183,0.390931,3.3188
0.0131918,0.336681,0.67903,4.97672,9.26419,14.0209,7.21266,10.7467,13.281,2.58509,1.01307,9.72201,9.99067,2.5098,3.78477,4.975,1.30647,4.70744,4.35886,3.25431,2.00705,0.503921
0.495635,0.265332,0.897309,5.27836,12.3527,24.8963,29.2093,11.8205,4.5372,4.86767,4.49953,10.1563,7.84861,1.27981,3.4342,6.17203,5.95365,5.18365,1.47073,0.847183,0.847125,1.52265
0.0636385,0.394055,0.563134,10.7462,23.6135,36.7211,32.4893,2.46002,18.9445,6.24062,6.85541,9.46099,0.940117,3.33354,2.88242,4.94276,9.41068,10.7909,6.3354,2.98282,0.804613,3.09157
0.0226849,0.125444,0.64018,11.123,18.5561,5.11003,4.17079,0.0258812,1.08784,0.246043,0.15942,0.455594,1.43691,2.20919,1.75038,3.93189,8.16681,8.73537,5.25507,2.83511,0.159109,1.32523
0.124112,0.229307,0.108795,5.90816,5.67764,24.7001,33.8143,2.23784,18.5351,6.58635,4.40666,6.88975,1.15787,1.63176,3.12793,5.45926,2.20636,0.21882,1.85221,2.47649,1.51532,1.32925
0.243134,0.17589,0.413212,1.74432,6.07603,15.1469,18.1931,8.36792,1.27902,3.62107,4.16757,7.05136,2.60067,2.10122,3.75075,6.86936,1.3374,7.17677,7.18756,6.28577,1.65542,1.08844
0.296307,0.428858,1.36856,14.1387,14.5728,14.9915,14.6144,14.1073,13.8358,0.441506,0.890435,6.19522,7.05102,2.4844,4.62098,4.82478,6.16028,11.8776,7.39082,3.67829,0.579212,4.84796
0.585463,0.403764,0.338089,10.411,14.7354,15.6876,34.9191,20.524,3.36413,2.92972,4.99907,11.2849,7.94025,2.82258,0.977594,0.258702,6.82467,9.68396,1.78483,0.946145,0.0821298,0.60184
0.0977493,0.130735,0.803683,2.06686,10.333,12.4136,1.24376,12.2085,4.93194,1.7878,4.21234,6.72965,2.66066,0.599901,1.36482,1.64215,1.39553,1.48757,2.98475,5.44306,3.55935,1.03456
0.423055,0.134882,0.413227,2.09283,5.4205,29.4985,33.6719,19.8924,8.39613,0.100314,0.941529,2.14754,2.47448,3.00055,3.56219,3.74899,2.64799,6.27901,3.63321,1.76381,0.441209,3.64212
0.390109,0.421808,1.71976,9.61453,7.97688,3.72722,2.30727,3.39682,4.63553,5.31741,5.4963,5.48382,1.95373,0.989045,1.39452,3.01212,5.89142,10.6417,1.74024,1.6761,2.47849,1.79598
0.0871593,0.525594,0.76186,5.81976,15.1556,29.9409,29.475,18.9253,13.5513,6.44477,2.91449,0.853341,0.0998738,3.90559,0.0352636,2.63884,4.17997,7.19131,0.0978429,3.59898,1.58553,1.27439
0.0945014,0.00227524,0.363305,1.74636,5.357,17.5497,6.98688,10.2054,9.10383,3.87768,2.2889,7.26084,4.34941,0.354808,3.35913,6.73296,5.25146,2.81863,0.24737,2.98667,2.70215,3.98925
0.0234454,0.477971,0.928196,3.41756,5.45655,16.916,21.6102,17.4836,16.7798,8.06909,6.52079,11.2931,7.96773,4.85567,7.32726,9.5327,10.6877,9.16852,0.231273,3.25488,0.412336,1.67663
0.41297,0.210744,1.40846,4.27121,5.87362,19.9746,19.8203,3.1957,6.65792,0.0660088,1.77291,5.41792,5.68262,4.94268,7.45789,8.88638,10.3805,9.86324,2.36503,1.10429,0.0887694,1.39278
0.00937232,0.268751,0.668831,2.25865,2.8507,9.68052,7.61271,10.7889,15.7698,8.36327,2.98166,1.64265,0.0283504,1.17868,3.80414,5.54471,6.78699,6.64806,5.60431,3.18098,0.201296,2.48966
0.15452,0.508509,0.974589,6.19763,12.6383,29.9846,30.6554,1.93813,4.77302,2.48303,0.926008,0.124034,0.773684,0.11619,0.607417,0.126329,2.98231,2.84582,4.35618,7.56563,4.21323,3.37416
0.19474,0.404954,0.996873,7.06739,8.10479,10.0168,16.7393,4.43652,8.54981,5.76793,4.25527,2.11988,1.58596,2.65727,0.615595,0.51679,6.48215,9.73073,2.55625,1.26695,1.15132,2.92363
0.129184,0.00295901,0.208861,2.59598,3.52789,26.4732,26.273,1.32445,4.66123,4.75891,6.56393,6.85905,0.77214,2.39405,1.24527,0.00124761,6.72524,9.99204,6.38685,4.34212,0.690858,0.376361
0.244611,0.0372292,0.754885,1.35039,11.5146,29.5152,33.5251,12.684,0.75284,1.83871,3.83644,8.6949,6.02511,2.16866,0.490328,0.817417,2.79648,3.31211,4.16966,3.21549,1.2712,4.4471
0.0974734,0.131564,0.599227,11.0376,15.5635,5.47875,9.19601,12.0331,12.408,0.250883,1.09752,3.7621,6.0254,3.45974,2.67235,3.07357,2.50292,5.51609,1.13435,1.79594,0.875952,1.26945
0.131297,0.0780498,0.755982,12.4294,13.0513,19.1957,29.0571,9.32044,5.00631,3.65385,0.574531,3.05986,1.84112,0.685467,6.06774,6.85022,5.12292,11.4482,6.29889,3.09445,2.81167,0.330878
0.251266,0.00556899,0.143049,2.47247,3.88123,2.33565,0.0116495,9.6259,13.8573,4.03353,5.78147,7.25905,0.683316,2.01539,4.7897,7.52105,2.59113,8.56703,3.08176,0.831935,1.13015,1.58122
0.200485,0.225832,0.0768373,6.40062,5.60363,18.5419,19.5687,3.33228,4.83283,3.46962,0.55611,1.45784,1.18142,0.183409,2.15338,4.62264,1.36082,0.794879,2.27012,2.74235,0.101242,1.60148
0.244856,0.0521231,0.76879,12.3374,18.696,2.54714,2.08988,4.61006,14.2652,6.76245,4.49769,5.95937,0.0644663,2.33603,0.380525,2.19151,6.43355,7.42583,4.59356,2.52241,0.574858,2.70276
0.0300212,0.38052,0.921684,11.3135,24.8569,31.3178,22.9407,8.90736,2.90281,0.0956617,1.0832,3.33242,2.25507,0.244964,0.028834,1.58975,7.421,8.91769,1.26049,1.86964,0.958687,1.06493
0.273749,0.166841,1.04334,4.65838,14.0291,25.1346,17.1342,6.31503,9.67766,5.07723,0.505834,3.30071,6.3866,3.60714,0.99412,2.6293,4.84985,5.08898,2.37708,5.65628,0.806532,1.5053
0.415253,0.24967,1.47619,6.46539,8.17689,11.5597,14.7203,11.6097,4.12376,1.03447,4.51648,8.78722,5.17232,1.03805,1.98643,2.47725,0.517859,2.41336,3.79336,3.87774,0.665114,3.67777
0.0411403,0.51562,0.0548052,7.34988,19.3043,31.9924,26.4841,7.92192,1.90608,0.700987,5.956,7.61842,1.28079,2.55707,0.212251,1.44373,6.3839,7.59565,0.79244,1.40291,0.838361,0.327561
0.117742,0.160336,1.29643,10.7552,17.7087,9.41093,4.02827,12.4366,6.02992,1.30666,1.59424,0.561308,0.110763,0.907983,3.34733,5.70158,7.90238,7.851,0.770712,4.65542,2.30384,1.81499
0.0175419,0.347489,1.26791,2.03513,3.75088,21.2312,32.7242,8.80923,5.73932,4.9254,2.629,0.502515,2.24677,2.84489,4.61546,6.69902,5.23876,2.89597,0.765738,2.11273,1.23652,3.01339
0.36155,0.377945,0.466798,3.44561,2.89599,12.6692,17.1536,4.20128,10.5996,2.28277,3.05827,2.12624,1.14324,2.11281,3.31578,3.87312,1.33865,2.7427,2.05396,2.23373,0.90097,0.189183
0.473207,0.0974328,0.652251,6.74176,2.36249,17.0445,14.0941,6.26713,12.0763,6.55614,0.353049,4.43884,4.12716,2.49442,0.51406,0.679876,5.3784,8.28277,1.91719,0.624502,0.5207,0.936987
0.022711,0.0786665,0.875997,4.38359,0.200937,18.2139,17.2084,8.20383,16.1152,7.34925,7.51689,10.8507,7.23726,2.85958,0.604513,1.49473,4.94602,8.99572,5.40866,2.25315,0.348049,1.17691
0.142398,0.278305,1.36077,3.7032,2.67952,16.2843,7.89148,11.4154,10.7522,2.49016,2.00496,5.09477,2.65769,0.951516,2.24421,2.85085,0.195169,2.08764,3.05441,2.82978,0.961611,1.96063
0.0786296,0.126743,1.02619,6.29668,1.68012,25.048,19.6274,8.282,14.6816,7.46434,2.90232,0.64127,0.172744,2.46786,2.25577,2.54841,4.57949,4.79425,1.89758,0.944874,1.43891,0.525909
0.334014,0.206645,0.252428,1.66112,1.85433,1.56763,0.56229,8.48624,6.46183,1.40063,3.40641,4.39131,2.94857,0.831803,0.912136,0.585629,4.86135,7.78434,5.61043,4.00612,2.01718,0.492438
0.0980042,0.22976,1.10521,3.33639,5.70416,14.5569,19.4978,1.61584,7.92414,4.01995,2.80542,2.05544,3.2206,3.88517,4.67307,4.81549,0.780131,4.24289,3.89804,3.35121,1.29741,2.05104
0.215805,0.0124214,1.09322,9.88276,12.2903,1.48199,7.44303,7.79158,4.01987,4.0634,7.90395,9.07463,3.64848,0.941024,4.46362,6.94159,4.3975,2.19402,1.0794,0.185796,1.1353,1.11068
0.0703583,0.397497,1.21461,8.12202,11.9493,18.8112,23.2916,10.6122,1.93518,1.00398,5.88648,12.0021,9.17854,3.81955,1.30285,4.70754,5.55419,5.98984,4.85002,3.03415,0.156338,1.10989
0.320817,0.373908,0.0254851,0.139325,1.24145,18.2474,28.9913,17.5684,4.72104,2.94559,0.759637,6.68616,5.52548,1.07852,0.132804,1.98822,6.17206,6.99431,3.80052,1.95514,0.348755,1.88169
0.154657,0.0634387,0.592391,6.68152,15.0708,10.3433,5.88465,9.84092,12.9724,6.97983,4.99981,11.4273,5.22062,3.4764,2.95852,2.66928,2.91376,1.29602,0.976016,1.07742,1.00179,1.30806
0.285448,0.267959,1.00006,12.6863,27.2101,37.4673,36.9131,24.0913,14.0651,3.80355,10.7598,16.6223,6.16464,2.32014,3.55578,2.75115,2.83826,4.53822,1.85413,0.533927,0.234161,0.150803
0.0948318,0.13688,0.921835,10.4105,19.5977,21.0375,14.9846,2.21557,9.78177,3.5696,3.81155,8.41752,6.62416,4.21259,0.796589,2.42513,1.472,4.7294,1.06772,1.04296,0.650541,0.585806
0.034913,0.00237524,1.11301,1.51495,0.426411,20.0329,24.8125,13.0355,10.7342,4.9501,2.33046,1.80947,1.36948,1.95257,0.274654,1.34448,6.27072,6.1278,0.159965,2.19681,1.16059,2.08027
0.491754,0.225596,0.764632,6.37734,14.832,27.1476,23.2169,3.67705,10.3923,1.72394,0.826879,4.42681,5.83687,3.93193,0.468257,1.65635,1.57793,1.08956,0.519572,0.64878,0.885016,1.45715
0.161559,0.0142963,0.528726,13.1441,18.0112,4.01235,7.64293,0.847433,5.91538,4.39631,2.6591,8.85542,7.9348,2.91212,1.25429,3.96236,1.09951,1.48324,1.35934,2.51068,0.100246,0.302324
0.110723,0.347128,0.704799,10.6213,13.8159,13.8896,18.3365,8.358,8.12305,1.0628,8.34509,15.2645,5.7632,2.55278,2.56661,0.856777,4.13218,5.23105,0.556775,2.83175,0.0993038,3.22971
0.0801028,0.0836951,0.70995,0.783407,9.34534,13.1646,3.55174,2.39977,1.75826,2.32416,6.04503,11.4141,3.91987,1.33963,0.549395,1.18061,3.73649,4.55981,1.33751,0.114357,0.372026,0.108029
0.0363338,0.185561,0.566734,5.51699,1.11492,19.0717,14.7189,7.19178,2.47983,4.05907,0.0441902,2.73899,3.97579,1.72733,0.177541,2.31509,4.60795,3.13304,0.941867,1.81903,0.463913,1.18163
0.192538,0.20576,0.200595,7.38706,8.50358,1.14989,1.67114,4.71085,11.1801,5.93952,0.845417,0.821884,2.73865,1.78153,1.62389,1.97357,0.630415,1.17329,0.634651,2.15372,1.26845,2.78279
0.136636,0.0166603,0.634422,4.26191,10.8916,23.6346,22.9371,0.39551,8.42976,2.36812,2.52241,0.0545522,2.25411,1.62047,2.98674,3.10909,3.33288,3.97514,1.87047,0.268625,0.00850174,0.685978
0.0650629,0.13875,0.643582,2.71378,4.25155,19.3213,19.7321,13.026,11.5211,5.30922,4.32222,10.0919,7.18068,2.02106,0.247106,1.67675,5.60166,5.42711,2.37319,1.16497,0.109478,0.147764
0.0674576,0.247114,1.67682,5.16005,1.66746,6.12285,15.0077,3.51092,6.02493,2.73695,8.79222,15.6025,7.36281,0.535334,1.51238,3.38832,5.71435,4.06988,0.771288,0.129628,0.167084,1.54792
0.201788,0.543587,0.240256,1.09359,3.49112,24.417,37.0259,24.1789,13.4296,4.52612,5.20771,12.279,5.99027,1.40233,2.12828,1.53242,0.655641,1.64804,2.07012,1.01432,0.555892,2.16298
0.0673752,0.0993432,0.0231815,2.45536,4.18374,2.21036,5.51546,4.71148,7.38599,5.8361,1.88931,8.17123,5.20243,0.863658,0.0411875,1.31955,2.23877,2.33916,1.1238,0.293657,0.218452,1.31424
0.204889,0.396927,0.874096,5.74841,13.5555,30.8314,34.7186,18.0872,6.35921,0.253571,4.64909,6.55777,4.90122,2.26134,0.224418,2.62768,4.18555,2.1516,1.2413,2.01274,0.733143,1.34672
0.105302,0.182797,1.82907,6.215,6.43438,13.8513,19.0396,6.67554,0.970555,2.22152,0.431665,1.24795,0.266266,0.714179,1.30018,0.130292,5.52492,5.61778,2.66454,2.19194,1.0758,0.544614
0.148483,0.100355,0.0635598,0.406294,10.7506,26.4792,20.6284,7.21659,1.41683,3.7127,8.10645,11.1253,6.98958,2.72213,3.36391,5.84555,4.83624,0.478946,0.934711,0.403682,0.780014,2.62769
0.0808099,0.22874,0.0448053,7.02404,18.2587,24.5532,15.5502,4.43163,10.2347,3.83166,4.84437,11.0278,6.5942,1.37708,2.74487,2.12331,3.40015,3.85918,0.281372,1.01599,0.184442,0.0347687
0.134067,0.183526,0.498891,11.846,14.8981,6.9005,13.5206,5.61176,3.06287,2.00449,0.585222,8.29959,5.35882,0.523142,0.611324,2.2286,1.47118,0.71864,1.27692,1.44846,0.438082,0.554045
0.0392152,0.0602994,0.115915,7.33961,7.4734,13.093,13.628,8.54428,13.2479,5.24063,5.33212,10.2965,5.38361,0.587165,0.238609,1.62753,5.62496,5.44105,1.25193,0.19383,0.32368,0.851618
0.199913,0.0995548,0.318446,1.19395,2.4403,4.4009,11.0608,8.32568,3.22493,0.305442,4.6751,9.21645,6.01478,1.53855,0.422003,0.015459,1.0111,1.78055,0.213748,0.63829,0.0389091,0.838792
0.141608,0.0293618,0.436342,10.1564,12.8493,14.9922,23.2927,4.82198,15.8709,7.68562,1.58351,2.20365,3.02596,1.3271,0.497605,0.544959,0.0921636,1.07736,1.43455,0.633294,0.0871258,0.0640448
0.115064,0.175248,0.70776,12.6586,19.6014,4.50633,1.99859,3.67981,5.00396,2.86938,0.966187,1.7763,1.32413,1.11847,0.285678,0.415863,2.6553,3.86938,1.20219,0.465542,0.0278649,0.307663
0.234951,0.0245393,0.0139961,6.54813,18.4161,33.5579,31.4595,2.46081,10.1459,3.68905,0.21633,4.09103,4.65143,1.81969,1.47728,2.27683,3.80069,3.99829,0.773923,0.922713,0.668041,0.679558
0.198388,0.0531835,0.243754,0.77518,4.66137,22.6372,27.3957,10.823,1.96877,2.71069,3.92849,9.99313,6.57751,0.239384,1.2132,2.56489,1.09965,0.832238,0.840909,0.401262,0.242642,0.680962
0.342509,0.0917165,1.61584,8.29651,12.0867,16.5619,13.9094,1.9702,3.53963,2.11889,5.53883,12.2245,5.05036,1.51831,1.36639,3.17358,1.58961,0.987381,1.59536,1.26354,0.101163,0.757201
0.245142,0.250169,0.723322,7.39478,17.8474,34.4724,37.6469,18.3344,4.73108,0.390314,2.53393,7.12019,4.54198,0.696883,1.36436,2.10222,1.28023,1.003,0.852424,0.641016,0.0903328,0.947559
0.00820947,0.0459541,0.436009,3.37296,8.54756,7.0991,8.24242,8.5019,0.377396,2.3448,1.12508,0.493838,1.39214,0.825252,0.409875,1.41067,3.21425,3.04054,0.552154,0.328579,0.184059,0.49939
0.364292,0.463649,0.24774,0.267993,2.16185,19.9053,25.098,13.1581,10.0685,4.64508,1.06528,2.51223,1.42135,0.361201,0.076053,1.16671,2.9432,2.55432,0.00254826,0.97736,0.301757,0.241019
0.23129,0.290068,1.66456,5.40749,4.71018,9.73583,13.8587,6.12728,0.0408526,0.658085,1.29603,5.07314,4.70062,0.977757,0.753609,0.664591,1.13855,1.14982,0.261835,0.256046,0.0886037,0.20992
0.145601,0.0740781,0.025563,2.38328,3.34394,19.8968,19.0882,11.0778,10.833,4.37062,5.0894,10.7523,6.47951,0.203825,0.999498,1.13786,0.582993,1.67551,0.430598,0.297295,0.0677292,0.658499
0.00884549,0.209195,0.617603,2.09341,6.75841,18.3918,14.8425,0.00604486,1.14255,0.145539,4.30118,10.2762,4.95201,0.658607,0.0424276,0.506969,1.31035,1.58314,0.00828354,0.43504,0.232328,0.305398
0.0248829,0.111114,0.799456,5.50735,2.60681,11.9271,17.1881,13.272,8.47771,1.36871,1.30866,6.24264,3.99447,0.01622,0.628451,1.24808,0.84951,0.725547,0.539286,0.190955,0.167049,0.372519
0.193082,0.0641014,0.843283,4.35959,3.17307,26.2964,24.6651,1.34595,2.14269,2.37456,1.04364,4.78668,3.77735,1.34156,1.28391,0.947636,0.0881197,0.560819,0.9277,0.484471,0.0327329,0.753224
0.0686796,0.203424,0.0232215,2.1929,7.66719,7.24605,2.47961,10.0419,7.42112,1.16669,3.13817,3.68808,1.51055,0.486047,0.480626,0.865173,2.18926,3.69571,2.34575,0.208349,0.406293,0.160248
0.167433,0.143432,0.013404,7.3893,10.1099,14.7074,25.0082,3.12432,4.28895,0.551824,0.813073,2.60023,2.1917,1.05543,0.169209,0.518382,1.66346,3.03625,1.82398,0.222716,0.383827,0.625808
0.00444447,0.0893443,1.03852,9.79905,11.9878,8.00615,15.9718,1.63115,3.58689,0.184351,4.37589,7.94607,4.78023,1.05564,0.0218701,0.33126,0.51088,2.36011,2.96725,1.26789,0.0129323,0.206054
0.083953,0.295373,0.430312,3.95295,7.04578,11.468,9.48023,3.39324,6.12491,1.10902,2.6518,7.04513,4.36349,0.316622,1.00703,1.0791,0.690635,0.00177251,0.309234,0.0534972,0.0603534,0.536388
0.182058,0.106009,0.442334,3.3925,5.10683,9.54915,16.5995,5.14837,0.121524,1.24473,0.885571,4.38493,2.25005,0.616868,0.619954,0.915864,1.06796,2.82131,3.3899,1.33588,0.00700435,0.586628
0.00584749,0.208183,0.547706,9.57888,18.0156,14.6663,4.40672,7.21095,7.74756,1.6676,2.92462,6.23096,3.9589,0.53397,0.500422,0.412362,0.735388,0.816498,0.272481,0.654045,0.314696,0.219292
0.177416,0.225754,0.739534,9.71153,21.4128,29.1989,23.9722,7.79562,1.45964,1.20871,1.95549,4.36239,3.40797,0.954659,0.144982,0.190957,1.39054,3.00087,1.74121,0.0758436,0.190535,0.46297
0.0561677,0.144307,0.0573369,4.51127,9.51326,8.18673,8.21796,10.5024,7.49678,2.41657,2.08761,2.94711,1.42472,0.262368,0.338737,1.09248,2.76304,3.88869,2.22764,0.566664,0.140558,0.382296
0.188566,0.200731,0.684603,2.59254,7.53082,19.9565,18.3901,5.10618,1.67648,0.335186,2.21216,6.21383,4.46408,0.962751,0.528661,1.00852,1.3527,1.72003,1.05471,0.169803,0.162794,0.563946
0.145279,0.186515,0.985726,8.3428,15.3486,16.2377,11.2572,6.43578,4.96697,1.78884,1.55033,5.41657,4.234,0.354132,0.528916,0.869165,0.288068,0.921354,0.534686,0.378736,0.269652,0.391282
0.00236288,0.0768214,0.38251,8.70412,11.8116,7.3077,15.9552,6.93729,0.958257,1.28967,3.03208,6.24347,3.14173,0.992674,1.28092,1.63336,0.110926,1.49247,0.728756,0.056651,0.0627436,0.190177
0.117963,0.185067,0.497953,3.5613,5.46665,11.3302,17.0085,4.3915,0.129613,0.33253,3.66527,7.70801,4.05398,0.0118644,1.3968,2.01139,0.124736,1.86392,0.655395,0.222767,0.0914583,0.15699
0.132477,0.0904099,0.736776,2.92584,0.180319,6.39713,10.1961,10.1723,4.91359,0.273354,0.285263,2.73173,2.74663,1.1018,0.990004,2.04069,0.032962,1.76759,0.635417,0.408798,0.0279587,0.510703
0.0601393,0.0498377,0.607654,6.39173,3.37634,19.7091,25.4908,6.5134,3.09734,1.76435,1.41697,2.687,0.789783,0.486084,0.436661,1.33437,0.0845075,1.14024,0.337957,0.35121,0.122316,0.0999491
0.065422,0.0209767,0.613246,4.90701,5.1982,5.86247,7.27771,4.98004,7.62077,1.87286,1.10517,4.0472,3.38944,0.76186,0.446276,0.747216,0.0994237,0.807925,0.352877,0.0446384,0.0737147,0.0175828
0.0153103,0.0860427,0.172402,1.01757,3.18792,16.275,19.1832,5.06247,3.42373,1.57252,1.77415,5.36808,4.31659,0.784911,0.110028,0.405765,0.337709,0.228264,0.674177,0.581132,0.106876,0.172285
0.111435,0.191087,0.713302,4.37601,0.453894,18.2362,20.391,0.473816,8.68885,3.29058,3.16407,6.76112,3.27421,0.388251,0.229024,0.113174,0.160524,0.0133042,0.0565809,0.221751,0.0877262,0.40217
0.183643,0.277873,0.706589,2.90092,1.08104,1.43817,2.05696,2.51491,2.32866,0.193071,2.51726,5.05154,2.51859,0.281157,0.116573,0.0592834,0.216674,0.537938,0.109724,0.133011,0.017705,0.212873
0.11043,0.227315,0.220176,1.48601,1.99734,12.6957,18.4784,1.45378,6.60274,2.12565,0.488097,0.925449,1.83152,0.670836,0.052452,0.484821,1.54409,1.89064,0.492714,0.174819,0.0951268,0.0855011
0.0570422,0.0880788,0.471932,5.4015,7.25681,2.3936,10.3361,8.90997,3.30512,0.452299,0.822586,0.938097,0.160712,0.987384,0.017784,0.680072,1.26026,1.51321,0.775493,0.1997,0.0379368,0.53096
0.149652,0.262404,1.07378,5.81789,9.58633,15.6559,12.548,1.79773,4.97665,0.927112,0.247926,2.30352,1.8603,0.069536,0.434847,0.40578,0.720941,0.573167,0.346606,0.375793,0.0468908,0.0109383
0.131545,0.208934,0.876815,2.141,2.81141,10.387,14.5415,9.16485,2.98037,1.20382,1.90148,6.16075,4.15229,0.907863,0.110848,0.0385007,0.434775,0.747663,0.257458,0.108035,0.0109538,0.0512022
0.0490766,0.0787741,0.0665528,3.63597,11.9325,18.4492,11.3508,0.463369,1.70065,0.0569751,3.62277,7.71124,4.4478,0.354142,0.374912,0.469747,0.161383,0.168453,0.403626,0.407833,0.194269,0.263757
0.243907,0.156109,0.623307,8.25274,18.8973,23.1405,15.7443,6.46067,2.16745,0.826017,2.23072,4.58208,2.73864,0.537416,0.533081,0.551117,0.310977,0.0418177,0.31652,0.589852,0.286677,0.1329
0.108523,0.0716435,0.640579,8.85787,12.58,1.80452,9.7771,4.78119,3.00917,2.465,0.484023,1.58574,1.34661,0.20731,0.271078,0.0709671,0.952456,1.34682,0.352156,0.254913,0.192267,0.229486
0.0483623,0.0922956,0.154821,3.33839,0.321172,17.7791,21.7444,9.79353,4.07511,0.871012,0.214179,0.462627,0.357027,0.59439,0.404429,0.638791,1.51037,1.85748,0.924752,0.375795,0.194393,0.307611
0.221345,0.294168,0.15306,4.61576,9.39459,6.91352,0.127014,5.6074,5.91918,2.96067,0.380065,2.98125,1.79803,0.350488,0.486137,0.609465,0.90784,1.05708,0.840001,0.485104,0.0650949,0.240357
0.138129,0.0114443,0.165621,9.71069,13.842,10.0786,23.9798,13.8967,7.42836,3.16766,3.58096,7.32867,4.45746,0.617183,0.126024,0.235969,0.0247252,0.0132507,0.218148,0.136674,0.0895712,0.0255148
0.626607,0.121729,0.0631432,8.98944,13.6423,5.58798,14.0694,0.147388,4.55436,0.777114,3.06001,7.26859,4.86487,0.869802,0.150851,0.0749437,0.588741,0.748372,0.367991,0.225984,0.00141184,0.117427
0.888455,0.447149,0.00196682,2.53679,8.16242,14.2501,14.6073,10.0808,6.92091,3.46103,0.523904,3.88303,2.78323,0.101683,0.0700581,0.0991185,0.0776469,0.252411,0.185614,0.0816351,0.00911725,0.27354
0.0432756,0.0268002,0.570641,4.81327,2.54386,17.6769,23.2517,3.81029,2.78518,0.900044,0.779345,1.77831,0.880235,0.590328,0.372266,0.386602,0.371192,0.345087,0.457382,0.337044,0.153694,0.0551305
0.183557,0.122628,0.619043,8.06883,12.5488,3.20905,3.58806,0.503138,3.09347,1.66918,1.31509,0.330572,0.521954,0.131163,0.636906,1.21507,0.989249,0.673928,0.546798,0.389538,0.224355,0.103864
0.148405,0.303502,0.290977,6.27227,14.9541,22.8081,17.6272,0.608263,3.81079,1.36549,2.31116,4.24004,2.27682,0.383912,0.565208,1.22843,0.687182,0.380666,0.158632,0.010408,0.100173,0.185641
0.281233,0.091453,0.279786,1.48518,7.46869,15.1689,15.0075,5.05681,0.0382883,0.416028,3.68921,7.3606,3.69577,0.269114,0.17509,0.964406,1.16942,0.823346,0.200696,0.558869,0.0278691,0.153241
0.120849,0.251175,0.893534,3.17132,3.14039,7.20118,4.44463,6.74888,4.81863,0.999641,1.79971,6.20061,4.53206,0.801871,0.314804,0.831861,1.25652,1.05682,0.130555,0.755836,0.223876,0.140257
0.135769,0.274299,0.970996,5.14178,8.33545,14.3307,13.4959,3.92233,2.55059,1.9229,0.737012,3.67716,3.24616,0.633367,0.638166,1.3761,0.870408,0.309904,0.0939122,0.113588,0.00491317,0.164188
0.0434863,0.0195955,0.334266,3.39095,3.98865,1.89358,0.722033,6.45266,5.05443,0.411558,1.52382,2.52602,1.03378,0.332739,1.1259,2.02749,0.21334,0.87837,0.0204705,0.439214,0.177567,0.0484176
0.186344,0.245381,0.492917,0.73348,1.90368,12.0848,12.3994,3.33588,4.43939,3.20202,0.390945,0.549898,1.39469,0.743732,1.18894,2.28669,0.299646,0.936868,0.154781,0.494861,0.0989572,0.0124642
0.156767,0.309606,0.968601,4.27651,3.01884,0.745527,0.86126,3.93459,6.66556,2.73717,2.85131,5.60765,2.93429,0.11225,1.32731,2.15157,0.459371,0.600405,0.0888028,0.0685326,0.0666136,0.111291
0.010552,0.165973,0.523421,3.5036,1.80349,16.7327,17.0494,7.02719,4.17695,2.00853,3.52478,7.53003,3.96994,0.370889,1.01218,1.41387,0.704275,0.07874,0.145114,0.204122,0.0368859,0.0637574
0.0940977,0.0178622,0.111863,0.446284,5.67661,13.374,10.7065,6.04389,7.67417,3.80391,1.58529,5.39665,3.93673,0.293229,0.34959,0.855993,1.31126,1.02619,0.264968,0.0396876,0.020536,0.174533
0.101248,0.0380015,0.493948,5.51922,6.41896,6.18844,14.7231,10.0642,2.93931,0.950024,0.624211,4.257,3.7167,1.10674,0.0185003,0.513432,1.07127,1.24437,0.817059,0.369051,0.161642,0.336627
0.0906124,0.123611,0.646931,6.40821,3.21385,17.5641,23.6542,11.5158,5.45502,2.06476,2.02355,2.91442,1.45126,0.363082,0.158021,0.668761,0.984094,0.998926,0.65243,0.475495,0.117598,0.087022
0.150371,0.177017,0.575546,2.14845,0.832851,3.74233,1.77981,7.18881,2.68892,2.11253,0.0265805,2.51823,2.24112,0.843907,0.359227,0.382543,0.0701642,0.172706,0.136493,0.148441,0.233948,0.291177
0.0628975,0.164329,0.173772,4.40883,6.83918,12.3617,24.0932,10.5553,1.06967,0.4446,3.95753,7.16865,4.48708,0.854143,0.0593354,0.426131,1.18697,1.66111,1.2436,0.69384,0.228101,0.301765
0.0226008,0.0730256,0.434179,8.75679,13.1561,5.7452,14.8722,0.0246202,3.36738,1.212,2.76724,6.48588,4.1349,0.170272,0.752275,1.15566,1.73127,1.91787,1.3198,0.906191,0.669423,0.216257
0.130693,0.19882,0.859595,7.76297,13.6291,14.6722,11.057,1.5357,3.38071,2.7601,0.330442,4.53797,2.86327,0.827794,1.5967,1.79489,1.49147,1.00877,0.426846,0.125007,0.147314,0.172154
0.331828,0.0483275,0.728282,1.92021,4.39574,18.9088,22.3024,1.03154,6.74413,1.00157,1.89018,4.19004,2.56541,0.396437,0.564739,1.16109,0.239343,0.52879,0.636562,0.500358,0.0165525,0.297142
0.025901,0.112243,0.0581749,5.28202,11.3112,5.33853,4.89799,7.10498,5.33842,3.28313,1.86179,1.33424,1.12155,0.994428,0.0982409,0.517228,0.90015,1.59055,0.866682,0.569597,0.285216,0.153012
0.073355,0.256698,0.5718,9.74527,21.1264,25.7466,15.9429,4.34997,9.17376,2.84122,3.07145,5.61732,3.29535,0.247084,0.226726,0.507529,0.690331,1.55124,0.585598,0.0867667,0.192483,0.238531
0.0141437,0.2411,0.566966,9.27058,17.9454,16.9003,12.4129,8.0747,5.42807,2.57759,4.34318,8.85443,5.9535,1.45246,0.958686,1.36048,0.324279,0.416065,0.171861,0.124083,0.272084,0.109859
0.111049,0.00293082,0.183206,3.25202,3.65135,8.68479,8.63126,7.15687,10.2428,4.55183,0.963565,6.45647,5.01743,0.878294,1.44494,2.23864,1.36632,0.82952,0.313082,0.0785182,0.0458601,0.00158763
0.184535,0.18758,0.648541,4.6174,10.2805,16.8383,13.8376,6.05278,3.59856,1.15886,1.19138,4.40897,2.75617,0.609842,0.922061,1.9107,1.82344,1.69158,0.173723,0.632289,0.15806,0.298933
0.179504,0.0336516,0.842159,10.318,16.1388,2.05004,6.47575,2.83232,7.99614,3.89413,2.76541,3.90527,1.20249,0.661036,0.176857,0.895428,1.79993,1.90167,0.0160833,0.972143,0.432186,0.10392
0.126182,0.069445,0.193092,9.62387,13.3685,9.35714,18.6082,7.48672,1.28477,1.55663,0.226738,0.410679,0.448678,0.547729,0.188451,0.0029587,1.03824,1.23307,0.439194,0.0929404,0.0126256,0.405614
0.160821,0.0626782,0.283667,3.37084,7.24096,1.92726,0.238091,0.644457,3.49972,1.65311,4.29073,7.9205,3.2564,0.823603,0.250645,0.0484442,0.119707,0.231676,0.879585,1.38156,0.368925,0.472087
0.0559525,0.0459148,0.715351,4.95722,0.538963,18.3521,24.7022,13.8521,2.71224,2.28759,3.25932,9.27952,5.77801,0.854351,0.312905,0.543641,0.999042,1.83856,0.264978,1.24161,0.0193979,0.196944
0.24378,0.117836,0.810771,8.28318,8.01708,11.1901,15.8646,2.96325,3.59546,2.60122,1.54622,6.09975,6.25221,1.72388,0.344569,0.300584,2.10058,2.94645,0.793489,0.364917,0.037794,0.997429
0.0968159,0.0937608,0.502241,5.93031,11.6289,14.4957,17.0266,14.871,6.7764,0.311243,2.11252,4.84287,3.56775,0.508321,0.550546,0.919795,1.61307,1.88127,1.12099,0.53879,0.332805,0.420896
0.0134235,0.0546641,0.0322475,0.76452,9.02789,27.3215,29.6057,8.07046,5.90054,3.9067,1.80609,2.54988,0.675923,1.3687,0.907504,1.85862,0.180208,0.578725,0.281966,0.643248,0.502828,0.299626
0.177026,0.305757,0.891022,3.98989,0.340731,6.83159,4.38002,6.80407,10.2098,3.54316,1.88645,4.97206,3.83989,0.730205,1.77815,2.33617,1.2182,2.85434,1.06065,0.164068,0.153644,0.518381
0.0647771,0.482816,0.908468,4.38358,6.33348,18.7081,23.495,4.47921,5.99804,2.36808,5.74351,11.0535,4.77102,1.02311,1.31159,1.21988,1.75237,3.59048,1.75288,0.470545,0.062701,0.337781
0.0685703,0.1439,0.323367,1.34599,2.87621,14.8536,20.057,0.201857,12.0734,5.03257,3.29594,8.52131,4.74284,1.06658,0.616155,0.0263465,1.37009,2.23436,0.750921,0.231278,0.316391,0.556031
0.0376659,0.29346,0.511077,2.60562,4.30463,9.69253,7.23457,4.25215,4.92382,0.345811,0.290235,5.51774,5.54161,1.5883,0.534632,0.0620607,0.498411,0.651206,1.21899,1.41186,0.283917,0.122766
0.215032,0.400923,1.14746,4.70646,6.18598,18.9991,22.1356,1.429,11.5952,4.17552,2.35645,5.09796,3.87298,1.85931,0.0322803,1.08715,2.50738,3.33632,2.49762,1.60013,0.235347,0.174581
0.1713,0.223266,0.831253,2.74898,1.09206,2.1349,6.8355,10.9355,3.4742,3.0232,2.37957,0.0187372,0.778229,0.369093,1.29246,2.3114,3.82855,4.27232,1.54317,0.0191984,0.0320101,1.0876
0.104134,0.0329195,0.03356,1.98626,11.2986,25.0745,17.2123,5.04089,8.61177,2.07765,4.35505,9.35507,6.69019,2.10782,1.10128,1.24292,2.02419,2.26177,0.31832,1.53991,0.680992,0.218536
0.0326816,0.223027,0.757033,7.19027,14.2792,15.9734,13.0691,8.78251,1.92196,3.10034,5.95803,10.9052,6.89134,0.553411,0.316219,0.79963,0.918858,0.832517,1.46127,1.79289,0.97929,0.537292
0.0606386,0.115225,0.800038,8.26506,7.23483,11.3243,12.0362,2.14632,1.91688,2.41907,0.918968,6.84992,3.96583,1.49999,2.02299,2.37737,3.29396,3.6466,1.8908,0.502081,0.317342,0.979159
0.00139643,0.00566978,0.469267,3.31952,3.22281,18.7513,16.5467,7.40427,3.36707,2.1795,0.22017,5.12632,2.78689,0.767204,1.7068,2.59245,4.18758,4.16448,0.7249,0.802359,0.504473,0.100734
0.111574,0.00685245,0.00245964,5.24539,10.8495,0.612351,8.76383,5.08961,4.8904,5.29165,4.04465,4.09175,2.83316,1.83222,0.0784424,1.31059,2.13124,2.17821,0.119839,0.687848,0.284456,1.16209
0.167408,0.00129568,0.167735,10.8221,15.6767,10.5929,24.7451,15.009,9.3619,3.05537,1.10002,3.30229,0.911433,1.54477,0.374956,0.951536,0.842736,0.408445,0.675914,0.641186,0.443042,0.738407
0.00821607,0.0291987,0.170553,8.87047,14.8924,3.0912,0.68108,5.71646,5.53432,3.7952,6.18474,9.1942,5.23732,0.945909,0.752027,1.11464,1.1796,2.92363,0.767073,0.481023,0.586272,0.385958
0.0632069,0.109602,0.0679923,1.92941,7.33707,21.3776,26.0827,12.7884,6.79288,4.90829,2.80552,8.37723,6.69685,2.4704,2.24187,2.09474,2.89113,5.30782,2.1796,0.550339,0.128417,0.517783
0.00636291,0.202886,0.0150539,2.38592,1.75341,15.1108,21.7073,6.14862,1.31981,1.83035,0.456755,5.81924,4.96203,0.408669,2.03127,2.72616,1.85523,4.03583,2.1115,1.08103,0.514921,0.219669
0.0355563,0.0759949,0.0489922,3.61735,10.7677,15.0182,11.9973,5.40324,5.29574,4.77544,4.6805,8.15876,2.79087,2.34507,0.0158918,1.17627,0.142335,0.437621,0.835738,1.13992,0.610169,0.525447
0.124468,0.0466581,0.0481289,3.74991,13.9647,30.6156,31.7374,12.1242,3.65817,2.72505,4.37996,7.26173,2.69002,0.745546,1.15022,0.762898,2.28461,3.37482,0.672819,0.638509,0.341774,0.669118
0.0554279,0.0215623,0.202864,3.07546,8.62943,11.3244,11.433,5.51164,1.61579,2.42719,2.09524,1.49746,1.58765,1.93417,1.32089,1.54432,3.01422,4.79513,1.58952,0.0443456,0.247037,0.0496353
0.21695,0.0376635,0.424811,1.50024,0.502155,18.1715,21.8599,6.92284,5.38568,4.74257,4.54564,8.04386,2.46461,1.46411,0.532673,0.194468,2.15013,3.43528,1.76299,0.605908,0.0840614,0.795335
0.0172421,0.00677703,0.203212,1.13742,5.97893,19.7204,23.529,9.54695,2.68334,1.23383,0.98742,6.73958,7.11168,2.31771,1.09036,2.12426,1.0577,0.4149,0.771345,1.00239,0.206255,1.52628
0.148961,0.17297,0.113287,4.03063,6.61725,4.00765,4.93125,1.49338,3.79558,3.50357,1.624,7.69147,7.9743,2.36747,1.78423,2.24486,1.52783,2.96073,0.0129477,1.71895,0.161943,0.761989
0.184178,0.271483,0.248112,4.98101,7.56209,13.2824,20.1422,5.66282,5.77744,5.06418,5.68052,11.1955,5.05388,0.534486,0.241966,0.0702625,2.95079,4.36142,0.540018,1.54836,0.0486823,1.23334
0.0653316,0.126236,0.0431908,3.54744,9.59695,5.81167,1.75522,1.99439,0.183625,0.184214,3.50117,5.34192,0.295707,1.95273,1.32609,2.48788,3.41025,3.77808,0.78232,0.710364,0.544819,1.07294
0.138341,0.0201287,0.188182,1.03322,8.19251,22.2516,17.0904,2.38661,4.85235,4.60759,3.19184,4.7979,1.2272,0.939126,1.64059,1.79839,0.58949,0.0897573,0.0206136,0.211238,0.47466,0.773074
0.121476,0.011008,0.232618,0.815088,0.862012,8.48282,5.17343,1.89944,2.74593,3.8218,4.45283,7.79934,2.06028,2.61683,0.806777,0.325193,1.42613,2.75461,0.389779,0.878568,0.700818,1.00286
0.00443607,0.0987268,0.0605974,2.21729,9.24291,20.2009,18.8907,5.55457,1.94107,1.25414,1.04545,7.06672,5.33072,0.0173583,0.208599,0.831819,3.69803,5.01161,0.818393,1.49456,0.912057,1.36241
0.0174962,0.0991673,0.0531276,3.24763,13.8099,25.8862,18.1067,2.81892,4.2607,5.32956,3.06713,11.0881,9.61132,3.76347,1.13964,0.146543,2.59172,4.01552,0.586164,1.41394,0.801427,0.71049
0.0511573,0.104824,0.286744,3.46609,9.14151,0.435584,12.5872,6.77535,1.60481,2.80843,7.5214,12.2133,7.66009,1.93254,1.18664,2.42144,0.716393,0.195291,0.842013,1.3401,0.50288,0.780595
0.0764752,0.249866,0.350338,2.66847,2.60948,20.8728,31.025,10.9284,3.58355,3.71952,1.21815,1.98197,0.427207,2.28455,2.4994,3.06715,3.14802,3.06374,1.62128,0.644673,0.109717,0.323334
0.0640152,0.0764168,0.0156079,0.527028,0.590428,7.53556,8.50649,3.39592,4.37135,4.59911,5.16244,6.98842,4.89351,2.49148,1.59805,1.75402,4.23774,5.24844,1.64456,0.428237,0.144169,1.71797
0.150459,0.0307239,0.3745,2.48701,2.18223,18.7225,29.268,11.1395,0.460299,0.352318,1.29727,6.58941,3.99584,1.04232,1.4197,0.392352,3.56796,5.14173,0.976095,1.48857,1.16842,0.0225206
0.00599687,0.192201,0.456889,3.74199,6.97989,14.226,27.7034,12.3913,5.36718,6.12614,0.156983,6.85419,3.46584,2.46434,2.30062,2.09523,0.233475,1.02552,0.921202,2.0107,1.35098,0.691535
0.0118507,0.0659492,0.349926,3.23198,11.7893,15.4392,8.94671,0.0262429,4.30879,3.46751,6.80144,12.7235,7.8226,1.01009,0.621281,0.983542,1.31121,1.79116,1.74608,1.93115,1.50466,2.4303
0.190761,0.0133412,0.0590122,2.42347,11.7095,29.4279,29.3633,8.97818,1.96733,3.59483,6.97268,11.1249,8.03695,3.92596,2.66057,1.57913,2.32186,4.34904,2.59986,1.3836,1.19568,0.537564
0.0388141,0.0247674,0.210155,1.16464,3.39047,7.37975,10.6534,8.19336,7.35219,6.64136,3.53907,0.902086,0.946929,0.536898,1.63584,1.842,2.81157,4.82549,2.00088,0.843578,1.69476,1.4267
0.104885,0.0867804,0.3585,0.570474,6.02674,19.8947,15.8545,1.3224,4.65006,2.03323,2.68232,6.91,6.19478,3.627,0.837628,0.11962,1.51465,2.35495,0.585894,0.457361,0.415928,2.73329
0.00177499,0.0232084,0.141988,1.88399,9.32622,18.9386,16.0093,5.68588,4.77973,4.80046,0.750188,7.6242,7.52545,2.72842,2.49699,2.56329,0.0743867,1.25267,1.25823,1.22033,0.312448,0.391681
0.0610064,0.214125,0.387101,4.18509,7.6012,4.82079,7.60699,4.04426,8.18064,3.97604,3.02788,9.43316,4.87926,1.89126,1.4468,2.26904,2.79385,5.04638,2.96229,1.89042,0.233638,0.430643
0.0499954,0.210873,0.401422,4.68607,6.80309,11.6303,16.2543,1.49076,1.6901,0.536398,8.54438,14.0261,4.8574,2.10327,0.934865,0.930393,4.30147,5.58604,3.13199,1.74251,0.330582,2.13062
0.00865152,0.0239881,0.341306,1.77863,5.56229,6.27809,6.31166,1.85662,5.53532,5.23266,1.13623,6.28541,5.75723,1.81178,2.06454,3.00004,2.34733,2.50321,1.87949,1.36627,0.00439216,0.019961
0.0643814,0.182664,0.231843,0.312985,4.46808,22.5959,24.4431,4.42625,6.2848,4.30076,2.42497,3.34043,1.86323,2.51743,1.04251,1.78351,0.521715,1.2612,0.0468876,0.453714,0.0876469,0.246164
0.10972,0.154139,0.285578,2.00184,3.59486,3.49616,2.42271,3.49711,0.058679,1.05309,2.55206,5.69299,4.19846,0.652136,1.27806,2.1623,4.03086,5.00179,2.3896,0.763911,0.160407,0.752991
0.137418,0.0789337,0.249462,3.85772,12.3984,25.2215,26.9009,8.60755,6.34813,3.50031,0.771922,5.86748,8.59433,2.87366,2.28726,3.86823,4.82466,5.22116,2.83011,1.3144,0.0861735,2.07026
0.115748,0.0590632,0.0245593,3.22073,13.7234,26.6471,22.1039,3.56598,4.93276,3.08507,6.097,13.8673,8.23037,0.464285,1.28592,1.37301,1.78461,2.07375,2.01698,2.26978,0.708566,1.43313
0.0992351,0.165761,0.282751,2.7149,6.18674,4.34398,12.5039,3.89118,3.60731,2.87753,6.20863,12.7168,3.81409,2.94711,0.454303,1.70376,1.18697,0.957339,0.95683,1.63707,1.06503,0.756241
0.16919,0.109921,0.109143,2.66774,0.200501,23.9233,33.3643,9.81517,7.37316,6.10231,2.03217,3.47733,2.17824,0.52608,1.64975,2.6473,2.79964,2.84968,0.0901701,1.84897,0.36918,2.35476
0.0822404,0.0359143,0.0457241,1.55006,4.0101,8.51538,13.0076,7.40151,1.39857,3.70599,5.28697,4.10093,1.66612,4.16374,2.36814,1.02877,2.48155,3.50059,1.18652,0.325075,1.98543,2.99155
0.105597,0.139368,0.290061,3.96033,4.77128,16.2529,25.3161,6.81323,5.53273,2.94063,1.33809,2.05388,0.662938,3.45925,0.222854,2.32488,1.40721,3.44084,1.80624,0.534037,0.830338,0.0310334
0.0894694,0.211723,0.660378,3.10653,7.2857,10.4032,24.4899,8.57001,6.6059,5.6259,2.47237,10.1084,8.73238,2.77359,2.64536,3.09603,0.271027,1.80063,1.71542,2.21084,2.06123,2.71882
0.0177742,0.00875257,0.197872,3.76682,11.8606,16.5662,9.39569,0.790586,0.268531,0.0684389,7.09534,15.1933,10.4868,3.78193,1.59319,0.458761,1.16674,1.78264,0.650025,2.07272,1.30975,1.8506
0.0336919,0.152292,0.339134,1.86186,9.38128,24.2751,20.7326,0.367617,8.05162,5.60411,6.74946,11.1932,6.1613,0.217343,1.42253,1.8573,2.89256,4.84485,0.296701,2.39475,2.10274,0.0193991
0.0859529,0.0405238,0.228201,1.18491,1.5678,1.4041,0.943212,2.42434,5.15879,5.44983,2.79427,1.73749,0.842376,1.96079,2.0057,1.47922,3.39316,5.15859,0.872932,0.921317,0.267521,1.5667
0.107024,0.126111,0.219072,0.579349,9.21729,23.9109,15.5354,4.2252,5.72382,2.1286,0.627354,0.0764945,0.251913,0.204769,0.738054,1.18252,2.00978,1.84608,0.336892,0.235428,0.609877,0.21474
0.00192664,0.0813529,0.310669,2.8149,11.4687,14.8371,5.54651,4.41405,7.45273,6.68424,2.62638,1.98846,0.657291,1.80566,1.97354,1.93944,1.86375,3.22329,0.103706,1.25658,0.298195,1.66256
0.172546,0.0426649,0.146995,5.54209,8.27303,10.9729,17.4448,2.14024,0.00194357,1.8467,5.55605,12.0436,7.41703,1.38747,0.498975,0.881513,3.65793,5.32611,0.243784,2.53867,2.23921,0.528886
0.194925,0.118287,0.791879,2.21029,2.9703,14.238,19.8173,3.76606,4.65008,3.94581,8.6284,16.232,11.9958,5.37398,3.66502,2.3675,3.77622,4.61353,0.720871,1.25417,0.445395,0.613277
0.0450552,0.00303596,0.216677,0.336939,2.69086,10.3546,13.9814,7.35797,5.01531,4.40321,2.87125,10.229,8.3473,2.39658,2.57288,3.16413,2.08479,1.90778,0.139117,2.45867,2.70749,3.77848
0.0183456,0.280908,0.66388,0.437599,1.35477,23.7399,35.3223,15.1214,1.26248,1.57903,2.5026,1.75178,0.25064,4.69209,1.18772,1.44367,0.00726182,0.751511,0.791585,0.0869471,0.107216,0.292448
0.053935,0.136702,0.193483,4.68885,8.6063,1.29593,2.72385,3.06246,6.70012,6.51517,5.87714,3.36878,2.41162,5.26842,3.81679,2.0152,2.51869,3.2938,1.18048,0.401001,2.7045,2.9873
0.0637026,0.0285269,0.023913,3.61519,13.6252,29.8921,32.4279,14.9041,6.22664,4.75038,2.40751,4.56966,2.53075,0.00636691,2.62122,3.30576,4.13385,4.90174,0.700483,2.28822,0.465037,3.63278
0.244604,0.187961,0.516173,1.46299,10.2445,23.073,21.7907,5.03298,2.67123,0.600836,5.48925,11.8303,3.56757,4.19014,1.22453,0.921341,3.41877,4.10162,0.466566,1.80257,1.88866,1.23198
0.037718,0.0690312,0.147103,3.7273,3.79822,8.60691,10.023,2.44115,6.35665,4.164,8.81238,15.098,7.41439,2.02895,3.83502,1.67708,0.772415,0.684796,1.49385,3.02366,1.30506,0.990693
0.0522591,0.10054,0.316582,0.170318,4.2715,23.1658,25.1295,5.67292,2.19791,0.35554,3.4065,6.21894,9.61947,1.71853,2.7251,2.26797,3.9703,5.01572,2.53617,1.00629,0.499287,2.71245
0.126691,0.00347617,0.253207,3.80822,6.69845,6.48977,11.523,8.92533,2.55989,5.15634,6.09839,8.15516,4.22476,0.280028,0.858793,0.394492,5.50676,7.64874,2.38418,0.281661,0.450491,0.916675
0.303774,0.255178,0.874858,2.4457,4.01128,14.6798,17.5319,2.44123,5.71846,7.58324,0.114232,2.37786,1.51042,1.10345,3.57496,3.04229,2.50214,4.03987,0.0471714,1.75038,0.294127,0.905256
0.251289,0.0429359,0.128693,4.26992,8.50501,3.99818,14.3934,7.98748,2.71248,3.26792,0.65226,5.93444,4.76901,1.85121,4.06037,3.40187,4.14554,4.26464,2.75612,2.63637,0.676182,0.521223
0.0158621,0.0627713,0.633898,3.77414,10.9744,21.2815,18.392,6.35245,5.09114,1.61663,12.2015,16.9182,4.43353,4.36195,1.25171,0.0965452,5.9782,7.95151,3.59732,1.22719,1.18067,2.92649
0.202645,0.167263,0.489062,1.99925,3.28276,17.8518,15.6922,3.35197,5.2783,2.13428,0.0727934,9.3947,6.36058,0.248549,2.5471,2.47409,3.43789,6.31878,4.06721,3.02377,0.951683,2.26479
0.165191,0.0862196,0.367366,0.497717,3.92759,11.1438,17.2042,10.6142,1.04887,0.0755132,4.18537,10.2353,10.074,6.3964,4.14402,1.77159,0.134463,1.28149,1.30668,0.0759258,2.99435,1.98116
0.124262,0.0105802,0.325386,1.24883,11.3535,27.783,21.8868,3.69127,4.74999,6.7558,1.86104,8.78801,8.23343,5.55686,1.62536,0.812663,2.34539,3.64004,1.52157,0.82407,1.26575,1.79934
0.13727,0.0315247,0.555858,5.91709,12.957,8.76515,4.71551,5.79574,4.44346,7.44072,7.07442,5.08754,0.185147,1.58329,2.70514,2.6677,2.38344,5.13776,2.74721,2.42709,3.47945,2.90425
0.148813,0.234633,0.693979,2.89452,4.61313,17.8263,26.3869,5.81711,0.218142,0.513574,8.09208,10.1639,7.76093,6.094,3.43233,0.472005,3.61795,5.81045,3.54228,1.05667,0.249033,0.601148
0.051308,0.201402,0.508654,1.0975,1.5237,13.8022,21.5428,10.1739,6.7808,4.3684,4.02146,9.75639,6.43034,2.51061,0.375849,2.48452,3.47661,3.93463,2.83261,2.97188,3.05293,2.91744
0.105651,0.190933,0.902945,1.76729,3.78016,14.5343,14.854,0.133365,5.45885,3.45577,1.89603,9.15913,5.08635,1.13497,1.91025,2.68792,0.634094,1.04952,0.0884592,0.297134,0.530626,0.833991
0.160314,0.0200933,0.0112434,3.92193,4.14846,20.1783,36.4517,18.8623,4.44738,2.83817,2.79455,10.542,6.33826,1.55631,1.63637,0.0216997,4.82835,7.28232,2.3797,0.340737,0.489327,1.65012
0.183785,0.153899,0.133016,4.31892,10.3625,6.03521,3.46816,6.39569,7.68406,7.26602,8.47791,11.8626,6.7313,0.390983,0.166048,2.77309,8.137,10.1145,4.27375,0.936176,0.634206,1.37064
0.0558115,0.022079,0.919552,0.363428,11.4102,29.4425,30.6183,11.5072,1.40173,2.10856,0.271539,1.47135,1.01775,1.85831,1.1391,1.66328,3.84018,4.27228,2.80404,2.80106,2.73684,1.58754
0.100294,0.040641,0.376371,4.29594,10.1799,15.0366,10.9209,1.8399,2.65386,5.03666,7.13478,9.48133,6.56042,3.47859,1.7111,1.55889,5.00027,6.11528,0.835013,1.43627,0.0776508,2.88046
0.0400032,0.142294,0.0664756,2.00007,0.740641,14.6286,14.5578,0.121917,6.73594,7.03245,0.514047,8.63004,6.95261,0.481603,1.55456,4.36315,9.89502,11.5283,2.40005,3.19609,3.79348,1.68374
0.050006,0.223192,0.873091,3.33828,9.04623,18.4411,9.28398,6.4428,3.82849,0.538565,3.45211,10.698,3.99678,6.72861,3.24525,1.69105,6.26158,8.14569,2.49078,0.678668,1.11757,0.617068
0.251514,0.126969,0.89256,1.27298,4.78553,2.84255,5.14145,3.24712,6.24145,3.05076,5.67303,13.0066,3.96371,7.46404,5.68145,2.36387,1.20726,0.148803,0.755009,1.11863,4.20048,5.86373
0.333129,0.157436,0.64901,4.0134,5.64301,13.3801,14.5473,4.91753,8.38617,1.80493,8.63652,12.8683,7.10531,0.91922,2.34113,3.21883,6.52002,7.61658,1.7034,2.89579,1.48202,0.19394
0.111882,0.100259,0.524895,5.89997,10.2168,4.57383,1.89488,2.92145,1.22892,3.36835,7.07523,2.41619,4.85907,6.46698,3.03511,0.36197,5.79367,8.44136,1.58227,1.06936,2.95398,3.17979
0.0822298,0.0918866,0.81083,1.48296,5.63063,24.371,28.2655,8.26348,5.85423,7.00369,2.79969,2.75191,1.49815,4.09832,5.26207,2.61885,2.41337,4.96206,0.406345,3.64359,2.5469,1.93049
0.00996449,0.167024,0.0447125,0.477194,2.1856,13.6819,17.5049,6.05644,4.06124,5.38102,4.62955,8.24216,7.57074,0.214987,4.42382,2.7109,0.0385821,0.506953,0.706974,0.660564,1.44626,0.00931134
0.00450033,0.171067,0.58015,0.517974,6.44995,22.6021,30.8747,16.8186,1.07893,1.85569,0.506812,9.56838,7.01048,0.0268863,0.601505,0.813079,1.97337,3.85455,1.80302,0.630154,0.721344,0.678818
0.104688,0.0516696,0.93514,5.52227,13.8256,28.1137,29.5963,8.54836,5.53634,0.429433,14.7626,19.1163,6.63005,1.00247,4.26586,2.8138,5.22458,8.33098,1.804,1.49783,0.0647536,0.600035
0.276617,0.0262038,0.227895,3.12455,8.24026,1.27942,9.21846,8.54116,4.71011,1.24613,2.74796,5.53321,6.77788,4.58836,5.21653,1.53203,6.88581,9.41649,1.84375,2.46806,1.14942,1.97424
0.281468,0.316268,0.953562,1.01863,1.52765,19.3794,24.9551,2.64982,5.82926,4.88133,4.33716,4.03133,6.24281,5.7379,1.36741,1.39542,1.90137,1.30728,1.29515,1.20713,1.85799,2.08573
0.0379706,0.0295024,0.921649,4.43655,4.02687,7.56516,13.7815,3.45636,6.05841,6.92963,4.78201,2.27787,0.303059,0.296141,2.56732,1.4898,6.17561,8.74682,3.73259,2.74052,1.86203,0.236645
0.343004,0.0235127,0.0506745,2.79063,0.408987,14.5368,9.05544,6.95849,3.17928,4.10957,4.8627,2.88084,8.58756,7.87512,5.19421,0.0854536,9.19006,12.0651,3.93064,1.4658,3.64597,5.25469
0.0246985,0.11461,0.268342,5.24111,6.60987,11.9479,22.5999,7.89983,4.32124,0.691839,12.1799,17.3413,11.6472,7.1593,2.23866,2.39323,5.37459,6.22915,1.77806,0.633654,1.32009,0.16926
0.0748223,0.0241554,1.08046,0.123309,8.88341,13.8589,1.37688,6.37569,1.63793,1.76973,2.87974,11.2135,5.83682,1.45173,2.45747,2.15252,2.81396,4.39951,2.47349,3.42261,4.26564,1.64822
0.187101,0.0409298,0.615061,4.24018,13.0652,25.2187,23.5323,7.80446,1.92547,3.06462,4.28027,7.97987,2.25983,5.34727,3.20291,0.727699,7.4574,9.85265,4.49117,0.854911,0.797427,1.50938
0.0335683,0.00688239,0.634804,3.79844,6.74711,2.2606,4.30309,5.80864,7.19743,7.22141,2.4142,3.85971,3.08874,2.89994,1.81978,1.99106,5.34539,6.77156,3.59253,3.08191,3.79101,1.26025
0.335958,0.146132,1.14861,2.80528,5.93888,21.7359,27.5659,12.9352,4.95183,4.81854,5.25954,3.72875,1.46138,0.164939,0.064769,1.44755,0.780938,0.900211,1.34781,0.369062,0.619024,0.689488
0.105342,0.00827351,0.668673,0.673863,5.48484,10.5134,1.46938,11.7604,7.37984,2.82942,2.97008,7.78074,4.73124,0.60441,0.314011,1.18441,3.40296,4.05057,1.72815,0.313012,0.0302474,1.75404
0.191608,0.0721695,0.810478,2.38773,5.54046,12.9603,25.2811,12.9313,7.94127,7.13765,9.35761,15.7004,9.58186,0.513665,0.649457,2.51151,4.07214,5.34621,2.95753,1.04896,0.147283,0.880524
0.128378,0.0140292,0.548182,7.84002,9.51168,11.7358,15.3188,1.36257,0.212857,4.23567,1.38917,10.0036,5.52808,4.24634,2.52071,1.26235,4.37087,5.95825,3.45201,2.50215,2.67781,2.12256
0.0259425,0.0237043,1.05021,0.0816083,6.23312,11.3967,6.20621,0.0684863,3.34264,4.35012,2.12285,8.23755,2.38519,6.05603,4.59435,1.1831,2.5823,3.37098,1.44728,0.41517,0.145531,0.46712
0.289016,0.0427507,0.140607,0.371089,5.61471,25.9361,28.5533,8.31341,4.13721,4.18009,3.39724,8.03071,4.19878,0.836439,2.39933,2.72028,2.40148,2.56939,0.112144,2.62304,3.27447,3.48672
0.178501,0.0844778,1.00659,2.47993,0.516373,5.93975,18.3811,15.1161,3.5744,2.08595,6.25078,5.25267,4.57637,6.33615,2.93639,1.64725,7.97397,9.83139,3.22819,1.17636,1.50597,0.956039
0.109558,0.0676851,1.07171,5.23696,12.7039,25.9036,26.1603,10.4252,5.03752,7.32761,10.4906,10.4516,1.08634,6.21726,5.55717,1.31361,6.77433,9.36288,3.2554,1.02044,3.26058,1.47882
0.0041654,0.0340401,0.0391035,3.53548,11.2434,22.4478,26.7964,15.3949,6.50543,6.37863,0.0649994,10.0537,8.18366,0.422312,2.50639,2.10191,0.100306,0.889162,1.40684,2.74868,2.3948,1.31484
0.217938,0.185859,1.36282,0.101127,3.7631,6.21988,13.7886,7.15687,1.66749,1.60721,7.34295,13.0678,10.8576,4.9874,2.16587,0.506922,6.89612,8.47628,1.15418,1.03076,1.87056,1.76522
0.175304,0.0233201,0.636253,5.94551,4.40805,15.0196,16.6141,1.98953,3.60873,0.837848,1.01153,8.473,6.90921,3.20455,4.79233,1.68957,7.30586,10.3406,2.49315,2.22681,1.2436,1.0771
0.0644916,0.0446066,0.161461,0.245564,0.817853,4.01049,8.6287,6.35532,1.94899,0.664765,12.7773,13.9539,4.56463,2.1248,3.94176,1.60162,2.203,3.25618,0.917872,0.00493312,0.123228,1.14844
0.0221843,0.212855,0.693961,5.60127,3.23451,15.3297,10.8349,6.17778,1.02882,5.7985,6.20285,1.06718,3.26401,1.94352,0.563596,0.601966,4.4297,5.86517,1.318,0.997611,0.337641,1.07244
0.147111,0.313525,1.20842,0.105922,4.27228,0.144993,0.40028,2.50222,5.50726,8.05982,2.03641,2.91153,1.28728,1.26212,4.11999,1.86366,5.90719,8.12102,1.24759,0.966148,1.57805,2.57535
0.0472103,0.00936906,0.467375,3.97464,13.1722,24.2377,15.6325,3.14713,5.65624,4.35841,7.00689,8.30394,7.10633,6.04006,3.91821,0.65969,2.85871,4.68612,0.731377,2.79346,1.53478,0.871787
0.142027,0.0128111,0.958163,5.20019,12.0966,20.9518,20.0179,8.9713,4.95725,0.553455,3.33477,6.59694,10.2538,6.39422,1.64053,1.32795,0.405604,0.533985,0.124668,0.159834,2.43308,2.59031
0.0309958,0.356019,1.22218,2.25689,1.32924,10.2103,14.212,1.04676,7.70519,2.17449,11.8552,17.2508,7.77211,0.315791,2.05316,1.80411,1.16914,2.72036,1.48846,2.229,2.33819,0.928302
0.255081,0.0858381,0.395424,1.47227,3.44205,25.1322,38.0119,19.4643,0.874652,0.882374,1.11288,8.74403,2.56237,6.34225,3.33201,0.527678,3.30935,4.76353,1.28647,2.50203,3.97345,0.79304
0.0709197,0.15316,0.828587,0.0499275,4.24623,3.93506,0.883266,0.701411,4.2632,4.96263,2.54015,3.2164,0.0727654,4.87328,1.68385,2.45342,4.92349,5.57935,0.741439,0.469265,1.72907,0.0435114
0.0048591,0.0350767,0.733752,7.3652,7.80329,17.9756,34.2357,15.0125,4.08049,6.11274,3.74685,1.34299,1.09433,0.142893,0.501559,1.74405,3.64092,3.42571,0.0745031,2.90518,2.8419,2.15208
0.0604278,0.25229,0.896429,1.40414,5.11363,5.99861,10.2033,1.66324,3.3074,2.26297,2.8161,2.08916,2.17556,1.24586,0.292177,1.01636,2.65469,3.52498,2.14377,0.591984,0.37152,1.1612
0.132711,0.0624516,0.406551,0.228046,8.05533,18.8311,13.5117,0.412173,5.1857,3.12426,4.86241,11.7949,7.18472,0.623472,0.571206,2.32221,6.82547,8.07115,2.55414,0.261816,0.167793,0.264586
0.319923,0.148123,1.4127,4.17479,7.74432,17.1773,11.4837,5.88596,7.88589,4.24745,8.46504,14.6806,7.97569,2.22843,2.66327,0.626721,5.15157,6.24375,1.62557,0.416848,0.512573,0.882105
0.0422585,0.22568,0.745922,3.4701,6.66518,6.97234,3.09998,8.89121,2.77948,1.32965,1.01083,7.23746,3.50938,3.89359,3.34303,1.55682,1.36173,1.26867,0.876309,1.36892,1.73234,2.37795
0.210902,0.0674828,0.456278,3.27704,12.3192,23.6562,14.0496,4.55092,6.73829,2.87075,1.9698,5.25713,2.19929,0.58303,0.523634,2.0573,6.42769,7.25701,2.88783,0.151506,0.0747369,0.134594
0.151326,0.113758,1.43367,0.501371,6.25165,7.65645,7.69203,6.43213,1.54378,2.00673,0.274459,3.04676,4.53597,5.29438,3.22984,0.244113,4.67252,6.38056,3.02447,2.22213,3.16649,2.30288
0.146508,0.049625,0.402031,6.50861,6.84966,14.5798,23.4786,7.65225,1.34494,4.25955,5.0395,0.110083,1.08794,6.12017,4.82853,1.75745,0.00278613,0.876503,0.588819,0.652788,1.26688,1.1674
0.0654021,0.0516525,0.152204,2.27713,2.68241,7.36495,12.3342,3.78561,4.42047,7.4395,11.7761,13.3737,5.95421,0.608387,1.55324,1.50323,3.38945,3.71994,1.22425,1.0715,2.75172,1.15146
0.0414913,0.067108,1.01796,4.27281,1.79495,16.0272,29.2424,18.5877,5.89192,5.75904,1.58329,8.75958,9.01707,4.16117,2.59873,0.970722,2.36773,3.72504,1.77428,1.90035,1.89878,0.0332552
0.217895,0.261788,1.25862,1.05302,0.498899,15.298,21.0064,4.06219,4.29892,0.226956,6.71884,10.2842,6.73415,3.73417,3.45652,1.80275,0.90935,2.17098,1.49162,0.181046,1.03346,1.39298
0.0881419,0.0400188,0.0780705,3.05981,8.47075,12.1786,15.7614,13.6001,8.55896,1.5366,1.60018,4.81584,4.04291,1.41609,2.29492,0.881953,0.099657,0.485667,0.688901,1.38361,1.4253,1.29397
0.141787,0.106824,1.05124,5.76417,13.9729,26.8273,21.9572,1.89943,1.06434,2.68902,10.9238,9.61071,3.6274,1.1921,0.206879,1.22273,0.298844,1.1012,0.134264,0.413731,0.00288849,0.259025
0.154357,0.117077,1.29485,1.71423,3.56768,9.22677,8.9637,1.84571,4.53789,7.02027,8.48301,4.80424,0.15328,0.281865,2.29562,1.36455,2.37646,3.83876,1.57085,0.377209,0.215493,0.738441
0.195782,0.032655,0.0447585,2.6816,0.304101,14.4777,9.88881,4.51767,2.16356,7.22831,1.41031,4.45966,4.22547,3.05212,2.11171,0.58327,3.15671,4.07391,1.87827,0.0541118,1.32023,1.53454
0.0560581,0.0506279,0.69083,2.19841,1.63946,15.0621,21.8276,11.3641,2.31633,2.73426,6.17268,8.86002,8.02854,5.77281,1.83433,1.19425,0.979563,0.553895,0.655019,1.52363,0.966088,0.579592
0.115882,0.0147724,1.0229,6.90073,7.0003,4.89975,1.78192,5.90878,1.97543,1.01932,1.55554,6.67016,6.87837,1.66092,0.222256,0.569227,2.6001,3.95007,0.86669,0.1895,1.83258,1.71795
0.125237,0.248509,0.773568,1.89438,3.99149,12.4876,22.6896,12.1057,5.82316,0.806976,9.77778,13.1877,3.47925,4.205,1.90393,1.28667,4.65342,5.58153,1.44688,1.37146,1.26146,0.180669
0.097579,0.130335,0.749343,0.835003,6.98465,8.63471,5.71123,2.84579,0.196298,0.782415,0.411651,4.9369,1.1812,5.22247,2.28857,1.7493,2.63292,2.72838,1.26855,1.02505,1.83169,0.764262
0.115555,0.143828,1.4129,5.86815,12.1013,22.7377,22.8421,9.95134,5.32178,4.08915,0.015423,0.0676627,0.865434,1.82216,2.04033,0.386075,1.94674,2.50245,0.517871,0.135897,0.815079,0.317274
0.02501,0.0320153,0.566602,2.036,0.517839,2.59029,7.27643,10.1167,0.934868,3.51865,1.54239,2.29746,0.262027,1.41375,0.139749,1.47405,3.46968,3.98976,0.669429,1.29724,1.07931,0.641156
0.118042,0.0748748,0.52683,2.29882,7.05323,20.3098,23.737,9.27244,1.55499,0.375197,0.121361,4.04277,3.46317,1.76346,1.45283,1.06743,2.17592,2.37514,0.403477,0.372224,0.32462,0.845466
0.0812552,0.0242011,1.21302,1.97431,5.67035,15.6587,6.6409,4.67575,1.87228,4.68414,3.10282,9.63188,6.04692,1.70263,2.69367,0.9391,0.497703,0.00871553,0.201182,0.254178,0.0071141,0.173849
0.0615387,0.0275047,0.559263,6.08101,8.36567,5.73237,11.3197,0.0422969,4.46555,3.88854,8.27079,11.2878,4.07939,2.67256,2.4819,1.38099,1.04029,0.980357,0.277596,0.0597438,0.223767,0.755839
0.0888412,0.173167,0.0506072,4.30252,5.3048,14.1171,21.3166,4.94255,0.409364,0.598822,2.21348,3.47929,2.76908,0.566295,0.132574,0.161879,1.21476,1.45874,0.286412,0.823628,1.06694,1.17153
0.0382682,0.139838,1.06755,2.14148,2.26931,2.28396,8.38006,12.0807,6.88078,1.55354,3.58221,4.80759,3.47546,3.12687,2.59213,1.09973,0.638728,1.17472,0.10112,0.0372362,0.277716,0.154771
0.166511,0.129642,1.30687,3.03689,5.69419,18.7511,22.8075,7.56441,1.55093,0.23024,1.50839,0.366276,2.38956,3.63355,2.6669,1.10182,0.179355,0.267976,0.331685,1.01842,1.2575,0.959875
0.0164437,0.00583485,0.231663,1.29072,3.14735,5.70977,16.892,12.5322,4.33169,4.40713,3.73085,1.50338,2.18307,0.566764,0.49984,0.173574,0.132479,0.619627,0.518944,0.228107,0.522817,0.16092
0.040209,0.197938,0.985751,5.53123,11.893,18.7516,17.6251,6.04214,3.17459,6.62894,10.3422,10.9686,6.10276,2.95771,2.16263,0.889954,1.29637,1.82024,0.260354,0.225469,0.911226,0.437103
0.0611593,0.0655333,1.08712,1.04069,6.71678,16.6415,13.6309,2.44341,1.66182,3.84672,2.70376,4.89899,5.68466,2.64433,1.85637,0.509312,1.07647,1.59939,0.308096,0.715055,0.71473,0.0998781
0.0936154,0.0290055,0.0570156,3.0661,5.15911,4.5509,13.3447,7.74239,0.592912,0.0444435,5.67851,7.46022,3.42237,0.947172,0.817942,0.23249,0.107857,0.150195,0.320409,0.411887,0.054924,0.111181
0.0951527,0.0220302,0.5035,4.3755,2.04808,12.0155,8.58466,5.80672,5.71398,0.0642284,0.632702,4.14375,3.42622,0.418758,0.166066,0.564838,1.16981,1.79818,0.791058,0.491466,0.441175,0.305644
0.0709855,0.118188,1.14661,4.12197,3.89771,2.34546,9.33644,7.43427,1.38539,2.50799,6.41443,5.78837,2.07853,0.33567,1.02342,0.283532,1.03864,1.64619,0.766452,0.208458,0.344423,0.247151
0.130248,0.193322,0.697166,1.09005,1.03005,13.1844,13.2828,3.42211,6.1206,4.78204,6.5871,4.4867,1.83207,2.49333,1.57909,0.272538,0.163386,0.203614,0.0558147,0.306955,0.198019,0.101604
0.0947219,0.155186,0.910794,0.547674,4.29793,0.875329,5.82227,1.64131,2.60635,3.99504,1.00891,3.69963,4.668,3.9496,1.91924,0.162127,0.333421,0.703418,0.374752,0.0716489,0.58425,0.896081
0.131248,0.124334,1.19008,6.15941,12.1091,18.8153,14.9817,1.3968,1.91104,0.348483,2.52873,5.48201,4.18161,1.37124,0.558412,0.405068,0.528647,0.492413,0.264153,0.557171,0.445788,0.0906575
0.00977342,0.0684543,0.639924,0.263848,5.40973,17.2027,22.9854,11.4208,1.85148,1.90243,1.33135,5.85323,3.17416,2.10046,1.20716,0.309946,0.0241489,0.0880792,0.216716,0.0341024,0.542769,0.477743
0.0933302,0.0418224,0.729254,0.818904,0.938418,6.45631,6.80438,1.32012,1.90716,1.24814,4.7694,7.43555,2.1724,2.44533,1.33947,0.055623,0.0391582,0.170531,0.0886294,0.521855,0.501529,0.145559
0.0248388,0.132551,0.907058,3.24818,1.44052,18.2801,26.2532,12.9221,0.699607,0.969626,0.526601,2.73358,2.13825,0.101788,0.681554,0.425019,0.244613,0.24323,0.116093,0.215697,0.422252,0.449791
0.182497,0.130772,0.699823,4.55464,6.92161,3.79884,0.710983,1.85549,4.12551,2.02548,1.36922,0.800285,1.04573,1.1155,0.195446,0.523955,0.613325,0.407821,0.170917,0.0195114,0.281639,0.324803
0.111002,0.162751,0.0545891,3.92115,5.1547,9.70063,15.5596,5.17838,2.13208,0.832477,1.45676,0.500298,1.37857,0.155124,0.0941902,0.0758584,0.128256,0.237857,0.0567759,0.404737,0.263176,0.0193384
0.217385,0.163467,1.24468,0.797433,2.32795,1.90316,1.18634,5.10447,3.34788,1.48789,2.39522,3.88154,3.12791,0.682802,0.448064,0.652066,0.911936,1.06902,0.249534,0.16703,0.141997,0.202128
0.0855612,0.107492,0.992275,4.13081,8.65479,14.0768,8.55356,0.49015,1.9898,3.73952,1.08455,5.37725,3.02719,0.323617,0.303384,0.39386,0.933151,1.02523,0.214525,0.159842,0.0276148,0.363274
0.0236642,0.0755704,0.370332,0.327354,2.98753,9.58786,3.60443,5.17961,0.75629,2.66986,4.76518,6.29506,2.06191,1.14181,0.253456,0.379069,0.198905,0.162166,0.116149,0.193679,0.0434406,0.318279
0.154276,0.136789,0.852339,4.03325,6.64552,9.20506,5.34695,1.65805,0.122508,0.207886,2.58824,1.13512,1.79536,0.640848,0.175815,0.667268,0.835754,0.754266,0.219479,0.150773,0.336719,0.508797
0.0899131,0.11159,0.927231,1.34224,5.75169,17.3925,14.6352,3.221,1.83303,0.637807,3.29799,2.98936,1.18054,0.299597,0.505744,0.102525,0.160005,0.0251039,0.00416067,0.0658348,0.0697365,0.645842
0.0547442,0.04758,0.0773403,3.10537,6.81082,3.47826,1.00109,2.8232,1.5141,1.25121,2.07739,1.02087,0.439314,0.711752,0.775503,0.563821,0.227214,0.788369,0.211391,0.374761,0.514762,0.472897
0.0422692,0.056971,0.626412,5.1712,5.92853,11.2887,22.1993,10.8961,2.54051,2.99286,1.64325,2.04124,2.78424,1.19349,0.661829,0.1569,1.34039,1.77178,0.521418,0.115516,0.30421,0.119217
0.142511,0.157231,0.996763,1.80042,0.130659,5.47992,10.9822,5.99853,2.00311,2.89386,5.50454,6.17351,2.75192,0.235674,0.0274708,0.00304207,0.304654,0.632002,0.315822,0.16329,0.257374,0.766069
0.0480238,0.00577638,0.577603,0.806812,1.94695,11.1169,17.4613,9.78893,2.11525,1.33733,1.85242,2.10199,1.87171,0.916298,0.874146,0.385427,0.18382,0.400633,0.149065,0.0915726,0.0505856,0.49614
0.0198091,0.146452,0.838004,0.358297,0.584705,9.36854,13.8532,4.36588,1.58456,1.01866,2.8925,4.05992,1.663,0.862834,0.837255,0.162147,0.528323,0.694305,0.124965,0.0736714,0.0484551,0.155619
0.0713925,0.142167,0.80774,5.25683,9.17155,8.42227,5.37307,1.74492,1.04711,0.351441,0.123414,2.39855,1.73857,0.139186,0.0956115,0.194263,0.356768,0.476654,0.0822593,0.139383,0.23343,0.505415
0.0372518,0.0130808,0.554247,0.17179,7.05992,15.9199,9.60729,1.77353,0.698895,1.91228,2.17579,1.77549,0.495607,0.0282929,0.207181,0.438628,0.495836,0.56207,0.147357,0.15802,0.0732926,0.656892
0.0391108,0.0799794,0.543669,0.25425,3.31185,4.05817,3.06002,2.61977,2.93968,3.00186,3.04166,2.91604,1.60579,0.74329,0.214718,0.0893463,0.314799,0.46217,0.148172,0.0433242,0.0456107,0.169151
0.100172,0.0934243,0.798235,4.40745,2.18605,8.90905,5.49557,5.3011,3.89381,1.52012,0.0244387,2.69939,2.60066,1.18625,0.59729,0.323566,0.00736604,0.0993369,0.0303824,0.105753,0.284053,0.0196639
0.00591699,0.0884276,0.723816,2.50831,4.04097,6.82732,7.13163,3.54121,1.33205,0.56558,1.0025,2.90086,1.89836,0.287184,0.377193,0.193271,0.0578625,0.14662,0.00434529,0.178364,0.159171,0.100616
0.0486034,0.0700711,0.127185,2.92582,3.61024,5.80028,8.41289,0.00196347,3.32902,1.88233,1.9473,3.43487,1.50238,0.686186,0.305354,0.00746786,0.610574,0.847513,0.178969,0.00183348,0.252857,0.46204
0.11553,0.218935,1.1331,0.571199,1.91555,6.46052,12.7933,5.3716,0.872971,1.33975,1.18034,3.08788,1.49636,0.676951,0.937541,0.35477,0.56966,0.948505,0.287159,0.221348,0.17272,0.243895
0.0431325,0.0122661,0.703939,4.60914,8.21434,9.46109,10.2769,5.80298,0.112537,0.683789,0.28881,0.730469,0.732576,0.0931289,0.44961,0.158498,0.115544,0.315741,0.171992,0.0424288,0.128023,0.0812046
0.0115658,0.0708155,0.095096,1.45575,5.69402,15.4654,18.7144,7.53363,1.60772,1.30124,1.4319,1.66582,0.543812,0.233553,0.00667281,0.143363,0.101837,0.0910898,0.0449175,0.0159743,0.0562175,0.207112
0.038577,0.0322343,0.926863,2.72074,1.30378,1.12303,1.9945,4.52953,1.93623,0.814673,1.33141,0.825057,1.70814,0.273967,0.51432,0.435016,0.119201,0.0796943,0.0956973,0.0288216,0.0205858,0.316293
0.0618869,0.0732577,0.675598,2.16935,1.64394,12.4966,14.1657,3.85472,1.58775,1.62744,2.51127,3.42194,1.92224,0.0789543,0.243769,0.000633001,0.0089974,0.0968479,0.0434923,0.00796686,0.0490607,0.149566
0.101542,0.0204917,0.179652,1.85581,5.84581,10.473,8.14372,0.111633,2.35745,1.56661,0.409292,3.16874,1.60586,0.485223,0.0671588,0.162623,0.21551,0.334168,0.114736,0.0151153,0.0855746,0.196673
0.149615,0.00782871,0.619705,5.01087,6.46439,2.37418,3.1155,3.08444,1.35285,1.19903,2.72983,3.23049,1.15087,0.148802,0.199792,0.303023,0.197465,0.410372,0.227476,0.0961682,0.0313005,0.0111786
0.162582,0.199046,1.03577,0.778538,0.969503,7.65224,11.92,2.77191,1.69988,0.153876,1.77428,0.139402,1.18953,0.394203,0.00151376,0.0178965,0.0123661,0.00744428,0.00254056,0.0410747,0.130401,0.162532
0.0396099,0.0219286,0.235516,1.5476,3.56678,2.40435,4.23496,5.87872,0.662859,0.139258,1.93371,0.954445,0.173467,0.146585,0.260677,0.272292,0.232625,0.361294,0.140444,0.00834256,0.0566446,0.0787761
0.145184,0.0893738,0.82064,1.76994,3.17604,10.2509,11.2896,3.26316,0.374385,1.08158,1.60487,1.47537,0.864757,0.0246785,0.018218,0.196815,0.0494535,0.106473,0.0931515,0.13102,0.216029,0.128832
0.042201,0.0313573,0.881247,4.38228,5.2311,0.252018,3.73562,1.49174,1.2897,2.24398,0.638336,2.13896,1.82457,0.119576,0.40366,0.000475191,0.162907,0.049535,0.0709615,0.0346006,0.0404619,0.350218
0.00642172,0.053536,0.345261,0.417153,5.28038,11.871,11.7387,5.17517,1.44129,1.74768,3.69038,4.20603,1.50396,0.468922,0.394642,0.11142,0.0853481,0.116139,0.0702319,0.0848542,0.10499,0.146743
0.0504908,0.107575,0.514744,0.077975,5.2159,9.59778,4.1483,2.25942,1.98728,0.365571,1.21836,0.885963,1.1915,0.0788719,0.052163,0.0913049,0.225009,0.223364,0.0480949,0.0620295,0.0319886,0.647858
0.0289367,0.0343096,0.858649,4.6799,5.43749,3.77195,10.3729,6.60651,3.03028,1.01443,1.44737,1.74218,1.01651,0.911918,0.798564,0.179689,0.232806,0.247297,0.0401362,0.00130168,0.0108591,0.49737
0.0389603,0.183309,0.531348,0.723017,1.5599,8.61835,7.5296,0.798884,0.0445252,0.693944,0.559359,0.240994,0.688714,0.829813,0.588782,0.335192,0.210246,0.0887894,0.15309,0.0480802,0.11048,0.223409
0.0253349,0.102833,0.275359,1.89984,2.76172,0.243946,2.22285,1.66659,1.19982,1.65358,1.04025,0.335873,0.783983,0.655188,0.399061,0.0391098,0.100836,0.234638,0.0381293,0.127802,0.0371668,0.763472
0.155881,0.120534,1.22455,1.36531,0.117957,8.07323,10.9954,2.2723,1.32019,2.75462,2.69768,3.26206,2.29904,1.83677,1.19441,0.416725,0.598138,0.482008,0.0778159,0.104366,0.0183606,0.442627
0.103622,0.0975558,0.390666,4.01146,5.90199,2.40668,9.50339,5.98192,1.51861,0.792188,0.243465,2.18047,1.86887,0.800946,0.580511,0.219062,0.0611464,0.0502466,0.0143809,0.0405033,0.217528,0.256422
0.150924,0.168629,0.114482,2.40254,6.78401,11.6293,9.86012,2.87752,1.14245,1.20165,0.605564,1.89888,0.993297,0.764337,0.618064,0.0856851,0.382724,0.482892,0.0795122,0.0497851,0.106471,0.891518
0.070874,0.0538673,1.07916,2.25782,1.56139,12.1296,16.9654,9.23204,2.82766,1.41203,0.838702,1.64866,0.765871,0.82497,0.757321,0.18211,0.134288,0.322518,0.187264,0.104305,0.252819,0.045049
0.455625,0.098915,0.477745,1.98466,0.447075,2.89388,2.7677,1.24033,0.431596,0.182796,0.941475,1.25098,0.782911,0.573187,0.244489,0.038042,0.287393,0.59636,0.337248,0.102958,0.0981035,0.647804
0.165342,0.19735,0.113653,0.632164,4.57044,12.4133,12.4162,4.27762,1.64645,1.51192,0.68982,1.02724,0.00436398,1.36429,1.07414,0.10182,0.943401,1.23859,0.312157,0.0132645,0.0778411,0.773259
0.141616,0.0420656,0.694106,4.51504,7.52275,6.09114,1.63741,1.38303,0.322498,0.876232,1.60084,2.77625,1.40254,0.343635,0.623027,0.181845,0.618991,0.842803,0.18107,0.165877,0.0760592,0.098983
0.102971,0.178363,0.975097,0.283734,1.58593,4.80911,5.29388,1.33494,0.184322,1.43957,0.198625,1.63833,1.99254,1.11162,0.420061,0.169152,0.438945,0.543312,0.234179,0.0502561,0.1235,0.24191
0.0137872,0.0979478,0.20091,1.51437,2.34956,3.84641,3.8342,1.30136,0.950801,1.95524,1.30259,2.25457,2.05197,1.8415,1.23966,0.042514,1.31464,1.57019,0.446352,0.0392192,0.134928,0.363494
0.077398,0.136849,0.788309,2.77465,3.92916,5.53479,2.29251,2.91096,2.04219,0.947163,0.315161,2.03605,1.45966,1.23673,1.10931,0.154751,0.990572,1.44602,0.517367,0.119639,0.0303552,0.249085
0.00406291,0.020099,0.734466,3.87622,2.61812,7.64682,9.22924,2.10552,1.27289,0.816073,1.4921,1.4786,0.721877,0.643797,0.488979,0.255321,0.00745173,0.336693,0.118685,0.0892743,0.0297318,0.0966675
0.109087,0.00142147,0.176068,1.37214,4.18737,3.58101,1.02024,1.26213,2.7012,0.853609,2.31428,2.33217,0.348752,0.176278,0.187484,0.104929,0.108596,0.137332,0.148377,0.171683,0.0450089,0.048763
0.0405084,0.0985268,0.645453,0.521026,5.29606,15.0046,16.7065,7.564,0.657345,0.620809,0.560852,1.37856,1.2664,0.410212,0.511069,0.234621,0.099123,0.217733,0.114804,0.101975,0.0831395,0.209486
0.0930962,0.0162511,0.918422,4.46793,7.49099,7.78293,4.40792,0.746049,1.78193,2.31084,1.75986,2.41109,1.78426,0.742332,0.39201,0.121966,0.429342,0.734281,0.301679,0.0407555,0.182594,0.0150701
0.0602956,0.103356,0.207032,0.278113,0.462182,7.5397,14.4661,7.45952,1.13084,2.63761,0.65332,2.09075,2.09588,0.581164,0.149634,0.13144,0.893349,1.10183,0.307991,0.00133306,0.0727977,0.0845975
0.0989977,0.119727,0.683727,2.30463,4.29848,10.8204,10.5342,1.18209,1.17386,1.04882,3.34362,3.30131,0.923036,0.543173,0.409407,0.198667,0.223496,0.327906,0.0868164,0.222147,0.217488,0.024437
0.102336,0.131891,0.99052,1.49045,1.0669,0.168919,2.83471,0.624469,2.11641,0.872188,1.51119,0.629602,0.262953,1.07842,0.581862,0.0615108,0.452094,0.470004,0.19687,0.032634,0.107484,0.0325929
0.0411835,0.0986381,0.0790894,3.26972,4.33883,7.441,11.0624,0.209274,3.43959,0.834315,0.335361,0.641363,1.01417,0.863209,0.632474,0.00583406,0.245507,0.412251,0.305923,0.229963,0.233297,0.300389
0.00565743,0.0234392,0.488927,3.95055,6.13027,1.50739,9.43862,6.19253,1.01067,0.868406,2.07386,2.19896,0.711056,0.387538,0.213917,0.137248,0.231428,0.213912,0.0446889,0.110476,0.0856085,0.21245
0.0230301,0.0588465,0.9241,2.25236,2.29017,10.2366,7.49625,1.17144,3.0996,2.7797,1.77657,1.32845,1.26701,1.01672,0.940342,0.183101,0.203512,0.191063,0.0164647,0.0309319,0.1685,0.231041
0.0318872,0.0989059,0.458168,1.20589,2.53943,10.0783,15.12,7.57323,0.528018,2.55186,3.7168,4.07358,1.69517,0.829901,0.887562,0.0273615,0.210554,0.0875503,0.082384,0.200776,0.27575,0.0036307
0.0541708,0.0747581,0.548714,0.784615,2.32824,5.50267,3.90622,0.755263,0.77235,0.063144,0.661437,1.09847,1.18832,0.0548035,0.0771254,0.193626,0.181651,0.288645,0.273885,0.137308,0.0375064,0.125521
0.150313,0.136615,0.881044,4.73824,9.59612,14.5401,12.2175,2.96017,1.86313,1.08153,0.666585,0.354172,0.129077,0.963058,0.842629,0.213239,0.32853,0.497814,0.325124,0.282407,0.161609,0.239872
0.0179374,0.085071,0.624974,0.362257,4.84645,4.41525,2.75337,5.11128,1.64936,0.892028,2.26022,2.24715,0.64099,1.13961,1.03351,0.0171501,0.165806,0.252324,0.0848411,0.130004,0.209578,0.130896
0.148646,0.101524,0.741583,0.326517,0.97466,7.74805,8.71648,0.863889,2.8761,2.42885,2.01099,0.695756,0.921575,0.662672,0.314651,0.282737,0.342013,0.479491,0.146559,0.0756614,0.0871998,0.251087
0.0351592,0.0797787,0.738097,3.83717,2.48994,4.54129,1.96485,4.35345,3.26416,2.15186,3.04857,3.6436,1.93941,0.629304,0.608755,0.334947,1.10684,1.29161,0.411875,0.00786124,0.0653405,0.347626
0.0931211,0.0398251,0.462195,2.9723,2.61159,5.35512,6.08228,1.3,2.10854,0.00648151,1.20314,3.22667,2.68919,2.15818,1.22746,0.0850735,0.502968,0.641442,0.181023,0.213425,0.1528,0.234034
0.0555004,0.0708958,0.20419,3.51351,4.24024,7.59648,12.2756,2.29872,3.04589,1.58351,1.20275,2.24391,2.34576,2.64539,1.30347,0.20769,0.741799,0.793088,0.134047,0.129572,0.116764,0.282035
0.0613197,0.233748,1.08163,1.11139,3.32345,4.58349,0.480446,1.60021,0.534899,0.607105,1.81481,1.28466,0.447269,0.957972,0.666032,0.0864368,1.07948,1.47717,0.370571,0.312184,0.246584,0.245142
0.153222,0.0466758,0.53451,3.65489,8.20335,16.4798,20.5698,9.93839,0.452101,1.72418,0.595752,0.870749,1.68564,1.50592,0.433943,0.435378,0.302059,0.868157,0.29564,0.0955326,0.340729,0.219427
0.114517,0.0218462,0.208947,1.58893,4.489,8.83192,8.475,1.59654,3.57902,2.72727,0.834097,2.07805,2.78194,2.29686,1.09391,0.113737,0.236208,0.436595,0.0547624,0.239593,0.364604,0.15832
0.0529502,0.103138,0.97235,3.51787,5.41511,11.7238,16.6042,9.61307,2.30674,0.740178,1.97183,4.37966,2.69868,1.24726,1.16334,0.371407,0.0180526,0.00400851,0.0819814,0.311845,0.358556,0.243058
0.0168029,0.0478203,0.666309,0.96115,4.51799,14.7963,13.3238,0.866668,3.78281,1.73297,1.81222,3.95675,1.5777,0.235181,0.335109,0.481629,0.239627,0.650871,0.139962,0.0857639,0.247481,0.349554
0.0444819,0.137323,0.185007,1.94992,5.0952,1.55223,1.32034,1.05549,3.39881,2.74224,0.368865,0.985285,0.981752,0.504108,0.436981,0.037844,1.02322,1.46102,0.296972,0.432452,0.233964,0.409792
0.106344,0.0657232,0.746782,5.70426,6.30343,8.07063,10.0623,1.77267,1.86502,0.925568,1.53276,1.50257,0.364346,1.09534,1.43904,0.703838,1.1592,1.35444,0.241739,0.177689,0.0253234,0.299854
0.0450472,0.19508,0.73337,1.12104,0.8589,4.21808,12.0524,7.41117,1.51164,1.64473,0.80797,0.734998,1.40437,0.961551,1.13044,0.557322,0.199323,0.406334,0.263603,0.192496,0.00951813,0.404127
0.0469644,0.0413015,0.094106,0.636222,1.55282,8.98692,5.68827,2.12182,0.713027,1.75616,1.75922,3.97803,2.81147,0.0110825,0.44992,0.142083,1.37004,1.85334,0.529473,0.0510945,0.16876,0.078342
0.102055,0.15183,1.06049,1.30914,0.321949,8.88879,15.6388,7.79873,0.281657,1.89742,1.15302,4.79289,2.51659,1.79494,2.04125,0.856372,1.42534,1.66697,0.385838,0.322485,0.317926,0.331558
0.0204899,0.0703734,0.733281,4.91494,8.96158,8.57038,5.73171,3.51544,3.5716,3.5629,3.81073,4.10594,0.790223,2.46207,2.06154,0.732122,0.10446,0.045656,0.115136,0.106195,0.0237023,0.309985
0.0362891,0.00379559,0.0288433,2.07887,8.85411,17.1626,14.3232,4.03785,0.265454,1.66762,3.19271,1.48791,0.0486024,0.299748,0.0117932,0.176291,1.16467,1.47031,0.594661,0.380917,0.583283,0.259105
0.027545,0.0942951,0.883329,1.19285,3.02838,3.29903,5.51493,9.11905,5.0719,0.821865,1.68818,0.426966,0.733163,3.01925,2.49887,1.0673,1.19723,1.46112,0.721735,0.0588106,0.204968,0.028931
0.0910953,0.0611042,0.697539,3.83711,1.93978,10.2541,11.2028,1.71698,1.63825,1.55611,1.9879,3.05153,0.471267,2.82011,2.27278,0.649193,0.481587,0.819767,0.573223,0.544143,0.719435,0.498765
0.0776568,0.109327,0.0311959,0.645141,4.34511,9.23804,2.63863,5.67293,3.13685,2.18447,0.958191,3.73695,3.05996,0.0149761,0.0986747,0.243826,0.309383,0.698702,0.298518,0.304527,0.518089,0.519774
0.0116575,0.031877,0.516096,4.89847,6.77269,3.40125,6.53079,0.168438,1.83315,4.94835,6.358,6.98859,4.11509,2.18909,1.53025,0.609099,0.558489,0.745618,0.0910293,0.233976,0.547528,0.469987
0.26007,0.152262,1.23847,0.407812,2.01221,10.2943,17.5103,6.52217,1.61784,3.45839,3.10075,0.360997,2.29835,2.12481,1.84516,0.770863,0.577867,0.849572,0.660635,0.711803,0.760972,0.138024
0.151688,0.0836365,0.0221876,2.45228,5.49382,2.53772,3.45191,3.65937,0.714937,0.311659,1.98024,0.372817,0.76023,0.342057,0.584583,0.0329356,1.69259,2.5514,0.99245,0.0132577,0.388327,0.204936
0.0474171,0.198344,0.642569,3.04652,5.97768,16.9231,24.2063,13.7201,4.73822,1.23038,2.71245,2.82563,1.52344,0.827037,1.05105,0.674496,2.02794,2.98869,1.27749,0.730739,0.862875,0.111661
0.0144651,0.00899416,0.98315,4.20809,3.22124,7.94778,13.4892,5.83309,1.00114,1.39251,2.93092,1.14331,2.30769,1.19095,1.51006,0.589592,0.607474,0.861005,0.456007,0.120898,0.0464402,0.158818
0.0555834,0.0184843,0.290064,1.00743,5.87261,12.8562,15.7082,10.3417,5.26727,5.07283,7.61384,7.75878,3.20509,1.36384,0.882987,0.253897,1.37788,2.20969,0.713299,0.164554,0.377795,0.652619
0.034553,0.0939484,0.670524,0.0166378,7.2752,18.2071,14.4233,1.75962,1.85379,5.01909,1.56129,3.32717,3.83679,2.02344,0.234737,0.67434,2.36196,3.63122,1.31061,0.22071,0.12219,0.298782
0.0772365,0.0128971,0.820983,5.87631,8.86924,4.25804,1.53778,0.850352,0.850334,0.558028,2.27625,2.35037,2.09568,0.670089,0.672695,0.266375,1.6229,2.27159,0.944393,0.499013,0.206267,0.242839
0.0881306,0.152551,0.67283,0.644703,0.311213,10.3892,7.25478,4.2473,1.04045,1.53325,4.331,2.93829,1.54889,2.77579,1.34315,0.496348,0.255045,0.451899,0.385098,0.378574,0.437398,0.82857
0.108662,0.17045,0.621402,1.95251,2.45097,7.282,12.3312,8.31085,3.49191,0.685569,4.17298,0.396833,3.84122,4.12757,1.42642,0.604638,1.43388,2.24699,0.340836,0.75929,0.402962,0.175836
0.281094,0.181662,1.16254,1.55037,0.357023,6.05915,4.07258,3.31924,0.743981,3.99749,5.19162,6.67308,3.87976,0.852689,0.0310966,0.034253,1.30404,1.94215,0.534764,0.127219,0.901489,0.64048
0.166922,0.0195193,0.22014,4.15822,5.43664,8.22106,16.2623,8.91166,4.91665,4.34855,0.905656,6.16453,1.80629,3.52141,1.24428,0.892871,0.799151,0.928539,0.419024,0.542348,0.799337,0.0286495
0.00176158,0.0521498,0.591985,4.38538,8.78712,9.04446,7.69287,4.62249,0.885755,1.41995,4.38341,5.70049,1.46277,3.0625,1.46143,0.81233,0.486093,0.485997,0.625537,1.02901,1.30607,0.438084
0.117752,0.0507772,0.906297,2.04812,4.51461,17.1758,17.1312,6.90607,4.17149,1.58838,3.28367,1.68071,1.06783,0.67265,0.0799244,0.0175756,0.285258,0.342505,0.439749,0.0269829,0.703197,0.291812
0.0117515,0.0236699,0.408346,1.02282,0.260515,0.897006,4.30129,5.13841,1.14076,2.04976,2.31153,1.59994,0.530922,2.20013,0.957376,1.09795,0.738306,0.0247143,0.592746,0.909231,0.617093,0.0529783
0.0381645,0.0362837,0.233216,0.245652,2.35477,6.47538,5.91783,1.65816,0.667163,0.465373,1.61877,1.29182,0.544766,0.35769,0.545294,1.08327,0.0623501,0.547642,0.614787,0.564506,0.13306,0.531559
0.0069087,0.0136375,0.000497972,2.57717,5.90479,3.27452,1.0308,0.3126,4.07218,2.97508,0.580901,1.12445,1.15675,1.32143,0.456607,0.147222,0.516009,0.726145,0.53944,0.447855,0.117086,0.585471
0.000619298,0.0605106,0.193443,2.47251,6.75787,2.13995,5.48579,3.18039,2.20126,2.61963,2.19216,1.65417,0.123787,0.425434,0.764445,1.16993,0.524993,0.316944,0.263047,0.0788755,0.471515,1.16191
0.0155829,0.064591,0.13897,1.88257,5.72039,2.2511,4.76678,4.37314,2.14254,0.9775,1.22251,1.47144,1.24351,1.21837,0.922338,0.84656,0.150926,0.273111,0.381242,0.411955,0.703238,1.09396
0.00995551,0.00543246,0.0263306,1.09726,2.68712,1.56442,0.2986,1.55001,3.93354,3.71044,1.7578,0.53873,0.448268,0.310343,0.33421,0.521038,0.542918,0.65832,0.660877,0.619219,0.861532,1.21255
0.0291728,0.0295686,0.0556969,0.658053,1.87028,0.0702972,3.37079,2.02667,1.20088,1.80065,2.65761,3.00673,1.91106,1.21962,1.35795,1.46273,1.11199,1.0158,0.959705,0.897621,1.0683,1.19472
0.00576596,0.0199915,0.130074,1.87113,5.13041,1.61587,4.58399,4.40014,3.07088,2.37277,1.40252,1.62926,0.954229,0.0528704,0.334613,0.720899,0.953924,1.01143,0.820364,0.754076,0.831772,1.10647
0.00521513,0.0158419,0.29079,2.09474,6.77565,4.10294,2.4268,3.77155,3.65054,3.18205,2.40566,1.80481,1.56007,2.02754,1.4715,0.708189,0.0646706,0.246087,0.434998,0.637309,0.84665,1.11509
0.0660958,0.020394,0.171333,2.5354,6.4421,4.42462,1.20769,0.753819,0.286994,0.225723,0.42775,0.588852,1.43267,2.28068,2.26622,1.67146,1.18425,1.0102,0.368942,0.00706347,0.375739,0.743034
0.0280997,0.0419191,0.157825,1.50239,3.32071,2.92281,4.21979,4.58512,3.5726,3.25531,2.80458,1.87427,0.712588,0.466805,0.20025,0.789034,1.41443,1.50325,0.79641,0.57428,0.0601851,0.338549
0.0498886,0.0228166,0.111171,0.143768,0.0328858,2.35659,5.36348,4.06508,2.36494,1.9408,1.07105,0.832849,1.16112,2.66967,1.91816,1.20419,0.176493,0.519422,0.753027,0.942131,0.457075,0.0860552
0.00687554,0.069673,0.0643218,1.25574,3.77081,2.12072,1.55398,0.735546,1.8812,2.46861,3.42021,3.47676,0.803895,1.3796,2.16557,1.47302,0.533329,0.343524,0.601119,1.06671,0.505195,0.507872
0.0233981,0.082217,0.160475,2.26618,6.01122,4.74989,2.45618,2.64525,4.11506,3.69017,1.28535,0.116625,1.59399,1.43912,0.0585102,0.441966,1.26041,1.52743,0.0349252,0.912486,0.702449,0.709715
0.0120125,0.0708881,0.0930083,2.78499,6.25755,5.37847,5.80982,4.68419,1.40129,0.233488,2.78586,2.36824,0.423874,1.43207,1.73168,1.245,0.678372,1.44485,0.170663,0.548132,0.750001,1.31128
0.00696951,0.0622462,0.152519,1.58282,5.08819,6.22014,6.07154,2.3611,3.51283,3.53401,1.69351,0.819046,1.37216,1.20425,1.31191,1.81726,0.386887,0.35121,0.119147,0.0319233,0.54585,1.10326
0.0173691,0.0170657,0.128681,0.327538,0.986018,0.460529,1.60495,2.00753,4.20258,2.39636,2.75509,2.48703,1.0253,1.70279,0.612054,0.379846,0.00707544,0.63093,0.0247652,0.493626,0.43729,1.23434
0.0625191,0.0488728,0.108151,0.601423,2.25209,3.97984,5.73825,3.41399,0.185802,0.672321,1.6886,1.65543,0.544323,0.519429,1.46232,1.4018,1.03078,1.90254,0.0909025,0.823181,0.326793,1.19056
0.0437185,0.104867,0.101841,2.62381,5.13374,3.67123,4.72842,2.73238,4.17642,3.17717,2.47445,2.63635,0.749157,0.903217,1.27428,1.29666,1.01965,1.85714,0.0636412,1.02349,0.340957,1.24375
0.0365139,0.0964818,0.100795,2.49308,7.28194,6.8458,4.18377,1.23046,3.24359,2.9162,0.895718,1.23002,1.22244,1.67468,0.273029,0.374376,0.711461,0.81427,0.306977,0.994614,0.323661,1.13251
0.024304,0.0821442,0.0561221,2.21633,5.78247,2.39811,2.97594,1.78699,1.29528,0.769341,2.22061,1.93873,1.73729,2.17989,1.03901,1.90184,0.130039,0.949506,0.625121,0.555186,0.567435,1.67675
0.0154457,0.0424875,0.0279579,1.30618,2.98265,1.23941,7.47144,4.1405,3.60354,3.53881,1.19192,1.91998,0.207754,0.291202,1.22111,1.35064,1.13268,2.17071,0.750106,0.00880018,0.94451,1.97504
0.0213894,0.00162029,0.078851,0.331822,0.352618,0.500697,3.36308,2.95933,1.45926,1.5483,1.34052,1.0628,1.72644,1.98351,0.0644992,0.182672,0.566435,1.32677,0.122846,0.649297,1.01459,1.52674
0.045593,0.00780211,0.156871,1.42842,4.92641,5.29562,2.30452,0.8934,2.44948,2.07491,1.38275,2.26037,1.31481,0.668821,1.17363,2.19104,1.59232,0.917842,0.281881,0.928255,0.936523,1.34575
0.0586526,0.0300054,0.00910853,2.70686,6.84013,2.62026,4.6268,2.20005,3.16639,2.148,0.567138,0.759912,1.19331,1.96227,1.10146,0.46168,0.227439,0.131813,0.591452,1.15341,0.949805,0.919159
0.0679188,0.0405908,0.325683,1.99667,5.44045,0.99874,9.06862,5.39205,0.171991,1.20216,1.73136,1.76604,2.27963,2.10799,0.160821,0.990483,0.768438,0.835981,0.97246,1.06797,0.796676,0.81003
0.0118694,0.0019966,0.151732,2.0126,5.96102,5.18213,1.1588,3.89719,3.33214,1.49702,0.295592,0.325336,1.01135,1.21138,1.39624,1.02671,0.470734,1.17899,1.03845,0.664428,0.613506,0.167663
0.0211155,0.0667451,0.117312,0.125462,0.405042,0.0883474,1.51758,0.849742,3.16992,3.90503,2.21652,1.58812,2.46804,2.20828,0.618019,1.32215,2.69029,2.05948,0.566033,0.00682767,0.0310627,0.0523049
0.00212398,0.0219587,0.106411,1.00936,3.65459,0.988457,5.75465,5.05966,1.0339,0.315067,1.14189,1.00468,0.916231,0.772538,1.16682,2.29569,1.56508,0.118585,0.321907,0.771953,0.76654,1.00747
0.0432065,0.0116603,0.300061,1.99121,4.82355,1.76181,8.46474,5.89353,4.66936,4.73831,2.19613,1.27596,2.93871,3.19595,2.18401,1.86476,1.15802,0.808808,1.16965,1.4051,1.54487,1.45504
0.0129375,0.0244034,0.0545927,2.67169,8.28451,7.66652,1.00069,2.24506,2.65403,2.36528,2.02731,1.66377,0.552098,0.0162053,0.05403,0.488836,0.350105,0.448483,1.12547,1.48087,1.66447,2.17273
0.0525983,0.0379817,0.320392,1.84151,4.95131,3.65718,2.75038,2.84345,2.63576,2.94251,1.17029,0.402082,2.77644,3.25555,1.8784,0.720205,0.721762,0.595197,0.77764,1.26202,1.23568,1.41511
0.0498707,0.0317889,0.0347917,1.40105,1.68357,1.39187,5.64522,7.00287,4.97125,3.35534,2.57744,2.3229,0.17691,1.00474,1.74988,2.25846,1.83936,1.05116,0.189396,0.593263,0.401464,0.702492
0.00544032,0.0138533,0.155685,0.894728,0.0982774,5.49262,8.84836,5.10909,1.82879,0.432595,0.160631,0.235045,2.31556,3.09926,1.32807,0.580575,0.254957,0.914551,0.500946,0.218167,0.125152,0.0048223
0.0129014,0.0523853,0.219705,1.09007,5.2648,6.64825,3.02884,1.37614,2.35348,1.48317,2.53214,2.85301,0.579069,1.50318,1.35187,1.02687,0.61498,0.816235,0.935665,1.29934,0.630929,0.731013
0.0284704,0.0666695,0.0550426,2.72765,6.26683,5.6949,5.39351,4.96105,4.44777,3.52911,1.74398,0.925964,1.6698,2.22474,0.452673,1.4694,1.15782,0.876613,0.858172,1.89456,1.1401,0.979607
0.0535502,0.0601418,0.225773,2.47022,4.65838,2.53111,5.22772,5.60657,1.67401,0.558771,3.35061,3.72271,1.36336,2.40736,1.09725,0.695642,1.06076,1.81169,0.668469,2.0414,1.69082,2.11188
0.0063312,0.00960224,0.228433,0.936801,5.24035,9.54962,9.08724,2.73549,3.42871,4.05137,3.00384,1.69485,1.24768,1.62865,1.06415,2.04012,0.12424,1.55346,0.180857,1.36362,1.57015,1.90845
0.0177705,0.010624,0.0961251,0.631494,0.289927,3.5829,4.17483,2.38626,3.77891,2.75892,3.593,4.08816,1.68954,2.79964,0.292779,1.00794,2.76584,1.70171,0.141673,0.0807588,1.21604,2.83407
0.0546948,0.036958,0.210045,1.77181,3.80302,6.11969,9.10334,6.14279,0.222745,2.3652,3.50445,2.00568,1.00981,1.28451,0.535324,0.537546,2.95623,2.0341,0.240929,1.09125,0.727054,2.29942
0.0853427,0.114317,0.372689,1.79945,3.19587,0.22456,3.45889,3.9543,2.89891,1.97886,4.48323,4.27648,2.0347,3.32193,0.724365,2.33821,0.43557,2.06891,0.542654,2.0346,0.514254,2.62485
0.0203837,0.0387865,0.223964,3.00857,8.84769,11.0011,7.05121,1.27966,2.07745,0.0648864,3.10194,1.72803,0.461711,0.407472,0.320787,1.28118,0.525927,0.707014,1.41621,2.91206,0.288057,1.48148
0.0418086,0.0846037,0.210349,1.66615,4.57846,0.158871,5.25638,2.70459,0.76671,1.10306,5.43496,3.97872,2.15127,3.16026,0.599282,3.24218,2.55825,0.321402,1.47492,2.01411,0.00638153,1.68286
0.0246063,0.0343095,0.0506574,1.05399,1.58222,4.18671,10.3996,5.24161,2.72043,1.3153,2.82944,2.24044,0.41607,0.277662,1.40095,0.0634985,3.16947,2.48494,0.932377,0.702338,0.246097,0.481971
0.0397867,0.0270956,0.275163,0.410942,1.27267,3.76558,2.14802,4.20051,1.90368,4.59837,5.83848,3.93299,1.62654,2.80193,0.464713,0.159027,0.108014,0.979275,0.119947,0.515607,0.187678,0.51229
0.00504951,0.0120897,0.112679,1.96216,6.60173,8.89375,4.69813,0.863011,1.63071,1.27739,1.14163,1.69023,1.55243,1.00197,1.01425,1.1522,0.155599,0.178472,1.09012,2.09063,0.786675,0.540878
0.0272862,0.0611773,0.393113,1.66275,5.83951,1.31281,6.95784,4.18396,3.34041,5.52743,5.31296,3.05461,1.57017,2.67589,1.73714,1.81914,0.694509,0.570501,1.81458,2.55329,0.641895,0.959029
0.0691921,0.0395305,0.23807,3.16295,5.06015,4.15014,12.5035,6.49387,0.104034,0.321952,0.440261,0.751628,2.04706,1.95165,0.162144,0.767126,1.60476,1.86573,2.14125,2.3922,0.219759,1.52615
0.0301662,0.0171665,0.264437,0.34217,5.81167,7.95113,0.0533042,4.29069,3.0849,3.28015,3.544,2.16317,0.99632,1.95211,1.76121,1.21481,0.369283,0.876631,1.42925,1.48641,0.134883,1.94801
0.0350925,0.0268123,0.317771,1.11939,0.623508,4.21049,2.29801,0.645954,2.78111,0.938259,1.08106,0.364144,2.46262,2.5964,1.48904,2.1828,2.46985,0.976861,0.231194,0.228717,0.94267,1.67571
0.0108582,0.0468921,0.0444269,1.27451,3.65765,0.655523,6.69559,5.64867,0.221812,0.508965,0.972211,1.21425,0.377752,0.962371,1.11078,2.42255,2.96899,1.81206,1.38207,1.61667,1.872,2.77559
0.0355733,0.0068176,0.247348,2.08753,3.49081,6.04229,13.1749,7.8922,3.19067,0.349354,1.99742,0.615289,2.28283,2.98329,2.10225,1.14522,0.956197,1.82011,2.3887,2.42646,2.21877,2.04444
0.0393527,0.0581777,0.298512,1.65637,8.79116,11.1902,2.93435,2.93655,4.25712,4.62017,2.14156,0.247379,0.274891,0.342995,0.0418675,0.410691,0.243239,1.14231,2.18409,2.31844,2.27722,3.2497
0.0990107,0.0193774,0.0158135,2.55054,3.9957,0.853513,1.43979,2.738,0.337741,1.20593,2.28025,1.19562,2.26123,2.92254,1.49697,1.04756,3.36166,1.79369,0.870856,1.39076,1.90924,2.11925
0.113742,0.0029548,0.594739,0.00157734,0.178677,0.803249,6.4366,7.46045,5.73533,6.5727,4.40325,1.66808,0.593739,0.144321,1.56307,4.35698,4.49482,1.62371,0.068766,0.118199,1.13725,2.75254
0.049157,0.123644,0.379871,0.349798,1.90126,10.424,14.3603,7.82071,3.78188,2.65005,2.7312,2.36176,1.93818,2.87819,0.870992,1.47672,1.20523,0.359266,1.10619,1.34494,0.148986,0.767703
0.00762203,0.00948898,0.364824,2.25632,7.51556,10.2433,4.11983,0.32283,2.00048,4.33001,4.78783,2.64664,0.163187,0.278617,1.62599,2.95227,1.4441,0.379613,1.91169,2.5377,0.589782,1.16969
0.126714,0.0512432,0.488588,1.59883,4.69564,3.65049,4.04656,5.0363,4.13833,2.18339,2.37938,2.52544,2.74693,3.6104,0.176872,0.847903,2.32513,0.401198,1.09177,2.36529,0.908595,0.457147
0.0988778,0.0571058,0.11714,2.66307,3.87435,1.22008,5.40044,6.8292,2.29105,0.705905,4.52576,3.63647,0.253071,0.936883,0.475152,1.26134,3.48394,2.17722,0.871677,1.60989,0.789701,0.473658
0.0202069,0.0508294,0.0145765,1.4459,6.75785,13.9259,14.0964,5.06994,1.32647,0.117926,1.72567,2.80199,2.83997,3.89843,0.764116,2.51783,0.487556,1.10123,0.327099,0.387353,1.06376,2.12268
0.0833966,0.0146085,0.377628,0.185954,1.96008,7.03962,5.67855,1.84272,4.24994,3.13997,3.54211,4.11889,0.835448,1.73777,0.676082,1.37708,0.285931,0.328365,0.671677,0.980496,0.85063,2.60895
0.0334647,0.0469493,0.488933,0.0628255,1.82242,4.00202,7.49833,5.4122,1.80926,1.92966,2.29669,3.66899,1.95208,2.96752,0.626191,1.46128,0.523317,1.10505,1.35883,2.44183,0.976134,3.60421
0.0339344,0.0943627,0.209976,3.32375,3.11923,1.38691,4.13838,5.74756,3.72286,5.20848,2.1038,4.03431,1.47208,2.51832,1.20203,1.85968,1.13936,1.87607,1.30342,2.81124,0.906162,4.21445
0.0416402,0.0487364,0.469646,1.1316,8.8385,16.2554,13.5313,3.69431,3.80114,3.30654,2.90688,3.6257,1.55687,2.48989,0.660285,0.80758,0.708034,0.0640267,0.94647,1.6704,1.58555,3.9207
0.0228238,0.0497166,0.236482,2.88293,3.69577,3.07835,5.99977,1.81047,2.06433,2.94976,2.71502,4.56756,1.64788,3.02081,0.703488,3.05215,2.15521,0.00277431,0.370705,0.182162,1.79384,4.36953
0.0579307,0.103062,0.231867,0.1643,1.18466,3.65449,10.2889,5.06386,4.43368,2.73979,4.1174,3.4601,1.33301,2.33076,1.63418,0.957126,4.12387,2.64125,0.438617,1.28577,2.28262,2.73678
0.140263,0.0107944,0.206839,0.632349,2.04437,5.52838,2.54935,5.15385,1.301,1.24977,3.67203,4.64147,1.82538,3.45647,0.676243,1.0454,1.157,0.220002,1.10165,2.09142,2.18113,3.7285
0.00698551,0.0251973,0.174322,0.913709,7.10422,14.2136,11.443,4.33728,2.65157,0.658649,5.61024,3.9984,0.0264031,1.06188,1.50527,0.739889,0.742685,0.254067,1.03061,2.03772,1.82877,1.48354
0.0281715,0.0722227,0.269351,3.21521,5.1475,1.41013,6.88456,1.68973,4.96916,4.8214,5.37376,4.62513,2.27789,4.09242,2.22165,4.24985,4.34031,0.809587,1.25998,1.26543,0.80819,1.79001
0.0272,0.0982881,0.612264,0.93593,3.47418,4.51012,12.8869,6.82925,1.58182,5.11097,6.04324,3.27149,0.640611,0.245428,0.841566,4.14688,5.74015,2.84393,0.472435,0.433272,0.514073,0.324591
0.0374719,0.121833,0.571938,2.40692,8.66264,11.1067,0.0386245,6.69376,5.05977,4.89916,5.63874,3.79406,2.33578,4.01333,2.14634,0.499539,0.431423,0.316122,0.509759,1.15006,0.501967,0.0984485
0.059617,0.102814,0.417309,0.486094,3.17399,10.3115,8.97242,3.18963,5.16306,6.72341,4.26746,1.96243,1.2649,1.09512,0.358775,1.07337,1.53321,0.239671,0.795624,1.63807,1.27802,1.99362
0.0478487,0.050357,0.565969,0.00871094,1.56001,2.23059,7.44443,4.70593,1.14311,3.24459,6.03564,3.57534,2.56507,3.99349,1.51363,1.4046,2.64416,0.622435,1.2291,1.67165,1.88987,2.08913
0.0147705,0.00190722,0.025422,2.5401,3.17843,7.7679,15.2694,9.03099,5.42008,4.78134,1.69392,0.508901,1.56897,2.05177,1.90021,3.09508,3.74342,2.28878,1.17909,1.00759,1.54734,2.43605
0.0306674,0.0735454,0.0497937,1.89387,10.0469,13.2302,1.72958,5.57759,3.57965,0.586963,4.70161,2.55291,2.66312,3.37909,0.906232,0.569969,0.500796,0.614666,0.501037,0.0258309,1.30564,2.49058
0.0527299,0.065762,0.527698,1.36055,1.85669,4.85471,5.63502,0.0460692,1.48812,0.177194,2.02641,0.977915,1.58708,2.07351,1.80849,1.49471,0.0271641,0.252747,0.777216,0.939196,0.916252,2.10602
0.0253555,0.0013285,0.301337,2.07438,2.67817,3.58433,7.30812,7.16191,4.95724,1.52047,2.8423,1.64583,2.5448,2.82674,0.635945,2.34281,1.89497,0.978496,0.980105,1.15831,1.3086,3.54225
0.0210748,0.0095488,0.521538,1.77129,1.36543,12.3168,16.7157,8.10643,3.23846,5.39105,5.75575,2.66151,1.44039,2.16445,1.10336,1.08894,0.219057,0.722927,1.20396,1.49363,1.01937,3.05745
0.0767427,0.040114,0.509927,0.435214,6.79468,12.655,3.42218,2.34321,2.46036,2.44157,0.696146,0.546614,2.55679,2.9222,0.536016,2.62535,1.89498,0.251284,0.456818,0.421237,1.66481,4.5472
0.015604,0.090296,0.272988,3.38687,3.90547,2.27808,2.5487,2.01619,4.96855,7.28502,7.55157,4.4167,1.33761,2.43097,0.157979,1.67482,3.91485,1.7255,0.066353,0.122655,1.68107,2.85739
0.0108043,0.107769,0.500453,1.61296,4.29293,3.6158,6.23017,5.87646,0.735111,1.69174,1.7636,0.905741,2.13605,2.05866,0.00205965,2.24788,4.58064,2.19105,0.755609,0.663267,1.43349,3.69604
0.0350846,0.0808739,0.0243868,1.71224,7.6265,16.2851,17.2786,6.58269,3.20537,5.74191,7.17771,4.95539,1.68747,3.03261,0.711454,2.73868,1.3391,0.409885,0.747663,0.682004,0.949765,1.00336
0.0262035,0.0387466,0.0653854,1.11515,2.36888,9.2329,3.91022,1.06567,2.26402,0.588506,3.31452,1.349,1.21343,1.36589,0.790768,1.90418,2.06122,0.207153,0.768186,0.569164,0.351979,1.17012
0.0772843,0.152163,0.442333,2.00473,1.26772,2.0893,0.165936,1.60288,0.119449,1.50874,6.02931,5.68577,1.5353,3.17056,0.81975,4.81883,4.52052,0.599083,0.564656,0.0127069,0.353126,1.10036
0.0671537,0.12894,0.607223,0.740687,1.92681,0.236037,4.84119,4.71231,2.25886,0.340495,3.86404,1.75844,0.190072,0.191066,0.582535,1.9759,5.09868,3.22708,0.854159,0.479427,0.766373,0.908199
0.00208266,0.0114073,0.592433,3.33445,10.2969,18.691,17.495,6.12587,3.20837,3.29254,4.51418,5.79386,1.56567,3.09557,0.412738,0.26664,0.452819,0.238368,0.607099,0.659478,1.08868,1.68469
0.0969851,0.133494,0.640108,0.975602,0.318098,7.15963,5.09377,1.56191,1.13261,1.08644,2.81763,1.72339,0.187897,0.265746,0.714888,0.255486,2.11393,1.32779,0.249688,0.639812,1.09346,1.66646
0.0564352,0.0508317,0.414281,1.84888,4.08796,2.61077,2.85917,2.45867,4.2183,5.09818,3.64764,6.05264,1.18944,2.88918,1.29263,2.08824,0.94965,1.03265,0.531518,0.145047,0.670021,0.951389
0.0392448,0.00742015,0.139654,1.06012,2.10943,4.90242,3.11894,5.41874,0.80842,1.52607,1.908,2.13931,0.200197,0.213856,0.654203,1.64499,2.15918,1.35861,0.492095,0.503913,0.17197,1.46363
0.0857604,0.0323038,0.0541545,0.548859,6.59536,16.8263,16.5224,6.20196,2.73776,2.6949,4.56444,6.25937,0.840991,2.67823,1.56541,0.810425,1.28317,1.31719,0.224655,0.554513,0.643511,1.16153
0.0266437,0.115705,0.395669,1.57732,1.50236,5.27775,4.84719,1.41942,2.88457,0.791765,0.567726,1.80863,0.196803,0.57484,0.440384,1.26534,0.427884,1.22364,0.528124,0.474866,0.566587,2.37912
0.112262,0.0979897,0.34732,3.07292,6.16821,1.732,5.25886,3.43165,0.332107,0.904829,5.4756,6.07265,0.336059,2.15666,1.32419,2.29523,2.93775,1.99153,0.43529,0.222593,0.467356,0.881574
0.0681017,0.00230071,0.565288,0.07821,6.88616,9.11473,2.03102,6.50164,1.70794,1.4667,0.211823,1.96565,0.0642574,0.978631,0.716431,0.39828,0.261065,0.503134,0.401081,0.404041,0.89375,2.33828
0.0204771,0.0173335,0.493183,2.37838,1.53194,14.2789,16.3457,6.93682,3.69996,4.85592,6.69818,5.01394,0.57716,1.75465,0.731207,2.17824,3.04339,1.28447,0.568562,0.721259,0.690729,0.847576
0.0488202,0.00482356,0.432485,2.06935,0.177909,6.58969,5.45898,0.366541,1.62873,2.67667,0.305119,2.38049,0.104371,1.01682,0.70919,1.81471,2.70806,0.0499937,0.178131,0.647783,0.773554,1.81693
0.048465,0.0188534,0.526583,0.364353,2.27908,2.75924,8.39611,5.42229,3.46108,5.8525,6.89181,3.88346,0.717663,1.5124,0.415602,2.84594,4.08396,2.45598,0.561837,0.0642227,0.275952,0.344725
0.0457721,0.0733497,0.10494,1.93185,9.50732,11.8383,0.705795,6.71916,3.84198,2.42284,1.51617,2.41399,0.371659,1.04126,0.710121,0.520139,0.127346,0.424246,0.58036,0.646585,0.0214918,0.595304
0.0154204,0.0644533,0.191679,2.26254,0.88071,11.7695,14.9789,4.95354,0.912223,3.92565,5.27886,2.51702,1.0558,1.61793,0.663969,3.42451,3.99373,2.05583,0.124867,0.726998,0.363768,0.182322
0.0161114,0.000572021,0.367947,0.257865,4.46741,8.10494,5.23994,1.79506,2.49087,0.540546,3.51032,2.95015,0.38422,1.11065,0.345253,2.34012,2.76326,0.294659,0.419963,1.03444,0.224357,0.244757
0.0111212,0.00118802,0.568615,1.37179,2.7162,7.89065,10.8806,6.58797,2.77454,0.171598,2.53305,1.12431,1.06622,1.07912,0.428955,0.485296,2.50305,1.82141,0.457395,0.0555866,0.372981,0.998919
0.0880176,0.049577,0.759244,2.05704,7.76065,11.8037,1.41038,4.70859,1.08436,2.93291,5.48855,3.60031,0.0104265,0.815187,0.524645,0.551776,0.0918266,0.0629791,0.5429,0.576503,0.356899,0.147937
0.0442006,0.172445,0.961208,0.235821,0.165996,9.41058,13.8405,5.79136,3.1616,3.15904,0.130298,0.0227998,0.892026,1.40849,0.127885,0.0172174,1.81649,1.365,0.321178,1.01393,0.321671,0.49237
0.0633727,0.0137854,1.26556,5.61755,8.30369,10.3643,17.9269,17.2708,8.31895,6.30645,7.74556,4.19958,0.188599,2.81514,4.26967,1.39883,0.728559,0.809844,1.03701,0.844271,0.959391,2.92615
0.0417612,0.0615818,0.992424,2.29865,3.25262,11.7287,7.59164,1.64778,2.70941,2.16051,2.61347,3.03604,3.82526,4.57603,4.80182,2.30845,0.768284,2.88667,4.35708,3.12679,0.370652,0.950796
0.666699,0.238362,1.2982,3.01053,6.82235,11.282,7.22428,4.97703,7.19744,5.14532,4.70261,3.36017,2.07535,11.8315,14.8298,2.49039,3.3662,1.79057,1.0856,2.34165,2.47577,0.0968201
0.155065,0.0931957,1.02574,3.88936,7.23467,13.4051,24.535,25.3808,9.5618,3.64682,7.24432,4.64315,1.5213,4.66649,7.79038,0.590366,2.69805,0.318417,1.89535,1.86456,0.52778,0.897587
0.342836,0.095272,1.05138,2.8169,0.0488791,4.50596,18.7148,31.3972,15.537,1.13387,4.66237,4.23487,1.00617,0.232213,2.59231,1.22109,1.68223,0.971529,0.274539,0.0371701,1.58366,3.52368
0.135773,0.103923,1.19163,7.10671,12.2276,15.5018,5.35398,17.5182,16.8431,0.406032,6.87348,4.74195,0.833218,1.39938,9.7575,11.7232,3.82522,0.676034,0.329937,0.997223,2.21821,1.15723
0.205365,0.134746,0.304397,4.43091,1.35241,7.81176,0.51912,5.771,2.08003,1.84221,4.65747,5.26778,0.688351,2.58537,1.79388,0.210045,2.62381,2.42405,1.90142,0.476402,0.549703,1.15568
0.460636,0.444727,1.76821,6.96552,0.362952,10.5796,13.7761,25.3125,23.1935,3.77858,3.99133,3.72518,0.913976,0.230045,6.72345,7.8584,0.820404,1.67658,2.93913,0.404995,0.650501,1.53777
0.13746,0.00905411,0.619264,0.458589,0.543573,0.0308433,8.06259,24.7651,17.9154,0.553726,1.82205,4.87666,0.127757,2.19397,8.39918,11.0558,4.09962,1.69807,1.39509,0.984525,0.242973,1.88145
0.105265,0.0025876,0.300958,0.414598,4.89721,13.8094,18.2721,17.4491,10.3114,1.46673,3.61058,4.40316,1.65095,0.399479,4.93087,8.25741,3.73466,1.9628,2.90989,1.12667,0.916429,1.24821
0.303406,0.019026,0.610979,0.322658,5.01215,10.0177,11.9397,31.0598,28.8821,2.71031,1.41409,4.80086,0.899715,1.50324,1.01068,0.877474,1.21999,1.76923,0.283325,0.144748,0.113754,1.40615
0.0215182,0.0691616,0.840042,3.98907,0.363026,8.89328,7.75276,1.671,0.243814,0.801835,2.29185,4.16577,1.96244,0.917707,2.68187,6.07811,4.07095,0.944948,3.27459,2.62728,0.0240216,1.15786
0.0240045,0.13593,0.0594714,2.88292,0.914092,1.15679,5.16198,28.2973,29.6107,6.25396,2.78284,4.65566,0.646387,2.35764,7.07053,9.33103,3.85983,0.0326381,1.01275,0.839024,1.01894,0.915779
0.00872412,0.24701,0.718193,0.901304,2.28343,11.5262,14.5831,6.2921,0.293887,1.06081,2.94979,5.22631,1.79474,1.76411,0.685107,6.40705,3.94066,0.296163,0.569466,1.1422,0.612361,0.552571
0.281374,0.0979223,1.24255,7.16852,12.9522,15.1138,2.87647,32.7469,27.3283,6.53624,3.64213,1.69805,1.09877,0.512271,2.64829,6.54718,4.34923,0.527976,1.08671,1.75534,0.508241,0.129197
0.203194,0.340193,0.334063,6.30649,5.73386,6.08262,0.777411,25.663,23.1403,3.85067,1.61416,2.52004,0.398337,1.77651,6.16292,6.8659,1.70051,0.886063,0.103114,0.713945,0.23366,0.00615317
0.14416,0.109585,0.784952,2.56421,0.13535,3.34736,3.09183,11.8133,10.2607,5.60587,5.52801,3.8948,0.855338,1.62546,1.29781,1.84121,1.27214,0.600891,0.26316,0.244131,0.343373,0.618432
0.0339552,0.197522,1.16604,8.81018,9.3911,8.80841,3.99913,29.9606,27.5625,3.73526,2.41771,4.30971,1.30777,0.10527,2.27773,3.65733,1.98818,0.679439,0.108499,0.0238265,0.0205743,0.525659
0.0163084,0.267991,0.882573,9.01939,17.3607,16.0295,3.40231,26.8825,18.4456,0.801546,2.68,0.0827029,0.334016,0.178494,1.35113,1.87075,0.16162,0.43154,0.327248,0.481202,0.0327412,0.794377
0.00745304,0.00827956,0.222405,1.71548,2.04875,2.55802,5.80514,6.8785,4.08008,2.22431,4.1567,2.26727,0.274753,0.269485,0.999813,1.76048,1.19178,0.421736,0.706162,1.08159,0.464438,0.920766
0.00736984,0.030287,0.352964,4.65103,8.70305,7.36953,9.09879,31.768,23.0707,2.04928,1.81047,0.861342,0.270687,0.161044,1.21989,1.37808,0.532024,0.300771,0.315339,0.671211,0.320301,0.715165
0.0992462,0.278021,1.39218,10.2256,10.449,8.65989,6.10329,21.2825,20.2613,0.852703,4.05015,2.16849,0.805027,0.558772,0.700795,2.78407,2.25742,0.608229,0.241337,0.141183,0.492375,1.95098
0.214759,0.0635362,0.1262,4.52729,13.0749,13.1042,2.42186,1.73484,1.67526,2.09612,0.953862,0.196906,0.12513,0.280534,0.209958,0.544502,0.0190215,0.231619,0.451516,0.693694,0.113176,0.138036
0.119054,0.0597947,0.439137,2.43379,2.33829,0.483973,8.20272,25.0534,22.0063,2.02225,4.25978,3.64817,2.14531,1.21525,2.26224,2.42875,1.11438,0.333506,0.727322,0.687047,0.241323,1.57022
0.339965,0.561204,1.13776,6.30978,8.22546,6.38224,0.256301,11.8257,10.6571,0.201974,3.58206,2.25814,0.958912,0.534345,0.40908,2.816,2.07856,0.0435624,0.351939,0.100856,0.180288,0.635465
0.230828,0.0546314,0.548365,7.13193,5.75281,8.81791,19.2483,32.0037,27.0985,4.67819,2.61068,2.011,1.45115,1.00195,0.758979,0.205593,0.492729,0.457813,0.0860084,0.178758,0.373513,0.295637
0.186388,0.0362686,0.59553,4.29831,10.4698,10.0873,3.95777,10.1535,12.5804,0.195819,4.91904,3.35349,1.68537,0.224428,0.121413,0.345198,0.227686,0.209509,0.216435,0.176008,0.469542,0.876977
0.0881861,0.111873,0.0381367,0.869029,2.93916,0.0317758,7.37226,32.7064,30.7616,6.53026,0.975191,0.704999,0.919972,0.839665,0.533544,0.00311807,0.0371652,0.167348,0.49317,0.544832,0.581182,1.41533
0.145247,0.31277,0.692195,1.35707,1.65373,2.79045,7.77685,20.3491,16.4479,0.169868,3.80105,2.21176,0.467287,0.674097,1.17591,1.31305,0.849335,0.443372,0.648779,0.427976,0.0613187,0.120964
0.073563,0.03868,0.0904718,0.537605,4.97531,14.3896,14.6104,2.634,11.7249,1.9421,2.92469,0.929674,1.67105,1.04274,0.0100587,2.34229,1.68666,0.392718,0.100222,0.44684,0.509083,1.02942
0.00290988,0.091252,0.974001,0.906724,3.25061,2.40783,1.73438,3.61195,16.1612,20.8403,9.59087,5.69684,5.15439,6.134,7.11275,4.37559,3.39021,5.22705,3.02456,1.2933,1.92179,1.03407
0.0506257,0.0814161,0.999279,6.87723,12.6489,7.7052,0.327006,18.2323,33.0164,17.7469,2.99802,3.32527,3.63348,2.17803,0.237539,4.34878,8.16644,4.20717,0.159326,0.308746,0.0203371,0.19969
0.168691,0.0108863,0.432361,2.43141,9.05081,9.35387,0.9506,13.5591,23.7613,13.8701,0.0405264,0.860341,2.13354,0.810955,0.508516,4.71743,16.1373,10.897,0.255583,0.912701,0.266014,0.542125
0.255202,0.168621,0.000485577,2.17769,0.656522,10.2652,10.4779,1.67246,2.58507,1.58356,0.0107315,0.239395,1.7369,0.248062,1.54856,8.22694,20.713,15.5781,1.7831,0.541625,0.614269,0.758733
0.0583569,0.16988,0.0904014,0.661665,3.59571,6.33657,3.39771,5.42318,13.7497,9.16873,1.79704,3.86393,2.26172,2.29828,2.44413,0.736965,1.83662,2.48707,1.35225,0.538155,0.374425,0.459593
0.0659707,0.0556734,0.095201,0.119675,0.662127,2.48846,0.584485,1.51673,17.1791,12.7056,2.52479,2.40854,0.0070312,1.85413,2.41997,5.67762,19.5349,18.0993,2.60879,0.872565,0.203649,0.0755505
0.270166,0.0354853,0.366085,1.33745,1.97666,6.29283,2.56197,15.2446,34.2134,22.209,3.34196,2.48208,2.98718,1.4952,0.794311,0.577906,8.10704,9.67102,2.27137,0.350806,0.512618,1.239
0.211684,0.17775,0.629821,1.60218,2.10517,10.6644,11.8607,16.6504,26.5725,16.4267,2.25478,1.22401,1.60568,1.08287,1.28042,1.1009,18.2193,22.2613,6.9187,0.890251,0.826339,0.184405
0.496778,0.252263,0.617534,1.69057,1.62532,5.18753,4.43203,4.86215,2.68158,0.765632,3.11361,2.57613,0.0942449,0.898849,1.32451,2.60064,1.10988,1.27981,0.861842,0.549939,0.296719,0.186037
0.14651,0.00463773,0.299471,1.30564,2.53694,3.53618,1.08556,1.51357,11.5886,12.2631,3.92963,1.8102,1.6309,2.15429,2.45544,3.99644,14.0248,15.8372,3.4721,1.48991,0.625356,0.654522
0.0263034,0.142619,0.381018,1.18668,0.374331,4.79224,4.98838,3.08953,16.1993,12.8198,0.971692,2.46076,0.711792,1.01363,0.219331,3.2993,14.6337,15.5353,3.87473,0.53987,0.36653,0.833119
0.292391,0.18908,0.25837,2.49462,8.32304,12.3537,10.1384,13.3881,18.9024,9.55728,0.623865,0.952805,0.410548,0.617191,0.219488,2.5999,10.6871,10.781,2.24767,0.268966,0.672128,0.630099
0.1285,0.169553,0.0825434,2.5435,4.73018,0.454692,1.80687,1.6276,2.67927,0.0469404,2.41165,1.30803,0.0104682,0.410222,0.334737,4.4819,17.5056,16.4628,2.34406,1.01739,0.593408,0.662828
0.442504,0.313213,0.5543,1.44568,3.82631,0.508007,3.3636,8.92464,20.807,15.4469,2.07234,0.33086,1.04946,1.18679,1.34258,0.312297,9.07887,10.9824,2.27787,1.25362,1.39308,1.7412
0.221883,0.149621,0.519689,1.97559,7.16015,9.57691,4.63238,3.75036,15.1207,14.215,4.20985,1.52609,0.615913,0.0636736,1.15215,3.45867,22.0909,23.692,5.37326,0.247764,0.623569,0.694777
0.217327,0.372082,0.196007,0.17949,2.43018,9.17714,10.5348,5.36095,0.864986,3.70668,2.12435,1.18941,0.75558,0.990411,2.09715,0.467009,3.92682,4.88972,1.79981,0.0201997,0.296769,0.555993
0.0665831,0.00263806,0.632208,1.3143,0.836344,1.19898,0.354722,5.7833,20.2911,15.9911,2.89326,1.31852,2.32199,2.85108,1.0299,3.85701,21.5262,23.8568,5.48302,1.12883,0.378987,0.264565
0.124095,0.0391096,0.288943,1.36185,0.43061,3.73082,3.88401,11.128,22.2852,12.1503,0.989828,0.458497,1.60629,0.4881,0.669078,0.882891,1.54436,5.71729,2.65205,0.40428,0.0679406,0.280436
0.0651684,0.0597601,0.215845,0.0393413,4.71746,8.84575,0.566283,14.0281,10.3415,1.0328,3.04137,0.981706,0.186422,0.890649,0.720998,0.683879,2.86605,1.76102,0.482713,0.223484,0.0536868,0.370116
0.0783336,0.0488797,0.40211,2.76888,1.14119,6.84372,3.71107,5.86097,3.20494,2.30348,2.65375,1.29505,0.546148,0.274632,0.412533,0.498648,0.28242,0.0471102,0.225822,0.139348,0.45259,0.256494
0.0526252,0.0592407,0.181048,0.989554,3.29061,3.02232,0.0483874,3.73464,3.35256,0.027897,0.410445,1.62329,0.82498,0.294367,0.0361972,0.170557,1.75009,2.70294,0.648265,0.0971608,0.859274,0.454916
0.0111516,0.0490985,0.197814,0.393669,3.65337,6.73805,4.28014,1.09444,2.90779,1.49332,0.943889,1.77654,0.515114,0.328345,0.178841,0.48477,3.24584,4.19027,1.62879,0.212153,0.0314542,0.00556398
0.0292349,0.0286942,0.174208,2.00776,1.15931,4.66981,2.74614,5.2182,5.58786,1.30995,0.0244947,0.319951,0.199328,0.38562,0.0248588,0.950404,0.190911,1.30851,1.10017,0.646591,0.513999,0.123616
0.318987,0.204151,0.574678,0.49713,2.9791,6.38557,4.91709,4.16227,5.40222,2.56405,1.24207,1.59652,0.587931,0.0380258,0.0422729,0.2659,0.309087,0.283139,0.449059,0.535167,0.237272,0.211313
0.153728,0.0345491,0.24163,1.3763,2.80805,2.62656,0.706799,2.75245,0.626868,1.64189,0.285206,0.113103,1.14965,1.04269,0.00637773,0.699273,1.29195,1.49673,1.06044,0.66737,0.596227,0.863645
0.129296,0.109563,0.221677,0.138387,1.63965,6.2412,5.18402,1.98426,6.61592,5.0114,2.16497,1.50556,1.21102,0.0933144,0.604285,0.117643,0.809234,1.0699,0.416682,0.230116,0.398549,0.173208
0.0481024,0.116344,0.295354,0.129812,1.77715,5.38474,3.69493,4.91206,8.72304,5.06338,1.70097,1.41393,0.838806,0.377337,0.184888,0.104941,0.953021,1.48838,0.593184,0.481555,0.1115,0.47734
0.00343097,0.0167926,0.188745,1.34415,4.21933,6.6463,5.97593,3.19632,0.00383454,1.1552,1.2659,3.37973,1.94765,0.613633,0.443741,0.0774137,2.95713,3.34692,1.28922,1.14351,0.423203,0.711384
0.00769584,0.014447,0.134877,0.409042,2.45178,3.23368,1.63483,1.48111,3.41619,3.17256,0.305051,0.0606537,2.3051,2.10182,0.23232,1.99574,3.09645,1.75619,0.5928,0.772498,0.133007,0.237754
0.0953192,0.218131,0.364376,0.298266,1.03304,3.94549,7.9356,7.79812,1.40479,4.66918,0.0597445,0.585122,1.16207,2.3392,1.63558,0.487301,1.6307,1.69722,0.00363413,0.660483,0.465431,1.3155
0.101419,0.182673,0.750685,3.37153,6.11163,8.20568,17.7514,27.0836,16.5758,2.74787,0.463218,0.433242,0.339566,1.09965,5.69385,5.57286,2.30187,1.17957,0.0212731,0.136828,1.76981,6.64004
0.122389,0.0464119,0.595509,2.02242,0.208718,3.94617,17.6764,33.9737,21.0104,0.492199,4.60032,3.71664,0.952705,1.30262,4.79141,3.69898,1.46023,2.4275,0.555556,0.52431,1.68351,2.38247
0.165928,0.04531,0.5593,5.10365,7.04575,5.33538,7.4338,25.4774,14.9293,0.535605,2.00394,2.05673,0.0355565,2.36012,6.64435,4.14029,0.406386,0.100755,0.126245,0.460872,0.438803,2.9885
0.056758,0.0894025,1.11768,6.62716,6.17675,3.72023,2.08733,9.89155,10.5645,4.81273,5.74883,6.49207,2.11775,3.14242,15.356,16.1863,1.81043,3.06674,1.01253,0.0193375,0.898307,0.253192
0.251052,0.0799765,0.922151,3.94408,0.330843,5.02187,8.04344,16.3474,11.8606,0.384146,2.20714,3.19616,1.51864,3.59848,12.5193,10.9015,0.419532,1.90065,0.1267,0.140039,0.117433,0.118231
0.0518014,0.341328,1.07832,6.07181,7.4183,2.34595,13.8307,38.2889,28.8419,4.48265,0.562989,1.58197,0.906649,3.73268,16.4152,17.8183,3.05393,0.916991,1.35128,0.415618,0.250153,0.764774
0.0328523,0.135386,0.14446,0.397292,1.4868,4.96445,6.34985,25.6313,17.7786,1.76096,1.61912,2.18341,0.269837,1.33269,16.8187,24.1981,8.75929,0.972583,0.99992,0.721559,0.219278,0.225037
0.243479,0.232385,0.754542,4.98206,8.03916,7.96593,6.50218,7.63199,5.90475,0.694829,0.484874,1.07661,0.415707,0.886087,7.95352,16.475,8.2716,0.838073,0.75005,0.438295,0.540621,1.30285
0.0671465,0.0874281,0.959079,4.83272,1.67858,3.64162,6.13757,21.6419,24.1142,7.04046,0.663425,0.32619,0.619662,1.52205,8.56221,17.0996,7.18654,0.855298,0.635329,0.649899,0.562222,0.249119
0.0739166,0.166817,0.729372,4.61307,6.49055,2.00265,0.609983,4.41201,6.15315,1.84741,0.700808,0.0717788,1.92192,2.04939,12.95,26.4818,11.1987,2.25548,0.426752,0.227353,0.072063,0.149956
0.303664,0.384541,0.173514,6.90584,8.14576,1.33416,7.99123,19.2582,20.6938,6.99243,1.74783,1.13779,0.247531,0.424347,17.8373,36.6262,18.8798,0.382239,0.877474,1.65616,0.711939,0.471581
0.121329,0.334367,0.855959,5.46576,8.8488,8.83034,5.36937,5.81858,11.081,3.43244,0.42641,1.09609,0.48496,1.017,13.3275,36.8395,26.0681,3.57479,0.406053,0.118777,0.522456,0.65675
0.0391445,0.101935,0.333195,3.47402,6.42738,5.71958,2.17721,1.53446,0.78404,0.684008,0.320461,1.0193,0.823423,2.51718,7.72607,24.8869,16.4797,2.70449,1.24671,0.654141,1.29617,0.526366
0.198506,0.19365,1.07331,9.95958,14.4478,6.99906,0.898382,8.86484,8.61162,0.492361,1.81942,0.486685,0.892139,1.14075,11.7256,22.6426,11.0224,0.404578,0.753357,0.038085,1.20208,3.52376
0.444593,0.213981,0.841331,7.32414,8.4127,2.30223,6.5365,2.24493,0.760769,1.35075,1.08894,0.288269,0.608183,0.597134,18.0381,33.6094,16.2075,1.07207,1.44737,0.621924,0.407948,2.77191
0.00598762,0.18115,0.266708,2.15365,0.354941,6.83826,13.5142,23.7802,17.3894,1.47966,0.434984,0.803108,0.456542,5.22961,31.0707,43.2231,15.7713,1.06649,0.420811,0.334318,0.154197,1.80862
0.550938,0.291696,2.1439,11.6213,14.3354,4.06702,5.88642,24.4441,20.7155,2.4942,1.62489,3.25163,1.13612,2.28895,19.3234,27.6606,10.3534,0.675778,0.535371,0.815687,0.598963,0.187013
0.529779,0.292032,0.0588966,2.62507,5.61381,5.22994,3.47225,0.657439,2.572,1.75208,3.68367,3.41347,0.189663,1.73238,8.39843,5.49025,1.06612,1.00012,1.00617,1.39383,0.54326,1.65666
0.225035,0.290559,1.30511,5.64314,6.56112,5.03365,15.0869,30.7294,21.0124,1.97498,0.874546,0.95143,0.391583,3.93383,14.8155,12.7434,1.94968,0.318521,0.0433567,0.410002,1.1121,4.68932
0.0188352,0.208613,1.21897,2.63993,1.96395,8.1221,20.4709,29.2637,14.1816,1.47117,2.11716,1.14588,0.60716,2.31527,9.90416,9.16871,1.50135,0.902529,0.427446,0.176465,0.111101,0.214237
0.364142,0.276454,2.52161,11.2377,12.4716,3.50456,4.20785,3.55951,0.225378,1.5074,1.38195,0.543759,0.658222,1.03708,6.7856,10.4541,4.28453,0.276122,0.621512,0.304112,0.816785,0.27637
0.212701,0.259004,0.342373,0.995793,2.39794,3.81304,8.63449,15.6029,10.2864,1.77633,2.15343,2.70839,1.65446,1.96139,3.62919,10.5321,6.4385,1.01572,0.545108,0.263458,0.930201,0.613172
0.417154,0.317383,2.70219,10.4124,7.75649,8.24691,33.2199,35.4502,8.58349,0.996337,2.47687,2.14081,1.07028,0.456297,2.2643,6.05089,3.47878,0.28182,0.0824742,0.504695,0.482356,0.474221
0.267001,0.351696,2.27074,7.3462,5.76531,10.1386,37.5923,32.0732,2.52261,2.85136,1.5547,1.63325,1.26306,3.32646,2.00503,2.21534,3.54291,1.63112,0.0903348,1.21691,1.4901,1.06869
0.196637,0.288325,1.37939,4.38485,2.89688,6.70679,25.8437,25.8618,5.95832,0.335601,0.224797,0.153624,0.661828,0.0310526,0.38295,0.647876,0.569989,0.271639,0.748913,2.7523,2.52061,1.51659
0.147095,0.38655,2.70415,9.00619,7.52825,14.6623,45.2139,34.6236,3.65677,0.843388,0.158699,1.33657,1.11491,2.36632,2.30654,2.06768,3.16643,2.48292,0.796429,3.36613,2.42928,0.334663
0.0310972,0.204282,1.97507,4.45375,1.26043,1.74786,32.5802,38.9631,12.3489,2.41646,3.40592,3.63216,0.311514,4.94603,1.59799,1.85,0.193324,0.729613,2.0505,3.95943,1.29647,1.15111
0.246619,0.303404,1.46221,3.55082,0.269183,7.56371,39.5365,38.4399,4.85463,2.89547,0.58715,2.15253,12.1333,22.5681,11.9027,1.9442,2.95704,0.032685,1.34713,4.91255,6.17983,3.10581
0.255722,0.047926,1.57036,4.07213,6.35173,0.514326,24.2738,25.6717,3.51771,2.51807,0.0743508,0.614122,12.9722,26.6525,13.7461,1.85303,1.33036,0.113157,2.52486,8.5478,8.43699,2.47024
0.0702742,0.313367,0.724293,0.212926,2.34156,1.50585,33.6867,37.788,6.53653,0.606829,2.93846,0.70229,11.3643,28.064,14.7974,3.97215,4.3746,2.21229,2.21586,5.32755,5.06077,0.93161
0.461142,0.121249,1.60726,1.90012,2.32947,8.28833,17.1903,15.0616,2.095,1.07804,0.375861,0.710229,12.6018,30.1974,15.8094,3.62662,2.59687,0.19296,1.49131,7.70466,8.64246,1.82233
0.0056601,0.605837,3.47067,10.9635,12.1364,2.53116,35.9706,38.0541,9.07366,2.88486,3.93854,0.765572,12.016,27.3451,12.3978,5.20722,1.47663,1.86162,0.559205,2.25362,3.97513,1.93076
0.278856,0.574407,3.3873,10.3117,9.68072,7.88731,9.41716,6.45672,2.27681,2.79721,5.05468,1.71635,9.17462,23.8946,11.325,4.63563,1.17287,1.71095,0.506586,2.0887,2.66068,0.304392
0.108272,0.166634,0.591367,1.77168,1.09258,11.9299,39.1466,37.2703,9.08591,2.12987,3.43325,1.4782,13.7919,24.6472,9.3443,4.01315,2.30773,0.503736,2.33463,8.00335,7.65181,1.15217
0.580699,0.0896267,1.7656,4.97997,1.20967,4.66886,4.95233,2.19332,0.771013,0.839586,2.50398,0.110423,13.9133,29.9404,16.7668,2.64454,2.33974,0.712288,0.0059213,2.12705,2.06287,0.880202
0.293798,0.284751,3.34676,10.5762,8.79479,11.0058,35.5489,35.0839,7.79623,0.446134,2.41112,0.806204,15.549,32.1718,18.0566,1.34981,1.86371,1.70254,1.8414,7.11436,6.50253,1.18438
0.12433,0.283771,2.45634,6.34976,4.96378,5.51687,9.72129,7.29994,1.20919,1.38918,1.74821,1.90692,14.4546,26.8931,14.3105,1.7622,1.24379,0.0355667,0.987122,2.16427,1.98036,0.513108
0.517975,0.00712313,0.255189,0.172192,2.95844,1.16169,27.3205,30.3506,4.62133,3.05821,0.444056,0.0171656,5.02153,9.89414,3.93274,2.13393,0.954285,0.736291,0.396503,6.61317,8.05282,2.03886
0.439645,0.0471055,2.04888,6.86447,4.29253,2.31977,13.4795,13.6455,1.24299,2.17898,1.91246,0.247962,4.44589,14.3622,10.2756,2.28845,3.48918,3.33171,1.32596,4.34318,5.82884,1.60119
0.303004,0.298566,2.90866,9.21481,10.3135,2.46965,19.3947,24.0315,4.27686,3.40345,1.47853,2.05853,14.8992,42.4016,27.6901,0.269975,2.12856,0.170728,0.268448,0.560493,0.624204,0.236701
0.0696197,0.297601,1.62391,2.51242,2.78485,1.26707,22.0925,30.0167,7.22792,0.111982,1.95864,1.12264,18.6927,51.1709,34.0096,0.59284,3.02036,0.963068,1.04703,3.27173,3.98594,0.423966
0.311024,0.401076,0.0699197,1.00997,1.04195,3.31312,1.23587,5.24622,3.36086,0.64584,3.60894,3.75008,11.3565,26.693,12.4156,2.47427,0.553673,0.774865,0.28526,2.63619,5.0967,0.298888
0.389968,0.103324,0.681603,2.72493,5.48052,3.17728,27.4369,25.2254,3.21978,1.94794,0.804182,1.8785,9.15508,8.11878,2.78389,3.99256,0.595337,0.486311,1.25545,4.88868,4.6722,0.942922
0.267869,0.117043,0.693384,1.43003,3.69197,12.8567,13.1093,0.574356,3.18903,0.756005,0.780463,1.16329,0.7677,1.32222,0.370851,2.34601,1.25482,0.107729,1.18623,2.58866,1.24717,0.871378
0.0748269,0.0394865,0.352165,0.0639698,0.403858,1.55758,5.46284,5.45803,1.30881,0.421116,0.363294,0.187877,1.24534,3.88922,4.58686,2.36575,0.185799,0.351002,0.478837,0.944985,0.555538,0.403349
0.279855,0.129267,0.0902206,0.622622,2.36493,3.41573,0.169675,3.43786,2.6002,1.86557,2.13473,1.65958,2.69585,6.26318,6.0288,3.06682,1.47775,0.219334,0.572235,2.00493,3.01722,2.05429
0.084069,0.0331213,0.435109,0.0207438,2.44757,5.69075,8.99866,6.40885,0.374855,0.349126,0.408679,0.0113446,1.11802,0.884522,0.622868,0.583207,2.12608,1.81832,0.650946,1.70185,2.71853,1.16138
0.0107068,0.0214144,0.283187,1.53601,0.684561,3.38778,1.47084,3.35093,0.386679,1.68335,3.22434,1.12088,0.854067,0.238741,0.433791,0.187401,0.846409,1.88109,1.27868,0.0963994,0.384163,0.0434335
0.129309,0.0581441,0.227398,0.848054,2.25259,6.50434,1.8823,1.56309,1.4758,2.39033,3.20552,3.33219,1.64942,0.270564,1.88749,2.20301,1.65532,0.908121,0.620963,1.30263,1.14865,0.0415499
0.0453611,0.113631,0.307359,0.766274,0.940615,3.85083,3.73518,0.971566,0.985944,1.0102,2.96301,1.84765,0.545078,2.46046,2.58828,1.6789,0.669377,0.795882,1.13125,0.0564659,1.29647,1.29865
0.073027,0.00137249,0.0187768,0.551229,2.0888,4.7972,8.6025,8.02478,3.3844,0.0753238,2.07367,1.73245,2.47448,4.18153,3.05681,1.87816,1.02873,0.207081,0.114446,0.997339,1.53975,0.0723865
0.0417816,0.0367623,0.0749082,0.386005,0.0612891,0.199347,1.51399,1.6563,2.58255,3.18274,1.671,1.35544,3.04188,3.67101,2.58044,2.25482,0.852074,0.631355,0.840586,2.03436,2.13494,0.333921
0.0804217,0.00417148,0.0962098,0.0918002,0.312472,2.5286,7.79399,7.05641,1.46943,0.705572,0.820879,0.0194905,1.74041,3.73161,3.02786,2.27795,0.878209,0.850141,1.50834,1.20386,0.470119,1.1129
0.070436,0.0167885,0.0488031,0.0983829,0.289331,1.65766,1.88022,0.898702,0.123727,0.631146,1.84569,2.3498,5.37813,8.27087,5.67828,2.72984,1.73311,0.941121,0.126692,1.22107,1.59042,1.08953
0.00852701,0.0446137,0.124733,0.163091,1.13567,1.09492,4.53645,6.05962,1.12739,0.381918,1.25098,0.783044,0.875203,3.22214,4.18486,3.24515,0.840192,0.208971,0.490192,0.438883,0.702946,0.739002
0.00252369,0.0700305,0.0846999,0.105323,0.409393,1.56636,1.52228,5.38878,2.58154,0.465003,0.781839,0.187032,1.74862,2.04463,1.20267,3.5698,2.13679,0.514924,0.552925,0.792596,0.00404208,0.631821
0.00169259,0.146938,0.716518,2.62464,3.13323,4.66356,9.48413,0.873325,2.83091,0.133148,0.588355,1.38869,2.33984,3.28675,1.03259,2.5812,0.0208587,0.239835,1.19733,0.118842,0.738369,1.98528
0.0297203,0.140028,3.02414,6.67969,8.52728,25.1616,35.5088,16.7964,0.49583,4.01559,6.72217,2.4607,11.9422,2.22704,4.74475,0.575799,3.00823,11.326,12.8626,7.33614,2.72341,1.03332
0.21571,0.286624,3.81363,7.00851,3.03613,8.23818,16.9556,10.4563,4.20446,3.50427,8.67,28.461,30.9583,14.541,5.56118,0.452699,0.582191,5.1252,1.48594,1.90718,0.573939,0.694156
0.130858,0.318311,3.97149,6.82319,1.47368,9.19496,13.4943,8.24373,6.27314,4.85868,4.00886,12.5842,12.4272,1.40606,6.1879,6.78217,2.21807,0.107383,0.437794,0.477497,0.915081,0.742702
0.280919,0.274011,3.90185,5.87221,4.15226,14.592,18.1887,3.1344,4.41972,4.53919,5.59433,24.0751,20.9751,5.17802,0.839942,1.39783,3.47825,6.11003,3.14662,0.339369,0.615071,1.50644
0.13967,0.0517718,2.56942,5.0718,0.755687,11.3906,12.4824,0.85432,2.1526,1.24575,11.0277,32.2342,23.7162,3.63962,1.08876,1.36512,5.18749,11.1335,5.18196,0.518671,0.383207,0.727489
0.623334,0.446903,1.34188,4.24179,1.12065,7.1951,3.17429,7.03342,9.42896,3.01475,3.72971,23.9722,22.2601,3.16281,2.95154,4.84453,8.75432,15.5151,9.67523,1.16594,0.272267,4.36287
0.212972,0.40886,2.06639,1.91831,2.79106,16.0712,18.8007,6.46223,0.65506,0.506637,3.45334,5.86091,2.91392,3.97398,2.17127,1.8591,8.02709,14.4691,8.17301,1.58166,1.8244,4.17265
0.151243,0.747189,3.98246,6.74906,6.9214,10.1848,8.60742,1.41358,8.73001,4.63487,20.2451,54.4719,38.1459,5.47145,2.97668,1.44079,6.17159,11.486,6.3766,0.548231,1.30392,5.30564
0.131848,0.0261381,0.228397,1.4208,8.4785,27.504,33.741,11.2327,4.68723,5.99554,23.0424,73.9325,56.5262,7.39741,2.10058,0.891356,1.38466,2.48855,1.81265,0.390617,0.127581,0.0341709
0.0287154,0.455315,3.75161,3.31395,3.99303,12.1342,12.7327,2.37189,5.5742,2.11725,11.033,36.4874,29.4327,5.63455,2.01464,3.09774,6.37231,7.06296,1.84591,0.196046,0.740089,3.84847
0.0695824,0.75851,5.45592,10.0875,4.77207,11.8213,18.983,8.67285,1.23702,0.753005,10.7763,31.116,23.2384,3.99695,1.10568,0.378095,7.46693,8.76969,2.62427,0.218271,0.200281,2.21246
0.314482,0.148971,4.5618,4.49201,1.62867,15.3059,19.7463,4.79508,3.17674,1.33014,28.8053,72.2705,48.1963,4.94887,0.0858034,0.353403,1.09296,0.512263,0.913036,0.436587,0.938744,2.84665
0.366634,0.276694,1.18039,2.75546,2.9372,5.09065,8.72523,6.05317,0.224512,1.42713,36.4893,76.4372,41.5983,2.04768,0.388917,1.56503,13.811,16.2367,3.94177,0.571617,0.795115,7.91855
0.56293,0.562614,2.90762,3.84346,6.99327,18.9649,17.6538,3.98025,2.04361,0.551087,39.119,70.1043,30.6542,0.0185461,1.0152,0.94924,7.24935,9.62244,3.12737,1.44646,0.231567,4.69385
0.6634,0.127791,4.2508,4.80121,4.0655,13.8374,16.9497,6.09634,2.81593,1.05527,37.4077,64.386,27.1438,1.82895,0.564768,5.30318,9.75965,3.65308,0.389472,2.9306,1.06695,11.2018
0.2787,0.451814,2.55326,4.7446,1.70088,11.8415,9.91943,0.119077,5.80073,4.86986,28.9938,54.0103,26.3582,0.203063,1.15765,5.58013,20.3411,16.5335,2.72028,1.96658,1.33684,22.458
0.353027,0.114838,0.110932,1.54959,5.77873,29.6497,32.2966,12.2849,3.80873,3.15413,14.2365,36.7699,23.2121,3.34247,2.64517,3.01468,12.7899,10.3029,0.359119,2.94709,3.14001,8.16841
0.131935,0.154536,0.965854,1.41892,0.549279,3.30506,1.69794,1.92726,2.29709,2.96934,0.747444,13.1581,12.8234,0.105484,3.05184,5.44565,12.0036,8.19619,0.0702418,0.258968,1.47081,14.6186
0.0647197,0.415623,1.03379,2.8408,7.23047,34.823,34.3619,8.04435,1.15331,0.0281659,14.2644,18.157,3.06881,5.96185,2.00648,9.0779,27.7001,20.2846,1.63032,0.733743,4.2772,24.3811
0.0517253,0.214827,1.06846,1.89284,1.69691,8.41932,8.62522,4.64076,3.13491,0.294177,20.534,37.036,13.9965,8.59251,6.4061,8.39784,27.571,22.237,3.38675,1.14067,1.10967,11.5325
0.0708317,0.179961,0.39489,0.747951,5.76554,27.1363,25.5834,5.61318,2.87951,3.28777,21.3177,41.0261,17.9461,3.71609,0.922225,1.45855,3.77888,4.20944,1.25919,0.458966,0.804034,1.92826
0.142953,0.235398,1.08422,2.05038,3.32352,15.0197,14.7529,2.71884,2.94335,2.44733,18.7544,43.5008,24.8783,1.77879,3.27383,4.35099,26.5042,25.7219,5.02935,0.434933,0.977809,2.97655
0.314799,0.259458,1.98547,1.85553,3.21762,16.534,16.9924,0.99248,3.8554,0.145089,16.1569,41.3343,25.6672,1.15595,3.38043,0.447456,1.14231,2.36061,0.656328,0.0286956,0.043854,1.43353
0.280057,0.0465773,1.17629,1.35056,2.42687,7.80245,7.62628,3.2376,1.00313,0.069817,13.0979,31.0527,17.563,0.688946,1.69386,0.787971,15.5388,20.4335,5.68801,0.862614,0.973098,3.43863
0.177944,0.193954,0.524569,0.2947,2.58023,14.1319,15.0625,5.99793,5.97237,2.98012,10.2664,23.9955,12.9439,0.381279,0.603732,2.77848,19.6613,23.2932,5.84851,1.25666,1.23525,11.0308
0.111868,0.169221,1.49853,1.92249,0.0410053,1.27886,0.788483,4.58771,12.6764,9.72894,9.50789,21.0135,9.60469,0.856468,0.315733,0.555563,4.9153,5.26174,1.03491,0.67102,0.409986,17.6652
0.359082,0.177344,1.56633,3.3172,2.99779,16.296,13.4691,2.48364,10.3337,7.62295,16.9226,24.9319,8.88996,0.502233,3.25577,5.84141,21.703,18.1238,3.0514,0.576051,3.01657,22.7038
0.0119977,0.279031,1.32306,2.54983,0.816681,9.30183,9.25119,1.15499,0.0162879,4.8382,28.7038,31.3285,5.95844,4.0022,0.679682,15.57,21.9569,4.39562,1.70517,0.87443,0.154754,5.24262
0.00100695,0.102653,0.526624,0.0868734,5.98062,17.5487,11.2757,4.19814,9.55194,5.9174,2.54373,5.35191,1.76591,1.32367,1.00922,10.6609,16.9883,7.05848,0.461523,0.00821849,1.1611,1.81572
0.382548,0.111909,0.504523,1.84911,9.07611,31.5318,24.2147,4.20915,7.09176,1.20186,26.3997,29.5247,6.8462,0.309973,1.385,2.58297,1.88753,0.618981,0.129565,0.226369,3.21971,11.7575
0.293644,0.265414,1.55055,2.7425,1.28478,9.70909,8.30246,0.388617,0.802396,2.77363,18.8229,20.9041,5.66243,1.72587,0.596163,11.5121,17.8093,7.75672,0.0411878,0.430082,6.09835,14.3167
0.215366,0.040183,0.481494,0.225338,6.03371,19.3152,12.969,1.99966,6.41485,2.2798,18.5927,25.7108,8.47007,0.890996,0.305501,10.7493,21.1332,10.0999,0.230096,0.484399,5.41486,17.2592
0.0296432,0.481379,0.792977,2.13767,9.38459,32.4399,25.5269,3.67661,12.9894,11.4197,40.9701,56.3946,19.7752,1.6555,0.0921388,5.57673,14.2787,10.7487,2.3208,0.304262,0.832653,6.60421
0.347077,0.0856628,0.682668,1.90466,5.09679,14.7418,10.0941,7.74641,12.6203,5.30711,30.3188,52.7262,22.2962,2.04929,2.22008,1.79788,13.1133,12.8945,2.61011,0.371965,1.36842,15.5331
0.0133288,0.0363269,0.452331,2.98631,1.92184,7.4086,8.74792,5.32335,7.42475,2.29932,19.6328,44.813,25.2704,2.81884,2.15325,3.31057,16.2613,15.7106,3.11521,0.273379,0.640384,10.7428
0.326954,0.377628,3.84586,4.77005,1.62391,9.03703,8.62528,0.816815,2.70835,0.698409,17.3833,41.388,27.9227,6.84707,4.35508,1.13066,14.4803,16.8815,3.70086,1.27825,0.248248,5.46492
0.0958389,0.424887,3.38906,5.65504,4.40657,9.44476,11.6526,0.93744,5.54171,0.240056,8.78098,31.3321,24.6954,4.98116,1.34404,0.916348,7.72682,12.1091,2.23195,3.01042,0.452585,1.15738
0.117063,0.00502532,0.107053,0.953264,4.41112,11.4604,11.4655,0.422931,8.56956,7.63633,2.16269,8.40463,2.89859,1.94436,0.69087,1.34838,4.82975,13.8475,8.23383,0.512768,1.84888,4.47656
0.404877,0.116553,2.43238,2.16367,2.39962,1.11115,1.74058,0.264491,3.13732,1.35848,0.460688,8.58407,10.8347,0.560369,2.83297,0.629296,10.3253,17.899,9.23258,0.440577,2.29906,2.57488
0.436567,0.325893,3.3803,7.04018,1.92711,15.0177,17.7655,1.16244,12.0076,13.1734,5.482,3.48075,5.84117,1.68343,0.147799,3.24389,2.31723,16.4244,11.719,1.70537,2.86589,0.719447
0.0128441,0.126812,2.37746,2.04557,0.250887,9.36754,12.7531,6.38743,9.00003,10.0225,6.87773,8.23104,7.66445,3.212,0.827271,3.24455,7.08069,6.25105,4.09776,0.849355,0.258622,7.43148
0.0444868,0.36982,0.0735561,1.00138,4.74527,11.786,8.22901,6.71733,19.4439,15.3118,9.88463,15.3813,9.73213,0.605481,1.61169,8.34224,28.6557,20.0031,0.268703,1.0218,0.756052,8.0884
0.0846113,0.154581,0.672585,0.859029,3.71951,12.4481,12.8036,2.8679,0.15469,5.09684,25.8809,37.927,15.4236,2.01402,3.04313,13.4947,29.162,17.383,0.749725,0.498272,3.65406,22.8758
0.234668,0.24263,0.131358,0.346831,4.22779,10.2291,4.30816,2.30551,8.17467,4.81239,26.3254,39.2188,15.4877,0.477235,0.126849,13.0978,27.6279,13.1752,1.23197,0.199424,2.17143,2.19453
0.358285,0.1446,0.51312,0.0204345,2.77014,9.93307,6.08606,1.81672,0.165352,0.721681,2.11747,6.17196,3.04257,0.750479,0.230603,15.155,35.0895,24.501,3.91651,0.690309,2.99504,7.46615
0.146206,0.09896,0.899356,1.3102,1.8525,4.54536,5.89471,5.73605,7.78124,0.314631,24.7216,28.5129,8.87768,3.09738,4.506,16.2682,22.2457,3.72092,3.15525,1.91587,5.51945,22.0001
0.287325,0.0169342,0.0469084,0.484949,6.24176,17.8218,13.9927,6.888,12.5082,10.6079,22.3402,32.9286,12.7528,0.224529,0.474673,12.1271,28.9519,22.1147,4.43463,0.0863377,2.75472,4.48775
0.0585332,0.147868,1.60169,1.28301,2.89251,8.22305,5.41404,5.25782,9.6825,5.43356,11.2829,28.4917,15.3982,2.02386,0.410596,4.4731,4.61298,11.1858,1.94336,1.18248,0.452964,7.80963
0.115035,0.0308924,1.53147,2.45745,2.72616,0.14929,4.28782,2.37942,9.85307,2.66582,7.84284,31.2738,23.9688,0.95165,5.18833,1.23732,1.78,3.35274,0.733209,0.543175,1.786,4.49738
0.119522,0.00459608,1.0889,2.21529,3.78584,11.1667,14.7724,2.32384,12.0647,10.6174,1.62921,11.9779,9.8919,3.13378,3.79984,4.04897,2.8095,9.69311,5.60621,0.547745,0.644051,0.326713
0.121533,0.0329672,0.58779,0.888146,2.72131,9.05541,7.3451,1.13454,1.26225,0.283965,5.35004,22.9178,20.5011,2.96485,0.913039,0.80275,7.1835,20.4348,13.4076,0.68255,0.669505,3.60947
0.00438554,0.176301,0.74907,2.76662,1.28387,7.97364,10.6652,3.00773,3.67967,6.79764,3.84868,24.3294,21.3291,3.16036,0.0974443,1.14274,7.3965,29.2738,22.4587,2.35573,0.555224,2.9532
0.0225704,0.0705038,1.18566,0.807919,1.17853,10.7369,10.2617,1.01536,8.46481,11.6455,5.40503,9.63216,9.09588,2.64807,2.4248,0.895669,15.6939,30.3557,15.5134,0.516137,0.398158,2.43433
0.074527,0.099001,1.03239,1.19369,0.984272,5.73434,5.73847,0.485997,3.24003,2.78809,9.2816,28.5528,22.6626,2.86804,0.450264,1.9166,17.6574,23.4574,7.50547,0.892785,0.665031,6.83057
0.223624,0.0175255,0.490427,0.930938,4.3538,22.637,20.092,6.0022,15.5681,16.9258,7.35648,20.6702,8.4471,2.92177,3.51977,0.985463,0.431295,0.0959882,0.728036,0.0960701,0.0106131,7.96551
0.118133,0.0912248,1.36755,1.57012,5.55753,17.8137,14.7096,0.408529,1.98772,2.38953,12.9647,12.896,0.861077,0.416283,2.95193,5.23435,12.615,10.527,3.12089,0.809234,1.94219,2.82218
0.0568396,0.429552,1.13105,0.834901,9.13308,26.321,21.6368,8.12567,11.1712,10.6809,5.84113,1.74207,1.54082,3.08498,4.63684,5.51216,9.48991,0.119643,3.24866,0.910449,3.00718,10.0952
0.251117,0.1318,0.70952,1.59264,8.50156,35.1946,27.485,2.90992,8.7052,5.77018,17.4889,19.997,6.51264,6.00131,6.75096,3.97528,12.6133,8.46087,1.78587,1.82435,1.15605,6.17494
0.157281,0.244538,1.4997,1.93175,4.79323,9.27378,3.66852,1.80861,1.55217,1.4038,22.8584,28.5142,7.48685,4.66168,7.54582,7.33112,15.1165,9.86864,0.0530243,0.426523,1.17233,1.03403
0.288343,0.306901,0.905651,2.37189,4.9695,27.0985,26.382,6.77522,1.70822,1.55895,17.4931,28.6017,9.10053,6.08449,4.94237,4.13163,10.6678,10.0086,1.76736,0.326851,1.22032,2.98965
0.079486,0.0243242,0.575837,0.948618,6.37518,16.103,9.74597,5.35336,9.85515,5.60819,14.3518,27.515,9.82358,6.22924,4.77427,3.75518,7.87182,5.82468,0.409149,0.0291525,0.785392,3.30135
0.238285,0.0136824,1.46004,1.90989,2.71468,15.4928,20.9419,6.91527,4.95736,3.04622,14.0421,29.9507,15.8341,1.54892,2.72246,3.66178,12.4091,17.3844,6.20876,1.86399,0.263012,1.97491
0.214526,0.202943,1.65052,4.27751,3.60414,10.0267,18.3348,11.4231,2.56362,0.861105,7.88507,30.6681,26.4489,7.36591,5.63822,3.68453,12.3405,25.4848,14.7386,0.53044,0.364177,2.30653
0.0770236,0.655954,5.28391,10.6707,7.74256,2.67123,4.80484,2.63431,7.76615,7.42606,6.84649,8.29405,6.30748,5.34682,2.91815,1.41761,11.7941,12.4936,0.550863,0.706963,2.90706,2.67067
0.0768662,0.507125,6.10513,7.73681,2.722,10.1607,9.08947,0.92617,11.7529,12.8418,0.0377417,13.4885,18.5086,13.1166,4.07738,1.78991,4.76036,2.96754,1.4465,1.97108,1.17673,4.02405
0.270146,0.0180819,3.66721,7.61809,7.29388,8.54825,5.63301,0.10942,6.49913,10.0594,10.1102,24.9454,18.4806,10.877,14.8778,6.81613,6.39056,0.19014,4.52191,1.54451,1.87232,3.94399
0.0935045,0.10006,0.757348,0.714953,4.04335,5.58627,3.9537,4.35567,8.07229,4.34826,6.16563,15.7741,6.64109,8.3074,2.76082,5.87242,2.58113,2.82281,1.26025,0.316252,1.28434,2.28352
0.186066,0.134785,2.46188,1.95271,4.19136,7.79868,5.05671,5.6315,11.997,9.74103,3.19491,2.59278,10.1394,9.95134,2.13217,1.96106,13.9931,15.1016,3.83419,0.571866,0.612725,0.108592
0.410427,0.395302,4.73261,6.88331,0.400008,6.63961,4.85199,1.57763,5.20653,2.75489,1.54304,0.582024,2.40492,1.52499,1.28585,1.9135,0.752108,4.81998,3.38228,0.909141,0.985075,1.49296
0.190849,0.777452,4.71385,7.66376,2.20442,4.24152,2.21732,3.15472,7.97315,5.00161,0.404411,4.83826,6.13334,0.561612,2.79214,1.83727,0.980247,0.471582,1.22697,0.912612,2.3225,1.81869
0.467825,0.130458,1.19492,3.76505,9.8894,15.4713,12.0475,7.30427,11.8715,10.7757,0.67947,4.00129,1.02774,3.56849,4.46728,6.06909,11.755,10.3941,2.39173,0.810282,0.739307,0.680131
0.532776,1.246,5.63848,4.04938,3.08911,4.09847,3.6365,2.49595,1.6243,1.87031,1.42627,0.700735,0.596119,2.26958,4.45676,3.82446,3.35734,4.40838,1.70311,0.218177,0.300005,1.80754
0.19475,0.630553,4.08047,8.84776,9.6216,0.20497,8.06404,5.78419,6.1449,4.78697,1.33599,0.384505,2.03191,0.656554,1.69748,2.93955,1.44447,0.300336,0.128736,0.0221575,0.649251,1.40231
0.324757,0.457554,0.819618,3.29648,7.37976,5.39223,0.792768,2.67745,7.8215,4.98677,1.71636,1.78922,0.623716,1.30877,2.03449,2.18034,1.55369,0.340606,0.0690201,0.418184,2.41937,4.38539
0.248757,0.525814,4.37737,2.9024,1.80114,2.29034,1.44918,1.89448,0.828623,1.92558,1.81255,1.56246,2.06026,3.18299,4.42065,2.64947,2.73937,0.565305,2.2071,1.45522,0.766797,3.50305
0.0316981,0.25169,2.57928,4.41376,3.63058,3.65733,0.499154,0.793651,5.09469,3.81277,6.22821,11.3756,4.5359,2.44862,0.29642,0.545705,0.0389412,2.41357,1.68431,0.992524,2.15856,0.2613
0.101855,0.092553,0.45965,0.166613,0.691704,6.3038,5.88786,2.70527,6.39568,5.00284,8.42806,15.4362,5.58598,3.36175,1.8296,1.16722,6.45163,8.56434,3.49987,0.0114312,0.454362,1.58821
0.314943,0.0950032,1.4351,2.78376,4.38021,3.63721,1.20064,2.27287,0.573761,1.73227,11.3059,20.2902,11.0203,3.10934,3.68567,1.99252,2.44705,4.76923,2.94538,0.0867436,0.637296,0.975619
0.251483,0.154928,0.866561,0.219138,4.09209,5.27806,1.08855,0.0491094,5.77977,5.47381,6.46418,15.7841,10.9928,2.80314,0.21381,0.696436,0.0565276,0.222264,1.14578,0.665024,0.180851,2.15158
0.165335,0.0314423,0.370942,2.25205,3.91189,4.54713,6.65612,6.52976,4.90256,2.55214,1.98461,3.86993,1.62388,0.823697,0.830373,0.503568,1.04223,1.46316,0.426526,0.435742,1.72899,0.36261
0.153091,0.0889038,0.596594,0.0334015,1.50349,1.13661,0.473913,0.762623,2.45242,2.40136,1.09119,1.8424,4.10955,2.84316,1.46654,1.12127,0.453791,0.949418,0.605304,0.924423,0.700628,0.73332
0.0252237,0.0218606,0.332068,0.639636,0.828568,0.412453,0.506925,1.92945,5.51982,5.62808,2.24578,1.30304,1.18177,1.34916,1.41607,1.85651,4.10816,4.34927,0.91563,1.28013,0.825262,0.749567
0.0888506,0.0923429,0.158835,0.266107,1.31365,1.65074,1.43643,1.86917,2.84069,1.14786,0.672519,2.07364,4.47755,0.95458,2.45526,0.537549,1.32048,4.97658,3.25873,0.175751,0.010014,0.593602
0.0897707,0.258225,0.685614,2.30916,3.55681,2.21431,2.45728,2.08972,0.991238,1.93622,0.903864,1.06954,0.927503,0.414894,0.317223,0.547983,3.78158,5.4572,2.50287,0.0981503,0.253511,1.44852
0.03633,0.148429,0.920741,0.535701,4.36645,4.36811,0.46401,3.31233,5.32522,3.6504,2.37247,5.74208,5.5793,0.453844,0.916422,1.14625,2.14103,1.51055,0.39973,0.682992,1.83633,0.739282
0.184878,0.152691,0.602698,2.41484,5.69431,7.30054,2.53914,3.36959,4.28236,1.73033,2.8651,3.76516,1.06119,4.64413,2.0668,0.794207,3.27402,5.91936,2.82826,2.56601,2.84623,0.679697
0.0224121,0.0589749,0.476634,0.679863,1.99401,0.451772,3.1971,5.46292,1.02706,1.06336,1.98963,2.96788,2.92005,8.76177,4.70773,0.434865,2.57183,6.53887,3.56658,1.23943,2.58303,2.61369
0.0631374,0.0682837,0.452365,0.0341661,1.54887,8.58761,8.4618,0.0320281,3.68115,2.62742,0.865011,0.884268,2.02561,6.73145,3.96815,1.82338,5.8144,6.59007,2.21895,0.672899,0.723996,0.643797
0.057357,0.0798007,0.668389,0.0570483,1.36214,2.92447,9.51563,9.04734,0.398065,3.59518,7.82461,10.4819,5.82738,4.67692,3.56304,0.744013,1.40302,2.15187,3.19911,1.70673,0.518645,0.631345
0.0469717,0.0218337,0.67905,2.7465,3.53592,3.98907,10.369,5.96692,1.76678,1.40629,3.45884,11.6466,10.1319,3.57229,1.43779,0.787896,0.0169249,2.10558,1.60649,0.425507,0.648007,1.66667
0.121379,0.929582,1.13144,3.78089,5.6528,13.1388,29.5041,24.7429,12.0707,8.22263,5.61933,7.8281,10.8747,15.5419,15.3544,8.31455,11.0629,17.0994,8.20449,4.20306,6.78663,5.30957
0.0218332,0.459769,3.57432,2.98462,6.51022,15.6575,10.7383,0.20704,1.68432,1.06941,0.448616,2.18005,10.0363,10.303,0.994353,1.16781,18.3651,22.043,4.39385,1.6718,0.216705,0.0747361
0.543194,0.342009,7.05799,12.7665,10.4606,1.05021,14.7824,19.2692,12.3464,6.23999,3.12564,3.77098,2.32384,0.128916,0.301086,0.226708,4.85794,8.54543,4.27274,2.30158,0.451531,5.01158
0.378291,0.441719,7.54143,8.54641,3.50122,11.7014,5.90793,3.74857,7.66897,8.29327,0.939496,4.72728,4.5119,2.72848,1.05937,0.617138,5.0422,7.1368,3.08339,0.422321,0.597215,1.96172
0.529598,0.740628,3.12199,5.0314,1.37522,2.05038,5.84275,9.46453,0.448759,1.09957,0.456843,3.38734,2.08157,2.92433,4.00894,2.93747,9.33425,12.0531,4.70541,1.32698,1.08873,0.782235
0.435983,0.392012,3.32006,2.79762,1.54931,9.67008,0.896929,10.9794,0.613236,2.80645,1.94332,6.2725,7.45554,6.47197,1.75212,0.97137,4.6857,7.8615,2.49648,0.168507,0.234391,0.336977
0.47894,0.694027,6.98205,12.1344,6.35868,5.50033,7.91548,4.34746,6.09757,4.00027,4.80984,11.5676,14.3039,15.7209,9.97285,1.91778,2.79419,4.85198,1.80046,0.262587,0.387115,2.02328
0.33091,0.619803,6.75921,7.84878,5.84463,13.5254,1.14434,13.6429,9.58351,3.50518,4.61394,9.31392,8.73009,5.64356,0.580692,1.59537,1.58807,2.54092,0.553257,1.61654,2.78706,1.95379
0.261847,0.450259,3.60646,7.41515,7.11669,4.49971,6.08459,4.41316,2.83889,3.37116,2.7961,6.16853,2.49696,0.527901,1.64193,0.571324,3.37167,3.19016,2.0148,0.625651,0.627707,3.4019
0.414008,0.433894,3.47448,7.84222,5.779,2.22079,0.0994006,3.52467,0.176297,0.778829,0.136143,2.06053,0.109917,1.64602,1.20462,1.07725,3.58416,4.14281,1.1961,1.05612,3.45163,4.95379
0.0685349,1.09466,7.3738,6.72186,3.67429,6.10954,1.08227,1.0694,1.91038,2.9795,1.48796,0.221633,1.51476,0.178402,1.15092,1.02754,0.257374,1.33734,1.04261,0.73015,1.88617,2.84585
0.192927,0.528615,4.66391,8.68388,7.97693,6.11212,2.45649,0.602848,1.40376,1.06469,1.30221,0.556813,0.867833,0.731513,0.285181,0.431289,2.25457,3.41093,1.47387,0.548875,0.967899,2.73874
0.132349,0.316689,1.35304,3.17222,3.23875,0.00691034,0.803576,2.35047,0.783532,1.79602,1.50244,1.147,1.28339,2.75247,1.33331,0.256248,3.60008,5.43417,1.88881,0.510181,2.14613,3.60604
0.297245,0.655494,4.12858,2.8974,2.46559,0.308321,3.32141,2.95685,3.82218,3.49599,0.186816,3.00318,2.64016,1.96336,1.92863,0.523084,2.35071,3.67588,1.53136,0.372042,1.30123,1.19895
0.000230882,0.021133,1.2235,3.45561,3.76454,0.680411,2.22487,1.56852,0.312804,0.495651,1.92718,3.26274,1.51713,1.47342,2.40811,0.0205972,3.25565,2.24237,0.41973,0.466229,0.244256,0.346307
0.0936074,0.182399,0.418407,0.923577,1.81874,1.81294,2.12286,3.82732,5.48505,4.2873,2.12132,0.170525,2.92561,1.88572,1.48735,1.54102,2.47104,4.20753,2.37289,0.247745,0.172016,0.971303
0.0114404,0.0238499,0.0254659,0.775095,1.94101,1.71421,0.0607925,0.208305,4.08325,3.79444,0.485689,0.271,0.381116,0.810767,0.0341075,0.72419,2.49565,1.94819,0.273063,0.962954,1.80701,3.08107
0.117923,0.181458,0.119059,0.67415,1.27617,0.832293,0.261719,0.442618,1.39549,1.02995,0.737432,1.81497,0.436935,2.99768,1.09607,0.484041,0.0196665,0.920463,1.52967,1.10201,0.929641,0.916668
0.103321,0.00197773,0.349809,0.326559,0.0518928,0.0594653,0.840383,0.933213,5.50051,4.91887,0.238496,2.17517,0.753781,2.29974,2.4282,0.0995971,2.56315,2.45896,0.0907433,1.2133,0.220613,1.2843
0.018082,0.00324271,0.29423,0.0792048,0.53028,1.22469,2.5897,0.136124,2.7917,1.48829,0.436634,0.685959,0.9295,0.752777,0.36213,1.59389,3.42174,3.57111,1.39399,0.224434,0.670062,2.10651
0.0425129,0.00588535,0.321355,1.5784,2.64104,2.04785,1.13965,0.328634,1.06943,1.04585,0.184937,1.59104,4.17491,4.9489,1.84346,0.934454,0.945002,0.14131,0.139421,0.275373,0.942177,0.909668
0.0883252,0.100734,0.946692,0.669002,1.454,2.78117,2.74399,0.669854,2.60797,2.48795,1.18456,2.16519,2.33685,0.578511,0.590674,0.879283,3.1131,2.42155,0.36707,0.269277,1.29686,2.91565
0.0334225,0.0389444,0.382849,0.652211,0.0730781,0.946492,2.94005,1.4742,0.585143,0.505944,2.00444,2.74033,4.15859,7.39453,2.15074,0.928647,0.6064,0.797693,0.312252,1.11445,1.02803,0.980917
0.0235893,0.0150932,0.255859,0.0810303,0.670444,3.16185,7.27893,3.63582,0.999805,1.20584,3.52232,8.93789,3.19141,4.60723,1.88555,0.819383,0.118248,0.0324668,0.0373657,0.304185,0.440031,1.46577
0.0582977,0.252597,1.03912,1.74521,0.489623,7.45155,8.95458,2.34385,0.559926,1.88986,0.575344,5.99249,3.18206,4.69151,4.87614,2.31602,1.11448,1.70767,1.3129,0.595796,1.07202,0.268827
0.0781186,0.141384,1.28932,0.948424,0.786449,0.805433,2.35989,1.05698,0.597995,1.58252,0.305139,0.765256,0.245113,0.732619,0.94184,1.34778,3.35009,3.36402,1.45467,0.311222,0.0905713,0.993252
0.0628598,0.183514,0.054255,0.940407,3.39783,6.96887,6.24961,1.14773,1.61422,1.72905,2.90835,8.08519,2.52338,1.70486,1.67168,0.932178,0.0323549,1.43178,0.773431,0.498617,0.550447,1.58957
0.0189622,0.00550131,0.570118,1.7869,3.40382,6.5213,5.93473,1.00009,2.64992,2.60855,3.89848,11.2271,9.10076,0.255839,2.28381,0.839036,2.195,1.97365,0.927221,0.505454,0.633812,1.72559
0.100519,0.179615,0.139248,1.4663,7.04807,4.9194,3.09834,2.57638,1.24718,1.62354,4.60311,7.79311,2.6962,8.79877,2.3565,0.186054,6.21267,10.3912,6.82544,2.62655,1.36637,1.14778
0.221684,0.840178,0.642392,6.49966,9.32851,9.85618,22.6545,10.8008,0.176517,1.36944,2.91726,7.19011,2.11668,8.21726,6.45962,0.154503,8.03278,12.642,3.712,1.45838,0.353993,3.61065
0.417395,0.314866,5.24845,3.36407,3.01423,6.05606,8.34394,4.91129,10.3961,6.07768,1.34595,1.23831,3.37858,4.27387,2.24909,0.988638,1.74701,5.64789,3.05335,0.693747,0.128874,0.748138
0.235403,0.27702,5.02965,8.44162,7.46211,11.9554,12.5023,6.38622,5.65672,2.76833,3.65792,0.170499,7.88001,5.25293,1.07865,2.0118,1.55455,0.455312,0.545753,0.649042,2.64111,0.742245
0.0716238,0.274826,2.53125,4.64545,0.553174,9.08943,8.42443,0.599186,0.190229,0.603264,6.45298,17.7813,13.4316,0.979835,3.91785,0.19045,1.63165,2.39206,1.68763,0.657549,0.786091,4.02938
0.0235502,0.160238,0.89874,2.03899,4.30867,6.26756,6.34571,3.15653,0.374957,1.6939,6.40543,20.5888,12.1327,2.10258,0.0231441,1.91288,2.2355,2.0877,0.434373,0.134202,0.403587,0.441105
0.0300511,0.488327,3.6033,3.06028,4.24754,7.71044,1.64728,5.77271,7.01734,3.39223,4.878,9.83312,2.60938,2.17072,1.67011,0.00291877,1.77519,0.551432,1.60563,1.122,1.27638,2.11421
0.245145,0.466125,3.79677,7.43401,6.55455,1.30201,1.66533,1.15687,1.32424,0.11546,2.57065,3.60887,2.85091,0.607485,1.74732,0.0665533,5.82157,6.67053,2.32156,0.572632,0.449051,0.492919
0.159099,0.180108,0.354887,1.66107,4.9282,2.2029,0.313074,3.29159,4.74657,2.64705,3.44279,6.2432,2.99014,1.72543,1.64472,1.61521,4.08222,3.54869,0.427691,0.391402,0.917482,0.899515
0.107292,0.548178,3.32837,1.6497,2.96786,0.454082,2.87153,0.142922,4.56941,3.4246,5.40826,10.0577,4.581,0.513482,1.43403,0.0357853,5.3408,6.50723,1.54199,0.504149,1.32894,1.15552
0.0210001,0.371236,2.06197,3.79788,4.05435,2.98813,0.559051,0.437142,0.802838,0.543429,5.91591,12.6036,9.73367,3.59039,1.2039,2.13818,8.63374,8.00421,2.14512,0.759717,1.99171,7.36326
0.0377085,0.36095,1.36557,1.90452,2.90399,4.49075,3.9051,1.18771,2.3532,2.16215,4.74763,8.62156,3.82725,0.538072,0.0468248,3.59031,11.6603,9.23505,1.18943,0.0122943,1.48199,0.179084
0.208244,0.203306,2.07803,1.98218,0.630749,3.2381,3.13192,0.820091,2.30596,2.34629,5.06461,5.6258,2.61964,4.94546,1.67295,0.932471,1.79617,2.78092,1.93467,1.3807,1.42826,1.32845
0.0276919,0.0718428,0.0198086,0.529742,0.17826,2.50715,3.65339,2.61169,0.401879,1.1629,6.29353,9.81349,3.73751,0.617591,2.69251,3.03086,14.3421,12.2662,1.88025,0.95523,0.234324,1.03023
0.0219134,0.130252,1.0199,0.97109,0.874404,3.99502,4.8661,2.37047,2.16744,1.47207,5.46688,12.4215,9.17164,1.18319,3.08046,0.820196,9.90328,9.04478,1.61214,0.248768,1.0957,2.15024
0.121803,0.128313,0.877696,1.69499,0.522824,1.99038,2.53341,1.32035,0.938225,0.785497,5.29603,9.17459,3.31245,0.17657,0.0193626,0.0179278,7.6385,11.0515,3.7215,1.02647,2.11764,0.676634
0.123123,0.0578487,0.875935,0.985532,1.23525,4.02619,3.42346,1.02306,1.41656,1.23586,3.62981,8.3918,5.25375,1.41214,1.1886,1.1988,0.751801,2.8876,1.73411,0.736537,0.359386,2.15071
0.0860339,0.0967844,0.153991,0.785513,1.59566,2.35336,2.15776,1.68525,1.62707,1.1795,1.95645,7.00981,6.71712,0.890663,2.0727,0.971457,1.78166,4.99633,2.99181,0.164254,1.65819,3.0555
0.0284383,0.011176,0.284158,1.04885,0.593192,2.92554,4.4458,2.02708,0.775236,0.977976,1.55845,4.12607,1.18511,0.0224322,1.94709,0.655312,5.94751,12.1226,4.98138,0.77226,1.30148,4.16757
0.0571731,0.0660362,1.04115,1.07556,0.413818,2.21076,2.32532,0.564162,0.653317,0.134123,3.13956,6.51736,1.10568,3.52213,3.35677,0.751568,17.2222,24.4483,9.40465,0.0781978,1.18674,1.60876
0.0331626,0.00166759,0.987907,1.46407,1.25719,3.60639,4.10887,1.05799,0.329559,0.0467243,6.85152,13.1079,6.27982,1.85147,2.71014,1.92278,10.6752,15.7913,5.1751,1.03858,1.16829,4.52659
0.0875923,0.177765,0.702072,1.08957,0.202573,1.78752,2.0637,0.653603,2.18912,2.17441,10.4297,17.2181,9.74454,1.56269,1.62696,5.99582,5.78857,2.41789,4.25451,0.644467,0.954314,3.1466
0.0776533,0.01314,0.083667,0.23163,1.65726,3.38917,1.60476,0.830618,3.27258,2.0638,5.47271,10.9096,7.86345,3.08977,1.34717,3.10775,3.0403,1.05455,0.78097,0.393821,2.07898,4.09957
0.29186,0.069272,1.0401,1.23684,1.82041,4.22536,3.01409,0.472762,0.775422,0.907331,3.23663,0.498155,0.378828,0.111742,3.3608,0.709271,6.31412,6.20224,0.143631,0.504996,1.95403,1.28538
0.14226,0.167155,1.37829,1.71231,1.37668,3.42777,2.79882,1.74104,4.94953,2.89851,1.69158,5.95395,5.4995,0.949122,4.32246,7.95502,11.7954,6.40156,0.34394,0.246912,0.551149,3.74525
0.143708,0.0417739,0.657816,1.13607,0.362376,2.45505,2.86318,0.858061,4.54244,3.23239,9.21109,13.8238,6.83625,3.31909,2.39908,8.03588,18.6776,13.6497,2.63269,1.01995,0.66573,1.92476
0.104218,0.0720457,0.536707,0.73782,2.56867,8.2865,8.66736,3.22806,0.21392,0.210092,6.99258,9.53474,0.948261,2.21102,0.326749,0.852174,2.78155,1.76552,1.14957,0.361956,0.294856,4.23039
0.0370955,0.0852582,1.19761,1.45038,0.402634,0.640197,0.655263,2.8687,7.29386,5.57533,3.61576,3.47116,1.02348,1.82362,1.23591,3.25143,0.16054,4.13254,1.56257,0.0694656,0.242936,1.62005
0.174665,0.0135229,1.61219,0.432978,1.73005,0.612565,1.68159,0.434681,9.09682,11.2211,2.26093,3.01129,3.97156,4.46261,4.35227,1.84936,9.62696,17.935,9.59736,1.85588,0.119288,3.50165
0.122563,0.812458,2.50224,4.16787,6.57898,8.43875,9.46048,7.09029,1.44036,0.802823,1.99294,2.85268,0.111864,0.736767,3.49323,1.20116,20.0449,25.6897,8.25708,0.394339,1.12726,0.45206
0.260173,0.344066,2.57305,4.09557,5.91082,9.70851,7.76348,4.03228,15.4614,10.8194,2.44747,4.56939,3.81309,2.15614,3.39209,2.90057,0.343958,10.4267,5.8825,0.361446,0.905786,0.771692
0.260623,0.220008,4.52447,5.28483,1.1425,6.01402,8.59671,7.0199,13.0798,10.7655,1.12201,9.25379,8.71086,2.88028,1.1006,0.405599,5.9849,11.565,6.83862,0.593914,1.18671,1.74426
0.869156,0.0601222,3.77269,6.55469,1.91728,6.65415,8.44221,4.32793,1.4059,0.276082,3.69061,6.39379,2.1679,3.65243,5.20142,1.14958,3.04602,10.2155,5.95346,0.419703,2.33328,3.5965
0.015205,0.0231253,0.698487,1.3552,0.837098,7.82464,11.1694,8.47392,9.02076,6.85448,2.08255,0.616127,4.15239,2.79195,0.392029,2.05411,10.4139,14.4027,6.8013,0.181347,1.77525,3.98667
0.171467,0.622057,3.01474,4.24128,0.450478,7.51691,7.07108,0.805602,2.92269,3.49926,0.240903,0.55201,1.54164,2.48101,1.88147,1.36264,3.13971,9.2347,3.41613,0.556081,0.555227,2.49799
0.470298,0.8883,3.63144,4.17706,2.04241,9.05615,7.72296,3.21274,4.75325,4.73682,3.24251,4.42597,5.44928,4.01974,0.53978,1.7208,9.9745,9.1036,1.5301,0.86872,0.887781,4.04019
0.0815882,0.174021,1.36469,2.35145,3.02252,4.99706,4.00952,3.05036,7.37796,5.11107,4.36507,4.46783,0.794284,0.680392,0.649096,3.92508,12.9726,10.0698,0.558662,0.232612,1.80787,1.8896
0.564897,0.00280987,1.01689,1.65915,0.820921,6.6919,6.70249,1.36051,0.50584,0.387271,2.43322,1.67314,3.50103,3.96085,0.884638,2.14057,0.23009,5.32827,2.06369,1.33197,1.92002,7.63651
0.0511377,0.359505,1.28926,0.759212,2.137,3.085,1.17772,1.46906,5.64456,4.72356,2.31441,3.77016,2.65961,3.69365,2.32639,3.24001,9.75004,11.2967,3.82102,0.590812,2.91653,5.23866
0.218207,0.201353,0.216517,0.828723,0.206217,0.528972,0.502877,1.61028,4.37002,4.17498,6.18236,5.40738,0.89074,0.26821,0.243886,0.339526,7.27207,13.6738,6.37241,0.781479,0.0140115,1.44851
0.263148,0.245046,1.30687,1.02598,1.21382,3.60709,2.93766,0.592047,0.0467034,1.66488,2.79187,1.17407,4.55872,2.13011,1.80692,5.97702,10.0464,9.07972,4.19214,0.860608,2.91782,9.06167
0.149853,0.0527221,0.0343321,0.0263295,0.765528,2.83628,2.74378,1.64447,3.16022,4.13335,6.32826,8.65352,6.54788,3.38957,0.242886,3.63234,17.7049,18.37,4.66047,0.377711,1.61178,2.66589
0.324003,0.0354637,1.07919,1.98707,0.911771,2.89032,4.68409,2.96041,3.53515,2.76702,2.05383,4.2161,3.95083,4.11474,0.710976,1.93426,10.6095,18.1915,5.68679,1.38982,1.14825,0.620587
0.10581,0.0206679,1.11146,1.16485,0.650277,0.336442,1.25072,0.200634,1.1784,1.4813,2.6714,6.91015,5.87728,0.695149,0.429435,1.82949,10.8064,14.7422,7.11931,1.17688,0.492108,0.804196
0.093624,0.0597829,0.70502,1.61201,1.89989,1.8378,1.15849,0.516235,1.95076,2.7967,0.758427,6.6484,6.97995,2.39281,1.54233,2.56095,9.11515,0.563849,5.76893,0.769581,0.255438,2.09757
0.0626063,0.0720167,0.0562826,0.195881,1.49651,4.16367,4.6345,2.19227,1.25175,1.73333,1.32925,1.12184,0.394472,4.8387,3.0693,0.156054,1.78436,6.80108,5.97555,0.973616,0.355237,3.12875
0.139844,0.0325153,0.219974,0.382012,0.299737,3.15624,4.14146,0.423825,2.08425,1.20436,0.378676,2.53339,2.44899,1.06509,0.901756,0.673666,4.81896,11.8031,6.1867,0.0822223,0.995941,2.08544
0.0217505,0.0502771,0.425524,0.263486,0.834222,1.04537,0.085116,0.179046,2.13599,2.34624,1.61403,5.40849,1.71728,3.0155,1.30535,1.48251,8.98747,11.227,4.10009,0.515766,0.222076,2.4323
0.20059,0.0248156,0.734426,1.53327,3.04996,5.57709,4.89076,1.35287,0.0512364,0.530947,4.70702,8.82727,3.40091,0.876599,1.29915,1.62947,2.9952,3.40072,0.78658,0.194242,1.59311,0.91154
0.21053,0.0374572,0.27481,0.283156,1.7394,0.175471,1.5874,2.4594,4.45324,2.9496,2.78495,5.98862,3.48958,1.00653,2.37005,2.14511,14.4047,14.9904,4.09605,0.542681,1.79568,3.73189
0.0724518,0.106179,0.0756901,0.884859,0.202672,4.32385,4.11856,1.27339,3.08799,2.07019,0.896893,0.257256,0.633329,0.831016,1.01606,2.21368,2.53487,9.79601,5.66376,0.0984844,0.737196,1.49992
0.177404,0.122556,0.407227,0.807441,2.49093,6.056,4.78292,1.75624,2.27902,1.61442,4.67563,8.82477,3.94072,0.237987,0.852897,11.1985,37.5963,37.3946,9.56625,0.0201922,1.73871,1.60549
0.0858954,0.10663,0.719886,1.28815,0.461858,1.11861,0.783862,1.38466,5.28642,2.83713,9.84989,15.2769,5.63089,2.64186,2.69565,7.1756,6.79566,6.8998,7.76197,0.799066,1.11066,0.44349
0.143333,0.0413803,0.594087,0.720525,2.1398,6.7167,5.71682,0.084097,3.28257,2.34871,7.17919,12.9638,5.65137,1.15302,2.98271,4.53876,8.93511,9.17294,3.2937,0.947679,0.301207,0.22251
0.0987966,0.0239469,0.0666362,1.08015,1.71076,0.234806,1.60284,0.0537132,2.41547,2.25778,5.52402,9.22242,3.60031,2.40828,2.53387,5.40378,8.66431,1.23104,3.89698,1.16272,0.77823,3.75495
0.158621,0.0359386,0.180857,1.75452,2.14138,3.05081,5.0118,1.60678,6.87909,4.57231,2.24586,6.16648,3.45148,0.884299,1.08074,4.89678,11.3625,8.38542,1.73536,0.775741,1.67201,1.52777
0.00410545,0.302919,1.35991,1.53894,4.94875,1.35324,9.94053,9.35995,1.34503,7.39447,7.06545,13.2134,11.8038,1.17122,1.0553,1.60715,3.60548,0.368793,0.76782,0.356686,1.81523,1.90529
0.598121,0.206076,3.04667,4.75389,1.01891,7.6655,1.49732,0.803508,10.45,9.43972,4.49464,11.3019,7.82209,3.93155,4.24365,0.508855,7.22704,10.9884,4.30292,0.703789,2.13186,0.875244
0.0991729,0.332589,0.836069,1.26314,2.21524,12.0053,15.5013,1.06417,16.8596,13.569,0.483881,0.973568,4.11694,0.38951,2.29551,5.81875,21.8775,22.0609,4.69498,2.62879,2.9329,0.858586
0.0932922,0.615339,3.8403,4.29347,3.57665,12.8565,7.82282,6.27583,10.054,4.65891,2.26622,2.63197,3.10688,5.30278,3.17971,2.72962,9.238,8.11027,1.46,0.209732,0.130369,0.997219
0.0584328,0.801777,5.86101,10.3978,6.89125,0.0538221,0.518501,3.94273,6.22443,3.76739,4.39954,9.04196,9.60506,10.5906,8.73622,1.07412,13.2998,20.0689,7.88763,0.391544,1.69909,3.39768
0.0225068,0.447731,5.59355,4.78662,1.05556,6.22877,7.70394,4.90103,13.6401,10.7579,0.160326,6.29708,6.27239,3.73136,0.193521,1.77711,11.8007,18.5946,6.47078,1.36343,0.273954,0.848587
0.0649914,0.31848,1.66965,4.97232,7.13235,2.56167,3.24588,1.73995,10.2625,7.04591,2.21804,1.79063,2.64169,6.71053,6.05886,0.674005,7.98033,8.89823,3.19453,0.409476,1.99922,1.67977
0.343427,0.0121289,3.48957,7.23153,9.64613,11.4532,3.81886,1.92403,2.37396,1.57055,0.900743,0.368328,2.03641,4.03418,0.387229,3.19821,14.7182,14.442,3.40618,0.702853,1.58044,3.77994
0.361763,0.501413,6.61465,6.67848,0.821678,0.83277,0.820033,1.94962,1.97591,2.91094,2.1815,5.04734,4.76062,1.17719,0.52663,2.45553,4.47346,12.1488,5.3271,0.248786,1.22436,1.09492
0.0828348,0.942945,5.30766,9.45681,5.26913,3.50923,3.19524,0.386199,3.85538,3.76767,0.504313,2.38463,2.95601,0.522888,2.39983,6.53727,13.7627,10.1006,1.44472,0.821426,1.53661,2.35877
0.141174,0.0321588,0.437322,1.55699,4.63849,7.87237,5.35978,0.00831107,2.09678,1.89346,0.126392,2.1172,3.40636,1.57033,0.295966,5.68219,19.3124,17.4571,3.36459,0.229118,0.839052,0.8748
0.0440255,0.768235,4.45076,4.49885,0.809179,3.16121,1.15586,2.24933,2.21587,0.395403,0.983521,3.12746,4.61161,2.59461,0.191094,0.473453,6.37424,11.0095,3.47375,0.130443,0.382947,1.45552
0.0317007,0.747733,4.0537,5.80832,1.97611,2.61929,1.70654,0.0447968,1.7668,1.45225,0.373355,1.55274,1.52689,0.268063,1.00797,1.75495,3.5822,2.54605,0.421043,0.174604,1.11577,0.815905
0.266974,0.00272933,0.359229,0.382286,0.272048,0.749451,1.32988,2.12298,4.01007,1.82806,0.201519,0.599849,1.96967,2.4438,0.733849,1.52727,3.94312,6.66737,3.71369,0.537997,1.20983,3.12461
0.131051,0.412535,2.19317,2.61935,1.10764,0.491385,1.5343,0.387785,1.8316,0.672994,2.6092,1.74213,1.65735,3.16331,2.39074,0.887779,4.67516,9.51711,4.29929,0.548618,0.799098,1.88255
0.00183031,0.0434331,0.765411,0.634469,0.567853,0.429767,0.835589,0.562672,2.47193,1.76926,1.31505,2.15884,1.79133,2.75326,2.19037,2.00024,10.9317,14.1184,3.92969,1.59769,1.01505,0.898042
0.0638088,0.158651,0.783722,0.0874992,1.80502,1.64927,0.291276,2.48347,6.30109,3.97131,0.235555,1.31607,1.28833,0.620172,2.23945,1.2172,4.56285,7.05532,2.7847,0.538453,0.404297,1.15397
0.0664209,0.0571286,0.570067,1.22356,1.74453,1.51234,0.900964,1.5528,4.70081,2.78809,0.828816,1.44124,0.414609,0.413189,2.05854,0.351632,7.20405,6.68713,1.01343,0.00329627,0.281053,0.613096
0.0225821,0.180942,0.396938,0.802983,1.26991,0.795163,0.82503,1.39189,0.786894,1.0375,1.56425,0.0667397,0.903835,0.950062,1.6039,3.50455,5.88873,1.05828,2.57416,0.385881,0.182004,0.0539299
0.0168646,0.0244461,0.49571,0.329688,0.412922,0.686855,2.44441,0.533973,4.01671,3.75103,0.37424,0.301862,1.6102,1.85702,0.795326,6.74571,18.8597,14.7343,1.73454,0.408839,1.90522,2.79885
0.112502,0.0126391,0.584791,0.87676,0.210322,0.262435,0.120099,2.40886,5.65416,3.27124,0.134354,1.36249,2.08525,1.09622,0.804114,5.35353,14.1426,6.8325,1.29406,0.44161,0.517696,0.0648895
0.0253832,0.0838856,0.0200697,0.474165,0.48409,1.24135,1.25648,0.406893,1.74092,1.11862,0.744058,1.96804,2.87303,2.66928,1.7076,3.8922,9.91316,6.05199,0.211859,0.0771512,0.661068,1.0391
0.222716,0.179227,0.293091,1.13026,1.69957,0.180731,2.24722,2.27328,0.190996,1.3946,0.330569,2.55244,1.53482,1.3646,1.98528,0.213518,1.75746,1.38406,0.319613,0.544032,0.241761,0.561579
0.035732,0.106533,0.820765,0.423185,1.35326,1.7701,1.73724,2.60655,2.88964,1.08812,0.225861,1.54499,0.247721,1.59194,0.141828,3.88362,6.93966,3.1091,0.215404,1.19771,0.026351,1.19069
0.0855175,0.118129,0.616764,1.39824,1.87874,2.62521,1.80642,0.441065,1.10185,0.119284,1.11065,0.601497,2.47571,3.52768,1.32833,6.63502,23.4806,21.0149,4.30861,0.541287,0.517267,2.23747
0.00363709,0.0110908,0.342188,0.33246,0.363883,0.650687,0.823631,1.8247,1.75418,0.500891,2.45037,2.63886,1.18007,0.589257,0.609402,3.84884,7.87567,4.48248,1.00191,0.199214,2.23962,3.65921
0.0989391,0.00120899,0.177263,0.142763,0.368376,1.68535,3.08583,1.97482,0.751462,1.05863,1.21084,1.69223,0.313885,1.11113,0.391063,1.11193,2.99297,6.44865,2.81851,0.175672,2.50448,4.32883
0.00971346,0.128757,0.441968,0.270382,0.887539,1.8506,0.294469,2.35,2.71626,2.01304,0.876354,0.436672,0.579203,0.259892,0.479598,0.732548,5.06009,4.57375,4.93061e-05,0.364885,1.84347,4.4297
0.174558,0.479284,1.96531,4.53422,5.53436,11.9759,1.16725,12.7371,8.65536,2.11432,3.28989,1.70815,2.54835,2.32409,1.36706,7.47809,16.7717,13.5016,0.166625,4.60506,1.90375,0.0596576
0.048017,1.61897,8.76705,12.9186,2.01761,13.2816,8.42051,2.97218,17.3254,14.9699,4.02038,11.563,12.3559,11.8397,5.82543,2.33151,11.8604,13.6996,4.91705,2.5455,4.37597,3.62046
0.183069,0.242295,4.62055,8.15635,7.58578,9.26774,4.95307,2.61734,10.6339,8.26027,5.64485,9.83486,5.02823,2.74206,2.9175,4.67275,17.2817,17.1373,3.64352,0.252541,0.24313,2.52653
0.100599,0.238172,0.688758,4.36003,4.56625,5.65633,3.67778,3.75352,2.95757,3.65973,3.31042,8.63244,2.04623,7.0502,5.7606,0.271081,11.0796,15.4549,5.19612,0.730365,1.43698,2.55537
0.0979899,0.52717,6.18981,5.35834,2.90966,4.71787,9.51711,7.27342,15.2974,10.9591,3.80067,9.58853,2.85765,6.70668,4.27036,0.31397,0.672134,3.68941,2.23593,1.18115,1.64519,3.14024
0.119728,0.729808,8.34392,15.2727,14.143,11.7611,2.89641,10.1926,15.7526,8.74205,3.76285,8.55438,3.36641,6.97616,5.32908,0.607126,2.40664,3.25375,0.637075,1.37692,1.20696,0.0788178
0.369436,0.652335,6.90952,6.98301,6.64166,17.7563,16.3121,5.40812,1.92863,0.574124,4.54334,6.95032,2.16454,10.6574,5.56404,0.443129,3.00737,4.54089,2.15255,0.754796,0.720649,0.57689
0.281515,0.431635,0.835836,4.48823,4.55997,3.26384,2.13415,5.45822,7.6368,4.33477,3.32427,5.46936,3.347,8.93279,4.14152,0.453092,0.898603,1.16929,1.67107,1.16454,0.511395,0.402182
0.453116,0.569932,5.22037,9.21574,4.24377,7.91086,11.9829,0.515724,10.4218,6.32908,1.55198,4.20284,1.19083,2.2909,0.717207,0.461357,2.61525,3.79427,1.4199,0.718366,0.304551,0.721551
0.108608,0.886228,7.51007,9.94703,0.567607,8.55526,3.29104,0.934221,7.10348,4.26123,2.72284,3.83017,2.91935,1.27411,0.1911,1.43037,6.62266,7.89517,2.0504,0.523196,0.0270073,0.316368
0.128843,0.597906,5.00546,7.16225,3.42751,4.22307,6.64641,5.51286,4.09723,1.16616,0.456756,2.08108,2.28613,2.14228,1.5869,1.65941,4.03967,0.591999,1.35946,0.405869,1.42077,2.0291
0.104467,0.364133,1.93972,2.4577,0.954284,4.91304,2.91237,0.661875,0.281549,0.679546,1.32002,1.17665,1.05591,1.77517,1.55102,1.86617,17.53,22.6725,7.36971,0.351137,0.795426,1.647
0.485246,0.606747,5.15913,6.57578,2.30229,0.522903,0.735161,0.00509517,0.193003,0.988039,0.106429,1.21659,0.709813,0.488601,1.11437,2.12475,15.5631,22.9321,8.46628,0.115343,0.255,1.26347
0.303644,0.57308,2.82217,3.00012,0.561655,0.398971,0.957763,0.609663,1.05235,0.792228,0.328956,1.46248,2.04319,0.462417,2.00759,4.50874,2.37915,5.16905,4.58448,0.80643,1.09738,0.808666
0.139835,0.730413,2.31787,1.29751,1.6903,1.21003,0.167468,0.603437,1.70281,1.50735,0.0198484,0.39666,2.34508,4.56526,3.34091,2.13792,2.92678,4.12803,2.78298,0.854458,1.73842,1.69505
0.073693,0.219251,1.11934,1.59394,1.5611,0.984562,0.00439272,0.707023,1.71085,1.88284,2.54928,3.24844,0.165205,0.73662,1.28815,1.20847,1.47461,0.0286557,1.7283,1.13981,2.17098,4.60752
0.0397983,0.26994,0.939718,1.12196,0.818769,0.495966,0.225406,0.330754,0.169073,0.571182,1.06852,4.37745,4.21581,1.11596,1.81994,1.36585,1.13427,1.47411,0.495817,0.775445,0.631877,3.75521
0.0840681,0.0576852,0.885971,1.60172,1.24453,0.51578,0.460661,0.280375,1.76175,0.905393,1.82231,4.30574,5.43812,4.77484,3.07793,0.5259,0.774306,0.797644,0.994627,0.187556,2.23713,4.42387
0.0305915,0.0227319,0.495787,0.252042,1.03515,0.682226,0.240535,2.28883,4.96088,3.02985,0.348539,1.05775,2.47032,1.68447,1.0803,0.182443,5.69565,6.19926,1.74776,0.48963,2.37334,3.96455
0.134432,0.0450165,0.132592,0.829326,1.79397,1.41662,0.990778,1.1158,5.2611,4.26499,1.16758,1.36002,2.30119,1.67801,0.178637,1.41165,3.7531,1.4424,0.657587,0.753726,0.499148,1.87442
0.128241,0.015851,0.389982,1.05844,1.68224,1.55498,0.725863,1.00518,2.68026,1.84619,0.6534,2.93305,5.08227,4.68877,1.70918,0.148749,0.440301,1.07454,0.13671,0.169455,0.861296,1.05305
0.10341,0.0811247,0.6246,0.824976,0.0427447,0.477913,0.719254,2.39251,3.93312,2.7435,0.139466,3.06793,4.59808,4.31705,2.15714,0.200963,2.07882,3.55733,1.29661,0.508118,1.50407,1.44454
0.0272398,0.0506674,0.759581,0.982963,0.254863,0.642358,1.06841,1.05097,6.66584,5.42946,1.93265,2.84384,1.1767,2.16974,2.92709,0.918945,1.05456,1.96176,1.64198,0.114447,2.15023,4.01196
0.0403012,0.0338428,0.641749,1.38033,1.49382,0.677859,0.471374,3.79703,7.56892,5.16322,0.135637,0.793507,3.087,3.58432,1.41145,0.0274124,5.47454,4.17983,0.420972,0.562981,0.722328,3.53317
0.00563248,0.0296936,0.373547,0.0858801,0.917863,0.58511,0.650671,0.319521,1.98022,1.62956,0.641777,1.42199,1.88572,2.60392,2.37742,1.66513,4.94886,1.53305,1.1071,0.607544,1.98936,2.18272
0.0778212,0.0673786,0.204153,0.167989,1.01367,0.771298,0.36059,0.0363091,2.42148,2.7277,1.12148,3.79395,0.42318,1.77205,0.90011,1.91242,7.64464,7.03208,2.366,1.14461,1.0901,2.07424
0.0437221,0.14801,0.84167,1.45119,1.26574,1.26633,1.25397,2.9292,5.88516,3.74763,3.09029,7.14325,5.15031,0.624053,0.237948,1.09752,2.96309,1.83221,0.0278169,0.398369,0.334112,0.0799768
0.0576622,0.0367123,0.829175,1.25848,0.432832,0.644768,0.131748,1.11155,4.90222,4.18226,1.69386,6.54687,5.82906,2.8096,2.14755,0.18056,4.85586,3.27047,0.976212,0.0473215,0.936085,1.27202
0.0763968,0.231058,1.12341,0.518759,1.91285,1.56847,2.05254,0.410726,0.314231,1.84887,4.83907,1.90574,0.458682,0.813981,4.1801,0.627276,9.25628,7.73806,1.9782,2.6295,0.621005,1.88313
0.199831,0.517348,0.948183,0.143598,1.74375,1.15532,3.39244,3.29135,1.01274,3.62483,0.637369,1.40996,0.917462,2.49721,2.32916,0.56407,3.82664,8.18829,3.33091,0.204456,0.0899989,1.30994
0.052582,1.48727,7.92331,12.4883,13.6856,15.3265,7.55773,3.58081,8.14795,5.60231,0.165503,6.14335,13.5128,10.6233,2.7015,0.128619,0.82513,3.52818,0.866479,1.4415,0.358712,2.271
0.239768,0.284545,2.74944,1.16691,7.9849,6.15823,1.24614,5.02416,10.1469,6.91291,1.12016,0.647732,2.92338,4.66081,2.81469,0.981825,14.3685,19.3568,6.32508,1.15259,1.00406,2.33352
0.186786,0.0512986,1.72173,1.36427,3.89308,8.68336,11.7932,4.04274,5.60477,4.48729,0.105911,1.79279,8.80769,7.17005,0.302243,1.5613,10.2464,16.1577,6.52514,0.792922,1.01867,2.28396
0.279705,0.551634,5.17986,9.55026,7.67913,4.39244,3.24336,1.03211,0.0253683,0.761269,0.362781,0.95914,3.92721,2.59014,0.429499,3.50087,4.82328,3.0634,4.9988,0.0696896,0.0914847,2.39054
0.310387,1.05224,5.48357,6.14605,2.64307,13.6273,14.8335,6.76081,3.59504,2.76736,0.484743,0.11323,1.20756,2.6366,1.43058,2.69939,12.0224,14.5897,4.91017,0.19706,1.31216,0.538099
0.506209,0.123436,1.86557,4.30701,2.12447,0.310836,1.78829,2.79139,3.08696,2.22485,0.85455,1.71775,1.03623,0.443443,0.354262,0.923437,8.75183,10.8676,3.16354,0.444953,1.09243,2.88147
0.581825,0.158023,2.37346,3.94372,0.911567,4.1154,3.01627,1.69647,3.2381,2.43084,0.425302,3.58524,1.73707,1.22781,1.81031,1.16705,6.17527,3.56042,0.791161,0.189578,0.845911,3.85809
0.0586085,0.642032,3.67471,3.35267,1.84713,4.47403,3.41824,2.24456,2.9029,2.5557,3.00944,5.80493,5.27869,2.85563,2.00852,0.983918,0.395426,0.319801,0.214093,0.550796,2.54655,4.34174
0.155205,0.118434,0.433501,1.9985,2.90976,2.70606,1.48308,0.377528,0.0736179,1.08592,0.599438,3.9553,4.89749,2.4931,0.394082,0.427805,0.873338,2.72195,1.61902,0.343657,1.9567,3.20558
0.11036,0.446066,2.30517,3.5118,2.33089,0.0499507,0.420857,0.181949,1.79648,1.51244,0.843689,1.96869,0.759612,0.590232,0.292508,0.814267,5.3593,7.59898,3.06343,0.236926,0.214704,0.110084
0.0129677,0.264751,1.38497,1.12812,0.711274,0.526583,0.745032,2.91172,5.20274,3.60168,1.00654,0.490635,3.39194,3.8524,0.828521,0.229093,3.82111,6.97113,3.26014,0.103617,1.03237,2.35317
0.0927074,0.180529,0.942717,1.07251,0.248739,0.601641,1.60314,0.509353,4.71212,3.86958,1.44008,2.11347,4.51262,5.14743,1.90852,0.0538976,3.04089,4.58899,1.37943,0.672811,2.02165,3.34131
0.0503616,0.105778,1.38981,1.32312,0.755636,0.619462,0.309535,3.46701,5.88544,3.73164,0.240528,2.98572,2.83255,0.883609,0.18062,0.208921,0.356814,1.52982,0.827243,0.28648,1.98513,3.88147
0.00479666,0.0324865,0.653033,1.92327,2.70662,2.22111,0.0371015,0.637855,2.07044,1.78398,1.42965,3.506,0.187044,3.21372,0.385162,2.089,8.08563,6.19475,0.379859,0.762622,1.54836,3.34699
0.0237494,0.00324352,0.33495,0.21756,1.7016,1.84706,2.1217,2.35779,1.06869,0.244479,1.24584,1.98404,1.99658,4.14017,1.87686,2.12979,6.4003,4.5825,0.513186,0.402686,2.74999,4.60551
0.0735658,0.0468764,0.170082,0.0953477,0.78889,0.556915,0.87788,4.15971,6.04233,3.17688,0.360703,0.345768,1.35579,1.76468,0.907982,0.809982,1.27953,0.0966774,0.0412519,0.182185,2.31575,5.70551
0.00410127,0.0216164,0.513202,0.525288,0.323243,0.876684,0.8406,1.09006,7.78352,6.13748,0.444918,0.399219,2.73667,4.0387,0.797087,0.476771,1.32707,2.17488,0.973398,0.389514,1.58479,4.89882
0.0966548,0.0127531,0.577651,1.72787,2.27644,1.66459,2.1958,7.70671,12.4957,6.96261,0.13714,0.495305,1.02686,2.0186,1.99664,0.400438,2.15662,1.38342,0.254515,0.351944,3.0853,5.1216
0.0443336,0.0499504,0.705653,0.0272561,1.99919,1.5017,1.17929,1.20099,7.69134,5.56016,1.49688,2.33555,0.148786,2.43306,1.64798,1.9514,7.72281,6.48689,0.573184,0.890136,2.25484,4.6686
0.0259575,0.0860409,0.337131,1.30116,2.23968,1.28546,0.903355,4.40475,6.23972,2.87215,0.983299,2.75669,0.107946,2.0357,0.864692,0.972078,0.06279,0.998833,0.77537,0.484567,0.466111,3.36637
0.0456916,0.0291789,0.0576918,0.0521448,0.611381,0.26898,2.08485,2.64118,0.178472,0.582987,0.0384294,0.0437878,0.329082,1.43437,2.18423,3.78755,6.50902,3.93529,0.00721801,0.19211,1.2655,0.923634
0.101939,0.059232,0.143527,0.782223,1.4588,1.73184,0.595266,0.152661,1.50271,1.51023,1.80129,3.87091,0.803907,2.72879,2.8623,3.52592,5.27845,4.0317,1.04687,0.0565318,0.532329,1.34127
0.0149061,0.0750296,0.746722,0.141438,1.7785,1.14453,0.606949,4.08856,6.57994,2.92288,1.78609,5.18555,1.6787,1.17697,0.893193,0.562458,0.516205,0.481099,1.73509,0.968092,0.674222,0.559545
0.0414396,0.160919,0.75558,2.1643,2.92753,0.887915,2.29496,1.18946,7.9287,5.46417,0.843103,3.29835,1.76555,1.605,2.58339,0.0439097,0.290989,2.77668,1.64929,0.62432,0.364872,3.11006
0.0988492,0.094878,0.643378,0.288175,1.77102,1.57421,0.59666,3.63112,9.77222,5.48287,0.619574,0.288832,2.44132,3.99842,3.36076,0.504216,10.2838,13.0541,4.95765,0.501742,1.8678,3.19683
0.131932,0.166772,0.322572,0.364214,0.22384,0.127578,1.02618,1.74917,7.27285,4.40257,1.20621,2.70014,1.21867,3.62041,0.203819,0.152905,0.660921,3.776,2.68897,0.897619,2.45168,3.6273
0.216719,0.00412499,0.350238,0.526089,2.07086,1.64211,2.54944,5.60784,4.26924,0.143802,0.1387,2.42003,4.90793,0.424161,2.67253,0.895521,4.11058,3.83175,1.10098,0.400224,0.35937,4.50299
0.30987,0.238177,0.37614,2.20307,4.73759,7.51782,3.74587,1.05305,3.34962,1.36541,1.35977,3.48386,5.77568,3.20355,1.61046,0.504395,3.46093,3.4729,1.73547,0.808322,2.17176,4.46052
0.0747521,0.39746,4.00067,4.431,1.91634,8.76157,9.81846,2.28641,9.75045,5.6293,1.72689,4.02298,2.53038,0.147409,0.638165,1.09181,7.64268,7.96148,0.638484,1.46928,2.22515,2.542
0.246296,0.418651,3.74565,7.77984,5.00722,4.47553,6.98765,1.95413,9.98615,7.18965,2.64209,3.95806,7.00626,10.3894,2.93109,1.22674,7.38998,8.74597,1.75579,1.61203,0.24728,3.83758
0.0643747,0.221697,0.409794,0.771193,5.08418,11.4978,10.4646,4.52801,3.53197,2.05757,1.8981,6.32209,6.99547,1.63613,2.71509,1.50935,1.03809,0.156295,0.619828,1.33733,1.27993,0.12106
0.0747921,0.710285,4.26503,3.35036,3.85824,8.61535,7.05757,0.0675382,4.38905,2.28125,2.36973,4.69079,3.42328,3.8828,2.73288,0.57844,0.564924,0.152054,1.11294,0.0952037,0.721143,2.11754
0.256824,0.585341,4.6923,9.90829,7.84781,2.26415,4.75557,2.57366,6.39816,4.8749,2.95487,7.58927,4.97026,0.786686,0.780129,1.08531,1.85065,2.84741,0.890314,0.34095,0.311807,0.945066
0.0891263,0.0545288,1.892,0.383793,6.49882,4.00219,0.0290993,1.20126,4.4487,2.69876,0.3704,0.53631,0.786699,0.847303,0.184153,0.235441,4.57038,7.19772,3.70455,1.62064,2.40002,2.43505
0.179721,0.29702,1.9794,0.356821,4.40997,6.83116,6.2123,1.53069,2.51617,1.22375,0.729647,0.400498,1.16444,1.90739,0.672286,0.329828,3.03686,4.23875,1.28649,0.72025,0.13412,1.70842
0.10935,0.682769,3.78728,5.50625,2.1816,1.18126,3.97345,3.53017,1.61258,0.909268,0.123007,0.672004,2.58962,2.47907,0.115032,0.800655,1.00649,1.37695,0.89437,0.563003,0.548872,0.220929
0.145787,0.219905,1.84457,3.34758,2.33923,0.0836293,1.08609,1.36957,2.94934,2.37665,0.187054,0.344726,0.774315,0.253037,1.90333,1.2688,0.181224,1.11338,1.96563,2.11325,0.482679,0.700861
0.0363716,0.183372,0.105228,0.81083,2.79873,2.77624,2.03116,0.110605,2.89323,1.32301,1.23357,1.08308,2.37941,4.87379,3.35043,0.267826,3.47487,2.73964,0.483044,0.4466,0.568389,0.780488
0.0448614,0.0440941,0.689935,0.587608,3.88533,5.41781,5.65719,1.90913,2.36039,0.514613,0.229177,2.21682,1.08756,0.0149329,1.54923,0.433758,1.88781,2.36895,1.41854,0.221111,0.551462,0.231309
0.0390418,0.0998033,0.253803,1.68246,3.14301,3.02932,3.13029,0.494808,2.45834,0.426318,1.89849,2.59563,3.21507,1.2518,1.80373,2.68932,3.70836,3.62255,1.38741,0.580085,0.909733,1.08047
0.00372781,0.0446859,0.171668,0.00738919,0.423225,0.947972,0.843373,0.635953,3.20644,2.14895,0.166192,0.541467,1.31705,2.17311,2.43802,3.15351,4.44947,2.0437,0.156219,0.447016,0.38905,0.219526
0.213169,0.0761095,0.37712,0.073175,1.20969,2.93672,4.60995,4.77352,4.59703,2.73781,0.606873,0.932825,1.77686,2.83215,2.38563,1.82228,4.51764,4.99478,0.843846,1.98603,0.784588,0.663775
0.0411501,0.209052,0.650536,2.30232,3.33665,2.19511,2.40644,1.81488,0.802077,1.33565,0.272389,2.52567,2.37604,0.569283,0.75068,0.688532,1.73758,3.08783,0.156955,1.10556,0.804949,2.58825
0.139275,0.0984863,0.36229,1.49361,4.38141,2.42724,1.45,0.918519,2.22359,0.407799,3.40307,3.98773,1.54674,0.555346,0.238183,1.52049,1.7103,0.676203,0.153629,0.527178,0.872561,1.02271
0.00643659,0.00679845,0.42204,0.79614,3.51227,2.18736,0.722134,3.46413,6.64432,2.95156,1.15394,0.127601,0.50416,1.42843,0.645324,1.40903,4.2411,4.06887,0.877516,0.228725,0.547718,0.710706
0.00114904,0.0300554,0.699029,1.75564,2.53669,1.40956,1.64618,4.32254,5.87189,2.67139,1.36898,1.19805,1.37825,1.88259,0.774004,0.105645,0.744518,0.532673,0.399604,0.448884,0.916804,1.04565
0.106313,0.169081,0.70925,1.45809,0.875108,1.26837,4.0325,5.31537,4.32498,1.92663,0.378413,0.0625261,0.597069,1.40411,2.08342,0.568754,1.3345,0.760989,1.02096,2.03024,0.63764,3.90237
0.0953758,0.0786927,0.57527,0.158305,2.30203,4.39997,4.56948,4.46479,4.19811,2.02437,0.812483,1.80443,2.3332,3.81182,0.604582,0.269288,5.07554,4.32805,0.268492,1.97923,1.46309,5.08068
0.0181007,0.077762,0.487599,1.88564,3.59316,2.62873,0.405217,1.72222,6.42867,4.36837,2.67396,4.28642,0.939836,2.74282,2.0137,1.49241,4.40917,2.43952,0.285528,0.528996,1.84083,4.01219
0.0866575,0.0234846,0.189916,1.22219,3.24758,0.820187,6.30566,0.462639,8.18845,6.23988,0.729672,3.29061,6.37348,5.13968,1.82414,1.01869,2.76608,1.62529,0.661016,1.22402,2.23471,3.75719
0.0665728,0.0200652,0.584693,0.193276,1.65337,2.55686,7.77449,2.74768,4.68567,3.74916,0.453677,0.626522,3.41105,3.36671,0.176432,1.22941,0.777603,1.04635,1.58504,1.45505,1.3688,2.11158
0.114642,0.0341069,0.64747,1.0637,1.24919,0.635168,0.701483,0.48722,0.636033,0.888202,0.670132,1.97627,2.77188,1.77778,0.188582,0.802587,1.58343,1.02596,0.843266,0.747891,0.643383,1.00386
0.119281,0.141177,0.246655,0.688162,0.679536,2.43739,5.37158,1.69447,4.12745,4.09904,1.71607,3.3743,6.79793,5.86358,1.48562,0.828018,0.286808,2.34538,2.54434,1.84592,1.37589,1.40962
0.0475146,0.034218,0.0910838,0.889258,2.44291,1.35747,7.06103,4.24717,1.38072,2.02799,0.194902,2.56615,2.20996,0.437043,0.49296,0.189052,4.64129,7.18056,2.98367,1.32587,2.18383,1.54266
0.150482,0.0429921,0.136315,0.79949,4.03572,1.67842,4.24144,4.4231,3.5352,2.09965,0.648692,1.25721,2.49013,6.20384,1.93203,3.90545,5.43984,4.74172,1.69943,1.66285,0.775336,0.684806
0.234685,0.517628,0.117586,2.32751,4.40232,8.13643,7.09564,4.51543,4.91356,3.89798,5.61431,7.07602,8.97404,8.88097,1.00125,0.23617,6.57784,6.56488,4.67757,5.49479,3.32721,0.332292
0.0997381,0.821356,5.76706,11.3819,9.21983,1.24607,0.20029,1.53816,9.70166,8.26756,2.61831,8.26316,4.66629,0.820006,1.46156,0.341341,3.61907,1.56302,2.33802,1.94135,0.152529,0.00471606
0.198304,0.953257,7.08666,7.0261,8.0648,20.6104,15.9336,3.48282,2.0823,1.85224,5.02102,7.47277,3.77944,8.95137,1.39124,1.25501,0.959518,1.08546,0.410026,0.432965,1.04685,0.296789
0.160803,0.532227,4.33825,9.14573,11.9559,13.4806,7.58284,4.3949,11.1248,8.59194,6.17031,12.0301,9.65249,2.901,0.294344,0.973206,4.67502,5.7139,1.73473,0.232957,0.242673,2.54916
0.0668955,0.171814,0.793532,4.24222,3.6505,9.74888,15.3842,1.22492,17.9225,13.1862,2.38607,12.5836,15.6772,9.93714,2.32857,1.33374,4.83516,5.6385,1.61217,0.778023,0.842471,0.540314
0.283402,0.327375,6.52546,8.13853,3.1029,9.71471,11.5834,3.94373,15.3127,10.2641,6.26101,6.95831,2.08348,6.25781,1.92604,1.50615,2.79569,1.72074,1.54048,2.93089,2.47478,0.980423
0.269051,0.886213,8.60771,11.3115,6.02502,10.2383,9.9625,2.46692,1.79871,2.58274,1.84699,5.00412,3.84796,7.81871,1.39935,0.046659,2.98048,3.55592,1.50386,0.924308,0.784261,1.34501
0.0158847,0.779057,5.37695,9.90766,5.4725,5.11513,8.3146,0.276476,9.73936,7.47555,2.1669,7.63528,8.35369,5.10686,1.33601,0.477817,2.45002,3.30808,2.3501,0.649481,0.266936,0.990424
0.0607178,0.202207,0.765161,3.68354,9.20582,14.2019,12.5471,9.8253,13.5357,9.61597,2.39262,4.15459,8.26887,6.55354,0.584522,0.531987,3.47387,2.07219,0.340696,0.808892,1.40943,1.2603
0.243776,1.16534,6.35856,3.64529,8.04069,13.9445,13.0689,7.67661,5.82744,4.76946,1.54567,1.44512,2.83903,1.69553,0.76094,0.320137,0.179253,0.981664,0.639822,0.321363,1.62405,2.78225
0.138967,0.980722,5.79697,12.0431,11.2166,4.99556,5.55249,6.2719,0.780656,0.626173,0.280679,3.05492,7.39037,6.38407,1.97747,1.12549,3.02187,2.47739,2.08128,2.78425,0.760175,0.999114
0.19683,0.0781605,1.3208,1.40737,7.49098,4.71312,0.224459,0.0752577,1.61834,1.92261,1.68312,4.51422,2.26127,0.37516,0.621004,0.876735,3.81987,3.03793,1.45731,3.57522,1.39367,0.728381
0.311717,0.231653,2.48674,0.300927,4.49291,0.494867,4.01419,0.196073,3.87542,2.11029,1.72746,3.87618,0.489202,3.36256,0.893814,0.489823,0.615018,2.10278,0.746313,0.500262,2.02743,3.02729
0.0754543,0.392684,2.64557,4.41848,3.59264,0.894774,7.37759,3.61619,6.04501,4.42014,0.486783,0.703787,0.890484,0.546459,0.572346,0.609337,0.33817,1.52701,1.03776,0.621703,1.96754,3.59328
0.0521373,0.0120185,0.253776,0.804068,0.674507,1.07123,3.68153,2.2184,4.50007,2.51722,0.278048,1.09279,0.906895,2.3223,0.36184,0.442739,1.82061,1.31304,0.909067,0.473411,1.63573,3.90318
0.116897,0.34534,0.944673,1.60464,2.02276,1.45902,2.07645,2.068,1.44726,2.15273,3.55818,5.44142,3.79792,1.18678,0.359414,1.30255,5.61271,5.28607,0.31516,2.02475,2.49269,3.90095
0.119086,0.0290005,0.261607,1.86576,5.05586,5.23348,0.0163037,2.24143,2.71081,4.85024,0.039645,6.10596,6.64136,2.29904,0.433335,0.620244,0.465009,0.911053,2.12352,2.32742,2.78079,2.8456
0.278509,0.0370082,0.920222,0.366457,4.50921,2.35511,5.32207,6.19009,1.89511,0.133957,2.07691,4.19637,0.12226,3.041,0.403976,0.699794,4.24621,7.45016,3.48439,0.475854,1.08402,2.12036
0.0459452,0.0484529,0.392111,2.28069,3.86705,2.86096,9.99178,8.48424,8.01148,5.42078,1.95635,1.30435,4.12328,6.01982,0.941342,0.164798,6.79505,8.86729,1.70836,1.71633,0.812214,3.61866
0.0229413,0.0653283,0.189076,0.533915,1.42819,2.83079,5.52808,5.9986,10.5859,8.28543,1.97163,0.558206,2.11647,0.892609,0.72083,1.01255,1.70662,0.3411,1.10778,2.91393,0.365655,0.722388
0.0455651,0.104437,0.24433,0.455391,0.525949,2.44237,5.87702,0.537642,6.33092,4.81004,0.650688,3.27185,2.06648,5.86982,2.56254,0.766375,2.48919,1.66868,0.83135,1.56497,0.0730188,0.0487883
0.0943881,0.111477,0.42419,0.70926,2.79784,4.49174,12.9876,7.16817,0.384039,1.09891,2.4179,7.25833,2.9708,0.357522,1.66059,0.763009,1.68534,2.28085,1.62597,1.10918,1.20299,0.262701
0.0905627,0.0817023,0.415843,2.45098,5.82523,1.41302,6.19574,3.52926,0.99097,3.3103,5.96206,10.1716,9.59623,3.39155,0.605946,1.4154,3.92513,3.83846,0.148848,0.0507749,3.3191,3.99343
0.120517,0.144181,0.196535,1.80901,5.31764,5.30896,1.55611,1.05189,3.29973,0.70165,0.978745,6.77344,7.4392,4.1483,1.49781,1.80862,3.36512,1.89426,1.70143,2.19445,1.29522,4.93604
0.0452426,0.0495751,0.630788,0.0554264,2.37524,5.49412,7.38968,6.72433,8.24829,5.96602,1.54223,3.7509,0.168729,2.48542,0.976503,1.59742,3.98249,2.32008,2.02348,3.9221,1.41214,0.443533
0.00228388,0.112964,0.857726,1.34947,0.507287,0.880679,7.15775,8.74349,7.40407,5.13215,1.97381,0.735351,5.4472,4.95762,0.775442,0.950133,2.75465,2.8469,2.06366,2.5446,2.33122,1.06085
0.293899,0.038082,0.820114,2.21683,4.00807,1.98122,3.91163,3.27715,0.913283,0.361167,1.23993,1.35206,0.743358,1.86583,0.540092,0.982988,2.07427,2.27591,0.710025,1.6627,0.0868351,0.492375
0.418123,0.472579,0.179722,2.35863,5.59871,3.68326,1.96532,0.578269,7.35489,6.86009,0.335262,0.836179,3.02372,6.81598,1.2174,2.50047,2.00349,3.04226,2.52481,2.19407,2.59977,0.993148
0.563884,1.24234,2.23502,2.69459,4.69551,5.63764,10.2531,8.41982,6.69626,6.7798,3.31177,1.50656,4.00113,6.88358,0.117771,3.49919,8.05942,12.3914,7.87492,2.02545,0.172995,1.72033
0.479139,0.741647,5.31158,4.62989,7.29102,16.6575,9.23262,0.240299,2.58686,2.28403,0.0583901,1.33233,3.45063,0.0792094,5.11739,1.50599,10.965,14.5893,6.89729,3.98104,3.50542,4.34751
0.293107,0.876701,9.06031,15.4377,11.3182,1.66706,15.5795,12.8574,4.53759,1.26186,1.99817,2.08231,8.16089,12.4049,6.09092,1.81183,1.22313,1.9411,1.80076,1.42379,0.721976,0.800261
0.326098,0.512181,7.80486,8.89344,2.63873,19.3582,30.1115,13.4474,6.51329,5.22942,3.74785,11.9173,12.698,8.06614,3.97845,4.48293,12.3357,12.1106,4.55447,2.34376,1.77119,2.13014
0.143453,0.354358,3.02055,4.73464,2.51891,3.81816,8.32032,6.51362,5.8732,4.18207,5.26029,13.0519,13.4798,4.73725,1.5257,2.17634,1.30683,0.338821,2.79982,4.17449,4.09135,2.05962
0.134926,0.284456,3.47767,4.13725,3.97291,16.8886,22.2179,9.82134,2.41831,0.352021,4.89944,8.80787,3.63209,8.74006,1.06805,1.09342,5.94223,5.36087,0.26797,2.1019,1.488,3.14556
0.520406,0.620965,7.71053,12.3989,6.19904,5.94794,12.0687,7.78307,6.26355,4.37194,4.7035,10.5183,5.10551,0.71594,1.08849,0.659207,0.15118,1.56726,1.95356,0.728874,0.622387,0.800733
0.859117,0.689717,8.14666,9.76834,4.14499,14.7112,6.52616,7.23982,10.9007,5.70365,3.32067,9.74358,14.1851,8.71215,0.830054,1.97016,2.32442,1.50946,1.17216,1.32539,0.305531,0.1704
0.625757,0.900114,4.17334,8.61819,9.28579,6.58489,3.96805,0.873772,7.77864,6.73985,0.350826,1.87964,2.98665,2.57455,1.23276,1.85894,3.02828,1.37478,1.4927,0.866239,0.479187,0.175888
0.305401,0.776938,3.06257,8.21638,6.56843,6.91515,8.84887,1.22151,2.09219,2.76595,1.61464,0.024403,4.08414,5.67693,2.88296,0.675446,1.94499,2.27965,0.513208,0.479877,2.28727,3.38759
0.604241,0.844398,8.1676,5.986,6.56521,6.13121,2.491,4.99081,6.39053,3.35411,1.25227,0.260399,4.80737,5.59011,2.22812,0.0691889,2.53388,3.44908,1.77763,1.31775,2.01714,1.63077
0.322349,1.2004,6.08959,12.3098,13.436,11.9293,8.73438,7.7647,11.7049,8.15036,2.11048,2.59599,2.57597,1.21782,0.515303,0.201725,0.557556,0.265784,0.447879,0.469188,1.03791,1.47219
0.0127329,0.672872,1.8743,5.76626,9.69766,6.10533,0.129272,3.24112,10.7461,7.90748,0.665197,2.40456,4.52622,4.3482,1.92183,0.416286,0.359013,0.622791,0.654517,0.0270589,1.38591,1.97606
0.0921408,0.762605,4.80958,1.99875,6.60227,1.45088,6.36908,0.418611,7.88951,4.714,1.37639,0.372036,3.1677,4.36678,2.41952,2.38128,3.54251,1.85037,0.279105,0.691689,0.211561,0.580892
0.0348191,0.299675,2.31006,5.54712,5.62876,2.41026,10.1456,4.08095,3.77834,1.62831,1.35949,1.19973,0.240503,0.514491,0.390379,1.12958,3.01736,2.90412,0.528101,0.368382,1.84603,4.36491
0.0430212,0.174534,0.251269,0.292306,0.907972,1.18842,4.53329,0.767824,3.28885,0.537088,0.991462,1.28809,3.63567,3.07041,0.642993,0.855359,0.328707,2.45679,1.3118,0.0760843,1.4458,3.07319
0.18703,0.108979,0.639798,1.42894,1.47095,0.0799375,0.777104,0.552365,2.32805,2.09923,0.447957,0.77378,2.83352,3.9055,2.87486,3.07732,5.67426,5.38165,2.33777,0.615086,0.450584,1.4913
0.114945,0.0337225,0.381679,0.67404,2.06782,1.27871,0.354847,0.0326563,1.02299,1.56822,1.81229,0.858142,1.35613,1.89147,0.941251,0.977489,1.43505,0.0651813,1.15849,0.906335,0.312256,1.05832
0.406359,0.177801,0.0645453,1.31242,4.75796,5.1253,0.180516,2.43533,0.289116,0.186973,0.224053,0.690643,1.05048,1.66481,0.486316,0.00399563,1.05252,0.831514,0.193143,0.0431912,0.700227,0.458085
0.199818,0.172545,0.0235118,2.06571,4.85107,0.536057,4.82078,1.57617,3.04005,1.9191,0.755177,2.19164,4.08992,3.54084,0.298215,1.51344,1.48449,0.300561,0.643568,0.440507,0.162234,1.3056
0.0772708,0.169777,0.212385,2.56392,4.67642,1.0972,6.12291,1.95146,2.37751,1.40411,0.508917,0.4907,0.911244,2.28499,1.79297,0.114719,1.7259,1.72333,0.609949,0.73026,1.25181,1.64504
0.00329218,0.00464158,0.465168,1.28851,4.3418,2.38103,0.375639,0.976806,1.87916,0.359157,0.125903,1.07824,1.09326,0.945497,1.00509,0.0619114,0.120623,0.61145,0.350453,0.438079,0.291539,0.557738
0.127413,0.146446,0.487871,2.14249,4.12779,4.90014,3.74182,1.71539,1.4153,1.39496,0.16414,1.64206,1.05317,0.68548,1.47062,1.13106,2.18081,3.0382,1.46871,0.44289,0.23764,3.34558
0.11898,0.0625112,0.300207,0.346374,1.43403,1.69928,2.75815,3.07784,2.1197,1.34394,1.46691,2.34619,1.82923,1.05998,1.03229,0.833581,4.18994,4.15899,1.01845,0.68492,2.00918,0.334212
0.133458,0.00909322,0.105635,0.160845,0.465429,1.42909,1.17762,0.506986,0.342674,1.0614,0.0456633,1.61682,1.69914,0.344818,0.821951,0.717204,2.421,0.483091,0.721324,0.314136,1.94928,3.48967
0.00966745,0.0202544,0.379481,0.129554,1.66216,1.46272,0.369639,1.01156,0.137649,0.677149,0.132148,0.845278,1.23327,1.25643,0.797388,1.50477,4.17697,2.39744,0.444216,0.401055,0.40953,2.12196
0.0791908,0.0240311,0.516153,2.14419,2.94131,0.589193,0.0956992,1.63618,1.31107,0.899399,0.485993,2.13652,1.67273,0.0184868,1.04745,2.20955,4.8602,3.95971,0.554461,0.446412,0.359669,1.98618
0.0027354,0.0338779,0.67072,0.478465,2.23932,1.06359,0.0801067,0.335141,0.35653,0.515443,0.526511,4.47157,6.82431,4.60395,1.55655,0.0365267,1.31933,1.31841,0.0646402,0.647189,0.801184,3.66297
0.169587,0.125513,0.768003,2.95972,9.335,9.71185,2.65566,0.606919,4.45317,5.59497,1.07006,2.44212,6.41322,2.68149,0.848703,0.835808,4.08258,5.55377,3.37544,2.4846,0.228585,2.16206
0.193052,0.670749,0.94235,5.92343,9.73443,6.54102,17.1655,9.17005,5.20948,3.42853,2.41178,8.39649,15.0513,10.0073,0.390272,1.64355,5.16004,6.99419,3.3133,0.657867,1.71247,3.84589
0.0569319,0.817024,6.21995,5.19625,1.82358,9.16081,19.207,7.89895,2.89201,3.79279,4.76455,7.67091,7.7615,4.66181,0.99359,0.0946178,0.269239,1.18376,0.617176,0.140017,0.171382,1.99752
0.167593,0.628299,6.87545,10.2902,6.61183,6.27801,1.94649,0.684908,7.6374,5.96866,3.80203,5.9176,5.71478,7.71425,0.451965,1.97351,3.23422,3.15755,1.21157,1.07952,0.38984,0.0749431
0.23014,0.275499,3.5527,6.49493,1.56194,7.61348,6.49812,3.18357,6.51977,3.13301,2.0081,7.73767,5.03039,1.67023,2.56075,1.24267,1.40321,1.22714,0.12305,0.500979,0.649196,2.19957
0.0188069,0.130334,0.713503,2.0869,6.62902,11.7431,7.95846,0.845805,3.82999,1.11367,3.89241,8.12842,7.62319,3.74095,1.08839,0.348822,2.37107,2.52708,0.408868,0.23561,0.0631842,0.0635428
0.207743,0.329327,4.23346,3.99107,4.47694,8.31355,3.51296,2.61505,3.52702,0.321325,1.6894,3.89368,0.501692,2.93512,1.59642,0.549797,0.338801,0.0336059,0.663786,0.426212,0.259216,1.13344
0.354768,0.743396,5.39661,9.12543,4.6469,5.65499,8.63227,5.82275,6.30283,3.92292,0.422728,2.19726,1.97398,1.5983,1.66478,1.3029,1.77299,1.81222,0.687803,0.340857,0.23886,0.930508
0.100946,0.0437188,1.11357,0.543845,2.63116,0.483979,2.95884,4.36545,7.19104,4.91852,1.1104,1.15996,1.84579,1.00259,0.24431,0.326212,0.0662459,0.857852,0.690003,0.0225968,0.682757,0.26161
0.274956,0.451594,3.00959,2.82523,1.54217,3.30556,1.29542,3.49073,7.72837,5.17868,1.07433,1.41068,2.34186,0.883444,0.245446,0.906829,2.40655,1.87006,0.211036,0.207583,0.533515,1.84046
0.142056,0.340445,2.97813,4.19696,1.29632,1.00259,0.530646,1.72516,4.90635,3.67901,0.0201199,0.388444,1.49448,1.95968,1.17789,0.460688,2.68448,2.05631,0.410429,0.355347,1.04294,0.865375
9.47267e-05,0.0451459,0.390003,1.00668,0.785011,0.807144,1.11972,0.381019,0.390746,0.297998,1.1397,2.54886,1.24633,0.815907,1.88604,1.10017,0.606089,0.52178,0.0725357,0.201331,0.197664,0.345181
0.0378775,0.300934,1.31071,1.59638,0.98177,0.61194,0.55679,1.82287,5.33622,3.72918,2.2383,4.25219,2.9396,0.755848,1.74202,0.866942,1.0841,0.772765,0.241038,0.166432,0.215107,0.339439
0.0270835,0.0232256,0.491342,0.621857,0.222083,0.574023,0.690204,2.90999,8.25641,5.91863,0.326998,4.18603,3.7664,1.4037,0.967713,0.792237,0.559424,1.65528,1.12754,0.598646,0.201342,0.238271
0.00254788,0.0863153,0.14724,0.136209,0.313338,0.489432,0.0139039,3.89411,9.89866,6.57177,1.71618,1.66273,0.427131,0.636683,0.165529,0.783317,3.35008,3.08863,0.446041,0.104865,0.352442,1.01723
0.0314499,0.0155277,0.0260119,0.351158,0.955355,0.687931,0.0202175,3.7848,8.79449,5.07042,0.635812,1.58855,1.95051,0.911712,0.178327,1.41554,3.00511,2.11422,0.0660999,0.0680054,0.269134,0.353541
0.0642931,0.0282833,0.087269,0.633996,1.68712,1.05293,0.403615,2.17012,6.02506,3.32119,2.23429,4.74221,2.4547,0.0926234,0.257125,0.117315,1.33863,1.71628,0.973034,0.466901,0.369631,0.449065
0.0850557,0.0704045,0.12924,0.587477,1.48867,0.960352,0.637546,2.23535,3.38899,1.24306,2.30037,6.45853,3.33301,1.08201,0.833198,0.903966,2.4284,1.28322,0.0752124,0.0593133,0.229671,0.418866
0.00264128,0.0373301,0.108403,0.690054,1.33412,0.919369,0.181991,0.329463,0.741667,0.0516885,1.77957,6.33108,4.94876,0.578227,0.176192,1.20229,4.68438,4.39063,0.79936,0.154788,0.0498375,0.074309
0.0502922,0.00152663,0.118206,0.358511,1.09588,0.562806,0.149928,1.24927,3.68179,2.11739,1.7035,2.98807,1.0806,0.269881,0.259413,0.744119,1.99423,0.806936,0.299355,0.0665127,0.137095,0.183633
0.0173998,0.0362022,0.220131,0.113365,0.459523,0.289987,0.389393,2.76358,5.3844,2.78991,0.831502,1.22853,0.999372,0.896849,1.04982,1.33249,8.02143,8.5658,2.13948,0.161401,0.121893,0.719727
0.0456975,0.00655404,0.326963,0.362712,0.22029,0.598142,0.14252,1.75624,5.23464,3.48425,1.49164,3.47614,2.09742,0.254277,0.0937752,0.593349,0.968241,3.32125,1.80925,0.0915044,0.627046,0.997612
0.0239553,0.0594713,0.214471,0.467556,0.607542,0.270004,0.00379778,2.10703,4.54916,3.10186,1.01383,4.39591,3.20362,0.284612,0.308104,0.124984,0.215596,1.25479,0.798134,0.103081,0.153677,0.446878
0.0923629,0.0421622,0.122858,0.465713,0.746425,0.460943,0.159456,0.514335,2.00856,1.61128,2.28659,4.35782,2.98086,0.946797,0.790927,0.410687,2.36576,1.73206,0.167657,0.025127,0.211308,0.783684
0.0807197,0.00893068,0.396722,0.311404,0.548294,0.714858,0.256792,0.00499562,0.327966,0.204603,1.17165,3.30285,2.32986,0.0925798,0.772729,0.051047,3.7839,4.69653,1.42176,0.0930024,0.498841,0.241662
0.0632641,0.0136795,0.283026,0.670535,0.805582,0.324391,0.113147,0.601427,1.81804,1.38847,0.647992,1.34229,0.139789,0.605827,0.517905,0.675814,5.33348,6.18053,1.57259,0.17699,0.00572126,0.283319
0.0360287,0.012584,0.0475335,0.0907131,0.268351,0.317153,0.648524,1.06025,2.33201,1.75082,0.0950795,0.686324,1.43829,1.19251,0.122213,0.290687,0.442724,0.29524,0.0387133,0.0429259,0.0176129,0.64872
0.128721,0.0242795,0.0927187,0.211242,0.108895,0.0618815,0.401501,0.26412,1.72889,1.38586,0.627191,0.822829,0.149305,0.360443,0.237004,1.0243,4.93005,4.9771,0.934479,0.416889,0.134517,0.475709
0.19723,0.0587708,1.1525,0.528119,1.52991,5.60528,8.10044,1.01366,5.36439,6.30436,0.863047,6.68611,5.4698,1.15539,1.34681,0.0883207,1.72285,3.01889,2.44866,1.28888,0.362772,1.00966
0.202027,0.72072,2.18657,3.51328,6.5348,5.64645,1.00825,3.18688,0.980261,0.925876,2.53028,4.69666,4.2778,7.963,2.10251,0.622987,5.7671,7.51802,2.79715,0.365965,0.238862,0.76585
0.100354,0.302059,2.59794,4.43623,7.0365,12.3413,9.67388,1.53361,9.30781,6.88247,3.24482,5.99196,6.37942,2.97415,0.778623,0.646666,0.194211,1.62033,1.19117,0.585906,0.911406,0.850912
0.287769,0.493852,4.98967,5.69413,0.601272,1.39584,2.08155,4.31808,11.7686,8.25197,0.384316,3.35726,5.1236,3.98334,0.583732,0.484929,2.48265,1.96514,0.432117,0.108815,0.188986,1.16692
0.0649217,0.592522,3.99088,5.84458,0.423577,9.43141,7.59583,3.77529,7.4571,4.70479,0.302795,1.8875,3.82618,2.57878,0.126592,0.702195,2.20984,1.1166,0.280791,0.141238,0.0463383,0.36733
0.326018,0.192151,0.461882,1.90999,1.7626,2.89831,5.61304,2.07266,0.881957,0.209599,1.68344,4.62853,2.88701,0.288062,0.0224494,0.134874,1.09519,2.01017,1.03323,0.0647168,0.247645,0.12566
0.0239082,0.557235,3.09763,5.49053,3.24669,4.88827,7.92599,3.9963,3.99771,2.21502,2.45787,7.37933,4.22195,0.436155,0.0653583,0.669253,4.56271,5.32443,1.53503,0.0163778,0.112985,0.991444
0.330987,0.433807,4.2591,4.48501,2.43544,4.81802,1.46783,3.11062,7.33028,5.12101,2.76516,8.50408,6.04116,0.978718,0.0653995,0.000216953,1.79021,2.9099,1.09269,0.00460117,0.231835,0.0199559
0.123293,0.277894,1.83593,3.59923,3.58476,2.71758,1.68607,2.34939,6.97129,3.97364,2.35557,5.81591,3.95415,0.880296,0.485735,0.280012,1.31777,1.04137,0.284113,0.239191,0.130204,0.108682
0.0133932,0.474203,1.93959,2.70793,1.45416,1.3301,2.23259,3.11924,5.80336,3.99867,0.451257,2.0891,0.740641,0.238165,0.0956983,0.540131,3.87028,4.90624,1.59794,0.0748808,0.123151,0.19678
0.0881191,0.39565,2.64904,2.91081,0.0238301,0.220722,0.58445,1.02446,2.06322,1.41987,0.0413959,0.894485,1.10004,0.675099,0.592131,0.983185,5.76658,6.46757,1.74531,0.180349,0.0176403,0.153971
0.0536939,0.00993803,0.454531,1.02332,0.779354,0.415421,0.0558455,0.11994,0.548082,0.459798,1.16968,3.01382,2.08092,0.0211645,0.527123,0.73494,1.69026,0.114501,0.569996,0.0115021,0.0937885,0.00130338
0.0155785,0.252611,1.06902,0.968629,0.110201,0.386091,0.187114,1.4104,3.60501,2.12933,1.44802,3.83659,2.54065,0.0818411,0.169397,0.112544,0.592545,0.14812,0.0645085,0.0672171,0.193371,0.544398
0.0759125,0.0384367,0.625852,0.927483,0.533681,0.202538,0.417699,1.34092,4.52364,3.37068,1.01889,3.28678,1.29228,0.57203,0.0892703,0.242543,0.891655,1.80393,1.095,0.416481,0.131957,0.302613
0.0598725,0.0347146,0.13256,0.171021,0.333329,0.112685,0.316424,1.97768,4.03939,2.56289,1.22589,2.20737,1.32578,0.0585188,0.456215,0.625985,4.42318,4.81035,1.10111,0.110166,0.097456,0.00482757
0.00745451,0.0302851,0.23036,0.159932,0.214826,0.115855,0.0191098,0.726873,1.8549,1.15706,0.169796,1.07619,1.63738,1.00594,0.153043,0.25232,0.295275,1.20579,0.551807,0.259366,0.102423,0.145685
0.0149745,0.0113901,0.152758,0.247113,0.194856,0.188508,0.0522622,0.250398,0.105396,0.233921,0.404098,0.820469,0.865919,0.188259,0.342995,0.0642466,0.557535,0.325071,0.184154,0.133653,0.225274,0.402483
0.0100759,0.00163602,0.0536598,0.243545,0.473974,0.460893,0.277028,0.04095,0.905436,1.45483,0.110058,1.98786,2.17011,1.05972,0.348094,0.388922,0.113233,0.817401,0.31494,0.192853,0.0576055,0.0346683
0.01691,0.0394907,0.030912,0.173275,0.424337,0.206187,0.128088,0.0812435,0.0858209,0.141142,1.14306,2.48737,1.27991,0.251472,0.392951,0.881477,3.9472,3.74924,0.769459,0.218149,0.0859528,0.0622282
0.0171258,0.00840155,0.0191388,0.306649,0.717726,0.307207,0.270361,0.219508,1.24665,0.992235,1.00182,2.01375,0.886601,0.632561,0.30305,0.838785,2.27769,1.56216,0.195497,0.101543,0.162409,0.0320833
0.0392095,0.0216973,0.0842367,0.224018,0.664017,0.30748,0.158881,0.516894,1.75362,1.56601,0.0880583,0.907776,0.595608,0.00148902,0.148269,0.244129,1.84671,1.89053,0.268867,0.150607,0.0618157,0.279329
0.0489502,0.00839413,0.0768847,0.368053,0.57109,0.262134,0.0583482,0.0917699,0.392096,0.748442,0.096445,0.400946,0.00855679,0.239467,0.130375,0.664051,1.99543,1.06033,0.233488,0.152393,0.14517,0.456584
0.018497,0.0140038,1.68644e-05,0.237892,0.650416,0.531327,0.233255,0.92234,2.44528,1.60947,0.735976,2.00037,1.04632,0.131832,0.298554,0.177821,1.35999,1.17312,0.20809,0.221363,0.450792,0.24028
0.0854004,0.0472053,0.0603525,0.019252,0.244956,0.14402,0.0846263,1.71772,4.80687,3.17295,1.35008,3.12372,2.48144,0.762486,0.208662,0.273991,1.19795,1.02286,0.0942436,0.0467562,0.0976153,0.115335
0.022163,0.0200903,0.12424,0.11833,0.110176,0.348138,0.102582,1.84833,5.06806,3.69324,0.995947,3.62738,2.41589,0.349544,0.040181,0.613909,2.59785,2.62545,0.670573,0.145408,0.376232,0.0717991
0.0226714,0.0231713,0.0507182,0.157315,0.275886,0.256994,0.0706984,1.01488,2.66374,1.79965,1.54699,2.83573,1.21372,0.370995,0.0927981,0.0769636,1.17906,1.80427,0.533929,0.169214,0.0227608,0.463935
0.00563472,0.0093374,0.00426753,0.0586946,0.137041,0.0019506,0.0516915,0.5115,1.33446,1.00906,1.1945,2.22927,1.45711,0.249508,0.0633422,0.1875,0.0423854,0.287529,0.194896,0.174517,0.285674,0.626558
0.119155,0.0158849,0.0537879,0.00830643,0.259986,0.347721,0.163282,1.45856,3.93974,2.8344,0.186695,1.28466,0.906096,0.438616,0.12686,0.0382149,1.56278,2.46852,0.971713,0.0632077,0.0501067,0.560668
0.194187,0.06121,0.0941138,1.15348,0.357641,6.00329,7.93685,5.43871,3.33655,2.95832,7.61406,10.5449,8.22606,0.270863,1.15975,0.928712,7.25153,9.05268,2.84007,0.871268,1.11962,1.66011
0.203375,0.713395,3.26206,2.78285,4.46119,15.4358,15.2203,8.87982,14.0137,10.875,5.26602,6.59485,5.19295,10.8906,2.8196,0.321597,3.74377,4.56344,0.950945,0.541309,0.184063,0.804176
0.157197,0.26629,0.660979,1.03649,0.974753,3.44681,1.23246,9.87329,15.7522,10.1733,3.26643,9.30567,5.44035,0.773971,0.115725,1.42008,9.08691,11.0754,4.01309,0.510071,0.540714,1.37416
0.233099,0.52251,4.56165,5.45306,4.3658,12.9569,6.93796,2.20995,3.51091,1.80285,2.71702,8.27724,12.1227,8.2398,0.83957,0.281988,10.0643,13.608,5.48922,1.27278,0.140263,0.0151648
0.214907,0.694161,6.90196,13.6036,10.3346,1.26287,8.45609,1.33869,9.37033,7.37649,3.303,3.44944,1.84873,3.67638,0.784647,0.479865,1.15315,2.50035,0.932162,0.336181,0.142818,1.4459
0.0864552,0.71761,6.83383,4.89777,3.84647,6.2676,12.3489,3.06476,14.8672,9.72832,0.987106,2.84308,2.55944,3.92046,0.250776,0.617896,6.24327,7.52485,2.41395,0.0102131,0.0382575,0.309159
0.015868,0.386703,1.64222,5.88793,10.2251,9.63391,6.30671,6.30508,9.48402,6.12773,1.74635,3.96047,6.2769,3.78636,0.0953156,1.12791,6.56476,9.16999,3.51137,0.473763,0.238841,0.462941
0.0810531,0.763963,4.93464,9.41098,11.8514,17.1062,16.2799,6.91333,2.45442,1.08404,0.887803,1.0074,0.797026,1.17439,0.748994,0.106743,2.10283,3.82134,1.56678,0.10712,0.00659343,0.485595
0.00161099,0.667372,6.77931,6.36718,2.33293,2.35843,2.21529,2.57744,1.09092,1.59976,0.0348065,0.698772,2.89184,2.3473,0.481437,0.163632,0.324218,0.206334,0.0464373,0.0411089,0.115769,0.0575464
0.101624,0.908353,5.18912,9.29406,4.86291,3.61507,2.88581,0.776081,0.844607,1.20935,0.350433,0.0901381,0.390127,0.418585,0.396974,0.169821,2.90518,4.09218,1.41645,0.246263,0.447131,0.318573
0.762151,0.713054,0.754031,1.2702,2.90142,5.5949,5.32304,1.35792,0.712362,0.0220993,0.456544,0.171052,0.221386,0.668609,0.290832,1.57848,6.82156,7.12311,1.7211,0.07453,0.164874,0.478803
0.264595,0.983005,5.11595,5.51025,0.573624,3.41347,3.70756,0.061667,2.11191,0.791483,0.270317,0.713783,0.560546,0.217059,0.0727896,0.502183,1.30886,0.882357,0.0411364,0.0896472,0.00663745,0.538956
0.185268,0.569988,4.08596,5.82156,1.09332,2.53994,1.75467,2.08029,3.95384,2.56642,0.0823404,1.22159,0.984602,0.214729,0.411082,0.800681,5.597,6.35081,1.69275,0.16356,0.132195,0.0463173
0.175658,0.20042,0.0453858,0.371844,0.564556,0.911674,0.665466,1.75316,5.04388,4.01139,1.14327,1.01975,0.453311,0.353999,0.355769,0.153891,1.16423,1.98492,0.803884,0.0115176,0.232321,0.0710932
0.146822,0.532758,2.80577,3.24093,0.972578,0.379573,0.423829,1.39531,3.66795,2.40784,0.282695,0.184242,0.115234,0.113225,0.0102471,0.496537,2.2686,2.15989,0.419215,0.0175458,0.170082,0.181254
0.116854,0.143334,1.67541,2.11174,0.21986,0.423011,0.0711064,0.200637,0.151294,0.0203199,0.694589,1.59962,0.752019,0.343693,0.198017,0.133023,0.530333,0.585098,0.13672,0.0893288,0.00712382,0.514411
0.158074,0.0868765,0.445385,0.14236,0.46669,0.429283,0.25751,1.13748,3.48836,2.72088,0.306195,2.25174,1.75148,0.48302,0.212399,0.705385,2.12828,1.75745,0.208665,0.0550261,0.153205,0.696532
0.0136868,0.129839,0.747461,0.941451,0.433167,0.0606011,0.0947182,1.72674,4.9443,3.43098,0.866502,1.60008,1.49716,0.414762,0.007223,0.0775276,0.489709,1.09114,0.516394,0.0297066,0.0880945,0.0141209
0.0465989,0.0431535,0.294376,0.474955,0.158787,0.145707,0.157719,1.49788,3.60453,2.27077,0.0959079,0.141785,0.138183,0.0319465,0.17894,0.629076,4.07654,4.44191,1.01802,0.0411568,0.36867,0.554333
0.0164128,0.0216501,0.0242332,0.0533539,0.0481061,0.0676423,0.170633,0.809812,1.36052,0.699951,0.4173,1.50361,1.37161,0.219626,0.292071,0.0316521,0.74136,0.797172,0.148051,0.124844,0.345532,0.542121
0.00631285,0.00306612,0.0244979,0.00425208,0.0975895,0.0833242,0.111064,0.0138313,0.498862,0.655459,0.736369,2.20662,1.17745,0.14991,0.165205,0.838787,4.63601,5.05205,1.33653,0.0572379,0.085983,0.169825
0.00453537,0.0142828,0.0533327,0.112869,0.170661,0.127364,0.0050162,0.378616,0.922034,0.550057,0.847184,2.06909,1.20463,0.351671,0.433991,0.401675,2.4242,3.49225,1.28789,0.0116232,0.112158,0.298581
0.0348506,0.0217936,0.0526916,0.0440893,0.0478862,0.0315268,0.147721,0.475003,0.703353,0.212103,0.441411,0.874594,0.53473,0.0148868,0.142921,0.163207,1.04083,0.896277,0.176823,0.120898,0.00559417,0.609592
0.0199565,0.0182875,0.0503758,0.109072,0.0985394,0.0392916,0.155218,0.885112,1.44742,0.547462,0.375995,0.705378,0.593042,0.160023,0.126692,0.182929,1.70584,1.93231,0.367603,0.0576234,0.141599,0.0864413
0.0153957,0.00481772,0.0500899,0.115344,0.0495262,0.00578355,0.0693044,1.18021,3.02932,1.91206,0.855431,1.7116,1.02046,0.0968231,0.171508,0.0610134,0.440475,0.766812,0.263797,0.150191,0.0247077,0.445341
0.0313727,0.020689,0.0590659,0.0346958,0.0785782,0.175264,0.0435413,1.37802,4.13877,3.0715,0.576526,2.33097,1.37034,0.0495303,0.0120143,0.0796616,0.251479,0.147408,0.121966,0.0511015,0.0207286,0.23308
0.0392478,0.0268627,0.0155245,0.0821216,0.110361,0.0936596,0.0587787,0.902255,2.97658,2.31677,1.29686,2.28749,1.46098,0.190082,0.105168,0.19323,0.546702,0.518808,0.204648,0.0590618,0.0224459,0.131229
0.0128467,0.00512546,0.000824474,0.0774197,0.143808,0.0170321,0.134157,0.540812,1.08692,0.553687,0.823387,2.15812,1.41096,0.00107585,0.124353,0.0214147,0.595656,0.687617,0.00390881,0.0922051,0.0522014,0.103063
0.141125,0.400188,1.2339,3.13397,3.97587,10.1229,3.3813,4.95643,4.18718,0.0183748,3.33359,6.38269,1.15294,7.43129,5.3857,5.27484,6.68314,2.28365,1.90832,2.17052,1.28653,0.476168
0.250554,1.09122,6.66224,9.53375,1.21335,9.03731,4.4674,0.354216,7.36717,8.06004,2.57344,7.88498,3.19782,9.3514,3.63612,0.0967791,6.87842,9.02007,4.17563,1.97871,1.32629,1.94118
0.350326,0.0126058,3.99839,7.51951,7.59065,8.36205,4.07627,0.651987,0.71916,0.915607,4.25205,11.5185,11.2667,5.57036,0.90023,1.02871,9.02903,10.7018,3.00201,0.369158,0.722515,0.428284
0.0531809,0.1971,0.326366,3.84843,5.93924,3.85549,7.34855,2.92358,6.61508,6.02415,4.59836,10.1076,12.2691,7.10448,1.18894,0.607035,1.65573,1.87166,1.59256,1.15286,0.38653,2.58451
0.309942,0.385297,5.31528,2.92559,4.84595,1.63625,2.72557,0.41808,6.54895,5.9073,2.20263,3.69002,4.00055,6.19992,1.14285,2.19002,9.89725,10.6311,3.82551,0.952375,0.085907,1.09664
0.119745,0.573907,5.9467,12.1702,12.5626,14.0192,14.3394,5.40712,1.71202,1.27497,2.40557,2.71409,2.41664,3.59254,0.585368,0.104663,1.34749,2.83314,1.57161,0.436253,0.683699,0.502227
0.168773,0.385313,4.28502,3.7917,6.00232,16.1303,16.0749,7.10161,3.39478,2.52596,1.11547,3.8093,6.97022,4.44759,0.453684,0.253723,2.25774,2.17221,0.859157,0.27734,0.605445,0.188116
0.0281577,0.0716208,0.100748,2.20284,2.43785,2.21736,2.4984,1.5848,4.36986,3.19462,0.996991,1.45024,0.59001,0.111205,0.821609,0.0663844,0.173768,0.757087,0.806663,0.412004,0.234545,1.13874
0.378268,0.31983,3.6048,5.80531,1.41029,6.61996,7.9402,1.72647,1.73147,0.803782,1.0451,1.28378,1.79587,2.7183,0.81048,0.155692,2.05844,2.97825,1.1924,0.103033,0.00609479,0.179775
0.126569,0.612638,4.92161,7.18708,1.5367,3.66283,1.88213,0.1447,0.719521,0.268217,1.01168,2.49824,2.73769,1.27412,0.184909,0.768264,3.48931,3.78104,0.826971,0.0374561,0.283751,0.508804
0.087672,0.360767,3.28851,3.62893,0.34299,0.984818,0.744695,0.415709,0.954923,0.670861,0.591142,1.08374,0.642033,0.301725,0.0392924,0.189603,0.625651,0.697398,0.253901,0.254089,0.14158,0.0694988
0.0434875,0.344461,1.48999,1.07907,2.40931,5.85092,5.1056,0.881375,1.37342,0.768012,0.222816,0.216264,0.425837,0.48333,0.0134668,0.798025,3.7568,3.99945,1.04716,0.0224507,0.0478836,0.366904
0.237557,0.543478,3.88924,5.38341,2.72759,1.64549,2.0835,0.922461,0.233972,0.16005,0.0416179,0.0191858,0.0485464,0.0479012,0.0370035,0.355351,0.0501203,0.796077,0.372587,0.2067,0.013764,0.559552
0.182517,0.170494,2.2715,2.49348,0.0123749,0.221216,0.6922,0.123158,0.474222,0.430513,0.102625,0.461209,0.550209,0.232872,0.0409505,0.220446,0.386786,0.0792424,0.293902,0.0287854,0.0998416,0.105694
0.0162641,0.400155,1.3443,0.888521,0.640644,0.907773,0.379363,0.0163936,0.0560575,0.0910639,0.174332,0.345321,0.272914,0.0528857,0.0807629,0.233571,1.21438,1.20892,0.195744,0.0184433,0.0558604,0.344937
0.013384,0.325019,1.55823,1.74343,0.605745,0.405214,0.444276,0.0661058,0.797205,0.823979,0.108827,0.31832,0.260217,0.0753578,0.0759709,0.0816982,0.25622,0.505269,0.261266,0.000398425,0.0989918,0.387815
0.0572017,0.0022948,0.142053,0.382102,0.179113,0.0224596,0.0515589,0.0395175,0.222529,0.199997,0.143141,0.219702,0.0409531,0.0699981,0.0128238,0.52324,2.25799,2.23504,0.423354,0.00783284,0.0667325,0.260187
0.0410099,0.0918723,0.485009,0.4542,0.041153,0.0226103,0.0831507,0.375421,1.04613,0.612785,0.27816,0.533252,0.189361,0.0941415,0.00487011,0.0288265,0.21936,0.205166,0.064742,0.113557,0.0310794,0.313144
0.00827795,0.00351485,0.124045,0.194754,0.0345908,0.0320501,0.0217471,0.671653,2.04657,1.51674,0.267516,0.86312,0.513828,0.0198922,0.0318812,0.42468,2.3491,2.48803,0.63801,0.0181789,0.0408919,0.406475
0.0109169,0.0191513,0.0572856,0.00199073,0.0909075,0.00838856,0.0393212,0.271997,1.12291,1.08506,0.561871,0.73513,0.380218,0.0729883,0.0195036,0.131636,0.125593,0.351078,0.162376,0.131967,0.141431,0.169316
0.0156076,0.0114876,0.0230411,0.0774647,0.0793556,0.0209249,0.130639,0.575106,1.85993,1.25901,0.413051,0.684174,0.276186,0.105215,0.0914546,0.152468,1.35046,1.62907,0.377305,0.178098,0.00491322,0.406357
0.021597,0.0185993,0.0125921,0.0421473,0.0780755,0.0448574,0.198855,1.13601,4.06004,3.16732,0.0638418,1.02414,0.712738,0.338036,0.106391,0.172188,1.45496,1.99548,0.587447,0.058594,0.0707209,0.375913
0.00157527,0.0031859,0.0166061,0.0711345,0.111897,0.0166191,0.187066,0.479997,2.26501,1.96533,0.539338,0.549018,0.241955,0.184173,0.144743,0.0235284,0.704778,1.04748,0.359771,0.0485991,0.141245,0.0109242
0.0271532,0.0129641,0.0181958,0.0123633,0.127439,0.0777213,0.0914304,0.931397,2.72828,1.85604,0.203551,0.158094,0.00955611,0.17315,0.0374675,7.02851e-05,0.221783,0.404998,0.191896,0.0195654,0.0785441,0.320653
0.0100027,0.00646458,0.0328208,0.0972989,0.209142,0.101563,0.305265,1.95835,6.65733,4.99009,0.433978,0.0630695,0.21476,0.023093,0.0480118,0.126516,1.00937,1.46612,0.552767,0.0487918,0.00525464,0.362015
0.000823814,0.0112757,0.017688,0.010748,0.101882,0.0246461,0.163282,1.43174,5.11065,4.07275,0.497755,0.141524,0.0224639,0.0411375,0.15573,0.0713492,1.19163,1.69454,0.625043,0.0903194,0.111763,0.464887
0.0163282,0.0179126,0.0115719,0.0297552,0.0469792,0.0580321,0.00635544,0.637807,1.78456,1.27711,0.594365,0.850436,0.296799,0.212208,0.0475383,0.0691045,0.501675,1.033,0.399798,0.00430636,0.0488809,0.741763
0.00375908,0.0176312,0.0133117,0.049811,0.00851189,0.132462,0.209461,2.41248,7.90279,6.02728,0.0220516,1.74689,1.026,0.108318,0.0602694,0.0632389,0.540646,0.796377,0.298877,0.0430092,0.0949371,0.0415065
0.0153355,0.0730702,0.434056,1.02466,0.735149,2.20793,1.55615,4.01373,10.6457,5.28758,0.749291,3.49665,1.28807,2.01567,0.583908,1.9015,0.65235,2.05586,0.174876,0.676786,0.355447,1.39121
0.151414,0.0478279,0.691277,1.54024,8.45412,9.80124,1.77986,1.51907,2.73602,1.53277,3.67081,1.86259,2.96773,2.95407,0.430273,0.140574,3.58386,4.49207,2.01357,2.01099,2.78258,2.52799
0.00710166,1.03044,2.2617,3.23546,1.42722,10.9713,9.91148,8.17472,14.8933,10.1624,1.04412,3.16911,10.8681,10.0642,3.13207,2.74266,5.85038,5.46119,0.804099,0.684832,1.99359,0.125279
0.295508,1.66471,5.78973,7.7425,13.8089,14.8874,4.04877,7.95885,19.0228,12.0769,1.4934,2.89127,2.785,0.992111,1.6312,3.17986,7.45625,7.63968,1.20836,2.12989,1.91174,0.00274209
0.0148182,0.246119,0.815259,3.04814,0.0970777,6.78007,2.74507,1.28188,8.61559,4.24949,2.63713,1.84447,7.30288,5.48087,0.00934113,1.56274,0.459172,0.635892,0.584007,0.0174518,0.236682,0.435577
0.2839,1.16079,5.57578,3.07477,8.03363,11.4109,5.71849,2.21049,4.6148,6.42716,4.89714,1.50808,3.38926,3.30581,0.641036,0.163582,3.05098,3.76457,0.508367,1.01126,0.60865,0.102312
0.178664,0.362242,1.82456,0.0368622,0.975974,0.805981,0.988771,6.07248,13.144,10.8918,2.29856,0.778059,0.239854,0.783108,0.251854,0.131225,1.37444,3.03924,1.2124,0.0968181,0.182366,0.322487
0.311852,0.970801,4.25035,4.99281,2.01654,1.80034,3.16067,6.19254,11.2774,6.96061,0.222411,0.0784202,1.63405,1.81261,0.671151,0.19733,2.18462,3.31781,1.21994,0.20749,0.242174,0.143171
0.21351,0.996614,3.59534,4.14737,4.36428,5.2932,3.57104,2.42691,2.79843,0.361288,1.32635,0.406665,1.0202,0.284639,0.0357347,0.458435,1.87169,1.76566,0.15731,0.0462844,0.343856,0.0880776
0.165735,0.403194,1.64304,1.60106,2.76993,3.40234,0.147945,0.770857,5.12649,5.28321,2.69262,1.28872,0.646884,0.386272,0.0291368,0.0081622,1.70431,2.35183,0.846667,0.303206,0.541949,0.289773
0.253381,1.08533,3.79418,2.69378,1.67723,2.92361,1.72505,1.6248,6.27572,5.19138,1.15401,0.109613,0.0494513,0.0249233,0.0105703,0.307851,3.25147,4.40847,1.43382,0.224476,0.20388,0.102977
0.00100381,0.588929,1.43159,0.603986,0.0548154,0.548661,0.137081,1.03508,3.1432,2.4374,1.41634,1.47384,0.530586,0.0740071,0.0685112,0.0039044,1.64564,2.74527,1.06626,0.0748406,0.111444,0.335862
0.158404,0.23897,1.33486,1.36781,0.306847,0.341783,0.5763,0.930063,2.31605,1.84742,0.779459,1.45475,0.849815,0.131473,0.0597454,0.0123899,0.452189,1.22679,0.703358,0.147847,0.18835,0.153771
0.0999598,0.528716,1.79144,1.53213,0.0147529,0.283116,0.0450129,1.51349,4.41107,3.17389,1.06126,2.69027,1.27163,0.19461,0.193558,0.397543,1.03875,0.640276,0.106728,0.0979113,0.0695249,0.17027
0.0201982,0.230709,0.525131,0.0213931,0.480323,0.172899,0.227197,0.660305,2.66583,1.63882,0.555122,2.18194,1.83596,0.284889,0.149795,0.0109055,1.91601,2.90118,1.20221,0.352313,0.449579,0.368117
0.113176,0.019701,0.363627,0.866723,1.03294,0.91667,0.823491,0.48572,0.534218,0.876241,1.04432,1.11902,0.550679,0.0810761,0.0227873,0.817482,4.11322,4.42838,0.960584,0.416006,0.335788,0.419668
0.0607665,0.0671256,0.277336,0.453691,0.38061,0.191996,0.22106,0.703394,2.05319,2.24012,1.22573,0.929633,0.49366,0.00559041,0.00581669,0.111777,0.322459,0.188671,0.0482653,0.378903,0.636752,0.366128
0.00270075,0.00724651,0.0493386,0.252246,0.119896,0.180883,0.0845534,0.20612,0.998452,1.27322,0.294585,1.39193,1.04174,0.0365185,0.0921014,0.665684,3.65194,3.99782,1.04274,0.285757,0.549667,0.198276
0.0374259,0.0106638,0.103458,0.668494,1.28615,1.46146,1.35954,0.815047,1.21906,1.2251,1.39405,3.42786,2.25099,0.403141,0.037993,0.398757,1.72861,1.93353,0.5892,0.0993482,0.388307,0.0889851
0.0107853,0.014324,0.118284,0.576515,1.19941,0.832741,1.21386,1.45666,1.25147,0.236358,0.153506,1.92993,2.07198,0.406709,0.314697,0.0120349,1.86715,2.19221,0.47485,0.293656,0.34638,0.346023
0.0584958,0.0166539,0.0128175,0.494809,1.38439,1.2424,0.698598,0.0855373,1.14959,1.51706,1.15454,0.474714,0.479693,0.446062,0.148863,0.185486,2.50616,3.45813,1.44546,0.760831,0.801405,0.422638
0.0140967,0.0787761,0.2047,0.161915,0.103919,0.659978,1.50388,2.07804,3.58829,3.29181,1.59788,1.54767,1.43707,0.618878,0.22284,0.0527684,1.21427,1.77593,0.899471,0.222108,0.0827874,0.18521
0.0595182,0.0516699,0.0160094,0.519293,0.410462,0.284743,1.72285,1.96296,1.57058,2.31342,1.15436,1.46414,1.16957,0.273638,0.24388,0.0624156,0.752135,0.849402,0.0820308,0.293022,0.0732575,0.00356157
0.00271801,0.0875147,0.270473,0.977452,1.90868,1.91178,1.67963,0.578102,3.85195,2.07217,1.70619,2.22736,0.588338,0.427294,0.162212,0.223322,1.97266,3.04579,1.26842,0.239586,0.550289,0.373496
0.0294668,0.0144471,0.111509,0.838434,1.44006,0.102986,0.784902,2.40429,6.04447,4.33174,0.413562,0.505918,0.6289,0.390523,0.562343,0.671879,2.71114,3.59631,1.11744,0.210773,0.619146,0.0864438
0.0104888,0.0402064,0.327954,0.0976104,1.84809,1.24217,1.45479,1.67788,1.61125,1.75554,0.370064,0.479837,0.68793,0.523984,0.107028,0.177281,1.97479,2.77173,1.25109,0.402425,0.903481,0.446094
0.0727573,0.0860556,0.0227725,0.0138197,0.124772,0.977659,2.56255,0.127004,4.84507,3.14351,0.719928,0.826412,0.907044,1.17437,0.611886,0.253044,0.355457,0.896379,0.396964,0.556275,0.685846,0.0762496
0.00667767,0.103989,0.287192,0.176929,0.154622,0.774192,0.248255,0.788446,5.65762,3.67597,1.62499,1.30538,0.310347,0.360556,0.0426432,0.319499,3.14881,4.52114,1.67714,0.106217,0.382125,0.186647
0.0717889,0.0265099,0.214877,0.539729,1.833,2.70318,0.694768,3.32661,0.386931,2.48557,0.954886,0.345234,0.138752,1.28769,1.34837,0.0429244,3.53549,5.52422,0.939368,1.08209,0.228288,0.30426
0.0603359,0.280676,1.29972,1.20167,2.31884,6.26517,5.64835,0.30242,3.6585,1.89783,1.27572,1.05808,4.24024,2.9866,1.10564,1.1772,2.94497,3.60123,0.400804,1.60481,1.50356,0.616712
0.198334,0.413051,2.30757,2.97819,3.13283,7.7942,2.27417,1.07208,0.453618,0.0849714,1.2113,1.70537,1.57472,0.726304,0.27871,1.95783,5.051,4.76935,1.19361,0.365554,0.624389,0.48762
0.0262712,0.306272,1.1756,0.51119,7.99552,11.5042,4.86157,1.81688,5.30861,3.90234,0.722841,0.3358,3.62762,3.78042,0.680354,0.640218,4.54416,5.26046,1.3315,0.145069,0.635697,0.296768
0.263134,0.844517,3.53982,1.64572,2.28354,7.79858,5.44337,1.48732,6.86595,3.98157,1.70352,0.00778115,2.77193,2.32832,1.35455,1.77491,1.94807,0.846127,0.0472788,0.112239,0.0568285,0.253026
0.0307134,0.0617157,0.562557,1.77154,9.73637,11.3134,2.58002,0.109105,2.91484,0.562873,3.5352,2.11024,2.82676,2.78666,1.0339,1.39441,2.54779,2.41451,1.19256,0.595194,0.0201506,0.528592
0.272916,0.806051,3.33409,4.91419,1.36969,4.08352,2.54678,0.0300579,2.41246,4.41775,3.84971,2.5104,3.22177,2.86099,0.0643405,0.961677,0.162949,1.00422,0.321589,0.941316,0.793031,0.354289
0.106625,0.549899,1.91196,3.25247,6.18208,7.85856,4.96359,0.618302,5.036,4.84184,2.16128,1.16396,3.47115,2.43498,0.214337,0.847842,1.22232,2.14538,0.656242,0.351451,1.31132,1.07507
0.311582,0.377756,2.39822,1.06952,1.67948,1.89649,3.81491,2.95642,0.194235,0.00411073,1.46673,1.5697,1.74935,2.40837,0.674317,0.595172,0.371158,0.293952,0.876123,1.25636,0.61022,0.615513
0.164703,0.805175,3.00173,2.16481,0.824013,3.04018,5.28884,4.91521,3.51646,2.32505,1.11072,1.05782,0.291154,1.2813,0.549556,0.54454,1.61394,1.9173,0.461254,1.24103,2.25047,1.79016
0.126989,0.0986993,0.269462,0.483088,0.756187,1.6782,0.296991,0.275285,1.63895,0.626231,1.00761,0.00721506,1.9875,1.75839,0.340575,0.341942,1.3755,1.45052,0.620792,0.582948,0.524736,0.819622
0.0305696,0.614486,2.6822,2.08924,0.375744,0.761705,2.37827,4.38204,4.80878,1.62524,1.61868,0.163412,0.0608433,0.76688,0.108588,0.288999,0.502685,1.0561,1.93658,3.19115,3.29349,1.5954
0.154155,0.481907,1.51154,0.00224988,3.96221,6.14181,6.30514,3.21134,0.613424,0.484152,2.62362,2.01768,0.376574,0.055122,0.256512,0.141016,1.65679,2.21798,0.975496,0.120016,0.10784,0.683451
0.0323236,0.21945,0.762825,2.40731,2.53014,1.35219,3.29247,0.615899,5.36472,5.3753,2.65819,0.7774,3.37995,2.64869,0.840593,0.108588,1.03953,1.29621,0.213323,0.474902,0.513353,1.195
0.131187,0.136533,0.925842,2.41874,5.00891,5.01,2.49877,0.0899951,4.7602,6.62669,4.64634,3.19205,2.48156,1.87901,0.750237,0.16904,0.451506,0.683029,1.08024,1.01422,0.405702,0.872142
0.032295,0.0328726,0.129559,0.230387,0.794529,4.1338,5.13667,1.59606,0.83203,1.55189,2.86993,1.0823,1.82578,2.47318,0.758208,0.201778,1.35117,1.30728,0.466612,1.52754,1.47172,0.151255
0.177033,0.0807997,0.181729,1.24338,0.867981,0.440656,4.92331,3.74111,5.17673,4.21935,2.13723,0.692196,2.87378,2.55597,0.622723,0.0680449,0.512286,0.796915,0.349799,1.22279,2.27503,1.015
0.0191353,0.0707367,0.523995,1.75735,6.40535,6.96992,5.48586,1.76526,4.35987,2.15163,3.62004,2.25574,1.96097,2.86707,0.921218,0.108757,1.38906,2.30013,2.1387,2.89416,3.0204,1.74283
0.023948,0.0369998,0.387852,2.26066,4.5719,0.896059,2.23713,2.15326,0.279368,2.90523,3.41317,1.93352,3.22535,3.37774,0.225631,0.728123,1.27452,2.66546,1.7319,0.738359,0.613039,0.992942
0.120517,0.118789,0.550293,2.226,5.40269,3.26528,3.62437,1.71873,5.81891,6.0939,2.52305,1.00006,2.11999,2.53263,1.16581,1.00174,1.09558,0.777003,0.746317,1.47689,0.8221,0.563459
0.0750029,0.128103,0.714847,0.758901,0.245139,3.27962,5.91111,0.425757,6.84052,5.18826,1.20663,1.43335,4.80781,4.23654,1.38642,1.1315,3.1976,4.45428,3.16602,1.70008,0.76524,2.17289
0.219367,0.0297113,0.528677,2.07536,1.8543,0.0723512,1.30311,2.00728,1.00513,0.627514,0.150401,0.283703,2.49683,2.24633,0.452275,1.82055,3.45983,4.4682,3.81875,3.21635,0.802365,1.6723
0.0180808,0.168399,0.752087,3.01277,6.28297,4.23833,0.79905,1.84311,7.19486,4.94737,0.91538,0.678587,3.83211,4.32254,0.618709,1.03597,0.152597,0.846863,0.917974,1.67306,1.22672,2.31735
0.265786,0.0680725,0.54701,1.58513,4.68423,0.134822,6.75618,3.92433,3.1773,3.74094,1.46867,0.475887,0.975843,1.2567,1.20293,1.02324,2.86083,5.30261,1.928,1.04866,0.133626,1.45724
0.115581,0.131335,1.12261,0.241652,4.58435,2.43376,4.89512,5.46113,1.76389,0.423359,0.900991,1.2391,4.4968,4.68574,1.544,0.441897,2.38755,4.10086,2.69691,2.12173,2.01623,1.90372
0.0848036,0.122194,0.293669,0.649766,1.41482,0.220551,0.679409,0.465726,2.65319,1.51424,2.1478,1.78676,0.384775,0.0647651,0.0876636,0.455068,1.35358,1.71232,0.895271,2.7092,1.27586,0.666891
0.125141,0.222781,1.02092,0.650696,0.157816,2.47934,5.69125,2.78496,4.28065,2.64198,2.8769,0.672182,4.59669,4.52167,0.787553,0.815023,3.51543,4.96795,0.995647,1.84975,1.65073,0.55059
0.0703416,0.10946,0.102578,1.17919,3.87936,0.672857,6.33895,3.40452,2.26971,0.341061,3.43089,2.60209,2.64009,2.3826,0.755957,0.148286,2.50311,3.27058,0.382975,0.106658,1.32002,0.404986
0.0712207,0.318554,1.06044,2.55082,4.88861,1.7808,4.57829,4.17644,4.0572,6.5412,4.67349,2.33227,4.1525,4.6324,2.80561,0.00247204,2.94709,0.0885428,0.123952,4.43503,2.30698,1.2203
0.0568049,0.328895,0.717951,0.510292,3.70518,1.51175,3.42607,1.86712,2.36887,6.17224,5.32355,0.310289,4.19715,4.2867,1.87709,2.97818,7.36729,10.4108,5.776,0.00733874,0.844941,3.09515
0.310199,0.59542,1.9513,0.750047,1.74433,0.880304,1.4406,3.9739,7.37041,2.55522,4.90474,3.65688,0.102908,0.363281,0.775676,2.11035,10.3083,14.2276,6.20825,2.88497,3.66222,2.37437
0.0420717,0.852783,3.27226,2.17409,3.01126,1.6595,4.77414,8.63604,11.2588,5.92959,1.21381,2.47789,7.77261,7.86832,1.91795,0.0106142,5.8156,9.64779,4.80958,0.6513,0.306665,1.67217
0.0694444,0.721556,2.13558,3.32753,2.87531,1.68924,4.95361,2.0373,1.23083,2.33182,0.0153268,2.54892,4.81809,3.97554,0.612846,2.31158,0.854339,0.35476,1.28146,2.23343,3.27168,3.41802
0.0568171,1.06277,3.73161,5.79116,9.35641,9.69344,3.54855,4.83805,12.5649,9.27151,1.73618,1.95206,9.17515,9.13588,0.679879,3.24856,7.46402,9.37715,3.42367,0.22584,0.221521,1.71661
0.709309,0.238345,1.20522,1.22583,1.67314,1.20684,2.55126,7.19735,11.5132,8.74348,1.10005,2.24117,6.43765,5.99835,2.76306,3.82153,10.6571,12.7134,5.39015,1.09478,1.60086,2.60684
0.419859,0.893867,4.60499,1.8425,9.18935,13.9772,9.76531,3.22391,0.275135,1.05105,1.82262,2.45891,6.56218,6.80195,2.83288,2.82761,6.2436,6.38227,3.66679,3.77088,1.91411,1.81497
0.0869268,0.271835,0.204869,0.324121,4.63345,8.90282,1.79461,0.162769,8.36711,5.8674,0.898816,1.47041,3.93977,4.12967,0.326577,0.437003,3.80956,5.63835,0.73613,0.283281,3.15618,2.9345
0.370879,1.00174,4.60683,2.77001,1.82395,4.05533,0.0241756,3.21251,6.40842,4.92007,1.34695,1.14595,3.12516,4.25206,0.51836,0.352455,10.1226,13.8253,3.97324,2.29322,1.86288,0.382016
0.0176677,0.556148,2.2931,2.32836,12.514,15.4283,13.5849,9.49255,3.3362,0.364764,0.341048,0.690715,0.551081,0.187775,0.381494,0.489309,9.42502,13.6254,5.01934,0.786358,1.27272,0.582337
0.656862,0.803846,3.41641,8.33418,9.89018,5.60909,8.46801,7.53046,2.37392,3.44802,0.553073,0.657109,5.12814,5.11048,1.27492,0.174016,3.43853,6.3135,3.81912,1.83782,0.582669,0.163506
0.380179,1.19891,4.47827,9.25582,13.5079,10.907,5.16735,0.583399,3.8605,0.562724,4.14318,3.12852,2.87386,2.25151,0.216297,0.26744,2.79499,1.96513,1.98201,2.16597,0.328424,1.5962
0.336612,0.156413,0.59398,3.32803,8.1553,1.45804,6.33853,4.13835,0.709188,4.99951,5.71258,3.30547,5.91758,5.84402,1.31863,0.115892,3.65119,5.00205,0.388665,2.67028,0.308844,1.3679
0.270721,1.13831,4.47734,3.09576,3.5483,0.953054,8.2126,3.83588,3.74997,4.27824,5.06883,1.57882,3.27902,3.24515,1.69646,0.835118,2.70605,4.54595,1.31818,0.24471,2.28949,2.47108
0.231927,0.911393,2.24342,3.56905,5.15349,8.17865,10.6122,5.18002,2.15108,4.66283,5.81812,1.836,5.67677,5.87543,0.0255061,2.21377,0.553251,1.53692,2.4046,0.890396,0.377974,2.22638
0.274665,0.376455,2.26387,1.00212,4.93234,1.47334,2.08673,5.32839,2.40303,3.14287,4.85266,3.3074,5.24709,4.76752,0.291698,2.43601,2.49595,1.70057,1.78211,4.29139,4.41709,3.85542
0.0144662,0.682731,2.70177,0.563047,9.4457,7.4757,3.04747,3.57126,1.73596,0.869905,4.67261,5.10208,9.98519,9.86161,3.88068,2.3411,2.05897,1.18742,1.85391,3.90264,3.22187,2.34306
0.194713,0.0865514,0.383444,2.33351,4.19046,2.52848,12.0133,9.30968,0.920018,1.2925,3.95719,0.207085,6.68709,5.75208,1.73739,1.18455,0.675603,2.20757,1.28385,0.341373,0.258883,1.57958
0.126605,0.5058,1.70268,2.34545,5.60337,3.53021,5.66933,4.6372,0.247306,3.52685,6.57327,1.40553,9.13656,9.54706,1.17767,1.10803,3.21111,4.91402,0.726092,1.27401,1.10723,2.12625
0.177187,0.231308,0.525674,1.18079,2.99329,4.90643,2.73784,0.55875,4.04941,7.0542,5.44402,3.05972,4.91189,5.13047,0.287603,1.85899,0.556635,0.341561,2.2716,4.1068,1.8921,0.187438
0.173894,0.331126,1.43173,2.9308,2.87068,2.85084,7.54643,1.32861,6.20478,6.49639,3.72612,2.95472,7.96173,8.0754,1.82981,0.554584,3.30447,3.99054,2.67816,2.47857,1.1921,0.0276005
0.0426919,0.00110017,0.714987,1.20751,8.48306,5.18184,6.99428,6.78122,3.29059,1.13915,3.14153,1.71754,3.24875,4.26725,1.47203,0.85578,3.94722,5.29309,2.98927,1.63157,1.3669,0.645497
0.0439994,0.283431,1.78061,0.603863,5.04397,1.19174,9.48432,11.1979,13.494,8.42999,0.76699,0.921601,7.26574,6.49483,1.59276,0.070147,0.0636283,0.0213511,0.218059,0.383022,0.97892,2.85529
0.169167,0.083829,0.214694,2.9227,8.98648,8.1948,1.18686,1.60137,0.547177,1.73003,2.64362,2.31993,3.89256,3.53866,1.05604,1.37388,4.84074,6.28578,3.2331,1.30592,0.695303,2.74782
0.113562,0.415683,1.58183,3.4891,2.02722,0.473269,6.10085,11.6497,13.8972,10.2942,2.74789,1.1941,4.62378,4.56284,0.141649,1.78293,4.70002,7.39532,4.48953,0.944314,2.01143,2.72717
0.0351787,0.101526,0.122506,0.65072,1.71735,6.47099,11.6039,8.61833,5.62674,3.92143,0.696435,0.394421,2.75428,2.97227,0.849169,2.92728,4.52038,4.43921,2.49602,2.98541,1.38665,1.73031
0.0771295,0.535297,1.53781,3.00692,7.14789,4.23401,5.08917,1.11068,6.88967,4.8562,1.07126,0.0681148,1.26128,1.22869,0.921999,1.62235,0.552501,0.355847,1.60515,0.820289,1.72702,2.07771
0.0507628,0.0279652,0.26784,3.90185,7.84484,3.52208,0.0250061,1.60903,7.66597,9.76646,4.55976,2.36659,0.241918,4.11691,1.79151,1.57303,3.52347,0.550604,0.154153,2.30419,0.481151,0.592844
0.0107074,0.167257,0.0276128,3.48398,12.8124,16.5377,9.38908,2.14133,9.34086,3.79614,4.45038,5.16042,8.30785,8.70506,0.360711,5.6045,13.9125,19.6093,10.6266,1.20178,0.334508,0.587089
0.334726,0.655825,0.101239,2.03656,5.31015,9.62594,5.6569,8.74374,6.10882,1.44209,10.6607,7.04939,3.44754,3.39315,0.736351,2.87312,19.3286,24.8195,11.3838,4.26042,0.0672178,1.86033
0.535836,1.04895,4.61986,4.56262,3.39848,13.8841,16.4973,9.10469,2.8245,7.76287,12.9996,3.72035,9.10169,8.63017,0.561498,1.32913,6.30676,10.7998,7.34823,5.3876,1.23777,2.77461
0.497408,0.173562,1.52883,3.7988,10.3151,9.56802,0.159673,2.32327,5.99859,12.6791,11.4967,1.32303,7.62208,6.89944,3.49327,3.53468,6.58227,5.72207,1.66243,0.631036,1.53251,2.32811
0.383234,0.7388,3.73347,0.171663,3.83343,0.494861,0.783808,0.529276,8.85839,11.9916,11.1052,8.52405,8.78275,6.61637,1.40389,2.60754,10.7146,12.1606,6.35397,6.44842,6.99289,4.29347
0.124676,0.663294,2.87039,0.663364,7.21436,8.42327,8.73517,1.73429,7.31045,8.99629,6.44818,2.16485,6.44033,7.64226,1.01217,1.11157,5.5534,9.17509,7.02571,2.01287,2.14616,0.323407
0.216474,0.70854,2.83944,4.5081,5.46075,6.65291,7.76927,7.68001,6.89948,2.23703,4.25389,3.41552,2.12719,2.59497,0.10939,0.668434,0.996837,3.80996,3.55457,5.3398,6.67097,3.31626
0.352578,0.777279,3.29586,2.09932,3.57332,4.65253,0.290625,9.34034,17.0669,10.2223,0.654622,1.45847,9.81415,8.11951,0.552102,2.3531,0.416832,0.684523,0.644637,3.73403,3.24334,0.25339
0.157937,0.266452,1.59639,4.25175,0.844203,4.46649,2.33579,2.79732,9.09913,8.51355,1.10663,1.19834,1.38839,0.45648,1.78553,2.99588,4.76726,5.41164,4.69565,3.91811,1.42649,0.108097
0.361415,1.07756,4.0873,8.86971,16.6391,18.4713,13.357,7.98404,2.53208,0.0854605,0.79615,4.17448,8.2586,5.41931,0.601653,1.55901,5.0313,6.2474,4.12789,1.61024,0.712268,0.775206
0.426277,0.00806631,0.618345,5.25655,4.28275,2.49175,0.823281,4.92598,9.69394,10.1496,0.643631,2.97804,0.601949,1.97513,0.651711,1.25051,1.15182,1.42756,0.67799,2.34255,3.70926,1.18869
0.0249092,1.01408,4.10336,1.02894,14.6991,14.5628,2.49672,0.0922784,6.94534,6.96535,2.59224,2.47349,2.20131,5.55624,1.83639,0.310457,1.65157,2.87287,2.16592,4.05531,4.5708,1.18647
0.254966,0.801962,4.10061,0.480021,6.65853,1.47441,9.24238,3.55668,3.54785,5.17227,1.29081,1.79519,4.06039,2.85301,1.57238,1.46038,1.51368,2.66625,0.614274,0.533263,1.41882,0.690238
0.403518,0.0917207,1.46365,4.48477,9.16985,3.12128,9.35158,10.036,9.7018,8.84312,1.87882,0.413999,0.78567,2.71195,1.70174,0.0475543,0.841185,2.49191,3.03132,2.49773,1.70053,0.0654704
0.567537,0.575509,3.38764,5.62582,3.80028,4.29899,11.6045,9.24069,2.26791,1.24415,4.76952,5.63714,3.74512,1.22037,1.12335,1.34089,1.00107,1.95741,1.33372,2.60184,3.96419,2.49783
0.269344,0.0451726,0.795399,1.41641,2.72537,2.55935,0.866651,1.39128,8.76789,5.90661,0.752275,0.0256772,0.407225,1.88669,1.29097,1.00815,1.04601,2.42375,0.647147,0.688617,0.150975,0.830855
0.0993202,0.388158,1.62394,3.88537,8.23793,6.50276,2.14338,4.25138,0.591793,2.69589,4.24669,1.49135,2.2227,1.51091,0.411696,0.0456193,0.286032,0.582902,0.373618,0.427988,0.00652529,0.671022
0.283442,0.0152668,0.333951,4.30465,7.76037,0.8663,8.99856,1.55319,9.37952,10.647,6.57208,2.33046,1.74643,2.01501,0.209748,0.562537,2.18043,2.68732,1.01432,0.390532,0.659382,0.48991
0.0430524,0.215505,0.909429,4.24107,12.8858,6.54261,6.11956,5.98707,3.39509,0.507275,3.26909,0.888904,0.339104,1.09909,0.369915,0.433886,1.13182,2.03162,0.3954,0.429715,2.26693,1.08623
0.0524815,0.0411629,0.0611495,4.162,8.30489,1.64419,5.40738,7.05008,9.69744,4.77959,3.86336,5.42041,4.97747,2.42591,0.335013,0.0560822,0.570568,2.0015,4.10117,5.26811,2.80022,0.00130896
0.0566843,0.251454,0.84214,3.4112,6.01167,3.36615,0.292885,0.829868,1.22239,3.37165,5.32094,2.94144,0.0358487,1.42645,1.50487,0.313401,2.63888,4.05631,3.87488,5.91459,4.0332,0.366883
0.154902,0.107352,0.25854,0.0371423,1.22722,2.71024,4.20017,6.30461,8.43516,7.57502,3.8394,0.603356,1.98188,0.190378,0.886598,0.481639,2.23621,3.60149,2.29345,0.686529,1.42726,1.57266
0.264262,0.356367,1.01595,2.85225,5.13391,1.9533,3.32836,2.79631,4.3754,7.27937,6.79338,5.53267,2.61368,1.32297,1.14821,0.0510034,0.888988,2.01311,0.498025,0.109857,0.74345,0.377047
0.1286,0.0493935,0.123616,2.41854,4.13701,1.37039,5.88961,1.19191,6.50909,4.168,1.13908,1.74184,1.80902,1.47447,1.7597,1.40134,0.221742,1.19249,0.0265937,1.3381,0.725639,0.0663472
0.0461553,0.0717262,0.626457,1.80593,6.84297,5.32056,1.33724,1.41356,5.1991,4.53088,3.53888,5.21959,1.15844,1.08393,1.16551,1.23021,0.423295,0.627471,0.573771,2.39775,1.528,0.493117
0.162483,0.0776183,0.0744624,0.988318,2.32339,0.0520655,0.476359,0.292701,3.97101,6.4877,2.20676,3.7586,5.47065,3.8768,2.22258,1.13743,1.94754,3.53166,4.43304,6.30372,6.03693,2.82606
0.276919,0.141509,0.499299,1.18989,4.47785,5.60096,3.61758,1.39959,3.14575,5.19302,3.25559,1.44966,0.0361274,0.712534,0.0260784,1.24156,3.75214,5.08393,4.0591,1.70752,0.675955,0.189456
0.18704,0.14899,0.102516,1.25726,1.69284,0.0860565,0.06372,0.593524,1.35119,1.49403,0.927352,3.57174,5.28027,4.60466,1.44796,0.707854,2.4177,3.66921,0.0582367,1.0197,1.70709,1.11393
0.0194572,0.0162701,1.2232,0.211739,1.893,3.92862,6.32082,3.25701,4.33422,6.0533,2.24443,0.716974,6.65668,7.85405,4.70136,2.90984,6.7146,11.1967,5.3949,0.180714,1.58078,2.07178
0.115132,0.632559,3.41222,7.6199,13.7038,11.1784,1.03568,3.89522,0.923186,0.230229,0.229594,3.16596,5.57753,3.20343,1.4862,0.475293,8.85467,13.506,7.01604,3.33628,1.65419,0.152751
0.132354,0.119436,0.585019,2.32725,2.04897,11.2611,11.4002,2.35522,4.75744,6.95092,5.86496,6.03402,10.536,8.5739,3.12152,3.35927,2.25249,2.82656,5.16446,1.58872,0.326516,1.08974
0.0954287,1.07157,5.00295,6.13136,1.45586,5.55354,1.05899,0.423772,6.50275,8.02052,7.57737,7.66402,10.1475,6.55201,0.726371,2.71489,5.33915,6.08471,2.91375,1.00324,0.0638943,1.08642
0.0197493,0.252865,1.20387,3.25814,8.07479,9.76722,5.79812,0.597133,5.91961,10.1257,9.61884,4.83447,0.932107,2.72358,1.4573,0.209473,2.18574,4.94355,4.50282,0.548891,5.19914,3.75925
0.155544,1.20476,5.0577,3.239,0.628293,2.19405,3.6249,2.6739,1.41518,4.22965,5.58496,3.12134,8.00132,3.95768,0.37421,1.45262,1.61528,1.76338,1.09668,2.61204,4.63027,0.695128
0.0947737,1.05644,3.8515,1.87298,4.4448,3.40655,2.13693,0.848972,4.71253,1.19082,8.31691,7.80791,1.40251,0.141878,0.541398,1.11177,3.27269,2.99821,3.26707,7.36173,7.33837,2.80738
0.270072,0.806753,3.3211,5.0283,5.85054,2.29021,3.16741,0.927941,3.48717,0.217029,2.46311,1.59512,1.3996,0.673146,0.719632,1.10864,2.06984,2.24682,0.218177,0.527227,2.1037,0.171337
0.2398,1.29349,5.26145,6.29851,2.3892,2.30182,3.83502,2.12053,1.95092,4.61597,6.47897,3.45905,0.537335,1.11681,0.657424,0.27005,3.64007,5.05303,2.64795,1.96751,0.024112,2.06043
0.293402,0.0445556,0.278811,0.770976,2.43474,1.7138,0.319029,0.604812,2.32454,0.267298,2.43753,1.35463,0.376869,0.00785439,0.3003,1.2367,5.28944,5.97666,1.52577,3.30414,4.15744,1.69315
0.350029,1.28038,5.01261,4.62982,1.59495,1.25217,0.663479,1.91836,4.58897,1.30971,4.22091,3.95792,1.83634,0.45915,0.286769,0.951052,1.15158,2.92713,3.83943,3.91016,0.931501,0.247855
0.0965928,0.945962,2.73146,3.26342,1.97354,0.800843,1.12405,2.4254,3.61301,4.1048,1.64433,1.35631,0.325712,0.0949432,2.12796,0.00121983,7.20032,7.71179,3.41761,3.21623,2.31592,0.728041
0.181195,0.431305,2.01381,0.741622,1.94366,2.01773,1.63841,2.60886,5.07802,4.12821,2.16577,2.969,1.34256,0.207101,0.337011,2.47593,6.11751,4.06258,1.13436,0.277638,2.19934,0.864526
0.0134457,0.705986,2.47652,2.44034,1.2947,0.454572,0.50863,0.678717,1.72486,1.08652,1.87146,3.84584,3.78198,2.17746,1.58095,3.27501,5.91506,4.73742,2.22573,0.0184205,3.23157,2.49188
0.199749,0.0643525,0.461061,0.793556,0.683049,1.85148,2.71165,0.285703,5.01332,5.63671,2.06448,1.76547,2.63746,2.24137,0.747697,3.12573,8.16018,4.90563,2.47513,6.50041,5.70375,0.735001
0.167234,0.276267,1.46538,0.611932,2.02902,1.47711,0.501925,0.316205,0.142366,0.061276,0.755455,1.87971,1.78958,2.35736,1.01302,3.22333,3.00877,0.494188,0.101662,0.654893,3.61685,2.38269
0.181663,0.0993699,0.543952,0.0319952,0.692653,1.36981,1.26572,1.5967,5.08442,3.91088,2.26244,3.49197,1.38785,0.00636742,1.67497,3.2003,9.94363,5.63771,1.16341,0.887441,0.177274,0.19527
0.0572922,0.540775,1.27495,0.0844344,0.689108,0.522792,1.22511,0.793142,0.331608,0.739303,1.83356,1.47229,3.38481,2.42171,1.33413,6.49857,19.1073,15.0307,2.77689,2.70857,2.48511,0.332888
0.0465694,0.0590654,0.259753,0.20944,0.805377,0.69776,0.948737,0.711677,4.28851,2.98853,1.77349,4.87282,4.84357,1.53583,0.00751789,6.53097,11.937,4.17464,0.415082,2.65103,0.0870083,1.42053
0.232992,0.280417,1.20156,0.00440344,0.570614,1.57861,2.44167,1.36703,0.0721092,0.343263,1.98859,2.21171,0.34822,1.10697,1.07409,4.93794,14.6895,14.8056,5.58313,1.78673,0.116673,1.16497
0.166729,0.134527,0.0941964,1.00421,1.73845,1.061,0.107239,0.622504,1.97273,1.49803,1.42643,1.89383,0.310941,0.415703,0.884268,2.75611,10.5638,11.9064,1.99914,0.13739,2.24497,0.931177
0.0731632,0.349732,1.24915,0.592124,1.47893,1.32772,0.524621,0.746402,0.609503,0.784608,2.23339,0.854114,3.6405,2.57915,0.805548,2.35866,2.68683,6.799,3.90481,3.29625,5.24059,3.36786
0.031725,0.194403,0.0831892,2.17619,3.07602,0.0400548,1.43615,0.490837,1.40876,1.61718,5.23274,2.2218,4.06098,3.49372,0.637862,1.36035,16.4185,23.5698,7.57487,1.2228,0.221312,0.826691
0.0539022,0.170895,1.08184,3.26124,4.10184,0.768735,2.32098,1.44479,0.956496,3.73228,3.6183,2.31723,3.66631,0.828734,0.159958,3.58748,22.3618,30.5134,11.2721,1.00987,1.4815,0.764201
0.204579,0.118511,0.0871557,0.137653,0.433146,0.774745,3.32094,3.84435,3.6798,5.23246,6.59603,5.79516,3.70248,1.35427,0.806476,2.05076,8.69569,13.3446,6.16121,1.51517,1.18835,0.558414
0.255826,0.0469588,1.30844,3.19532,2.89487,2.07432,2.29788,0.807393,0.87886,4.23472,3.46938,0.124208,1.37438,1.46794,1.53694,0.242539,3.66037,0.3704,1.68931,0.136402,0.144211,0.282195
0.228353,0.0767573,0.604406,2.1865,2.14025,0.630664,1.15897,0.401487,2.96135,1.59999,3.57414,5.64154,5.30629,2.53197,0.207449,1.44291,1.95336,1.82004,0.264849,2.68071,3.04269,1.59911
0.0638406,0.0237248,0.47066,0.684797,0.272268,0.793562,0.511513,0.33768,1.04118,1.32106,1.73259,1.62074,2.38362,2.80446,0.795261,3.65415,3.63083,4.00155,5.75035,1.91024,0.310858,0.664715
0.0708698,0.105822,0.174898,0.222751,0.468203,4.73857,7.97004,4.07876,3.54682,6.30428,5.00907,4.41309,1.50206,0.903713,1.26404,1.99082,11.6398,18.2885,12.2363,6.44645,3.81372,0.719203
0.108368,0.266493,1.00973,0.332717,6.76425,8.29036,1.78351,4.4938,0.450268,3.78384,3.1629,4.69533,12.122,8.44647,0.475174,5.90467,4.39521,17.9654,10.1873,1.30492,1.04016,0.744582
0.455319,1.05501,2.68959,1.66645,3.41696,9.81904,7.22533,3.12228,7.56671,6.13332,2.1343,3.97289,0.201728,1.21682,0.372485,6.72335,25.3338,23.9675,3.74397,2.36596,1.15438,1.21349
0.00367405,0.356659,1.20733,3.23647,9.653,11.4089,3.55278,3.63835,9.75315,9.14718,4.27713,0.71613,6.80451,8.07956,1.12688,3.83282,15.5663,12.3409,0.466752,2.74356,1.79846,0.0218893
0.322409,0.711452,3.86051,4.61875,3.76844,9.64158,3.93936,0.880747,0.973201,0.739036,1.14804,3.1366,7.82515,5.47271,3.0554,1.97055,12.0072,17.4591,4.4932,2.02171,5.31038,3.04064
0.218983,0.0944915,0.616483,0.152004,3.0184,7.54246,5.28222,2.53731,3.76285,0.945012,4.19442,4.01009,2.00887,2.3772,2.61804,1.46276,0.620264,2.9287,2.49828,0.593251,1.2865,0.168049
0.109962,0.805455,3.20486,5.28103,7.55132,6.43748,0.948414,1.03848,0.177672,2.17299,1.28732,1.53604,1.12152,2.66763,0.391428,3.3343,7.63651,3.92771,0.758088,2.33534,3.57855,0.797964
0.0447091,0.578312,2.19125,4.83902,5.22714,0.573745,2.05187,0.573235,0.832343,3.17561,4.36301,3.8122,3.76453,1.63111,0.993324,3.21359,5.7867,4.21354,0.335427,1.74473,5.2442,3.57555
0.210609,0.358587,1.53538,0.202237,2.48783,0.330632,1.57558,2.21371,4.425,1.96229,2.53172,1.44676,0.0376459,0.116879,0.253325,2.68755,2.75205,1.03163,2.23292,6.95891,4.01206,0.944378
0.190719,0.696326,2.70914,1.72097,2.41906,1.961,1.79533,3.14202,2.8789,0.410696,2.73044,0.575349,3.01949,1.87773,0.853893,6.19954,15.0238,11.9263,2.54495,0.698261,2.69627,2.77872
0.096261,0.323135,1.09607,1.66145,1.98962,2.35734,2.25876,0.50348,1.89159,2.37524,2.27402,2.18559,0.677402,1.62386,0.522802,4.47423,7.91811,0.857142,3.16708,1.58469,0.30288,0.529967
0.0708703,0.297664,0.702184,0.447283,0.818646,0.28542,0.0164177,0.993518,1.99764,0.0374695,1.69692,2.09416,1.06916,0.298746,0.399716,8.15948,14.705,7.27487,0.764754,1.25526,0.69716,1.78222
0.140607,0.609564,1.96772,1.77164,0.0691927,0.996323,0.523902,0.133041,0.963849,1.35519,1.34406,3.39012,4.12289,0.776785,1.10019,9.88614,23.2193,14.3867,0.464844,0.560433,0.124955,0.00878291
0.121737,0.292177,1.47705,2.34693,2.29005,2.16201,1.9721,0.24355,2.32334,2.47431,1.91589,0.661611,3.19161,2.62128,0.684155,6.70718,18.2065,11.4765,0.377499,0.563226,0.134187,0.618306
0.191993,0.0566772,0.247193,0.853427,0.809031,0.126874,1.4997,1.52563,2.34546,3.98003,1.24039,1.24271,1.446,0.936153,0.399855,3.35436,8.08755,5.84185,0.693256,0.454411,1.39162,0.121509
0.0873637,0.52217,1.97481,1.61497,0.350731,1.88228,2.07336,1.36903,3.47442,3.48033,0.418199,0.147699,1.05745,0.0738347,1.29798,1.45058,8.46428,11.3165,4.18864,0.403974,1.74217,1.14669
0.134401,0.0883696,0.85197,1.49147,1.87563,1.007,0.600679,0.847286,2.67389,3.12476,0.525153,3.11769,3.67868,2.00503,0.771239,2.05038,3.88949,2.75921,5.35021,2.76481,2.1821,0.284311
0.0954137,0.355516,1.50233,0.83775,0.286878,1.06646,1.01951,0.40704,5.60632,6.53568,0.145298,3.05335,0.765542,1.35337,1.52857,1.67384,12.6129,16.7114,6.01747,2.58688,4.01985,2.30359
0.00133932,0.335741,1.1601,0.800095,0.502756,1.57031,2.07836,1.28138,1.77365,2.17868,1.70093,3.71541,3.35379,0.00560324,0.697041,0.528742,4.04342,10.697,6.3884,1.14752,2.5824,1.26047
0.183519,0.274512,1.56674,1.5308,0.262843,0.288112,2.45672,1.53221,6.10628,7.53511,1.2048,1.96052,2.96864,2.23421,0.112916,1.75425,2.5504,3.02721,3.25098,2.43628,4.53874,2.34683
0.179982,0.225639,1.25703,0.756799,0.300641,1.18233,2.33451,1.50412,1.62072,1.6868,0.978953,3.07821,1.81905,0.40681,0.281936,4.5722,8.50631,3.92935,2.41744,0.410963,3.65248,2.23806
0.166582,0.32677,1.7283,2.44709,2.39323,1.50476,0.375691,0.421362,4.34542,5.72249,4.73705,5.40357,1.81124,0.346258,0.269753,5.49883,15.9101,11.1909,1.47905,2.33881,3.48136,0.771489
0.012852,0.483769,1.91589,2.53294,0.625771,0.800462,0.0701972,0.630502,2.4521,2.53727,2.71095,7.05682,7.30672,2.38504,0.0617536,6.87945,15.7762,8.87589,1.31129,3.97834,4.43722,2.78296
0.228049,0.273668,1.30426,1.03111,0.458713,1.79844,1.81842,0.907193,1.78206,2.43804,1.5196,4.83333,1.16128,1.49021,0.708426,6.11473,8.55951,2.79503,1.0325,0.797784,1.57523,2.10175
0.531533,0.180141,2.148,3.00166,2.69512,1.36281,1.61713,1.8164,1.07838,2.07078,2.83822,6.41678,0.988114,2.69354,0.559614,2.81249,7.43529,4.46198,2.67291,6.28811,4.16881,0.0540864
0.125669,0.0651605,0.575983,0.00414646,0.188257,2.38377,2.6903,0.563144,1.25565,1.56926,5.22801,9.16598,5.17943,0.326947,1.15055,1.60569,0.170242,5.39702,3.54336,0.122403,1.18972,0.968589
0.201509,0.542629,2.52975,2.10832,1.56257,2.34545,0.401609,1.00141,1.37252,0.156942,4.57513,8.50017,4.44944,0.420491,0.335163,3.53839,9.96803,7.07316,0.322324,2.57644,5.85484,1.85637
0.0923124,0.100946,0.322533,0.416268,0.762172,1.8229,1.34586,1.58355,1.72103,0.707843,3.57267,8.3736,5.6933,1.18269,0.529656,2.72891,4.3672,2.32716,0.870289,4.09933,6.44902,3.14483
0.413224,0.782103,3.85685,0.460271,7.4283,3.90711,3.59019,1.12894,3.20398,0.984841,2.00341,3.70187,4.77702,1.99634,1.59114,2.55347,11.2125,7.08691,0.250819,3.00945,3.94847,0.396276
1.52917,1.07755,1.33787,0.705546,3.78659,4.34977,1.78653,2.32663,6.14752,4.22979,0.841087,3.30403,7.06539,6.2535,2.82657,4.58255,5.97859,3.35807,1.42426,4.59384,3.47814,1.21938
0.657144,1.70997,7.72993,8.06491,0.719248,1.19633,3.74565,6.90169,6.48829,1.27935,1.70004,0.0275609,1.73458,2.06626,1.3964,3.5001,5.7122,15.649,5.73543,1.44836,0.813322,0.0742827
0.499615,0.978634,4.82634,4.12434,1.65338,6.31151,7.8447,3.43012,4.14808,1.86265,5.97995,4.15005,4.24937,4.87133,2.35751,1.01994,21.0774,31.565,11.6123,2.25564,0.639156,0.534682
0.477907,1.58027,6.80615,8.91858,10.7791,9.15687,0.0758699,0.396244,5.28601,7.1101,4.95829,2.01769,5.78789,3.25448,1.87641,4.94879,14.2495,30.8849,12.5266,2.20865,1.43285,0.297024
0.246887,1.44898,5.934,8.96941,3.12326,5.40541,5.43533,0.798114,10.6357,13.2807,7.67964,5.58429,6.51312,6.06487,1.60413,4.90796,25.4245,31.5986,10.9546,2.03966,1.34956,0.613809
1.21854,0.475089,4.81576,0.986748,12.3776,15.1195,6.12591,2.31039,4.56992,5.79907,3.4497,0.0449669,0.175676,1.11506,0.234453,4.63195,6.77467,3.22666,3.56771,1.00469,1.05981,0.523262
1.28232,1.04457,6.82689,5.02095,2.84698,6.25641,0.0633238,3.20478,4.71233,5.20723,1.55244,1.42317,3.19859,3.83131,0.862591,3.71887,6.17765,3.85404,0.0793991,2.40655,2.52704,1.51987
0.249154,1.07739,2.85841,3.29171,7.90037,13.3815,9.33384,1.29987,2.62197,0.556688,1.5125,0.191246,1.62028,1.6816,1.531,1.87043,10.3363,8.74138,0.149648,1.45822,0.327143,0.857572
1.01096,1.37888,7.44836,6.62827,3.43106,5.75045,1.3566,1.78982,0.2073,2.316,1.39553,0.90033,0.134796,0.848734,0.960551,1.05199,9.405,9.88684,1.1425,1.51999,0.220098,0.524104
0.480008,0.0404712,0.143642,0.453809,2.44468,5.76634,5.04955,0.283035,6.16699,5.64053,0.719793,3.65018,4.17125,2.96348,1.45293,1.70533,9.43309,10.037,5.5464,3.27697,0.761162,1.7225
0.140194,1.80132,6.56408,4.62047,0.615764,0.036168,0.204085,0.216329,1.03424,0.176563,0.723651,0.78214,0.679779,0.955808,0.850771,3.18362,10.9134,9.82836,2.36479,2.51722,3.07491,1.02373
0.182034,0.956195,2.49572,0.049101,1.5092,0.280225,1.22984,0.442166,4.38546,6.34275,2.62503,1.02498,4.16705,4.03345,1.3729,1.56022,4.90239,4.8329,3.1934,3.51817,2.75157,0.306198
0.275902,0.558196,3.48224,5.16133,3.59118,0.908953,0.839012,0.560056,1.23381,1.23415,1.87655,3.30537,1.81533,0.304842,0.0867969,0.919907,2.69985,7.75267,5.45071,0.0923676,2.80084,1.49636
0.112454,0.967528,2.57116,1.64586,0.642398,1.52407,1.70992,0.875716,1.34655,1.20414,0.0967435,0.3082,0.802869,1.03219,0.110797,4.43506,11.2758,8.69761,2.65681,4.52458,5.344,1.06743
0.000507385,0.286763,0.0642693,2.37788,3.43048,1.78452,1.07245,0.237634,2.75699,4.06799,1.65475,0.082792,2.17817,3.60278,1.07759,5.06922,15.0494,13.2066,6.39702,6.1302,5.92596,3.30819
0.363857,0.0830617,0.242308,2.79354,3.72502,0.927532,0.0860609,0.814804,1.71013,1.38214,1.33982,2.39318,1.04662,2.40704,0.162422,6.59076,11.8873,3.58555,2.80112,0.00871673,0.677832,0.8872
0.0436119,0.0707456,0.7406,0.395703,0.971604,0.727892,0.301988,0.182567,0.6501,0.396953,0.528936,2.86847,3.9821,2.46907,0.725201,2.76297,7.45192,7.0317,1.23956,3.23212,2.37761,0.246362
0.0845119,0.49016,1.22986,0.463284,2.0019,1.43894,1.62412,1.32751,1.55978,2.52607,2.63599,4.04623,4.57525,2.16422,0.460454,3.13617,0.0603625,8.31061,4.69143,1.42515,4.00928,2.09941
0.49752,0.328481,1.92969,0.345948,2.95285,1.55557,1.33132,0.60801,2.40777,2.66458,2.20415,1.36743,3.19653,3.78971,0.14608,2.52573,15.9962,19.7702,5.96107,2.02942,2.36785,1.02875
0.066261,0.231414,0.890915,2.28739,2.54833,1.56054,1.74697,2.11119,1.97745,0.273627,0.429175,3.41518,3.01194,1.1138,1.21466,2.58462,14.1272,15.1601,5.29191,3.32889,3.26437,0.497905
0.42986,0.45705,2.26481,2.15198,1.10852,0.475422,0.902106,0.594099,2.7085,2.76863,1.94928,5.60114,6.19421,3.10868,1.75151,0.955976,14.6302,15.2897,1.93014,0.117836,3.76875,2.92562
0.391316,0.277121,0.233979,0.802761,1.09059,1.90646,2.46203,2.03829,4.62266,6.52552,3.38472,1.03932,3.08702,1.98011,0.285908,2.89581,17.451,19.7673,7.04873,1.0247,0.5661,0.253035
0.381628,0.330975,2.71117,3.9633,1.5546,0.0307563,1.80459,2.3213,1.99981,3.92281,4.50587,2.08584,0.89238,0.060561,1.32874,4.17621,8.85964,6.40054,0.277424,1.64558,1.01182,1.35274
0.00111865,0.0396565,0.0180809,0.230354,1.0649,2.53668,3.0564,0.236407,6.42543,4.85783,2.64461,2.2932,2.48217,2.75659,0.686347,0.6942,7.71445,12.1228,6.06116,0.420175,2.4118,2.4353
0.0464437,0.664707,2.7018,3.47436,2.53613,1.01218,0.936707,1.44329,2.1473,4.73476,4.69415,1.07338,5.72881,4.25282,1.25058,1.63714,7.58472,10.2721,5.54926,3.76159,2.86384,0.26223
0.285963,0.301599,0.363951,2.84229,3.51585,0.718256,0.212836,1.44599,7.24062,10.6823,8.45163,4.74964,1.79222,0.00992691,0.671942,1.61303,1.49212,1.0306,0.75648,1.53819,2.25349,1.6879
0.184026,0.524467,2.22817,0.64714,2.65318,2.50116,0.482264,0.107465,3.6134,1.64558,2.79486,1.77273,4.32399,4.94338,1.9162,0.0993637,1.59445,0.825605,3.44929,2.38046,1.30474,0.708738
0.118564,0.759105,2.04722,6.0689,1.45706,9.96792,5.92789,2.59697,1.8207,0.042493,8.59518,11.3686,5.22298,1.33054,2.56164,5.85132,19.0721,17.92,1.50831,8.61448,2.73003,0.475715
0.0269432,2.41111,10.0546,9.50976,5.91598,10.434,3.96216,1.82079,18.1669,24.1809,15.2409,5.48022,6.96558,8.7213,1.2682,0.525341,12.0202,18.3388,3.83632,7.64398,6.56742,2.71192
0.0347773,0.482254,1.90126,0.318218,1.4846,10.4867,11.7668,4.67966,5.74583,14.6323,14.8511,7.81317,2.73066,1.96482,0.0732826,2.3498,14.0813,14.2632,2.03058,2.66321,2.08682,0.1458
0.498207,2.42947,9.93559,12.8807,15.3215,15.0752,7.138,1.99387,14.2211,7.4532,7.45157,1.1476,12.5865,9.78367,0.954429,1.67202,18.9199,22.4055,4.96855,0.619664,5.26367,3.50132
0.216619,1.22496,4.82624,7.90112,5.23399,0.104316,4.65835,0.985158,15.4477,8.57713,7.68914,4.06252,4.35936,4.59842,2.93902,4.8505,0.300835,6.45613,1.96453,3.00525,2.72549,1.70621
0.389728,2.00091,9.75499,6.39433,8.33095,13.3795,11.2417,4.29107,0.209198,3.01999,4.26222,5.23574,8.21859,6.5895,3.09507,0.970965,3.31736,5.28773,2.56746,0.509506,1.76529,1.45954
0.0348694,1.57991,6.93529,4.02925,4.99101,7.58277,8.73808,9.39171,12.5188,8.45177,3.54158,3.55695,5.2623,6.71825,1.56932,1.66343,1.31282,1.61051,2.84865,2.33944,0.635733,1.2253
0.686251,2.02681,9.06242,10.5305,3.06028,0.536351,2.61502,5.04302,3.62416,4.94337,8.00844,0.689017,1.90744,1.80804,1.79983,4.22693,2.41123,2.49011,0.474223,1.13597,0.245381,0.169349
1.19463,1.57416,8.34846,9.36732,8.27094,8.67069,2.8493,0.310837,1.29891,9.4627,12.7514,6.37015,4.18125,3.79322,1.44408,3.78308,21.0799,19.4848,4.7127,1.87573,1.70307,0.276734
0.0785518,1.80922,6.19669,6.02818,8.48773,12.5864,7.31056,1.34782,8.86613,2.33535,7.5555,3.24129,0.820258,0.497929,0.594276,7.43624,10.9554,1.57742,3.69781,0.341419,1.24045,0.254563
0.369701,2.76095,10.5055,10.1182,2.90755,8.12572,0.69979,1.31748,6.44604,2.06776,6.02346,2.4981,3.97621,4.39574,2.49257,1.56383,4.71213,2.53845,0.0412948,1.65039,1.61328,0.364846
0.143117,0.0370996,1.10828,1.08917,9.44622,13.2077,8.4114,4.23423,4.9169,7.07171,7.72616,4.8123,0.294982,0.978132,0.232687,4.46624,10.1397,7.35815,2.90474,0.462841,2.14209,1.09903
0.954456,1.83668,8.70734,5.70446,1.67482,1.56597,2.81254,4.29057,6.4848,8.29822,4.27431,1.2686,0.143921,2.65784,0.175788,0.781084,2.15827,0.404658,1.51322,2.56902,3.97849,1.58531
0.25653,1.21815,3.30073,0.706065,2.08157,2.29964,3.36754,2.6646,2.05182,4.09035,6.89222,6.93254,4.25026,1.34454,0.243355,0.971331,0.140793,1.1865,1.1162,2.74793,3.13241,0.827957
0.0422522,0.838553,3.32321,3.79121,3.21358,3.38784,2.70512,0.793392,2.67774,0.0260928,3.51451,0.742348,2.68121,0.30605,0.935087,2.33865,4.95623,3.71879,0.929527,3.74071,3.48911,0.805563
0.0816961,1.04417,3.01496,1.67308,1.47932,2.15225,0.986549,1.51766,4.1525,1.66384,3.93665,2.84253,2.02578,2.41958,0.915375,0.986258,1.9787,1.76473,2.42565,3.9873,0.905109,0.240035
0.189164,0.325276,0.188471,1.49826,0.558304,1.12957,0.985816,1.49049,1.50416,3.26163,1.86073,1.1981,2.57446,1.96401,0.385497,0.585799,1.29753,1.65178,2.15363,1.40453,2.43976,1.20665
0.0477441,0.425789,0.760293,0.140162,1.68141,3.01792,3.29321,0.399918,4.13883,5.20754,2.92139,1.91528,2.83925,1.93624,0.025831,1.78549,7.23186,9.66332,5.76388,1.15922,2.1139,1.40384
0.212066,0.0745658,0.96404,1.32721,1.50172,0.611824,1.52624,1.63986,2.6517,2.47473,1.09325,3.2033,4.03508,3.23551,1.9431,4.14885,7.26959,5.05142,1.87284,2.88336,2.79791,0.180065
0.0176835,0.267876,0.922792,0.0357548,0.77936,0.754518,1.54105,1.42769,2.32684,1.53197,1.19813,3.73985,3.82092,1.20599,1.35017,2.85877,14.9768,12.5025,0.784739,0.403706,2.01284,2.52811
0.0784904,0.398775,1.43795,0.227287,1.78101,1.51446,0.80286,0.994445,3.24246,2.80488,1.76739,3.28061,0.152044,2.27441,0.326357,0.840048,1.41384,2.86982,2.26933,0.57464,0.346993,0.935211
0.00577881,0.161362,0.800187,1.377,0.539081,0.166169,1.52057,1.7719,1.14094,0.49567,3.44164,4.61764,2.79749,0.915403,0.0260842,2.04179,11.0093,13.0154,3.1233,2.79915,2.86389,1.56301
0.152208,0.607926,1.69604,1.01113,0.350316,0.827347,2.33157,1.01343,1.56888,2.86559,2.66579,0.173627,2.64972,2.47345,0.875199,0.310329,1.78996,4.0151,0.25466,0.475425,2.43509,1.53858
0.168159,0.011046,1.06226,1.67729,4.66747,4.35814,4.88866,3.56007,4.19737,4.86237,3.36052,0.853805,2.76486,1.31717,0.497434,0.472033,2.5902,3.03433,0.891913,1.28607,1.96072,0.482409
0.233247,0.24013,1.95432,1.88332,0.370635,13.2942,33.4891,23.9977,3.18583,3.41948,6.25164,5.19255,3.11343,1.78878,0.000753008,0.0668939,1.94117,1.57143,1.30504,2.59086,2.2528,1.54383
0.577965,0.436314,0.214362,0.32615,0.498853,22.8695,47.9288,27.11,5.34648,1.06497,4.06221,0.363761,2.6244,0.405311,0.980418,0.769369,3.06677,0.712386,3.46619,1.75471,1.44296,0.617351
0.281316,0.358608,1.77116,2.29049,0.977757,20.8562,45.2341,25.941,0.68688,3.66053,5.56764,1.85289,3.47551,3.05186,0.42696,1.63238,4.05662,1.98026,2.16259,0.635188,2.78115,1.66924
0.124651,0.105008,0.112673,1.27635,1.35155,9.30971,21.8524,12.9712,2.45218,4.72736,4.1693,2.18586,0.854217,0.654814,0.2049,1.5453,1.00138,1.92321,1.44669,1.19238,2.69087,1.72579
0.631442,0.0474017,0.830216,1.80883,2.47957,0.528673,16.0374,14.8434,3.898,1.83974,2.37544,0.636283,2.94144,0.0920284,2.45835,0.825748,9.34095,8.45936,1.5112,2.0391,4.39999,2.65752
0.977013,0.611476,1.04506,6.12299,10.6905,19.7675,53.229,46.8309,13.5245,9.22646,1.98259,5.79221,8.94456,18.7887,4.01261,5.2107,3.59944,0.405426,5.07651,1.07643,3.08893,1.37727
0.68366,0.458172,2.98177,2.96476,16.7062,20.9488,24.8006,11.4003,14.4851,14.5161,0.985058,1.35177,38.833,61.7652,27.6817,4.36817,1.8621,3.29082,0.405848,7.10248,7.24651,2.5673
0.928493,0.00453886,1.56534,3.11239,5.41358,6.18898,31.0018,32.0417,18.9664,10.2293,4.55335,1.38786,26.4741,40.9315,15.4848,2.14018,6.84766,5.31361,6.14562,12.5645,6.21681,0.365671
0.331976,1.59343,5.48009,3.52304,3.57365,20.3328,41.3159,29.3523,2.97176,2.91682,1.95688,6.63277,23.0693,25.8683,6.86075,1.75466,2.35953,4.95963,4.5969,13.6998,7.03759,1.04929
0.306356,2.49584,5.98545,4.21757,0.288835,6.14011,9.38353,2.93021,2.50683,0.618157,1.38871,16.7012,67.4975,70.1288,16.7262,0.361142,7.48379,6.12616,5.67294,12.7691,4.49716,0.605653
0.286057,1.65874,4.04365,5.14864,8.22091,15.5108,20.1855,13.1114,7.64314,5.87397,2.5391,2.66948,5.18241,8.34154,5.22306,1.65102,4.86171,2.78561,4.41848,6.90569,2.18947,0.103501
0.185079,1.66237,2.38296,4.59651,8.3866,18.6984,31.7075,21.2125,4.63139,2.80961,1.36987,12.3764,54.4088,47.7393,5.56114,3.62853,2.10182,1.53732,2.96539,3.82039,0.0158867,0.0515707
0.470737,0.229037,0.463308,2.65684,3.45204,12.6852,34.4693,27.2106,3.10667,1.45016,0.799378,1.97768,12.0529,14.1537,4.96033,0.33995,1.23331,1.73831,7.03386,12.8919,6.35439,0.615835
0.451394,0.948786,1.51912,0.327501,0.614454,4.60085,16.354,11.3466,1.10735,0.618596,0.885691,12.6261,58.1459,58.1751,11.529,1.87199,3.24895,3.97951,8.81089,11.3778,1.47073,0.33119
0.28288,1.81258,3.47061,2.84663,2.43634,6.82252,14.4327,11.1346,2.30345,1.69888,0.94916,0.907184,7.90859,7.92237,0.451355,1.02671,2.80042,5.18301,0.1144,3.95492,2.1504,0.0232433
0.445157,1.38762,3.58029,2.97432,1.24819,13.4577,32.9774,21.7165,2.0539,0.214697,2.1963,15.1026,57.5878,50.827,8.66506,0.998592,2.62617,6.49507,13.0099,11.097,2.69381,0.640827
0.0392483,1.31139,2.53469,1.71865,0.152738,14.6529,36.127,21.9075,1.49848,0.947084,3.2566,13.7163,45.1728,31.701,0.5848,2.24806,2.11361,8.34145,13.0494,7.78827,0.275453,0.822569
0.372585,1.1926,1.7579,1.27409,0.027858,13.9478,32.6307,18.3709,1.35163,0.876832,1.87197,0.531481,5.66787,3.5884,0.31662,0.185475,3.86592,2.49828,15.1373,17.2037,2.77373,1.16844
0.128781,0.852146,1.66532,1.70309,1.31871,12.6869,25.8464,13.5519,1.83677,0.409322,0.0524613,13.4273,37.953,25.2604,1.15367,1.03355,6.02611,7.35864,2.47112,0.777962,0.0511189,0.298321
0.0770097,0.536298,1.19561,1.29508,0.655473,7.27104,15.4173,8.37279,1.33246,0.277691,1.39356,20.4846,67.2361,52.0349,5.45549,0.72827,2.40392,4.83641,18.8788,17.0514,2.40573,0.827316
0.0472165,0.09757,0.0248336,0.00226466,0.0256118,1.3175,3.43285,3.24229,1.03329,0.196594,1.15519,13.005,38.9753,27.332,1.14891,0.057215,6.02902,5.53086,0.351091,0.397228,1.7351,0.627915
0.197664,0.0348414,0.478948,0.83682,0.303659,5.59731,12.6783,6.25683,4.33115,4.47192,1.7195,4.54628,17.6294,14.6295,1.9613,0.364067,2.99806,1.05929,11.9208,13.273,3.31185,2.01683
0.0728932,0.0427496,0.248634,0.0453134,0.884564,10.6403,28.1006,17.5242,0.108043,0.156025,2.1497,13.1919,55.9915,48.5629,5.91589,3.48586,0.0176518,0.576653,0.411583,1.80354,0.524203,0.0685699
0.0482269,0.132788,0.320512,0.404418,0.138846,13.4391,36.9851,26.4163,3.18374,0.617687,1.25988,5.96173,22.8771,19.8771,4.00474,0.0377442,2.21276,1.23561,15.5865,17.4276,4.62341,0.927589
0.00418541,0.156305,0.177575,0.96601,0.21366,8.97744,27.0945,21.0146,6.60154,3.81704,3.40114,8.57273,43.6583,42.7221,8.32613,1.36689,5.52082,4.97647,9.22846,9.3474,1.59493,1.88099
0.051008,0.166819,0.109838,0.25673,0.567254,1.93775,2.99912,1.61662,1.73816,1.55389,3.23484,11.5504,36.8077,24.3486,0.312451,1.16317,0.0404323,1.45786,8.49686,6.60588,0.118653,1.49916
0.029287,0.0999565,0.362703,0.0928746,1.35858,5.45948,3.81907,1.66705,0.072728,3.28241,6.81253,19.5091,18.7345,0.935838,5.49457,0.00183952,0.748221,2.47734,0.987713,1.0867,0.560311,0.299396
0.00925936,0.142367,0.259088,0.515856,0.531023,6.21256,10.6536,4.33394,0.236261,0.377566,1.03357,1.14324,3.77107,5.95045,1.16701,1.11668,4.12008,2.70882,2.54626,4.40059,1.73914,0.124809
0.177286,0.299394,0.0771066,1.22134,0.665165,16.0435,42.4975,29.2923,4.18389,1.15894,0.102825,6.2781,17.9879,16.1324,3.18404,2.36572,3.54847,1.23996,1.34201,3.76572,1.61126,1.61397
0.0819036,0.137207,0.21562,0.74463,0.167832,19.5246,55.527,40.2818,3.31306,3.10897,1.04128,4.77938,9.71751,3.17728,2.58865,1.83206,0.577186,2.69907,3.0488,1.82128,1.27524,0.700844
0.058924,0.0262509,0.160846,0.957927,0.901594,11.0701,28.1203,18.754,3.65875,2.06398,0.0119155,1.24064,5.84427,6.30589,0.617598,1.87236,5.57215,7.43314,3.14578,0.295282,0.806269,1.09556
0.129368,0.134798,0.100676,1.13803,2.40774,1.16296,7.61918,3.47711,2.41472,2.68116,2.94778,1.28246,3.39098,6.35638,2.61589,1.50854,2.94776,2.9422,2.41561,3.00242,0.523248,1.36171
0.985198,0.291674,0.0719342,0.0371177,3.22596,2.30605,30.2983,35.0143,8.66627,1.82292,5.56217,5.02081,6.90086,28.1974,24.3211,2.77932,4.55473,7.10776,1.18374,5.09111,3.72201,2.25845
0.491726,0.342451,0.0406184,3.32999,7.92745,3.39979,9.36359,10.6086,3.11792,8.27019,1.34755,14.0667,41.8352,59.7186,29.2262,0.658082,6.38416,8.8871,6.1042,1.27434,1.18962,2.65196
0.493187,0.0810351,2.10072,0.858013,9.00796,4.75421,22.8683,28.3369,9.15337,1.39514,4.20179,6.19998,6.83686,19.9271,17.4964,3.77115,3.82518,6.08603,3.78381,2.87886,5.80863,3.61706
0.230745,0.502485,0.867493,1.07113,5.49624,1.50478,23.4011,21.756,3.33237,7.76421,3.91532,5.11283,17.7225,35.8537,15.9989,2.45022,8.92239,9.46656,2.82343,4.33352,7.07983,4.27513
1.25687,2.04526,3.8498,1.74096,14.2401,5.43894,18.5851,15.23,1.53092,0.839377,3.90692,8.69284,16.8288,65.1819,48.0959,5.09444,3.90669,4.42074,1.07773,7.06106,7.24103,3.11039
0.201884,1.26433,3.92995,1.57712,9.88478,6.61669,13.2239,22.2042,12.2637,4.4025,2.72135,9.00552,12.4523,65.6463,52.8616,6.88613,1.36713,3.52701,2.77717,0.776321,5.64416,2.41132
0.429719,1.98776,3.55603,0.889122,0.507536,5.18489,15.0821,15.0401,4.62517,0.390419,2.06749,1.58732,13.911,30.7439,19.7731,2.51172,2.64581,3.95522,0.389634,1.55105,4.92176,1.04849
0.0742562,1.3476,2.8235,2.52638,2.41257,2.39465,6.89196,10.6844,7.97801,5.08676,0.198418,1.40561,15.9813,48.0229,38.2561,6.1048,1.63486,1.91194,0.103246,3.20735,5.01566,3.44316
0.104397,0.527375,1.82508,0.928935,0.407118,5.10862,21.3559,23.8337,6.11778,1.27082,1.27254,1.41027,26.8115,80.67,59.5488,6.02234,2.63919,2.62598,3.95939,3.62686,2.65797,0.876733
0.0468786,0.213041,0.752206,1.80013,3.35616,1.45771,14.106,16.2813,6.98168,2.33617,0.181835,3.44298,14.0954,52.0461,38.5555,3.88633,0.221816,1.25903,0.381081,1.33734,0.0106219,2.16918
0.00614141,0.981851,2.29546,1.46677,0.150201,3.08975,10.941,12.1006,3.10743,1.97699,2.71012,0.791495,1.97998,4.83696,7.06978,1.04284,1.25646,1.5714,1.32653,2.51563,1.62282,0.792448
0.185406,1.32953,2.66618,1.35589,2.31285,5.66016,28.3732,26.8021,3.33819,1.96998,0.648567,0.107386,23.7936,66.9358,47.1858,3.67654,0.52369,2.69806,2.04328,1.68458,1.14253,1.50752
0.237641,1.10273,2.70654,1.3812,0.76096,4.94346,9.88752,3.15354,2.43539,1.32885,2.31612,3.69847,40.6396,91.1219,57.9188,5.98561,1.0135,1.3682,1.2345,1.03571,0.259047,1.41801
0.0445858,0.995205,2.22783,0.175272,1.64558,2.94694,14.9226,16.8479,3.69316,1.88135,0.326814,0.346785,23.7292,57.3701,36.8731,1.68531,2.58506,0.907112,0.507917,1.29011,1.11776,0.329385
0.1044,0.936513,2.11401,0.532084,3.60377,5.36285,1.36588,7.2995,4.41857,1.16691,0.571982,1.70002,3.83369,1.63478,3.88764,0.465426,1.73688,3.19887,2.05565,0.52862,0.341949,1.26228
0.501836,0.610798,0.748093,0.283774,3.4106,2.69027,7.35556,12.4841,8.00093,2.58896,1.36351,1.68651,13.0708,35.1978,25.19,2.55981,4.78906,6.43563,2.09483,0.071743,1.52516,0.291976
0.602402,0.151844,0.716307,1.18357,0.918605,1.79956,10.9173,16.229,5.38448,2.56813,3.1304,0.952128,16.59,47.5461,31.8585,0.503903,6.56247,7.61805,2.41105,1.74574,0.713558,0.681762
0.0126054,0.240128,0.434727,2.35919,7.19152,8.58865,6.59223,3.31642,3.43129,3.74482,2.33581,0.423097,13.0061,39.9564,30.6489,2.89373,1.4412,0.674634,0.51863,2.05883,3.90792,3.53246
0.11042,0.177001,0.404868,2.45471,6.63755,4.3249,11.1481,17.3676,3.61679,5.61075,5.49045,3.13265,0.479166,4.75373,7.11107,3.06574,5.90228,6.92396,0.819532,0.429491,3.00296,2.09208
0.129017,0.142701,0.165469,0.727977,1.67535,6.95885,25.5429,26.3913,7.32992,3.41558,4.0346,6.85924,3.90933,31.6409,27.0313,2.584,4.52488,3.43889,0.556603,2.76242,4.1754,1.8083
0.428451,0.225053,0.0773919,0.525159,1.00111,1.09781,9.42815,12.7451,3.26327,1.35274,4.19894,1.26661,14.3142,47.7629,40.2953,7.54295,1.08278,0.812978,0.829813,1.02859,2.84647,1.19536
0.153876,0.173506,0.647331,0.07771,0.0015964,5.81289,14.3982,11.0954,2.16837,7.33354,6.69913,6.64179,9.60666,11.2326,3.64419,0.518571,3.44006,4.15364,1.23097,0.998023,1.95263,0.57005
0.0244457,0.29224,1.08147,0.558417,0.220179,0.113512,22.4811,32.0182,10.1931,1.41718,3.88837,1.36567,7.43712,32.0999,26.4847,4.23508,0.598249,2.41485,3.26415,1.14199,0.558862,0.00554048
0.471387,0.595805,1.03751,0.151254,3.44313,5.00581,7.69982,16.9527,5.94545,1.6666,0.303624,2.22161,14.0682,41.7381,27.5115,0.813432,0.821924,1.22878,0.737824,0.908119,1.08428,1.13492
0.134866,0.0637176,0.226804,2.06162,8.18584,10.7174,0.24667,8.72507,7.64286,5.2732,2.50365,2.5914,9.33369,28.9213,19.688,2.01241,2.19019,3.74642,2.02935,3.09881,3.67763,1.14358
0.388227,0.13146,0.481302,2.73681,5.04745,8.23172,21.6545,20.186,0.948739,2.34555,0.865247,1.24026,2.65893,0.310035,2.51721,1.52292,1.46765,1.95369,0.853347,2.96239,4.23253,0.436731
0.283733,0.277816,0.357156,0.164759,1.41475,2.38228,3.26986,4.66792,1.75542,2.3888,1.75836,0.178664,4.93614,13.3202,10.9254,0.809663,1.1049,1.13635,0.373715,4.24648,3.44124,1.43149
0.044917,0.120948,1.03823,0.28951,4.22943,10.0198,14.2907,6.50224,1.9051,0.577854,0.471311,2.99888,17.1357,13.1863,1.84583,0.314672,2.54125,1.5037,0.955848,2.96062,1.14861,0.33905
0.0325859,0.119832,1.03043,1.26591,4.27623,5.90774,20.3718,22.7883,2.307,5.49578,0.228559,3.75948,26.7762,29.8659,6.64497,3.10231,0.392285,1.8879,2.07181,1.06118,1.91482,0.899685
0.395141,0.368605,0.564627,2.96974,10.0728,12.5059,8.92105,0.12064,5.78257,0.910901,4.55508,5.08799,5.59249,18.6708,10.6378,1.0301,6.5682,10.7401,7.68534,2.17129,0.154441,0.994514
0.0324516,0.319266,3.13935,1.19327,9.72054,11.636,24.7333,19.4004,13.9347,19.4307,6.90164,7.62693,6.18497,6.86699,9.50588,1.12666,3.46504,6.03356,4.37604,1.14148,0.438421,0.152145
0.115657,0.497335,1.21369,0.49241,7.30844,5.82222,7.57054,7.29436,0.549666,2.51412,4.98997,8.13019,8.51245,3.22807,2.08695,1.99905,5.22823,8.64133,2.03204,3.77915,3.75751,5.25603
0.246945,1.99707,5.64168,1.08779,9.37518,11.352,12.839,7.27486,6.28672,5.40703,4.16279,9.90789,14.0994,13.8775,4.47082,0.835465,3.924,1.40764,3.11338,4.46825,2.72374,2.56387
0.568891,3.02796,7.32352,7.992,8.8156,1.97794,19.5328,16.3853,6.46608,5.38323,3.63707,11.8279,19.4502,22.9735,10.8634,0.669379,4.66952,2.93082,0.497202,2.31107,2.9397,1.7046
0.663606,2.1753,4.67418,9.71991,22.2432,20.8081,8.91853,8.59321,16.366,14.1968,3.07605,11.3473,15.9385,25.2972,15.1175,1.12511,0.2189,1.71035,3.25593,0.335917,3.82807,0.00139486
0.979537,0.752586,1.60214,4.93895,11.4594,12.8973,24.998,26.5025,2.22945,8.10614,1.11477,8.96357,15.5957,23.8197,13.8152,0.952324,3.34174,3.14565,2.09425,3.30636,3.78461,1.82893
0.493916,0.210187,0.442019,1.89764,7.2533,11.0374,14.7493,16.6045,11.6181,4.50345,4.86264,8.30033,7.85086,10.8177,8.05023,1.25812,1.63972,0.975026,2.16723,1.41161,0.951606,0.292077
0.388517,1.94038,3.88733,8.83492,18.8454,16.8579,13.1554,16.9931,15.9085,9.42224,0.581233,5.90283,0.959069,8.95871,4.87869,0.588507,1.10548,3.15554,2.07488,0.33635,0.538152,0.298456
0.424103,2.82708,6.95049,11.0915,14.163,0.34134,24.2174,25.4242,4.30965,4.823,2.96083,4.39275,0.842281,14.7395,15.3694,3.39707,4.1655,5.27646,1.17751,0.919475,3.6468,4.93042
0.650292,2.85117,7.0255,7.96552,5.04234,4.20197,8.03611,21.9524,1.08538,8.73099,0.547043,0.0280038,1.86745,4.97671,4.26372,0.891428,7.24832,12.148,6.38406,1.62682,1.1623,1.93279
0.56574,2.05759,6.31753,8.12206,10.6566,11.5102,8.46104,29.8414,21.5792,5.78021,0.187514,2.28352,1.09485,9.05629,10.5968,3.43215,2.50172,2.40519,0.423311,1.17245,0.616048,2.99921
0.0831346,1.6655,3.31355,6.16333,12.5795,18.4297,26.9111,25.2974,7.50962,1.50075,1.89868,6.06691,1.9238,3.5662,0.829433,0.0276071,1.86017,3.71614,1.21576,1.04025,0.0627686,4.91168
0.483232,0.685038,0.283984,1.47476,4.06688,2.90255,7.10122,1.5554,11.7428,9.86533,0.767921,4.65684,5.24073,16.7486,11.9068,0.180162,7.1938,7.02681,2.8102,0.779569,3.00075,2.18285
0.310294,0.412146,1.01108,0.308343,1.51424,13.7356,33.0172,27.499,0.987533,7.45132,2.25482,3.10223,4.76431,11.2862,4.20055,1.5005,1.4594,2.31841,2.11076,2.78652,3.05417,1.97686
0.0782267,0.996315,2.48648,2.74561,5.3204,2.70468,32.554,35.7828,4.86748,4.74555,1.03942,3.72989,3.77745,3.5265,3.10331,0.482432,4.166,3.98089,2.5757,3.37223,2.04129,3.52786
0.194446,1.7806,3.98498,5.7969,3.24689,10.128,14.2788,1.7078,13.9328,10.2623,1.44682,2.11113,2.72593,5.0177,4.67376,0.063291,3.27625,2.78588,2.638,4.96796,3.75498,1.55062
0.0120661,1.58765,2.84622,3.96337,3.67019,7.02926,24.1543,25.4465,9.19386,2.96259,1.22785,0.312033,6.63079,9.82971,2.85977,0.75173,0.927857,2.83944,2.01582,0.192252,0.313522,2.14354
0.246216,0.971983,2.26005,5.04496,11.6759,22.5693,23.8017,3.92851,9.84525,4.39487,1.92887,5.43706,16.2452,20.869,8.90349,1.67705,6.60241,5.78884,0.72559,1.34994,0.490073,2.82316
0.543953,0.373808,1.15736,4.57577,11.0776,15.0685,18.3218,8.51204,11.846,11.1093,0.990213,0.609866,0.665554,0.572,1.98456,0.394641,2.52691,4.1527,0.54363,1.74816,0.384051,3.37444
0.548562,0.241182,0.464939,0.14514,0.313306,10.0308,13.7793,3.63479,0.473584,0.116066,2.65342,4.40064,19.4721,11.0418,3.23644,1.80623,0.153117,1.37003,4.99136,4.01578,0.269555,1.39146
0.0364092,0.453309,0.899303,3.36964,9.19272,24.7026,40.4456,22.3062,7.2782,8.5738,0.146971,12.6789,31.9302,26.1848,5.67893,0.155076,1.12095,0.138207,4.92235,4.59343,0.700949,2.24125
0.157078,0.686494,0.70761,3.95477,8.97863,13.058,22.4854,12.9785,7.95418,7.74477,3.22853,7.47156,5.67125,4.54748,5.80523,1.02702,1.38028,1.01923,0.895797,0.17845,1.38843,0.698136
0.332858,0.368827,1.22929,5.0274,5.34895,1.18569,5.60319,4.44682,1.85528,3.61218,1.20581,13.1657,55.1929,52.5891,9.27443,1.1055,1.17895,4.21026,10.8016,7.90229,0.145457,0.0286355
0.710494,0.404893,0.295404,1.47454,3.93523,9.49024,16.7997,14.9881,11.9674,7.37014,0.214111,0.0080552,0.47446,0.283022,1.89172,0.821552,0.213865,1.27324,3.47642,5.14548,2.35936,0.664252
0.316421,0.033923,0.943531,0.374141,3.96048,10.6245,6.20628,0.368386,3.91538,3.94602,3.63108,3.69094,50.7034,63.9749,18.7342,0.430071,0.332687,2.3008,8.51738,15.6058,8.39615,1.02318
0.0793716,0.507375,0.66224,1.2639,4.33958,0.200161,11.2453,11.2084,2.51453,1.31211,1.04109,0.958951,38.2393,63.5177,26.1005,0.972528,1.33548,0.02809,4.65819,12.9819,9.2317,0.098667
0.0329291,0.294718,1.42746,1.44851,1.66005,9.08658,12.2818,6.60263,6.00884,4.40524,3.11399,3.72796,17.3846,33.4807,12.688,2.16953,0.3127,0.337441,2.21286,2.72508,0.00875072,0.027591
0.409154,0.378872,0.287264,2.42456,10.5262,8.27155,4.78814,7.35489,0.581697,2.96931,0.496984,3.23933,3.12638,7.65473,1.87887,4.42585,7.72212,11.5008,0.589853,20.1509,16.6724,6.02077
0.734129,0.89051,1.36288,0.468202,3.73507,8.72873,19.6999,11.5152,12.2394,13.9144,1.80717,5.59954,9.34778,12.9657,7.00611,2.50092,7.04594,7.08599,9.79798,30.636,23.2945,0.0345316
0.096337,1.17433,3.27673,1.46058,6.88898,10.5137,4.64018,1.55252,9.42215,11.8962,0.443476,9.32264,19.3875,25.8838,12.5035,0.913039,1.36742,3.0295,0.0139537,6.081,5.87576,4.69119
0.0798928,2.00436,5.97287,2.67448,5.51285,5.62495,20.4184,14.9119,7.8673,3.18341,4.41744,11.6235,24.9402,30.415,11.0007,2.40997,3.95328,3.39872,8.91868,25.1586,19.072,2.74415
0.418977,2.25304,5.46816,5.21514,7.30457,13.3826,14.7968,9.2583,6.3318,4.15135,3.74058,10.319,28.0896,38.4255,15.0017,1.20175,2.19649,6.00768,5.47252,25.2763,18.0005,2.69089
1.00036,1.28499,3.6299,9.44411,18.1091,5.18629,12.4211,7.59176,1.23968,3.72865,4.98816,11.9115,38.3703,48.3349,16.729,1.88745,0.441511,0.100191,3.74687,9.85964,7.08671,0.220811
0.529949,0.0595865,0.152736,4.77755,12.0695,0.253797,17.1771,16.4952,16.9996,14.7177,6.98437,10.6123,30.7686,35.1587,10.5499,0.63692,2.30197,2.04303,0.792074,5.24835,3.64548,0.832768
0.330319,1.30741,2.75166,2.42893,1.06863,4.60915,9.89334,3.01411,5.07693,2.61884,2.97436,6.09179,3.10595,1.72514,1.19065,0.215628,0.793976,1.05676,5.65066,14.9451,10.9288,1.53322
0.100532,2.07364,4.10547,3.96422,7.31593,0.25423,16.2988,13.1216,2.45036,2.06344,2.58678,0.494706,39.0154,51.3371,14.7032,0.60439,2.31544,1.86626,5.77561,12.5034,8.746,0.712523
0.0828805,2.37515,5.36914,3.98985,5.33084,8.9277,6.34778,2.47414,0.442796,0.873304,2.4078,5.59697,18.8776,35.4784,13.1147,0.106982,2.46309,2.05838,3.84183,4.06112,0.739108,0.288482
0.155226,2.24185,5.43649,1.7404,4.30404,0.0791325,6.60199,3.00885,5.25808,5.81663,1.20158,0.311658,1.55115,5.34312,4.94081,0.289808,1.27427,0.391568,1.19818,0.525297,2.38442,0.281689
0.485154,1.31805,4.08582,1.129,10.2616,9.33769,5.31956,3.90872,0.33201,1.42793,0.118848,2.32079,3.53445,2.05237,1.15292,0.193716,0.493335,2.01901,3.17176,0.555855,0.0898145,1.13111
0.0710591,1.07445,2.38352,0.974457,6.2179,3.37163,2.51242,3.50187,4.56371,4.45354,1.891,0.751445,1.01753,1.67311,0.815658,0.236556,2.91178,2.24818,5.29567,10.997,5.60047,1.05259
0.41702,0.41547,0.433641,0.318414,0.463343,4.15877,13.6962,14.595,3.64955,0.620424,1.15531,1.02896,4.76608,9.79425,4.43262,1.07094,0.877443,1.50674,2.78914,12.704,10.0352,2.00603
0.181746,1.0122,2.71991,2.59918,0.330487,3.77026,4.59251,17.1891,11.3426,0.937334,0.994294,2.4742,13.1181,20.3125,8.85147,0.269428,0.226807,1.79201,4.30669,5.91601,4.28102,0.780521
0.42653,1.34249,3.58741,2.62791,0.513246,0.179792,16.3237,34.4289,17.1213,2.10041,1.20921,2.1868,11.9567,19.228,5.35505,2.48713,3.67448,2.80231,3.835,4.73696,2.29374,7.24625
0.235099,1.74413,4.27038,3.16382,2.86834,4.40868,19.9267,33.5318,13.3954,5.05037,1.77075,1.71148,6.20985,12.9916,6.45217,0.307723,3.13983,7.2842,3.83359,7.7841,5.28781,9.17948
0.370928,1.21462,3.89076,3.59281,2.46409,0.701625,12.5948,22.8528,14.7916,6.85592,5.47743,4.40919,3.28697,2.80812,1.64908,0.433372,1.47736,0.654923,1.44616,1.1866,6.57245,7.57625
0.151043,1.3059,2.61721,1.22966,0.917148,0.236951,8.17255,10.991,3.9389,0.822354,0.680135,3.93429,12.7424,11.7736,0.581557,3.28296,2.43676,2.95438,0.316205,1.28307,5.1772,1.0164
0.222753,0.643302,0.897821,0.377551,2.18385,0.10449,6.17223,7.93814,4.69702,0.627939,3.22492,1.77542,5.13598,7.42264,2.62153,0.10586,0.229901,0.839481,4.1612,9.1677,7.04963,0.451871
0.0599773,0.293884,0.00571329,0.751121,1.0078,1.5002,5.42217,9.15162,2.41668,4.33416,2.9809,2.17444,2.30098,4.36596,2.60184,3.0845,4.43695,4.31888,3.76306,0.232696,1.35437,4.35428
0.123807,0.411404,1.77573,1.5485,0.670775,2.51624,7.13321,10.2152,4.26126,2.49737,2.80905,1.7505,7.7932,8.86179,4.2858,0.885661,2.47357,0.595605,0.405381,1.89462,0.690073,0.208944
0.288619,1.03115,2.34487,2.28923,3.13588,4.10872,2.28471,3.90629,6.46811,4.2525,2.59785,0.846937,0.479353,2.05513,1.95667,0.18902,1.10515,0.0813598,0.85766,4.35201,3.47587,4.88279
0.100084,0.631682,1.08126,1.61227,2.67259,2.07826,0.831409,2.97548,7.07018,6.41628,2.91954,2.20726,0.263002,0.586861,4.07896,4.1005,1.94854,2.73396,2.70753,7.51796,1.39617,15.3259
0.27179,0.32056,0.395369,1.45025,1.72164,0.89342,0.956742,3.5566,1.37121,0.179009,1.41932,3.65048,8.46585,9.7422,4.75524,1.49935,1.38798,2.25849,0.383453,2.88078,2.28572,0.8673
0.144302,0.402181,1.22989,0.56044,1.97424,1.22098,0.974207,1.91381,2.06481,1.04505,3.00882,0.303654,5.73749,6.84859,3.02997,0.313444,1.92223,0.579369,0.267289,4.6472,2.8241,1.96736
0.0972587,0.173651,1.39378,2.56381,2.22271,3.96315,6.09342,3.7041,3.76569,5.64489,4.8404,5.61591,4.13308,0.195346,0.516666,0.406753,2.91106,5.09993,0.856149,5.73305,2.84162,3.45005
0.235313,0.180964,0.633325,0.970724,0.334761,1.59087,5.73215,6.91477,1.66649,1.83899,0.733153,2.02136,2.47698,2.40542,2.06208,1.16757,8.02895,10.9607,2.69104,4.06809,4.29142,2.97045
0.0567085,0.774092,2.76479,4.30559,19.3509,19.3189,7.43697,1.18832,0.213074,1.66958,1.75851,10.008,13.1331,11.3305,6.73815,3.02505,7.39907,11.569,4.52629,3.13569,5.38463,4.79998
0.510503,0.737702,3.79898,2.79324,12.6009,3.83567,6.19767,6.34317,13.1755,5.51331,21.1697,24.1609,7.58112,0.727312,1.12857,1.94791,3.62326,1.98077,6.86707,15.2089,11.24,5.2606
0.177107,0.434108,1.55889,0.57507,7.97278,12.3583,8.53484,1.6622,11.0834,39.2668,43.5056,10.5231,0.767405,7.36227,2.20768,0.135235,3.88004,5.83155,0.689827,6.14767,20.4273,10.3617
0.379375,1.49988,5.58053,2.0589,7.63353,6.26279,2.70516,1.77166,2.44011,19.8507,44.3703,32.6539,3.39182,4.91008,1.91181,1.08912,4.51283,2.85837,2.47607,36.0561,73.2447,42.053
0.28658,2.2489,6.20624,4.6746,2.59216,4.92985,6.35019,5.29024,0.0508387,10.5491,25.8764,9.50725,1.84231,4.92474,3.09671,0.133404,0.970962,0.358391,0.449188,35.4745,76.7401,43.7671
0.110523,2.32904,4.38534,3.14473,4.57625,3.83991,0.63838,0.826535,3.05996,17.8227,30.2571,18.0939,0.369484,4.24119,1.19828,0.982286,2.1547,3.05963,2.13367,29.0187,64.6015,31.9147
0.159126,0.711859,1.86854,1.23413,0.114519,1.62252,1.649,0.00290522,1.1589,11.8872,22.5919,6.2527,1.15605,3.48323,1.52774,1.35172,3.77171,6.27333,0.402133,51.3958,82.1563,32.6394
0.144033,0.588444,0.559913,2.30269,5.2663,1.71019,2.52779,0.904523,2.96339,13.4964,27.956,15.3947,1.35494,1.92985,1.43421,1.74224,1.0365,3.58827,0.150816,60.7396,90.5262,30.435
0.0656443,1.65658,3.90435,7.04045,10.237,6.44629,0.82846,1.28163,1.82857,10.8718,17.3834,4.19496,0.194316,2.53107,1.28366,0.605845,0.538988,2.89605,7.40209,36.9802,36.2555,8.07757
0.288866,1.86146,4.55287,5.38176,6.82773,5.38306,2.62563,2.8779,2.67689,0.4084,2.29798,1.11511,0.509805,1.78049,1.73292,2.15456,0.996097,0.154902,23.836,87.6829,84.2862,18.628
0.502067,2.4399,4.94442,4.43203,2.99948,0.0149432,2.95417,2.02584,1.35647,7.76935,10.7728,5.58531,4.77086,6.09444,2.11231,0.990503,2.01417,5.51117,7.22836,33.0065,59.949,19.5212
0.116858,1.61499,4.13987,3.89582,1.39558,1.58747,3.05231,2.00837,1.58498,5.76746,12.8346,4.61721,5.97506,7.72756,3.7382,0.791496,0.335366,1.14366,0.148192,21.3445,36.2117,16.2854
0.00247803,1.04112,1.81843,0.125351,0.416624,1.02879,1.56647,1.45006,0.395413,7.9161,17.108,9.77611,3.58349,4.49826,1.86906,0.122357,1.21479,1.47512,2.54022,1.76453,8.47996,3.2319
0.217581,0.542043,0.563855,0.316381,0.587831,0.869268,1.77248,0.730087,0.874925,10.7623,18.5362,8.8942,0.333826,0.218175,0.313045,0.177931,0.971328,0.240635,1.43892,3.67025,7.7927,2.74796
0.177161,0.052111,0.126235,0.104564,1.37727,2.49662,1.46006,1.57382,4.23036,3.97725,17.7872,12.3069,1.03926,1.16947,0.735941,1.17912,4.06927,4.57428,2.55616,15.2603,18.0143,8.80764
0.0798977,0.216637,1.16419,2.44975,2.87532,1.93884,0.685495,0.22471,2.38485,11.6362,17.7278,8.16977,1.68614,1.91241,0.264995,0.873224,0.311685,1.61007,1.13516,8.50542,11.762,8.03175
0.142387,0.132038,0.648746,0.329009,0.989469,2.48358,2.29486,1.66592,1.7911,7.41628,15.9571,11.0163,0.113132,2.82291,1.34852,1.13572,1.43448,0.954693,3.30903,9.4432,27.6294,15.7461
0.0128522,0.0603355,0.215899,1.12543,1.44662,1.12519,0.795093,1.06435,1.68498,7.08047,11.1794,3.6842,0.423424,2.40451,2.12534,1.8783,2.69203,0.366995,1.5804,24.529,50.1759,27.7199
0.317732,0.0289716,0.347038,1.31073,1.12119,0.86386,0.193332,0.157945,1.18878,7.38161,16.401,7.4126,1.00196,0.169198,0.426425,0.343224,1.17084,0.226157,0.962264,23.8901,43.2219,19.4491
0.301452,0.511722,1.66826,2.80037,2.11728,0.840698,0.590713,1.88886,5.12564,8.09011,21.1243,9.4424,1.27983,0.656933,0.962219,2.19145,0.41765,3.50378,5.63945,1.49988,16.7481,11.4473
0.0472796,0.45716,0.730433,0.139761,1.22839,2.81444,1.30226,2.00644,4.33391,8.99883,23.5809,11.7839,0.492573,2.15941,0.86037,1.46677,2.41664,5.49364,1.58644,2.47397,2.58583,1.14513
0.273455,0.0237531,0.031221,0.10341,0.302048,0.16596,0.803066,1.17565,2.06405,12.8725,23.8808,13.6257,0.479996,1.5061,1.18481,0.168331,5.28746,4.78133,2.35132,7.62466,6.88856,4.15771
0.484164,0.469511,0.224894,1.89654,1.09817,1.19975,0.414106,2.98345,5.43514,12.6442,19.3116,9.53471,0.601498,0.859679,0.347394,0.577995,1.31283,2.83575,0.397661,2.01754,15.5391,12.2094
0.375879,0.529758,1.79195,3.44556,2.55081,1.26119,3.55694,2.33989,0.784659,5.78778,14.5286,11.3463,3.68572,2.32035,0.141976,0.171924,3.1282,4.42138,1.89969,21.4067,50.0271,30.5984
0.263562,0.782437,0.945919,0.642484,1.3167,1.47964,0.534704,0.334683,0.105396,4.89267,7.55893,3.0369,0.139052,1.18307,1.46788,1.31814,6.31561,6.81452,1.31916,29.7658,68.1463,41.1711
0.224225,0.32861,0.858091,0.032101,0.317021,0.260214,0.860602,0.417392,5.78084,7.31933,5.70709,3.16616,0.444373,0.369772,0.612953,0.417369,2.04159,3.45995,0.0302699,22.562,55.8954,31.4484
0.140901,0.371763,1.33724,1.38732,0.570029,1.56184,0.757873,0.692302,1.24048,0.417817,7.22525,3.3002,1.94722,0.541226,0.181335,0.435247,2.62325,3.36231,0.349407,17.4716,40.4449,22.1088
0.0114716,0.0811626,0.185622,1.24123,2.31001,2.78712,2.05678,1.40527,0.666715,9.69643,16.0205,9.10699,0.462656,1.08256,0.095939,0.140973,0.231393,0.0641417,0.86134,14.3938,28.1758,14.7378
0.140345,0.710156,2.06881,0.5778,5.13983,7.43847,4.37678,0.956329,7.16262,1.83883,12.1933,0.565111,7.45805,3.66019,0.592548,1.54303,0.477414,1.28983,0.994014,10.218,22.3981,7.81383
0.21233,0.400308,1.76954,0.790247,1.44302,1.0703,0.914712,0.265128,3.033,1.84177,11.4414,9.95695,5.75872,5.58319,2.49854,1.57822,6.80301,9.25713,1.90288,25.5549,39.0127,13.6914
0.338126,0.677444,1.28531,2.30575,10.6987,12.1486,6.2494,0.615717,10.0056,9.21009,0.281511,0.675257,0.22942,3.19354,2.21931,0.725871,2.19412,0.109367,0.685326,28.3223,41.8885,15.1286
0.2325,1.18634,3.55873,0.432453,9.48109,7.0245,1.32988,0.312818,1.99875,10.2964,19.9427,9.47086,0.101685,2.19866,1.33355,0.598717,3.10956,3.32368,3.66979,17.767,19.5822,3.39895
0.426831,1.87293,3.82099,2.15233,1.0256,3.92716,4.26131,3.67367,3.74288,13.0221,25.4413,8.50357,1.38444,2.42075,1.1266,0.985954,3.5622,3.2454,2.17274,3.81763,14.4121,6.59385
0.200281,1.59097,3.37038,6.26438,10.3563,6.22167,0.208258,3.6014,4.94921,16.7398,31.2803,12.3041,1.37725,0.325433,0.686481,1.33896,1.0947,2.98355,3.09843,37.3744,48.24,14.7447
0.256432,1.05552,1.38917,3.93536,9.26934,5.54574,2.35748,2.04001,2.28482,18.5037,27.1895,10.5292,1.83506,2.69382,1.11848,0.371637,0.679524,1.23984,5.2367,24.258,28.6837,11.7468
0.424381,0.406936,0.0586738,1.63446,4.78859,3.92099,1.31259,2.46125,9.57036,7.58718,0.739813,0.933375,2.60888,3.74007,2.46267,0.731671,0.232848,3.97214,10.3508,30.6411,15.2968,1.91692
0.567031,0.404246,0.667512,1.48982,1.17626,1.51983,0.0577678,1.93052,1.79078,25.8903,27.002,3.53502,1.92131,0.00339922,1.13383,1.42978,3.97782,6.08597,17.4852,48.3214,33.5518,4.88248
0.767856,0.550095,2.81388,3.57506,3.74066,3.72372,2.68234,0.319681,0.105783,4.11429,1.65276,3.58806,1.54804,1.14933,0.808743,0.349346,1.37561,4.22122,33.2049,40.2637,8.4605,1.10352
0.334014,1.12501,2.55085,1.54042,0.480053,0.144228,1.57954,0.765269,5.37895,21.8747,19.865,4.16059,0.312237,0.209235,0.435409,0.643954,2.50083,3.2547,3.55413,3.45698,3.62777,2.03922
0.349627,1.20692,2.49126,0.0966292,1.39474,0.431088,0.162977,2.49821,17.9386,26.6544,10.8239,0.474221,0.837704,0.647593,0.147535,0.122965,1.78048,8.95417,14.4186,5.60961,2.14979,0.538409
0.317815,1.03933,3.89101,3.63039,0.427732,0.0519377,0.387087,0.912547,6.0576,5.40398,1.57772,0.359425,0.937601,0.623148,0.0437688,2.86909,1.84016,19.574,12.6979,3.25552,2.12751,2.0504
0.344584,1.12314,1.93963,1.09309,3.5008,2.13533,1.40998,9.09557,29.8262,26.7615,10.4151,5.52805,2.37171,1.12955,0.141112,0.199619,14.999,13.2065,13.0026,17.2615,5.0876,2.70933
0.22099,0.920309,2.15859,0.758769,1.06047,1.26907,0.278379,9.6596,16.9316,9.44076,2.38684,1.50199,0.620349,2.93238,4.06936,0.648814,0.0111668,8.35945,5.64428,2.992,2.03901,0.627776
0.260494,0.468231,2.1874,2.93956,2.18255,1.60949,2.75038,13.096,16.4045,6.55944,6.58758,6.66336,0.883268,3.54477,6.22387,22.9185,29.4297,12.708,2.85909,3.64372,2.36738,2.04737
0.0831916,0.508119,0.245378,1.96263,0.914077,2.56618,3.03157,12.8221,24.3815,19.5805,8.31528,0.0530355,0.612193,2.94842,1.80144,13.7521,22.1657,7.30359,0.963036,4.74895,9.59301,3.92304
0.266887,0.228188,0.250125,0.364077,0.0314523,0.403002,1.14165,13.6002,19.1813,6.38226,3.71202,7.38893,5.03901,3.0635,1.50482,5.63272,10.272,4.72063,3.59041,10.3633,11.1883,1.66353
0.0436088,0.443532,0.0913833,1.65946,0.820873,1.49351,1.76874,13.0732,30.7337,20.1513,4.03989,0.600503,1.1282,4.07349,4.0294,6.33278,13.9488,9.41265,0.734506,4.21583,7.77436,4.56266
0.156623,0.275901,2.17742,4.19974,3.3091,0.90516,1.07946,14.1549,25.2692,13.6105,2.30535,0.477828,0.823882,2.6759,3.53122,2.28548,9.15256,6.36648,1.2171,3.76283,2.2656,0.537321
0.401293,0.87924,1.01693,0.236347,1.78035,1.88417,0.590241,8.94067,12.7914,0.379969,4.66626,1.24519,0.904433,0.929129,1.02868,2.94587,2.98412,1.06584,4.25581,1.34288,4.9423,1.508
0.199024,0.378577,0.244226,1.13769,1.53394,0.937069,2.46298,6.3813,20.0092,16.8024,5.42576,3.45192,2.84516,0.954002,1.888,0.330524,0.803044,0.348633,3.14129,9.31396,9.87921,3.11174
0.662636,0.640217,0.781599,2.89019,2.32304,1.15448,0.209844,4.13491,0.52351,7.31167,5.7575,3.0926,1.32203,0.650847,0.340902,4.88572,8.66422,5.75313,2.56637,3.5075,4.17288,2.2228
0.11737,0.142153,1.47071,2.71781,1.43153,1.45379,1.63154,0.460861,4.12592,7.03472,5.86592,4.34215,0.639231,1.38284,0.182201,7.5982,14.4788,7.51343,1.35812,3.43453,3.34403,1.21731
0.0282013,0.425468,1.19282,0.187973,1.22205,0.735394,1.03934,3.21719,4.10292,0.127106,1.47548,2.79612,2.69301,1.28323,0.0262154,7.20975,8.42851,2.28534,6.28557,1.41976,2.15851,2.24566
0.125499,0.560281,0.622588,1.50187,2.57183,2.5366,1.82496,0.947742,1.19961,5.42692,0.0139902,4.98169,2.82839,2.00872,1.16153,3.32943,7.00374,1.33263,4.71051,3.73527,1.72125,0.664178
0.2312,0.527353,1.94515,3.96488,3.21101,0.88652,0.0444535,6.28028,18.7538,16.032,0.655349,5.32694,3.69908,1.59089,1.04398,1.36981,3.91169,6.90577,1.04126,7.41458,5.08972,1.16264
0.0866707,0.103445,0.120418,0.371398,1.05928,2.94156,2.47623,9.16511,13.7003,2.5406,0.934081,6.73086,3.01425,0.528519,1.14243,7.32108,13.0312,5.37112,1.84602,1.9624,1.64335,0.665654
0.841733,0.249938,0.568172,0.00117238,5.75145,7.71452,5.97321,4.66523,27.8296,27.5833,3.17602,10.5523,4.99461,3.19414,3.37822,7.33195,26.3689,22.5798,3.25163,3.63073,4.63515,3.77973
1.08903,2.55528,2.77223,0.232312,3.09062,10.1929,9.40513,0.175785,3.68323,2.19128,6.06308,15.3135,4.29023,4.54584,1.76483,5.50841,10.985,2.87977,3.36601,4.12511,7.00696,4.73589
0.521766,2.73039,6.54822,1.03051,12.3454,13.5761,6.57149,4.49001,1.69706,1.5883,1.1134,9.02347,6.02296,0.803916,0.510983,1.21224,1.57347,0.380284,0.780173,6.87446,12.1628,5.77974
0.541048,2.66106,8.35223,2.16465,13.3621,18.0139,9.93362,2.95309,9.44636,17.3566,15.5852,11.7489,7.30342,4.76873,1.49476,4.28528,19.0329,19.8246,6.79604,7.65037,13.1374,5.18612
0.359459,2.56547,5.97443,1.90743,0.624269,2.49006,3.41629,2.39191,4.20198,2.60039,2.38819,0.795181,0.428302,0.326508,1.5392,7.16158,22.8481,17.0634,2.62873,5.43105,7.88267,0.554497
0.22503,1.25773,3.28347,4.06256,8.94579,15.8098,11.4989,6.08023,3.07088,7.27136,11.2415,5.42739,1.69215,1.50134,1.1406,2.29596,8.37747,6.77054,1.03167,0.0194017,2.08232,1.26978
0.868131,0.0713795,2.04191,4.14742,4.92225,0.833315,0.735729,8.75752,29.3861,23.9214,2.00469,1.27553,0.41605,0.861559,0.429798,3.50058,32.2127,42.5372,15.5951,4.3949,5.56723,2.0848
0.318325,2.80406,5.98615,9.50274,17.9682,18.3417,8.0473,3.62155,14.504,12.8335,3.28225,0.364193,0.226775,1.40613,2.17883,7.00682,5.62628,18.1234,26.0132,5.66458,5.24056,1.64866
0.00963441,3.66449,7.54798,8.71946,13.5908,10.876,0.161203,1.22969,11.9142,16.6774,5.3699,0.288184,1.22885,1.93236,2.54223,1.36377,6.58525,1.75457,12.9618,4.27042,6.31723,3.02685
0.0346572,2.92337,7.45585,6.61389,1.23795,4.85091,5.72111,0.710938,3.18621,4.21842,3.57343,1.21692,1.58943,1.89506,0.0952741,2.6902,5.74794,0.196728,2.64934,2.74825,3.78896,0.460925
1.14244,2.44992,5.12382,1.49653,7.4873,7.185,0.00703099,2.15154,1.06541,3.2855,0.112179,2.4156,1.02688,0.255091,3.0956,6.1387,5.52918,2.26701,1.30331,3.37291,2.05133,0.000545889
0.270715,0.554659,0.595268,3.84522,8.51272,3.0178,1.6225,2.14556,5.43817,3.62412,0.285263,0.94712,1.39863,1.81722,2.41228,1.37509,0.761249,0.857803,1.78452,0.431607,0.417972,1.28269
0.334182,1.25299,2.55952,2.63217,1.98032,0.337193,2.81788,0.726568,0.498913,5.32743,8.37865,5.26033,3.274,1.73902,0.409523,1.39326,3.19905,5.61545,4.68499,1.20981,0.915901,0.259418
0.0907982,1.4393,3.69062,1.46457,2.02499,0.521934,0.820386,1.02013,2.12026,3.86882,0.0531107,0.601685,1.02177,0.0961644,0.765406,0.0671967,1.13977,0.64379,0.406199,2.19894,3.1875,0.686554
0.656748,1.87974,4.20089,2.88436,0.324168,0.886545,4.44246,0.904552,12.5021,18.4022,11.9339,5.67529,1.88422,0.934442,0.892686,2.19672,5.67915,4.72864,1.7664,0.302284,1.3712,1.38434
0.502197,1.58745,2.60413,0.745458,0.485365,0.381426,1.97416,2.69668,0.0393665,0.134856,2.11188,0.315134,1.07705,0.396762,0.749833,0.268122,3.84096,6.37827,4.46756,1.36137,0.520558,0.546498
0.15066,0.716196,1.33254,0.377502,0.280256,1.44054,1.64359,2.69239,3.83993,1.26597,3.27873,3.61956,3.15517,0.0776653,1.06,1.35182,3.1284,1.5019,0.58424,5.67806,5.87744,2.57061
0.290748,0.708255,1.35533,0.795727,0.0359343,2.32728,5.28935,7.85835,13.8481,15.0852,6.42599,2.08521,4.8022,4.46526,1.78276,2.52939,6.68402,8.61133,3.46637,1.76463,0.377359,3.99786
0.316077,0.481167,0.00647816,2.20639,3.09814,1.10857,2.97981,1.03727,3.94995,7.18388,8.20119,5.66072,1.22063,1.79359,1.4068,0.268279,3.40981,5.58824,0.439638,2.30815,1.06381,2.01491
0.233691,0.684101,1.41978,1.1785,0.116829,1.54266,2.29684,3.09319,9.69999,9.24318,0.273626,1.7889,6.16662,2.02405,3.54626,3.44463,4.19589,5.16407,1.87176,0.631665,0.222361,1.42521
0.321521,0.782752,2.07925,1.84827,1.14307,1.95419,4.14388,2.24994,3.53207,10.0898,8.41635,3.66144,2.21284,2.27719,1.0653,3.1456,5.09701,2.44554,1.50875,2.92802,0.730558,0.0648756
0.128172,1.05698,2.28792,0.782855,0.711552,1.3222,0.27307,0.161517,5.35545,7.87059,1.03297,1.50163,2.30606,1.04962,0.42937,1.26105,7.0627,7.96433,2.3408,1.65854,2.79224,1.04824
0.244986,0.546193,2.39787,1.72437,1.4059,1.27382,0.343405,2.32167,8.44756,9.52214,7.07357,5.57865,4.44585,1.55817,3.1144,3.03028,5.48277,10.6504,6.7795,4.90113,1.93436,1.60022
0.17981,0.0471282,0.224973,0.020444,0.469989,0.201127,2.04138,8.11883,10.7467,3.26615,1.33596,0.146846,5.46217,5.99769,4.29266,1.05191,0.964031,3.69628,0.225116,0.498719,2.23981,1.62618
0.0109195,0.339852,1.17235,0.0113773,2.2868,2.64888,1.2844,6.51011,19.8633,19.5486,7.47363,1.74315,8.6387,8.85576,4.69698,1.12079,2.27164,9.00577,10.9482,3.14027,2.66798,5.6032
0.0154433,0.889183,2.37402,1.52453,0.274051,0.380732,0.887831,0.762351,1.2735,7.92992,12.2784,9.15689,8.73056,6.61158,0.353134,2.5882,0.642298,4.20057,2.56962,0.111277,2.21348,2.0337
0.109619,1.07571,2.32954,1.40584,0.928821,1.29438,0.566066,0.38353,17.476,29.0386,10.9958,0.459265,1.63116,1.88839,1.08602,1.42718,6.15306,17.4925,7.436,4.18169,2.13326,0.679761
0.232537,0.635942,1.14267,0.666464,0.469275,1.60528,0.404686,1.85089,27.8464,46.0471,20.6931,1.66743,3.28671,2.03087,0.778432,2.40394,7.38869,35.7706,48.6609,15.8663,3.6153,2.3644
0.180441,0.00660573,0.436432,1.2792,0.641033,0.106591,1.88465,2.41234,18.7205,33.8945,15.1522,1.21667,3.79446,5.52935,1.19023,7.98675,1.73837,65.487,87.6203,32.6072,0.808187,1.97522
0.186611,1.18483,2.03228,0.590363,2.77063,2.04246,5.01167,5.56046,16.1314,17.7937,9.113,8.29949,2.33563,6.00108,1.18226,0.907508,56.061,87.6106,28.6054,3.46153,3.87371,3.47972
0.0596871,2.36055,6.61094,2.22291,8.35914,6.62264,0.341938,5.75433,9.7916,4.32766,5.16518,9.26539,3.69295,3.11056,21.4893,25.7833,19.8235,28.2363,12.3151,2.82371,1.0284,2.46298
0.0868917,3.1348,7.57014,6.06676,2.11948,1.6778,2.87443,5.34555,10.4894,8.05099,1.84972,9.06238,6.26667,11.519,70.3516,100.499,40.6188,3.07162,0.99214,0.66359,3.09428,1.14978
0.134251,2.75582,5.97858,11.0663,17.5987,9.38478,3.94896,11.6347,9.79158,1.57251,1.53997,9.16086,5.41504,0.512753,25.6532,44.0508,13.3387,8.25845,2.32014,0.0296041,1.37727,2.33903
0.331832,1.24703,1.68111,6.30368,17.3399,13.9545,3.73833,7.52979,3.39584,6.86284,0.462264,7.26966,2.23461,0.17474,3.25431,4.6413,8.77371,9.62858,5.04148,2.46103,0.857966,2.10104
0.193141,1.401,3.48224,1.93041,2.3291,3.96386,3.81932,9.54286,15.5164,10.1239,1.33829,7.18953,3.51144,1.41227,11.593,19.5322,12.1966,4.29988,1.93701,0.536082,0.557183,0.0536745
0.184625,2.70335,6.01371,4.79801,8.48369,9.0211,3.38111,5.3266,3.78133,0.232636,1.93615,5.28177,3.73899,0.150029,5.96465,12.6661,1.78628,6.11532,2.73619,1.36694,0.20147,1.41317
0.263561,2.8874,7.74889,7.38295,7.70602,7.93508,5.20142,6.11017,2.47238,3.24591,0.679532,4.68779,2.56823,1.21434,6.80128,15.5079,11.1926,0.909912,0.453828,0.0673688,0.155046,0.142022
0.0681378,2.46836,6.04521,3.36513,3.41529,4.17574,1.83994,7.60667,9.99477,4.223,3.988,3.92991,0.104683,0.808059,5.00733,1.81872,1.68179,0.391184,0.0966424,0.417918,0.928248,1.66126
0.0986814,1.13728,2.3188,1.16951,7.73526,7.38251,3.32765,7.70342,11.5762,5.40076,0.991906,3.94974,1.72086,3.62294,4.86949,39.1413,34.9543,2.20562,1.89949,0.280788,2.51581,0.897742
0.0470759,0.547094,0.7873,0.153459,0.287571,0.0154614,0.651932,0.42667,3.78165,2.71679,3.44465,7.06203,4.51311,5.34859,6.88513,54.3781,56.0974,9.9147,1.03818,3.69355,2.91804,3.72389
0.124474,1.15617,3.70908,1.45527,3.98552,3.16347,0.232607,5.59783,14.7973,11.665,3.59908,1.26315,0.94743,0.158015,13.6837,50.6645,50.0225,14.1345,1.35121,1.40967,1.17811,2.72662
0.535362,2.04592,4.82282,1.62135,4.58958,2.75059,0.440461,6.17287,7.88879,2.07704,5.41343,2.09123,1.02937,0.320655,16.5649,54.3181,54.0192,18.4719,5.05345,3.56545,2.27073,0.686154
0.102681,1.53948,3.2707,0.254903,4.38897,3.76283,1.93621,9.77788,19.6271,11.9969,1.4359,1.54737,0.0664176,0.878769,1.44738,44.7507,83.8753,43.0139,8.89423,5.90088,2.9829,2.16413
0.334947,0.946147,2.67519,1.79667,0.167378,0.651229,1.56075,10.875,14.4639,2.47447,4.25377,3.2363,1.44663,0.687582,2.98158,52.1827,83.1117,29.3283,4.2181,0.730354,1.50503,0.508229
0.026388,0.754581,1.54227,0.836102,0.641747,2.06061,2.50126,5.63482,15.2151,8.44736,0.328903,1.96825,2.31909,1.0024,5.38432,45.5586,85.7089,45.3245,0.4196,2.76078,0.880648,1.19466
0.208364,0.593273,0.40909,1.00604,1.22576,0.0187905,0.967661,3.934,11.1379,6.03331,2.48219,3.08202,0.095898,1.20499,0.0392522,28.1441,79.4726,54.8871,3.22716,1.7232,3.07581,1.00515
0.210153,0.469166,0.788389,0.9692,0.252945,1.68299,1.5178,3.29841,6.97921,2.67326,0.191793,2.21099,2.3205,0.718549,2.7276,23.0128,54.2281,32.6827,3.38857,3.38584,1.17361,0.591564
0.0999864,0.387936,0.992362,0.758829,0.42384,0.304526,0.936615,2.62469,7.15398,6.42843,0.722291,3.36053,2.2176,1.52517,0.498406,5.08731,14.4609,14.1508,1.91904,2.79305,2.33778,4.5482
0.159486,0.832642,1.25028,0.105066,0.0167754,2.06154,1.85488,2.51932,8.42882,9.17243,1.57542,3.73416,1.22549,0.538206,3.62532,6.13993,51.1598,47.195,4.57068,1.05714,0.334652,4.08078
0.0299293,0.62636,2.12539,2.37007,1.15887,0.838099,0.452144,5.71464,11.4953,3.96952,0.0798359,3.61488,2.95094,1.99672,0.800552,13.5158,37.8289,35.2831,11.3123,0.455102,0.498157,4.26186
0.114747,0.393945,1.08224,0.512561,1.11219,2.47579,2.31326,8.677,21.7425,13.2022,1.95734,4.21023,1.59606,1.05132,1.3179,18.097,50.0185,38.8486,5.50963,1.5291,1.38708,1.16562
0.284814,0.501749,0.365513,0.330255,0.985985,0.965865,0.849167,9.55295,21.386,10.6201,0.346799,3.98574,1.16567,0.785506,3.99288,19.4731,70.04,51.7987,5.20556,0.957231,2.73509,3.1877
0.296807,0.0265886,0.0859491,0.989987,1.74335,2.57297,1.34963,7.44013,19.0984,11.8503,2.75234,5.16712,1.63617,1.937,4.13134,18.3663,69.5979,56.3715,11.7764,1.98594,1.15525,1.66641
0.336018,0.282859,1.63385,1.67023,0.170261,1.37028,0.316295,4.28426,10.9562,6.42211,1.61179,3.44796,1.07197,0.978471,7.96776,32.9399,39.1525,13.2301,0.251967,0.72801,0.294604,1.05921
0.0487835,0.728117,1.8418,1.24179,0.50683,1.9007,2.03363,0.962331,0.665485,2.96238,4.28333,4.65994,2.11433,0.93149,2.59949,3.93333,3.81577,5.73358,2.50261,0.589254,1.05664,0.0367084
0.22101,0.809032,1.00475,0.370912,0.0641859,1.62412,1.08572,2.1644,5.151,4.73475,5.35881,5.34266,2.1925,0.319756,1.36888,5.79889,4.38576,8.43891,6.06037,0.367902,0.782623,0.488386
0.0155211,0.192113,1.33284,2.27133,0.0618813,1.10342,0.540541,7.73244,7.45015,0.327788,0.533009,5.53367,6.66979,2.13239,7.01874,30.8498,29.3826,5.58891,0.11991,0.615174,1.45464,1.21113
0.586597,0.114703,0.769638,3.24074,5.75584,0.0349956,10.195,22.1952,18.7373,4.27765,4.21686,11.196,7.09487,3.22882,2.70978,3.08772,3.78556,12.8514,9.42225,2.93265,0.28596,0.046581
0.430154,2.06485,5.5579,2.97161,15.3907,7.27375,2.33286,17.0988,14.7072,0.41175,1.82409,4.83002,0.26295,4.43238,3.04273,0.56196,1.12141,5.97668,5.05511,0.615108,0.996166,10.9272
1.06946,2.38931,6.58699,0.893208,10.1762,7.76495,7.86932,18.4402,21.5078,11.009,1.77776,0.369478,2.63591,5.14735,15.6736,21.7676,10.6598,0.0428643,1.94249,1.45464,0.102728,25.3883
0.570306,2.25689,5.74578,5.90141,5.75771,1.81062,2.25549,23.2138,21.5068,7.10056,1.36575,0.557594,0.964629,6.27005,29.7359,31.5449,2.64476,13.2177,2.16723,0.6104,1.00063,33.1459
0.40602,0.818606,2.79469,9.11501,16.465,10.9981,1.97437,12.0502,13.4965,7.14341,3.17303,3.73714,3.77806,3.77233,11.359,14.6181,5.715,0.621581,2.78097,1.47917,4.19402,39.9758
0.230429,1.0374,2.03382,1.84906,7.62461,9.48004,0.501106,16.4056,16.3049,4.38629,0.70853,0.751769,0.748524,5.99831,18.1072,4.13058,16.5975,9.59998,0.0537523,1.37873,2.23045,24.1255
0.169866,2.1001,4.55287,5.88588,9.28265,5.32235,12.9527,28.8658,20.1151,4.17226,1.05744,0.314969,0.670431,3.23116,14.1027,12.8256,3.60688,3.63971,3.68931,0.855549,7.5452,31.1471
0.500473,2.14852,6.06979,9.80669,14.7008,8.12196,7.39838,18.5481,9.45685,2.01486,1.07998,1.77634,1.24082,4.48406,24.5913,29.2518,12.6755,3.03872,0.60104,0.875598,7.72873,38.7372
0.421083,1.93947,6.24647,6.85092,1.9643,0.124505,0.738523,6.94769,8.08349,2.60295,0.238294,2.18631,2.25085,4.63825,13.1819,11.532,5.12397,4.578,3.06308,0.0689262,2.40777,17.7471
0.00335048,1.52706,3.10243,2.5201,7.82254,3.2894,9.22688,2.59042,7.36425,2.45823,0.414809,1.17337,1.5751,4.73295,15.8232,14.3459,8.61394,3.82522,3.83776,0.031447,5.58088,42.882
0.552619,1.14124,1.08336,2.20758,1.49738,6.00723,14.2325,16.6044,6.33254,1.65375,1.25714,4.52844,1.60331,2.91029,17.3266,21.3236,10.8522,1.17139,4.59847,2.36452,0.772126,10.3868
0.917159,0.652335,0.369442,2.24457,3.38335,5.30169,20.7018,32.0348,19.9263,0.724404,1.23245,5.1644,1.51421,2.83913,19.7817,22.1251,0.681622,6.36793,1.17408,0.273909,3.40981,19.0351
0.0629865,0.0959931,1.31345,1.67185,3.96716,15.0861,11.5673,6.87137,4.00882,5.7504,1.91047,3.40969,3.97242,0.688301,10.2494,9.44404,0.387672,0.453812,1.1495,0.0372488,0.205668,16.3547
0.313424,0.243397,0.982844,2.3162,5.41988,3.24223,7.68033,13.9738,7.57566,1.54581,0.121754,1.31608,2.56177,2.39057,29.5896,32.6242,0.572146,9.00729,2.04978,1.75838,0.0148325,19.933
0.283256,0.000901725,0.339366,1.19063,4.15684,16.2722,7.57252,24.1201,24.3006,7.6245,4.48012,3.55801,0.9592,1.61294,13.4564,24.0548,19.2141,9.31556,3.67956,1.24485,0.481059,15.9547
0.267643,0.241905,0.438932,0.726297,6.72937,12.8417,14.3128,18.129,14.8233,3.04054,0.910879,4.60998,4.01328,1.85323,16.4723,19.3476,7.272,0.642817,1.35772,1.02095,1.1277,11.5356
0.413146,0.33897,0.990013,0.954564,0.0106096,7.74551,4.2921,14.9569,15.9992,4.07866,4.81693,8.78637,5.60738,0.351004,17.9304,25.1641,9.65284,5.72182,6.36361,2.81234,1.06972,12.7873
0.602251,0.926446,1.58415,0.431784,8.79091,20.9096,28.747,33.6352,22.6606,8.16926,2.18817,5.32456,4.81057,0.188301,12.886,22.8069,5.98778,8.77074,6.03928,2.50518,2.14143,13.0801
0.211741,0.193576,0.230047,1.95636,4.68255,1.87883,3.73994,9.22701,13.2689,8.77928,1.18048,4.99469,1.08262,2.2851,6.80488,9.78862,2.61359,0.693414,1.77684,0.506718,0.313665,6.32028
0.056193,0.480087,0.895541,0.210894,7.44407,19.9353,26.8133,32.1906,20.0592,4.156,6.48931,0.126932,1.21206,1.48127,6.24147,6.24286,4.07348,2.75217,0.213755,0.885428,0.57585,4.22152
0.0351608,0.614484,1.30177,1.8295,8.41912,12.3256,1.47078,15.8608,9.21427,4.5672,3.25309,2.33294,2.06197,0.62448,6.67265,9.07685,3.68706,9.248,2.4892,0.453204,2.08474,12.8816
0.315039,0.320194,1.80917,1.39482,4.75559,12.9298,16.1569,24.7721,27.6199,12.1161,5.30298,8.89103,5.66788,1.79496,0.942857,9.55346,8.19441,4.06586,3.81187,2.03096,3.09159,8.4757
0.266193,0.331386,1.16669,1.97174,9.07888,19.8176,11.4407,7.29817,9.23205,2.97655,3.60579,9.37465,6.16028,2.41324,6.44159,20.1014,16.1047,4.81073,2.04175,2.54148,1.00679,3.54116
0.130471,0.162337,0.30913,1.12133,2.82965,2.92337,4.35174,20.3614,22.685,3.71569,4.82518,5.90613,2.97047,0.265802,13.5037,29.0091,18.1526,5.27455,4.36835,2.74806,1.27193,4.98641
0.0383236,0.591842,0.752993,0.583322,8.20921,22.5217,17.8102,1.41169,4.18877,0.985878,1.64185,0.0822782,1.28297,5.5922,16.7862,18.6975,2.19608,8.59922,6.09846,2.53065,0.209581,0.118436
0.157336,0.645162,1.3077,0.269197,0.274712,8.0897,5.33397,10.9502,6.34365,5.03857,1.28862,2.29232,0.783201,2.53683,3.72027,4.04482,11.2442,0.888652,2.12012,0.554526,3.16486,4.56928
0.300305,0.579293,2.10566,0.498306,7.73884,19.0454,10.3226,19.6225,17.1688,6.06821,8.23537,6.01589,2.15738,3.01461,15.3871,17.7867,13.5229,7.32499,0.947976,2.43537,0.176785,11.0213
0.109489,0.274466,0.282189,0.653506,6.79093,16.8238,19.166,12.4876,0.528605,6.28779,1.05029,3.30436,6.57648,0.421516,12.266,14.0831,0.133235,8.37477,5.49863,2.59962,0.669666,13.9318
0.269637,0.45907,0.584791,4.11813,10.5433,10.7704,5.03989,9.53776,18.4535,10.5574,0.352054,4.32754,2.77956,0.568662,9.56038,18.298,11.2369,3.07459,0.438459,1.01748,2.45044,5.56789
0.280339,1.37133,3.57258,5.78357,25.7667,29.4584,17.6307,14.6946,11.8721,2.7201,6.93935,12.2909,6.80508,0.190701,6.19558,9.51449,1.35342,4.99791,1.80295,2.49626,2.49953,1.96393
0.34532,2.47976,6.27973,0.203521,7.86619,5.65933,0.858458,5.87915,0.130623,3.81773,6.68978,14.2107,11.0641,4.15921,5.96015,10.1165,1.19649,6.89649,3.12456,1.88617,3.051,3.17542
0.379982,2.20087,5.00072,5.81374,15.7149,22.9263,11.8673,4.03046,7.88122,7.01198,10.032,18.2198,13.2106,7.97229,9.49896,8.43921,4.94387,3.28351,2.97219,0.438401,1.71028,1.04936
0.73866,0.491479,1.7603,6.39532,16.2522,22.1247,13.2297,4.68053,9.98367,5.41998,10.5356,18.759,11.8868,3.37074,8.46333,15.3353,12.2166,2.66701,1.10277,0.993981,2.00482,1.63084
0.000666618,1.09319,0.892706,3.72725,1.34855,7.93264,3.4666,12.7751,17.5343,8.02993,7.92605,16.8191,10.4518,0.698789,4.10493,7.6314,0.430187,0.597635,1.65596,0.695898,1.00029,1.0818
0.418749,1.97374,4.44621,3.62676,11.4273,26.2484,21.6906,0.148318,4.27087,5.08267,8.93245,11.8464,5.20403,3.61084,6.19588,16.9248,8.25892,0.77613,1.02539,0.596586,0.595073,2.57465
0.544306,1.88459,7.01963,9.28653,7.81148,3.6299,6.49081,20.5917,14.4493,2.81391,4.22446,4.54306,2.34285,0.366913,10.0243,13.6036,2.63491,9.45989,3.54911,3.59505,3.60595,5.87786
0.0487129,2.22354,5.56334,6.91153,1.84174,19.7565,27.1527,20.9333,6.87762,1.16049,2.37386,3.86756,0.334715,1.1405,0.511187,6.83378,5.35354,3.85267,3.17658,0.284871,1.50412,7.07903
0.202474,1.14504,2.46052,3.10233,0.826849,9.07703,5.53462,6.48386,1.67437,4.31751,1.99457,11.1471,6.84746,1.45706,0.361181,3.83221,6.27968,3.56549,1.47798,2.59729,2.87526,0.185208
0.210332,0.601302,0.48279,0.765497,5.30286,15.6626,13.0019,6.37803,4.51649,2.74604,6.48705,18.0816,10.8782,2.91774,7.68396,5.13245,2.65339,4.2931,3.83634,2.3971,4.41587,9.0655
0.146259,0.170326,0.7976,4.02356,2.02723,15.6768,12.2385,16.7349,15.3958,0.479039,7.24356,18.8248,13.0047,2.3066,0.235424,2.06632,1.53324,2.65416,7.18771,5.45847,1.75145,3.84589
0.0493194,0.354247,1.12072,5.2457,12.5305,10.7546,2.2821,7.41287,0.85971,6.11937,10.327,16.3128,10.4921,2.60367,1.02548,11.5262,19.1893,14.8666,5.66868,0.729035,0.634785,7.23069
0.0825156,0.182179,0.07046,1.179,7.0573,22.6494,22.5554,3.82183,18.8076,10.3545,2.92318,4.12938,2.96864,0.658364,1.50849,7.63437,10.1011,4.11275,0.288331,1.44899,4.1616,5.8748
0.2684,0.304151,0.83997,3.92695,7.83524,1.98559,11.4004,2.89051,9.55669,4.1521,7.52977,2.195,0.423576,0.719975,2.94558,6.76216,8.22745,6.64631,0.37192,11.7485,11.0062,2.74205
0.128301,0.410501,1.31594,3.91324,11.8524,23.2105,23.4278,14.5256,14.3077,12.3953,0.215447,7.35372,4.55502,1.43478,1.24173,2.80602,0.708486,2.15071,7.00652,9.49703,2.42109,0.479752
0.0990182,0.146766,1.42868,1.27352,1.08989,13.4386,17.0005,1.38632,6.73885,7.85309,1.15464,14.1446,11.2697,5.43642,3.39417,0.809343,1.79072,6.80977,3.93303,3.11473,1.91246,1.75951
0.168794,0.0801847,0.535969,0.648735,8.72483,15.5831,15.4093,9.75907,0.0646934,5.61274,4.06378,16.6262,11.6494,3.09462,2.59686,9.03071,7.14708,0.564703,5.27226,3.86788,1.90916,2.34707
0.1949,0.0703955,1.7567,2.6248,6.25786,20.898,14.3311,6.43993,0.563619,8.4199,2.44323,12.8805,8.70095,1.07923,3.25929,4.31103,2.91286,3.92728,1.74622,1.87992,1.21318,2.54863
0.278474,0.412085,3.01074,2.48914,4.57941,3.97376,9.42379,19.3745,11.2602,1.48039,0.774794,6.03031,2.17514,2.7229,2.37766,0.974921,7.02205,9.35581,5.41085,2.49389,0.723466,0.26661
0.594458,0.606234,1.63309,1.3067,6.50672,22.5147,25.3781,17.5462,8.23327,0.30583,0.247902,1.22381,2.6388,2.75205,0.275952,0.565643,0.75492,1.86715,2.03119,0.0354957,2.87762,4.5426
0.69625,0.00427643,0.00369081,2.22691,5.95224,5.15304,14.9698,3.82949,4.61025,1.06135,6.78984,12.2457,8.0548,3.12484,4.73655,5.34867,2.50828,0.132273,0.713476,1.46334,0.75677,0.473996
0.0920125,0.294805,0.768185,0.97812,6.30688,19.5847,25.6226,28.0524,21.0084,2.56331,1.21023,13.0125,8.75844,0.47315,5.47168,11.3134,7.47725,4.31164,3.55584,3.43091,2.07211,2.93168
0.196488,0.433473,2.05629,8.18333,9.84592,11.6558,23.1286,8.88976,7.43178,8.28827,5.74086,15.403,7.60272,2.66391,0.0795432,2.3095,1.10397,2.12258,0.795264,1.3748,2.51542,5.23288
0.104149,0.661502,1.25409,4.02562,11.7803,14.7392,15.0973,13.6983,7.01826,6.73697,2.51598,7.47096,4.44279,4.4483,7.21324,3.9544,2.48178,3.17819,1.40844,1.76716,0.82047,2.32944
0.384312,0.473978,0.24303,4.23389,2.53435,17.8481,21.2791,3.94357,15.4375,7.79348,0.937002,3.5851,1.11505,1.45409,3.501,1.14847,2.74862,3.12551,1.02091,2.50019,2.81797,0.833974
0.206346,0.234008,0.397063,4.9438,14.9634,11.1596,7.10408,9.09541,0.962413,5.50612,5.94172,6.8037,2.40314,3.78889,2.98057,1.54298,5.4567,7.1605,3.79894,1.42843,2.72827,1.87761
0.114302,0.426281,1.96347,4.95051,12.9304,24.4481,16.776,4.72235,5.50164,2.94822,7.9245,16.2246,9.62123,5.5605,3.80293,5.64832,10.8104,11.1601,2.76297,1.92951,0.987005,3.65109
0.163089,0.584007,1.39423,3.60499,11.7667,1.33627,4.42884,8.64867,7.11672,1.05499,6.0094,19.7023,14.4497,2.1072,6.01378,11.1724,15.5093,15.4655,1.57487,5.8389,4.02065,6.73071
0.370179,2.05527,5.56536,1.75259,22.0392,24.3692,2.04227,10.3956,3.57931,1.00351,6.94002,14.6212,10.1571,5.81735,7.86365,7.40683,11.9898,19.1619,13.153,4.82997,2.58538,0.830732
0.310854,2.71395,6.68173,2.5434,0.775886,6.20374,6.5041,6.01987,2.14986,2.9201,0.21449,3.04081,3.76428,4.94569,5.51285,1.44071,1.46862,3.31392,2.17161,0.844664,0.621641,3.12562
0.165598,2.52136,3.01069,0.993567,11.6493,14.8331,4.8709,21.8271,18.8031,4.82579,1.08159,3.81502,1.25792,1.29783,3.20942,2.70517,0.922194,3.07845,2.6559,0.803867,0.912201,2.67358
0.00707378,0.154969,1.63545,3.77642,2.5498,15.5529,15.8364,1.90854,3.93375,1.8114,8.22046,12.5388,8.04888,3.27141,6.19587,10.1256,15.8968,13.772,3.64383,0.336061,0.271972,0.632713
0.7568,2.19235,4.03593,3.39397,10.2819,7.39648,8.29496,16.2397,6.06187,5.8422,8.66988,14.9345,11.0554,4.83695,3.70871,4.03251,10.6477,9.42663,1.48633,0.934871,0.0554718,1.48506
0.511946,3.28507,6.2221,0.416304,4.70865,15.0044,15.7174,12.125,2.26351,10.6971,14.8266,23.9625,16.0639,5.23908,0.570224,4.62888,6.1627,4.14051,0.251984,0.0579357,1.07477,1.82565
0.173493,2.99155,7.92877,0.971005,8.68738,7.24248,14.5175,6.64263,4.16305,0.242976,6.75139,21.3712,14.0342,2.72226,0.862926,3.09557,11.784,16.0317,8.54268,1.58663,0.0424444,0.727819
0.441914,2.52363,5.83281,0.249417,11.5494,8.01258,2.80686,13.1743,13.1272,2.52722,8.63796,19.9897,11.1399,1.72264,1.99422,2.25298,12.7918,17.4969,7.59155,2.08824,1.88784,3.07289
0.0380771,0.466467,3.02136,10.1072,5.2766,16.4468,15.0422,0.560492,5.1028,7.07208,3.54487,11.3035,4.41218,4.92009,3.19486,1.72322,0.539969,4.2697,0.597903,3.52045,3.36915,3.29316
1.16626,0.242278,1.33678,7.22073,13.8115,1.75291,12.5562,1.10692,8.21321,6.56169,0.419316,2.50425,0.588736,1.94656,0.742493,2.12052,4.62847,7.38215,6.45471,3.04264,0.843235,0.302609
0.879553,1.32609,4.8566,5.93175,0.458484,14.9968,13.8073,2.32975,10.7222,10.7707,8.03079,8.82281,5.70096,1.28224,2.7784,1.39463,6.9524,11.8906,7.28831,4.60526,3.83915,2.7958
0.785501,2.95564,7.09229,13.068,12.0232,9.59873,22.4439,7.61097,0.961884,4.95225,5.83759,10.7021,6.69766,3.40762,3.99532,2.61,8.25044,7.35913,3.31481,6.42523,4.73951,0.870636
0.0301968,2.07662,4.9926,5.64343,6.91133,11.9372,13.4642,7.02218,4.00483,4.55675,6.15144,11.3737,6.6558,2.48743,2.7534,3.39592,6.67931,9.07576,5.67339,1.13619,1.52798,2.2973
0.239971,1.26477,4.15603,0.541426,3.94381,13.1033,22.3016,3.818,5.345,2.04692,2.65787,6.4224,3.72454,1.14715,0.553534,0.939148,4.26865,7.55023,5.1958,2.81676,2.19182,4.2346
0.445965,1.09461,2.97485,1.99206,8.30933,7.24839,7.03612,4.98892,0.542472,1.27465,0.859331,1.69785,3.1134,2.86393,2.23555,5.60994,12.832,12.4788,2.15306,3.58172,2.08171,3.81444
0.0258178,1.81534,0.869828,3.16814,2.96525,15.5906,18.8358,2.06923,7.32079,1.41783,1.38325,5.73237,4.61467,2.64014,4.47417,4.033,7.76923,5.96638,2.18442,3.00043,0.0953766,0.618221
0.880307,0.84704,1.44914,0.88237,2.99174,4.13639,9.47608,6.09308,7.93935,6.3459,8.04646,14.1063,6.9651,2.79709,3.22261,1.28055,5.57375,2.27048,2.98603,1.9125,1.06929,1.74593
0.423895,0.50657,2.59376,0.564951,0.346577,11.4739,8.67624,9.45496,4.90745,3.7275,6.83108,15.4287,10.4319,0.313843,2.97452,3.62301,5.04129,10.5274,2.40924,3.96305,2.83098,1.67065
0.691348,0.626518,1.75315,0.0660194,3.0075,10.8192,21.1809,11.4525,0.303441,7.23993,11.891,16.4564,10.5209,3.64378,0.119413,7.00035,2.04964,4.30294,0.183877,1.34859,0.632759,0.848491
0.389337,0.109354,1.01229,7.06388,6.17399,5.04614,2.18898,6.15274,4.79608,0.955408,0.40753,5.43813,4.39776,2.21981,1.44627,1.63988,0.258636,0.896823,1.42494,3.19962,1.95478,0.944998
0.0782201,0.108521,0.694278,7.25593,13.3338,9.51011,29.1174,20.6161,8.71524,3.99209,4.43318,3.45678,2.13586,0.879657,4.42282,5.64497,3.52717,1.59136,3.87931,3.78179,0.718173,1.3387
0.210974,0.201493,2.68009,3.48702,1.24529,0.228396,3.81837,0.722274,1.36172,2.60818,7.12292,8.97929,4.54782,2.29028,8.44566,14.1641,12.3655,7.48045,2.54268,0.62811,1.14356,2.39813
0.0832039,0.781846,1.5474,7.78834,11.3375,9.68534,27.1936,19.7273,8.92398,0.565991,3.59421,15.2035,13.7567,7.45785,10.8419,13.6149,8.47715,7.00618,8.30053,4.7634,1.06748,2.52113
0.100959,0.554046,0.53145,7.09445,13.111,2.50035,8.82291,4.66985,8.60366,7.49579,14.5276,22.3579,12.8761,3.45804,5.58832,5.74011,1.63649,3.2305,3.47116,1.74916,1.67158,2.30209
0.478188,0.26597,0.532796,2.36621,2.70873,10.7183,17.5464,12.0503,0.914784,6.44465,9.4329,21.2589,14.0352,0.227171,1.04988,3.48057,6.82233,7.66115,6.1267,2.64518,1.07483,0.466606
0.447836,0.504238,1.44952,8.12043,12.7022,6.90185,12.1795,7.40289,2.74651,9.43199,15.8337,22.1069,9.78449,4.14358,5.39442,4.43737,6.7852,7.20584,2.03365,2.27216,3.82412,0.775877
0.107998,0.307482,3.15115,8.15758,10.5652,6.26538,0.678569,2.21566,7.17221,4.88846,8.36606,13.5721,6.57224,3.46941,5.12937,3.97902,5.41741,10.8384,13.8496,6.86635,0.720543,0.462998
0.361687,0.139464,2.6526,11.2096,13.4478,3.97588,8.33723,5.02881,0.14599,7.17162,3.42891,2.64941,2.91197,0.736773,3.96013,10.7108,1.95085,30.5329,29.9507,6.64357,1.98618,1.00696
0.304001,1.85945,7.99195,8.58307,7.76828,12.9011,2.04088,10.0548,20.9543,13.5813,8.36822,10.3122,5.36591,2.17915,8.47279,12.1795,27.0436,44.5375,14.917,0.0209755,0.901274,2.71697
0.558431,2.44976,6.30024,9.45044,11.698,3.08991,11.839,1.55664,0.921685,0.69432,2.50504,9.38601,7.3383,1.00438,14.1709,35.9191,14.0706,8.18816,3.02474,5.65611,0.0351902,2.97738
0.814359,1.3736,1.86876,1.21638,12.5934,9.5538,5.39155,3.68754,9.85269,2.30195,5.08709,10.3008,5.45514,3.20757,24.2759,33.9722,11.1727,0.926582,3.19419,3.66155,2.01686,1.93419
0.021451,0.231326,1.96857,8.09282,6.74095,9.57411,12.3754,4.02208,11.1334,7.20523,0.56224,6.51792,5.71199,3.40912,17.3558,28.4156,20.0156,8.20762,1.39968,3.06404,0.443625,2.38049
0.399361,2.25642,4.90609,11.5287,22.911,8.33498,9.86295,0.406986,1.70537,3.33854,1.56915,4.55858,3.20729,2.44904,11.3995,22.5341,21.6816,16.138,5.12263,1.7571,0.267917,1.05046
0.603644,3.05577,7.1616,6.44641,11.1924,16.455,7.86974,7.42593,7.97131,2.2366,4.46727,3.5331,1.74206,0.19899,7.1109,18.0839,18.1132,11.509,4.76463,0.157944,0.427389,0.446549
0.125445,2.99471,6.76717,7.39946,20.0537,0.604079,13.802,6.99712,3.16018,3.25571,0.392439,5.90837,3.86015,0.487054,8.46463,13.2116,1.10404,5.93978,0.864612,2.36783,1.48029,0.287658
0.080924,2.03189,4.34571,9.97817,27.2174,16.1769,0.838611,5.70117,1.03951,4.63155,3.21938,10.4673,5.43215,0.658598,10.9644,24.3651,9.10588,6.41902,0.639278,1.90362,0.311148,0.709803
0.275548,0.300859,1.8137,4.43421,0.876424,13.9485,16.4046,12.8756,5.67062,3.74507,2.22529,11.5204,6.88976,1.2241,11.7654,27.9427,11.2975,7.77488,3.47446,0.157836,0.375668,0.788694
0.361922,1.32738,1.3918,11.9034,21.5468,1.68973,10.5801,0.520948,1.89137,1.75524,2.69344,10.0906,6.35533,2.27078,3.54784,17.3834,12.827,2.23072,4.93299,2.09959,0.334104,0.210628
0.461954,2.15406,4.54697,4.71177,18.1033,19.6439,11.2216,8.0361,7.98517,1.29758,7.24438,11.6782,6.72717,1.46672,4.42304,11.452,7.1879,3.99297,4.06348,0.910074,0.216269,0.445748
0.683532,2.55314,7.87696,10.23,4.49363,14.8967,21.1879,4.99871,2.66338,3.8303,1.55036,6.75699,6.07085,0.603223,2.34646,17.5566,15.5305,2.84266,6.07437,2.1196,0.288821,1.26432
0.0161378,2.35718,6.7111,11.7853,16.2254,15.6559,8.59128,2.13388,1.64082,3.39827,6.77424,7.60925,1.63724,2.02213,3.94629,18.9749,25.8833,9.39011,0.274347,0.71287,0.343178,0.190789
0.00108497,1.66704,4.58666,3.5993,3.98562,20.3081,27.5426,9.67544,2.04696,1.27195,0.929544,3.35605,2.48875,0.655326,1.55356,2.20069,6.81044,3.86351,0.0519382,1.40585,1.596,0.943371
0.0892887,1.74677,3.27976,2.18099,10.3802,9.11725,3.27672,0.191716,4.78489,6.80022,3.6449,0.422645,1.25157,0.802195,1.75183,0.3856,5.09213,6.00129,2.5332,0.547011,0.230492,0.00376201
0.034768,1.36805,1.80348,2.28826,7.8071,19.3959,21.3402,4.62031,2.40693,9.55908,3.29856,3.07498,1.51715,0.15654,3.87304,9.02469,5.15692,0.210717,2.23244,3.50638,2.07924,0.117259
0.0779937,0.718247,0.146258,3.0262,0.838115,1.32455,1.8863,3.65068,9.21086,14.7259,3.28018,7.94428,2.64281,2.97212,0.65729,7.27759,12.3945,6.85332,0.928065,0.14906,1.67966,0.874938
0.284219,0.223215,0.858017,3.10495,3.21653,20.1344,20.3071,1.61185,11.503,13.1531,0.632542,11.2594,6.36457,1.74835,3.95096,4.01413,16.3849,18.7005,4.07087,0.816499,0.530777,0.0409488
0.386272,0.0758219,0.183775,2.34278,3.08332,4.80801,3.18077,3.06029,3.00331,0.865239,1.7707,8.30429,5.62334,0.210973,5.29024,11.1992,5.66567,1.54162,2.09159,1.51513,1.26653,1.34476
0.17783,0.223816,2.3364,7.8833,1.13415,17.5479,15.4851,1.2815,0.695714,1.36814,5.70792,7.34348,3.68623,1.20124,3.2633,11.4194,21.6183,12.7386,2.18696,2.14169,0.158292,0.218133
0.378635,0.321344,0.824056,1.14184,0.892548,8.58672,7.89062,1.67926,6.33641,6.68104,1.57361,2.87957,3.16489,1.05097,1.11166,1.145,8.65744,6.82421,1.10136,0.571215,1.27192,1.52704
0.0923363,0.68913,0.598905,2.23209,2.28734,13.371,9.45497,0.0464573,5.77384,12.1206,7.97906,3.01496,0.922904,0.131006,1.14804,7.42927,14.417,10.0226,2.8402,1.3301,0.676526,0.862482
0.205321,0.0326811,0.587976,1.09806,1.55356,10.8659,9.77415,3.18972,2.03198,6.73517,2.8246,0.226858,0.0638351,0.0140839,3.5852,2.14488,21.1492,16.2091,0.356281,1.79972,0.520111,2.2077
0.367992,0.248929,1.54395,4.56943,7.25958,9.60064,5.39066,3.88992,8.85787,7.72764,2.32338,1.18258,1.12137,0.728056,2.59926,15.0862,25.9361,12.8506,1.36645,1.00781,0.00927164,1.04116
0.130008,0.722303,1.72448,0.79555,3.64749,10.9184,9.59851,0.120332,4.69041,2.68692,1.88386,3.50198,2.36023,1.14893,3.21289,2.41073,10.3982,3.8429,2.58697,1.16302,0.761653,0.221742
0.290026,0.962219,0.585165,4.06592,4.80364,4.0931,2.89754,0.918391,0.914346,1.50345,2.35575,3.34231,3.0995,0.0344523,0.487677,5.48609,6.58244,1.17835,1.47449,0.607799,0.0445348,1.4187
0.386898,0.12999,1.32938,0.93654,3.49673,10.1041,9.927,6.16102,8.44892,8.70013,5.69087,3.20026,0.617999,0.540327,3.43285,8.5558,7.36624,1.26339,3.66817,0.497081,0.45846,1.12203
0.174937,0.686639,1.50843,8.04215,6.92662,1.41812,1.96991,3.1455,8.42695,3.78068,3.40307,5.64176,2.89252,3.67164,5.58398,5.23205,5.77107,4.44189,0.871581,4.4143,1.67044,1.02908
0.184307,2.51531,7.26047,4.34318,10.5617,22.1721,16.1835,3.90413,0.0631741,1.71711,9.39745,13.827,6.48266,1.96827,8.39847,11.2028,7.7635,6.94442,3.26402,0.549396,0.116451,1.4679
0.482963,2.7433,8.03843,10.1767,8.94665,3.50817,3.50828,11.1426,12.8317,4.49236,4.40979,12.0519,6.34583,1.16473,5.9386,12.8048,12.6832,8.47453,1.25274,0.291616,0.542281,5.87176
0.603437,1.64188,5.40246,11.1739,20.9461,21.9167,13.6765,10.8809,12.0207,9.66795,10.321,13.9625,6.3066,2.82019,1.11471,0.844101,0.18894,0.0542138,0.319612,1.25741,1.23981,8.77994
0.237254,0.124418,0.41175,2.39507,6.72346,6.74081,2.6061,1.98987,1.78829,5.71681,5.90724,7.96202,2.92775,4.5813,9.48358,9.02188,5.40508,5.1237,2.31626,1.41758,1.96987,6.73501
0.272815,1.67833,4.91483,10.1551,15.8953,14.49,9.92328,9.37237,4.80422,0.107132,3.46718,7.16173,3.28702,3.51905,12.2818,15.6754,8.59521,2.86965,0.887636,1.67536,3.35879,7.99632
0.226268,2.71958,7.60334,12.6595,17.88,13.3058,1.1891,11.0603,9.06263,2.60336,3.49146,6.96323,3.08059,0.242868,0.281795,0.264874,3.60414,3.8596,1.5934,1.29812,4.08088,12.7385
0.227628,3.77414,7.78659,5.1466,0.795494,4.27798,3.28771,5.16992,8.75427,6.09056,0.743616,4.60146,1.49683,0.361003,4.64377,1.19629,8.51229,7.50368,1.83282,0.674532,2.32736,5.86049
0.498783,2.09129,4.86813,1.91995,9.06073,5.90064,0.296771,3.6935,0.126221,3.62865,0.144099,2.91433,1.58736,1.52421,4.34489,0.81372,7.95344,4.67506,0.625178,1.04842,2.72858,9.94859
0.131316,0.936805,2.28883,2.58783,8.50212,3.15802,1.50564,8.28698,6.01721,1.20212,1.49302,1.96831,1.12698,0.268804,1.8402,6.07384,8.76811,7.77177,3.6155,1.57876,3.34676,10.2841
0.48685,0.426765,0.759361,0.231344,2.93717,1.99352,2.62256,6.91504,6.93504,3.36935,1.86752,2.16054,0.459156,1.55246,12.9223,13.3092,1.62865,3.92309,1.04237,1.04183,1.29549,4.27472
0.179654,0.372522,1.22438,0.824905,0.204216,0.45989,0.171471,1.52235,0.679298,2.91624,0.753402,0.295947,0.361195,0.150967,5.20234,8.03934,2.33979,3.0776,2.88167,1.2706,2.78266,10.2423
0.303938,0.926052,2.01126,1.0818,0.881988,0.561826,0.975369,2.97787,0.886075,3.81102,2.93154,0.302279,0.351731,0.771811,4.65228,5.41373,2.20902,0.945339,1.87248,1.91189,2.38197,4.75447
0.230522,0.875825,1.97193,1.0192,1.14461,1.26579,1.08854,5.02945,7.57515,4.55204,0.77248,1.87301,0.246685,0.685313,4.37291,2.78259,6.90871,11.0061,5.22256,0.484617,2.14944,2.01607
0.125149,0.577384,1.71757,1.1388,0.235371,0.59554,1.47516,3.57707,5.48102,5.77986,2.77598,0.434471,0.631465,0.605396,3.41368,4.84601,8.45166,10.264,2.95245,0.417038,0.439878,0.58423
0.157506,0.665506,0.921303,0.108796,0.290827,0.137146,2.01247,6.00592,2.57737,2.36188,0.0414562,1.38803,0.544561,1.12743,6.4883,6.94995,5.07444,7.01119,3.69481,0.0976434,0.0175374,4.54379
0.0786048,0.409723,0.851087,0.600402,0.716824,0.781407,3.48229,10.0164,8.31745,0.71126,0.894561,0.0423679,0.192996,0.53799,0.707928,1.17374,5.56515,11.0054,7.06646,1.10443,0.485714,4.49022
0.1547,0.315209,1.276,1.24618,0.696593,0.735911,1.47679,2.45361,0.349096,2.10622,0.900575,0.0138674,0.433172,0.15364,6.30273,9.4578,0.615841,9.96252,5.19607,1.02734,1.5355,3.48352
0.127256,0.368805,0.802084,0.162441,1.10892,0.451733,4.24745,14.3674,9.3997,2.30142,1.43775,0.415944,0.106234,0.18854,5.34847,9.36587,2.45076,10.696,3.51493,0.546088,0.319251,1.01058
0.300265,0.146631,0.225885,0.25837,0.391916,1.02376,1.57679,5.88965,1.44821,4.85722,2.27406,0.495724,0.162156,0.0212821,3.64921,3.44969,8.81152,12.3301,4.0079,1.31032,2.13335,2.83724
0.0548724,0.0748062,0.15025,0.162777,0.481333,0.225052,2.50078,11.5619,14.3325,7.03354,1.17612,0.327358,0.0523912,1.04956,5.6235,9.19558,10.8764,8.89814,2.28479,0.984051,2.03261,0.627478
0.0606944,0.0640568,0.42603,0.913197,0.259359,1.64791,1.32363,7.06341,7.42731,4.13164,1.51867,0.105029,0.129917,0.77591,4.18699,11.6906,21.5706,19.1223,5.84524,0.757879,1.96066,1.48033
0.0267463,0.0148935,0.032951,0.279497,0.0404664,0.346888,0.899213,7.31236,7.07506,0.161902,0.284857,1.08435,0.22765,0.159341,2.97098,0.548492,12.031,12.1608,3.28535,0.234293,1.49899,0.818926
0.0724965,0.159026,0.0417878,0.179965,1.02393,2.08746,0.712772,6.20078,5.53467,0.145335,1.62062,0.155009,0.298584,0.224511,4.16308,8.17236,1.88786,4.54992,1.6586,0.0688388,0.958214,0.378103
0.0318827,0.043538,0.13233,0.461745,0.504689,1.0686,0.14631,6.32688,6.50572,0.373374,1.1087,0.34611,0.156693,0.459154,2.64795,3.5534,3.96823,4.51082,1.95097,0.219708,1.25062,0.820355
0.0844885,0.1907,0.285365,0.686175,1.36329,1.58617,0.756013,5.023,2.48367,2.32815,0.502049,0.822557,0.101344,0.393382,0.734253,1.07645,4.5752,3.70937,0.984249,0.534687,0.222487,0.0130638
0.0962236,0.179077,0.201657,0.113304,0.435595,1.09909,0.101098,4.38403,6.47505,4.22666,0.923592,0.998353,0.970993,1.29381,9.19888,10.546,3.4175,10.4046,3.96301,0.0722147,0.384027,1.91721
0.0867319,0.0447447,0.108708,0.455244,1.01809,1.06017,1.56302,6.60703,6.75836,2.96431,0.127066,1.86625,1.7927,0.344611,6.77277,6.2854,15.1291,20.6222,5.92987,0.766421,2.0803,8.18628
0.295646,0.68568,1.31125,3.60188,8.23007,2.02078,2.84316,8.41163,0.00481351,4.99186,1.97136,8.41102,8.71662,7.04817,7.66615,14.7466,21.3767,11.1218,0.553599,0.680264,0.519554,2.33125
0.00453687,1.05739,2.08419,4.5241,14.3442,12.9213,0.772165,9.92871,3.92364,6.08357,1.62256,9.78273,5.3762,1.07671,3.39512,2.88648,4.19276,5.05256,0.461165,0.575969,0.737063,2.59594
0.0760895,1.58676,3.99585,6.71683,7.78217,0.80603,1.99521,3.60746,5.01054,4.74376,0.20495,5.41903,2.47991,0.042076,7.2778,10.3578,4.09322,13.9998,6.51331,0.0608219,0.411199,5.40988
0.157594,1.28863,3.62459,11.6666,22.0561,16.628,1.69891,15.4543,12.0878,2.53464,1.82641,4.2935,1.45949,1.53864,1.76456,4.0662,4.04071,9.09142,2.84302,0.0149733,0.882394,2.14749
0.250708,0.387209,0.822546,4.62562,10.5356,9.3398,6.63665,9.5689,6.63095,1.02893,0.731282,1.78651,0.264156,2.64692,3.60715,4.35722,5.89063,6.85315,4.99469,1.77738,0.603932,0.0352558
0.0589677,1.17821,3.11236,6.49454,11.0716,9.14451,0.234159,6.62831,3.96464,1.42495,0.292399,2.17224,0.1088,1.89332,5.1866,3.45697,7.99328,11.6916,5.37935,1.65195,0.836746,0.76449
0.27821,2.14288,5.50686,11.2434,18.0081,13.0006,7.35108,13.7759,9.08554,2.1671,0.49792,2.39831,0.692994,0.0564801,4.20014,5.60264,3.1226,4.63763,0.255015,0.761163,0.24517,4.4288
0.305506,2.11979,5.27102,6.25739,5.72446,1.5217,2.75832,3.64689,0.0857219,2.71616,0.631208,1.42329,0.0203921,1.02688,6.18818,12.7078,17.8747,15.8485,6.14146,0.802711,1.23637,4.35562
0.27498,2.38121,4.42782,0.963004,7.19098,5.02618,2.60268,6.19,6.30767,2.08642,0.58529,0.118866,0.0264658,0.698955,4.65577,7.05301,6.28073,4.85014,0.0804771,1.5365,0.241218,2.16089
0.17139,1.5025,3.18366,2.38648,8.58899,3.83828,3.38444,5.9344,2.26368,2.14966,1.1736,0.0525263,0.230521,0.0893546,2.86579,6.31674,2.23575,0.318018,1.98849,0.672409,1.08047,2.49138
0.250809,0.289096,1.46419,0.24548,2.67948,1.64659,0.939049,2.06152,1.69985,5.01228,2.71866,0.130643,0.344749,0.662078,3.48995,3.32855,3.14665,3.47449,0.989253,0.552975,0.861268,4.78306
0.283686,0.0802434,0.0423705,0.977673,1.52949,0.0328909,0.326325,2.80583,0.416265,4.58427,1.63327,0.547409,0.105866,0.552052,0.171065,1.36846,1.33786,2.0759,0.529424,0.336002,0.783995,4.19083
0.0951598,0.448471,1.57147,0.893559,0.997735,0.739618,0.025333,1.57535,5.33793,6.05726,1.86004,0.132735,0.292058,0.136434,0.673475,1.75483,5.23646,9.26082,5.62199,0.817992,0.244687,2.37494
0.118946,0.595715,1.92475,1.49902,0.405689,1.3336,0.114219,3.05098,6.61203,6.48635,2.22692,0.540179,0.78765,0.570691,1.52894,4.68748,14.4781,17.2545,4.71077,1.51934,0.820768,3.8181
0.0839817,0.682327,1.74575,1.18429,0.086926,0.153901,0.472057,1.0366,3.32189,4.71376,2.08072,0.143632,0.685152,0.616434,0.979555,4.81003,18.5646,24.2983,8.64308,1.82572,1.50373,2.29411
0.110644,0.555238,1.31676,0.775998,0.296839,0.609185,0.600818,1.64033,1.49,3.17432,0.789509,0.108837,0.148023,0.259693,3.09035,5.91841,6.04978,6.15148,4.02973,1.6042,1.10895,3.23419
0.0559039,0.39484,1.00355,0.454134,0.162078,0.174242,1.52244,7.18562,8.34623,2.51077,0.220332,0.0670803,0.155881,0.0463402,2.05827,3.22623,16.7541,13.6482,2.29079,1.04092,2.09442,3.26129
0.0977102,0.162193,0.484731,0.0533962,0.41624,0.781769,0.338906,3.76287,1.25471,4.09979,2.23599,0.244621,0.136549,0.104606,0.516378,8.7142,28.1123,26.8308,8.4437,1.0628,0.449846,2.30189
0.0772322,0.00606183,0.0103315,0.0103096,0.359777,0.362551,2.27324,7.63187,2.25894,7.13357,3.24547,1.23643,0.524744,0.306831,0.225749,1.47334,0.633143,6.00972,5.21536,0.206563,0.600395,1.81299
0.0688255,0.12805,0.167008,0.0387076,0.0263475,0.513525,0.629389,2.50171,10.0851,12.1914,4.14842,1.18681,0.510854,0.0869489,1.65538,1.71752,7.31305,12.211,6.17087,1.50733,0.720484,2.45457
0.17184,0.127174,0.195803,0.437205,0.0552524,0.292695,1.16333,6.34484,13.3276,12.4607,3.88869,0.691841,0.222598,0.53586,2.03825,2.33494,0.471183,0.531368,2.35206,1.55571,0.0599478,1.75761
0.194467,0.176848,0.120964,0.0791975,0.412929,0.152455,1.56224,3.56598,2.86355,8.74881,3.91551,0.055231,0.199061,0.310844,1.80845,7.89202,7.21624,3.89776,5.42902,0.473951,0.275083,2.13645
0.170255,0.13196,0.0896562,0.461428,0.280108,0.1622,2.09251,9.6374,7.4649,1.58364,1.37466,0.177845,0.603568,0.0303671,2.58218,2.8968,30.9967,36.7712,9.94859,0.331534,1.01331,2.5493
0.0957629,0.0560725,0.0560427,0.22615,0.245082,0.611437,1.72479,1.65569,0.434367,1.29247,0.179106,0.504605,0.31812,0.385872,2.39117,1.99555,13.4298,22.0608,10.1312,0.924742,0.436629,1.88238
0.084144,0.0335019,0.196388,0.148061,0.197868,0.78212,0.643102,7.94877,4.25834,5.40808,3.22811,0.438458,0.452242,0.464963,0.329286,5.00777,18.6634,20.1496,6.37439,0.042796,0.490294,1.51835
0.0202715,0.0415824,0.0673756,0.0153749,0.111971,0.631454,1.99552,3.1518,3.06717,8.39281,3.0217,0.494193,0.187187,0.0630367,0.307292,0.861213,14.4216,23.9302,10.8893,0.596616,0.44817,0.133884
0.0561709,0.032166,0.221751,0.3215,0.461254,1.30963,3.75587,8.9496,13.6262,11.5749,4.20067,0.203323,0.245537,0.0417005,0.316867,0.00835209,10.944,16.6466,4.38719,1.35434,0.107548,1.466
0.234047,0.0844868,0.235841,0.145923,0.0388433,1.24816,0.0180056,6.02453,11.1438,9.45277,2.7962,0.462055,0.0405463,0.439938,0.572995,1.37634,13.1198,16.3074,5.33885,0.16056,0.498106,1.98656
0.180942,0.134504,0.839499,3.08816,8.7355,0.618007,11.3433,11.1543,4.29082,1.09844,5.85992,8.49622,3.83133,0.0689389,1.62788,7.82396,19.499,17.8185,5.20285,1.56318,2.69003,5.32071
0.149882,1.2768,2.04427,6.43601,15.0066,4.35447,0.384907,16.4543,21.8302,11.0023,8.69632,14.2179,10.3476,3.57965,0.926016,0.733154,12.1321,20.04,8.2565,0.939425,1.65215,5.46451
0.593629,1.87415,4.98582,4.02189,5.52969,3.54493,0.838089,6.64503,10.4909,8.92252,8.91117,11.7676,7.9612,3.76883,1.02483,8.31168,6.57515,0.0728914,2.54741,1.42701,0.98182,5.15496
0.207897,1.36238,2.9698,7.57156,15.1059,6.76526,1.57069,8.16708,6.36923,3.59719,6.68772,9.77252,7.25132,3.18304,5.5412,5.19817,18.2893,20.1405,2.40033,0.748445,0.620298,0.805518
0.0251414,0.760612,0.40913,5.52919,7.9183,4.99651,0.371469,10.7737,8.91475,1.14684,5.27753,6.85554,4.79058,2.28116,4.83198,11.9873,3.2016,5.9335,2.70208,0.262786,0.0284142,0.238147
0.745225,2.09532,4.08923,2.13741,6.52008,3.26758,6.20182,2.1298,2.13746,1.36499,2.21169,3.25636,1.81667,0.515134,3.42048,1.94789,0.447999,2.55596,0.232599,0.710001,0.0401375,0.712036
0.0210158,3.28692,7.86304,9.15612,11.3344,9.88142,0.028018,9.11127,8.15308,3.3293,3.00861,2.78244,1.01406,0.532231,1.03459,1.08834,19.8631,26.8785,8.91799,0.591076,0.166604,0.751744
0.475316,2.93986,8.7526,9.15589,1.56625,0.99785,7.88564,10.0287,9.34149,7.29793,3.6226,1.18651,0.310433,1.26061,2.81045,1.71741,19.26,26.9115,8.65194,0.841157,0.236934,0.354053
1.26874,2.29501,5.46164,3.31459,7.44601,9.951,2.56348,0.704198,3.76628,7.0647,2.54256,0.503638,1.15694,1.30881,3.09566,9.73289,11.2626,5.06519,0.732235,1.15846,0.632229,0.592554
0.152066,0.0498343,0.0302295,2.36026,7.20617,8.47935,7.16406,6.57177,0.681391,4.33118,1.71732,0.149326,0.231054,0.0940774,4.719,9.24427,12.1596,10.6561,1.88491,1.36824,0.477688,0.764416
0.222962,1.36978,4.7382,6.26972,0.32431,5.47637,3.85091,3.92337,3.08141,0.85561,0.0126654,0.015533,0.827412,0.199842,4.83097,8.7497,14.3954,18.5911,8.54326,0.207432,0.57409,0.868491
0.22544,2.85452,7.4754,4.38474,5.66357,8.25737,3.65398,0.86814,3.8914,6.89836,2.73559,0.109257,0.561517,0.116746,4.21981,10.4615,15.6941,14.0405,3.94427,0.897687,0.586063,1.86983
0.211398,3.10328,6.99726,0.0644937,6.46458,1.77531,1.73466,1.80213,5.38563,11.1589,4.77369,0.710243,1.14744,0.410447,4.24707,2.19586,8.97059,7.0679,0.484896,0.167922,0.650387,0.147914
0.151943,2.83768,5.75468,0.574857,2.63745,0.57061,0.692534,0.426917,7.8943,12.4168,5.1352,0.162004,0.201328,0.121776,2.01902,7.05365,10.3101,7.64318,3.34554,0.272676,0.632879,2.63696
0.469477,1.83609,4.94262,4.46448,3.08875,1.17281,0.71842,1.34362,6.41117,9.22382,3.61383,0.250904,0.621701,0.551606,0.239702,2.37445,8.28924,8.99229,3.59807,0.512015,0.70151,2.53931
0.0685811,1.23178,2.64521,3.1358,3.55802,2.17838,0.25214,0.0394056,2.8752,5.02237,2.52971,0.548537,0.266748,0.182903,2.55016,4.53992,7.00212,8.80792,3.5314,0.824905,0.604099,1.29132
0.0380623,0.431677,0.575326,0.402343,0.550046,0.261603,0.050791,0.348044,0.835316,0.861727,0.174117,0.751375,0.520494,0.102694,5.1045,6.08361,2.14874,4.63181,3.1009,0.63866,0.220488,0.136242
0.140951,0.130332,0.350059,0.773123,0.626006,0.541233,0.087396,0.546533,3.0293,5.36446,1.64799,0.915744,0.0188477,0.155802,5.40903,13.5205,21.2276,19.0292,6.75882,0.49568,0.314835,1.79636
0.066767,0.109331,0.732575,0.949821,0.709565,0.549167,0.665856,0.542221,4.64364,8.38317,3.30331,0.401776,0.0194288,0.309883,5.2672,5.87743,2.84163,3.61525,0.0551415,0.0726685,0.425468,1.80306
0.00832956,0.245998,0.638448,0.475086,0.057957,0.349458,0.272905,0.788677,6.40537,9.71167,3.80769,0.340964,0.167132,0.321396,2.86812,3.52862,4.14005,7.14305,2.26254,0.526182,0.499836,0.128724
0.011271,0.193848,0.542545,0.343656,4.69983e-05,0.0860793,0.279957,0.956716,6.00316,9.17973,3.58984,0.319346,0.113453,0.179798,0.655358,1.31309,1.48489,0.823803,0.26731,0.739098,0.361252,3.11754
0.0654885,0.0581639,0.323198,0.289973,0.0533658,0.284307,0.289103,0.0983512,4.07093,7.2435,3.13788,0.14465,0.13804,0.04825,1.91218,6.02815,9.19668,6.63615,1.98139,0.339934,0.333232,2.94278
0.0109606,0.0607929,0.108366,0.0988586,0.210596,0.0693111,0.248457,0.617807,1.74692,4.07868,1.80931,0.40093,0.56095,0.0122805,3.50297,0.177795,10.8716,9.7529,1.83664,0.247529,0.581866,0.477328
0.0128792,0.015962,0.0103617,0.116444,0.1142,0.311716,0.475345,0.22413,0.0836536,0.526321,0.273399,0.00131762,0.258693,0.695022,3.25351,7.70976,8.32526,2.93422,0.459966,0.428506,0.247758,3.81717
0.0293683,0.0435599,0.0906205,0.183292,0.0568036,0.277067,0.612158,0.737608,0.98912,2.22333,0.749065,0.255279,0.188438,0.338021,1.24848,1.12025,0.014451,0.856015,1.97756,0.773472,0.0160762,2.4525
0.0386695,0.0605815,0.119164,0.0998695,0.0583162,0.101529,0.363501,0.269406,2.19114,3.95374,1.68117,0.155238,0.201095,0.227949,0.690602,2.85473,9.52931,11.7265,5.70199,1.08918,0.124673,0.797749
0.00297344,0.0241512,0.0738681,0.00581298,0.0340778,0.408795,0.425147,0.396815,3.09136,4.91958,2.06274,0.0380074,0.190825,0.131367,2.27054,2.99262,0.0345855,2.20419,1.30228,0.281226,0.0332071,2.67373
0.0361796,0.0121468,0.0452789,0.070539,0.0353027,0.0720313,0.262783,0.823888,3.76557,5.28219,1.99871,0.354365,0.788754,0.502082,2.02625,1.01752,12.2131,14.3387,5.63884,0.0311497,0.992613,3.1126
0.0514299,0.606687,1.01768,3.33633,2.86545,6.23667,0.510975,2.84895,1.79637,1.00657,3.01605,0.963308,5.09884,6.05221,0.0929351,11.2768,20.1452,14.5896,5.18324,1.31023,0.0762915,2.86775
0.282683,0.167475,1.24625,5.47976,6.52905,1.90374,7.79533,3.69866,3.38449,6.63179,0.196831,7.25474,2.46021,4.94347,1.51908,6.09448,0.777704,0.715122,1.9704,2.03113,0.609726,0.113905
0.35573,1.63798,3.81423,0.434778,3.13945,9.36253,2.75119,8.01252,3.42649,6.80793,0.901646,10.6811,4.95033,2.98586,2.08683,9.50566,2.46044,4.96464,2.32235,0.014716,0.266848,4.59292
0.417606,0.722252,1.4907,0.445935,3.96887,0.767388,6.04881,0.571952,1.57863,7.21238,2.02347,11.6483,6.18668,0.554077,3.02713,6.97087,4.58213,13.4206,4.82259,0.140873,0.0983283,5.25176
0.631719,0.81374,2.24085,1.4764,4.81993,9.24224,3.32356,7.50085,9.36843,5.00983,2.92509,9.73784,5.93494,1.66027,3.87312,0.235187,23.062,30.8747,10.3633,0.295733,0.826014,2.5758
0.405663,2.99855,6.04489,2.4968,4.83216,2.55548,3.42084,5.39723,6.21824,0.882517,4.79439,8.60797,6.36469,2.91668,2.13573,1.6235,1.66691,4.12949,1.09043,1.33776,0.988165,0.853215
0.00574729,3.69821,7.2799,0.78693,3.79698,3.66124,3.35811,1.40296,5.43489,5.74539,5.55228,6.6164,4.40661,2.73196,2.94574,8.09342,22.8995,24.5734,8.73947,0.171272,0.247627,0.195439
0.0937141,2.55552,7.06066,1.5733,9.7563,4.78768,1.12427,8.44352,12.5125,6.60212,4.16662,5.19991,3.45349,1.7034,4.03253,4.31362,7.91686,12.3996,3.50558,2.07497,0.547288,0.294459
0.122003,0.532697,4.54025,5.32794,2.53375,2.35857,5.03193,7.77886,6.71505,3.41391,3.82782,5.02828,2.55033,1.15979,5.16522,10.5259,18.7982,22.2,9.75769,0.317726,0.0693337,1.91355
0.0703407,1.03719,1.80549,3.236,4.99587,2.9156,5.26415,0.0017705,2.99913,1.63211,1.61037,2.80796,0.872743,0.448957,4.37986,8.26532,14.2731,15.6961,5.47504,0.560508,0.149029,0.137047
0.355665,1.87807,6.15849,1.28732,9.10657,6.06081,2.6628,6.62082,6.39195,1.78102,1.91978,2.70813,1.39692,0.138798,1.46172,1.82164,3.01889,4.9973,1.85584,0.373104,0.201492,1.57983
0.466301,2.74937,8.98458,7.515,4.0224,9.33171,6.40815,5.72333,2.7841,0.960294,1.64173,1.62508,0.364605,0.890317,2.44282,4.41151,10.7458,13.0327,4.51426,0.178282,0.428594,2.68235
0.644905,2.71348,7.46695,5.29179,0.648306,0.849437,0.581863,0.0146383,1.62516,2.45116,1.44984,0.940369,0.482212,0.449477,3.01034,5.62185,10.7612,13.3315,5.80264,0.278394,0.410486,0.396411
0.387362,2.30737,4.69325,0.808206,0.719088,4.1685,3.13161,3.71699,4.63093,2.56081,0.7611,0.296412,0.0848714,0.39431,1.98697,0.82159,1.71454,5.48848,1.75437,1.0567,0.178942,1.01788
0.0649445,1.87101,3.25345,0.976189,0.774914,1.64479,0.0789177,0.744706,0.578088,0.61445,0.509975,0.211167,0.0790606,0.291262,0.420805,2.22988,9.74293,12.6048,5.21599,0.240992,0.403723,2.63244
0.185969,0.797617,1.81963,2.0374,1.78952,0.495131,0.591997,1.39837,1.10254,0.220599,0.266671,0.202518,0.455154,0.347474,0.63819,1.49492,3.97561,0.578308,1.94971,0.721613,0.199305,0.905513
0.0166881,0.210216,0.0540155,0.067167,0.421435,0.0420407,0.0318773,1.07871,0.806185,0.372753,0.252313,0.13888,0.165197,0.37725,1.40474,9.92915,22.9585,16.7829,2.3576,0.0990799,0.390601,0.550461
0.118658,0.0160875,0.499147,0.677917,0.582375,0.534961,0.0815381,0.806601,1.52512,1.18362,0.393208,0.0912567,0.143315,0.110492,3.06771,1.1985,15.4743,15.692,5.09015,0.731189,0.218103,0.690307
0.127347,0.0421999,0.479479,0.463363,0.227345,0.0275776,0.0985345,1.14219,1.23938,0.464751,0.086874,0.0958384,0.0456047,0.268783,2.71794,5.06964,1.28591,5.13021,0.280899,1.25834,0.543272,0.768053
0.0342377,0.0577438,0.328104,0.204048,0.262373,0.294258,0.150982,0.15791,0.0859699,0.269194,0.374244,0.634633,0.379075,0.455454,1.50023,3.20171,3.25919,1.24325,3.4729,0.746649,0.502471,0.310397
0.00262908,0.0494464,0.245693,0.260054,0.117822,0.0929626,0.0865212,0.951326,1.36296,0.950613,0.742169,0.754734,0.146057,0.018642,0.0579858,0.799974,4.22939,4.84974,1.94469,0.780983,0.371644,0.104008
0.00320515,0.0623085,0.107323,0.148482,0.459867,0.40753,0.0795427,0.680787,1.63007,1.34066,0.506409,0.328543,0.138871,0.021027,1.46621,1.38462,4.54113,7.77131,3.64456,0.459668,0.267379,0.669961
0.0474523,0.0237388,0.111032,0.176572,0.462277,0.30176,0.103604,0.95685,0.667679,0.478624,0.497842,0.352188,0.24099,0.0475357,2.00509,0.329498,9.11946,9.66682,1.72607,0.298843,0.168708,0.130389
0.00897308,0.0573044,0.18183,0.055748,0.731026,0.674762,0.392423,0.698487,0.238118,1.11768,0.415381,0.0052182,0.112968,0.0898218,1.05891,2.81167,6.19905,6.75101,2.76293,0.268222,0.237941,0.347987
0.0586101,0.0238951,0.110925,0.165167,1.03203,1.04004,0.333274,0.344997,0.858886,0.857449,0.0231155,0.359293,0.0552499,0.321892,0.311859,2.00046,9.87339,10.8075,1.81088,0.773784,0.147438,0.11801
0.0150466,0.00964086,0.0561522,0.209709,1.13384,1.20773,0.62622,1.06093,1.19201,0.302768,0.390723,0.364842,0.0891773,0.377404,0.247912,0.633406,4.86998,7.19183,2.66873,0.345207,0.317818,0.585515
0.0199265,0.0176477,0.140113,0.213699,1.41104,1.62467,0.748511,0.272352,0.629999,0.663668,0.00941196,0.191257,0.356869,0.0680824,0.224568,2.01933,4.042,1.20535,4.41027,1.32827,0.0533509,0.171511
0.00568832,0.0195449,0.0247923,0.0135785,0.808181,1.18015,0.758861,0.958485,1.73843,1.5483,0.197345,0.326213,0.0357739,0.220645,1.01952,0.408991,3.59795,0.382878,3.38993,1.1627,0.109067,0.784931
0.133301,0.15184,0.389598,1.283,0.796374,2.02789,1.15874,0.611191,2.99267,5.33447,0.205894,0.611596,2.33841,0.00630256,2.5641,0.336596,6.6269,6.03527,0.900091,2.34021,0.0733021,1.71774
0.238914,0.0811694,0.781268,4.65394,3.98281,0.89193,1.19917,6.79923,7.58708,4.6104,0.314655,2.54313,0.447528,1.00716,1.92521,5.56163,14.1538,13.3298,2.72667,0.29141,1.34695,2.54312
0.031704,0.101155,2.27614,1.84728,5.76077,10.1094,2.80432,4.67476,0.197215,3.29103,3.38512,7.31258,6.63948,2.51644,3.95002,5.96296,0.517475,0.310642,4.31115,2.22195,1.43615,0.626271
0.072302,0.162509,2.03742,0.138051,7.61602,8.80125,1.99999,0.935936,3.17998,3.4218,4.51642,9.28681,5.41706,0.593716,6.14746,8.4828,4.73968,10.4574,2.70901,0.505021,0.657712,1.35875
0.36611,0.243194,0.580029,4.6787,10.9744,2.87623,1.12778,9.06302,11.0908,3.54516,2.6937,6.46943,2.09519,2.24011,4.85088,6.47826,2.65795,7.95617,2.80161,0.380897,0.420755,0.996144
0.48346,0.986624,1.80247,8.65325,13.687,4.87922,2.3023,3.89523,4.95743,2.49465,3.67517,7.39937,4.58357,0.566413,0.857666,1.1915,0.647355,0.360729,0.963593,0.371069,0.0790614,2.42265
0.189673,0.567196,2.47141,7.55489,11.006,8.59676,4.35861,3.56101,8.6918,4.70177,2.32362,5.90084,3.74091,1.35154,1.50169,0.824783,7.55601,7.59935,0.869792,0.828475,0.425068,2.05381
0.0066199,1.32277,2.70082,2.24409,2.16589,2.74301,4.47438,4.342,0.741823,2.45039,2.13654,3.71649,1.97754,0.482445,1.30807,0.325321,7.79352,10.6665,3.79209,0.20073,0.630463,0.0119446
0.19734,1.42483,2.46915,1.81536,5.38995,4.23056,2.93465,3.98625,3.98584,0.917444,1.39759,2.10708,1.12085,0.0178677,1.52303,2.38433,1.72027,3.01466,2.06866,0.390613,0.517183,0.886718
0.150867,1.67081,2.93292,1.04759,4.28502,1.75303,0.230575,0.637885,2.21289,2.16734,1.18563,1.1648,0.963973,0.151314,2.94551,3.14571,0.570109,0.337906,0.0560588,0.68146,0.687132,0.239747
0.114617,1.37075,3.90157,3.25209,0.0192371,0.599566,0.435629,0.952447,2.78812,3.34038,1.50275,0.551767,0.573974,0.819055,4.99355,8.29774,10.04,9.2256,4.17772,0.652068,0.0800911,0.291349
0.052646,1.35608,3.4994,3.35911,0.426043,1.88234,1.25017,0.289993,1.64963,2.81943,1.20228,0.0796288,0.0865811,0.172308,1.14734,0.77433,1.08633,1.18752,1.80275,0.238986,0.0199864,0.524883
0.00849663,1.15615,2.35461,1.0977,0.397172,0.0265194,0.385759,0.485279,2.62696,3.54335,1.30855,0.227072,0.143858,0.104002,0.372143,1.00639,2.99428,0.174546,2.29444,0.839961,0.28857,0.0558737
0.0637423,0.912724,1.74428,0.403257,0.466421,0.867282,1.15596,0.258355,0.322554,0.505101,0.196409,0.299269,0.368935,0.404304,1.95832,5.38024,7.33523,3.38338,0.87046,0.45948,0.178137,0.54796
0.00736728,0.588699,1.31045,0.600744,0.00418098,0.198008,0.142371,0.493525,1.32296,1.36725,0.0560166,0.789018,0.742028,0.518696,3.68332,5.17607,0.365809,2.32353,0.335788,0.265082,0.180835,0.406329
0.0533615,0.331692,0.719984,0.367399,0.0664906,1.19448,1.97296,0.587773,1.61571,1.89497,0.151298,0.334903,0.0499743,0.397431,5.43696,8.03629,2.0041,0.459271,2.07287,0.517098,0.0419854,1.05554
0.0259838,0.256445,0.507773,0.395641,0.11353,1.45483,1.72628,0.622202,1.39621,2.1247,1.03852,0.209417,0.102681,0.484636,6.11083,11.4504,9.66788,5.14612,0.960031,0.0971474,0.137281,0.920405
0.146274,0.0187819,0.0862983,0.077934,0.175318,0.894362,1.30589,0.49201,0.742456,1.21406,0.548596,0.343154,0.16068,0.30233,5.25,8.14729,3.81158,2.61318,1.73646,0.298241,0.223223,1.32132
0.0229296,0.0187995,0.470698,0.841392,0.61501,2.24788,3.6149,1.91302,0.723786,0.843531,0.345381,0.528307,0.22764,0.889271,4.20365,7.97724,9.27777,7.24346,2.12309,0.48017,0.209932,0.253211
0.115989,0.0406509,0.158094,0.0207524,0.209668,0.717568,1.69471,0.621443,2.12174,2.77345,0.491746,0.776475,0.444643,0.253688,1.98645,5.88897,5.56858,1.58124,0.523931,0.0110812,0.452657,0.334872
0.0489267,0.134757,0.400962,0.255612,1.1085,3.20326,3.87281,2.91621,0.803558,0.824516,0.230181,0.236826,0.17408,0.435441,1.70922,1.74436,6.40136,8.28624,1.38714,0.891064,0.199472,1.51434
0.0433191,0.104787,0.114461,1.10654,2.02411,3.57074,3.91584,0.793436,0.190872,1.18895,1.2755,1.05105,0.37395,0.100134,0.656821,1.16584,2.14781,4.32714,0.827256,0.755279,0.168819,1.46841
0.00758444,0.0699312,0.0589368,0.779254,0.924033,0.365091,0.622791,1.91103,4.56536,3.89056,2.0859,2.0371,1.40106,0.248609,0.263445,0.147958,0.0593181,1.5796,1.86973,0.51991,0.487843,0.797314
0.0456677,0.0382709,0.048019,0.392921,0.642067,4.22732,4.23878,0.63062,0.143382,0.0809366,0.436701,0.814918,0.847778,0.049478,1.50606,1.33046,2.12726,3.56268,1.00962,0.638748,0.250861,2.32346
0.0448371,0.0531144,0.0727886,0.547329,2.07207,3.16753,2.63163,0.359454,2.78638,2.66605,1.62267,0.295896,0.329337,0.107112,2.16924,2.89277,0.6554,2.6717,0.823999,0.714761,0.0485749,1.47147
0.0553941,0.0628335,0.0926704,2.19734,2.86093,1.63955,2.31723,1.48156,2.71671,2.09645,0.128783,0.579906,0.316163,0.602571,2.02621,5.05544,5.69623,2.45222,0.425347,0.472505,0.154426,0.207146
0.0903474,0.0963517,0.189777,1.51209,2.18145,2.46116,3.51611,0.260302,0.797817,2.21279,0.645218,0.795206,1.21424,0.494527,2.77284,2.18107,6.98782,8.64034,1.92295,0.0364175,0.0185505,2.05457
0.060731,0.115393,0.183061,1.23357,1.69828,1.99629,0.353395,3.30235,3.51812,1.12323,1.3761,2.83595,0.855972,0.874511,2.31235,4.05782,0.530079,2.93576,1.46662,0.327581,0.317162,2.53388
0.0459356,0.260299,0.591731,2.21239,2.10757,2.72095,3.20678,0.46648,0.0870724,0.42934,1.37359,2.6739,1.76112,0.854875,3.36832,7.8319,13.0088,10.0697,1.97883,0.016631,0.641961,2.28637
0.164565,0.0663131,1.23919,6.43894,9.64533,5.46777,1.61953,5.04549,7.58618,0.320313,5.36091,6.79461,5.28945,1.00296,2.41562,0.739574,4.15524,2.37055,1.74355,1.89061,0.570238,3.44396
0.0267654,0.355542,1.1175,6.17194,15.783,12.3672,3.97172,5.46417,13.4962,9.53626,4.53214,5.06953,0.637534,1.68388,2.49331,3.93458,3.72168,2.97213,0.741186,0.00563354,1.27774,3.14138
0.133027,1.3491,2.01453,7.50881,17.3512,9.99561,3.90323,7.96626,5.27519,0.73267,3.04416,5.50545,3.14054,0.508651,4.05823,4.26003,3.55995,4.46307,0.340929,1.40426,0.995945,4.27109
0.0148677,1.42026,3.45283,2.36692,9.34192,2.65706,5.61075,5.46826,2.584,0.646164,3.16184,6.62085,5.45648,3.33947,3.91705,4.96326,4.78336,2.77829,1.0262,0.98057,0.3606,0.260188
0.104928,1.30985,3.28181,1.63862,1.09732,2.19905,7.70924,9.70196,4.85177,1.13452,4.88532,8.10146,5.05353,0.93427,0.584057,2.28706,5.37414,6.3098,3.88115,1.18138,0.285284,2.53498
0.131882,1.32506,3.74016,5.96817,5.55432,2.80669,2.62957,9.89947,8.6822,2.25274,2.72288,5.48049,2.03625,0.705742,1.16772,1.47982,0.0135145,0.883454,0.899829,0.193971,0.483473,1.35865
0.0416584,1.33018,2.76831,3.56672,3.33977,4.24568,9.60564,5.87924,2.08134,0.911712,0.367417,2.30079,1.64131,1.01159,3.19796,4.66228,5.0997,3.94266,0.139136,1.23508,0.358914,0.762915
0.0636743,1.3138,1.94206,1.05679,2.44419,5.98384,6.91274,1.767,2.29566,1.64789,0.815296,2.09096,1.89478,1.59108,3.80917,7.94332,8.53276,5.50255,1.46318,0.15193,0.142537,1.42813
0.0437517,1.25441,1.55149,3.50217,3.57296,5.42945,7.54293,1.73398,1.038,0.318054,0.931064,2.03451,1.36279,0.316181,4.22979,7.47781,1.10321,6.42427,1.51083,0.812477,0.726665,0.309735
0.00758322,1.16453,2.07792,1.4003,1.61699,9.35968,12.2617,0.280574,3.72056,0.46155,3.26096,6.92385,4.94334,1.39528,4.49331,7.27563,5.33403,12.323,3.22265,1.08969,0.826631,1.45852
0.169144,0.886889,2.45505,2.57291,0.224433,1.13432,1.24105,2.67993,2.27899,1.41743,3.56454,7.49522,5.10894,1.08237,3.22893,5.8608,1.81944,6.19544,2.21324,0.874927,0.43679,1.49747
0.0181256,0.939067,1.98293,2.7606,0.869003,10.5968,8.73098,4.36276,8.01685,5.37492,2.3141,2.08717,1.31736,1.37249,3.54658,6.49083,6.08609,3.01081,1.93403,3.68364,1.89206,0.641652
0.0496744,0.665229,1.64247,1.80745,0.470632,4.41299,4.97495,3.26292,3.19666,3.0503,1.19626,0.799396,0.0515815,1.31273,3.34636,5.33084,7.33611,7.85131,1.6293,2.11311,1.28943,1.54389
0.200775,0.509529,1.46975,0.517702,0.0338919,5.81142,3.87159,7.93432,9.17056,3.88721,2.75286,1.4929,0.578732,1.15811,0.0251689,2.42129,9.26901,12.1989,5.72064,1.80457,0.630652,3.08319
0.209026,0.413205,0.138583,2.95635,2.07852,5.66424,6.52176,2.68428,0.187353,1.79997,1.7203,3.16978,0.313864,2.08586,1.38101,0.136712,4.34448,5.17625,3.34464,3.2555,0.597125,2.5881
0.0443262,0.372277,0.156091,1.81705,2.61864,5.17491,4.96623,3.31061,5.58537,2.83609,6.85298,10.2723,4.89357,1.07158,3.13821,5.19825,8.369,5.96827,1.49669,3.00725,0.580738,2.16613
0.0209139,0.256915,0.965415,1.73561,1.85959,8.5209,11.02,5.46298,1.61422,0.315006,2.85783,8.05683,6.53076,1.3524,2.17932,3.26649,2.76798,3.13905,1.88213,0.36219,0.252964,1.78052
0.186087,0.125609,0.121766,2.50141,5.84628,5.8649,4.67714,1.9185,3.06375,3.23314,0.597966,4.33171,4.99359,1.50932,0.254618,1.59587,2.94756,3.67383,2.91931,1.20556,0.0254414,3.27707
0.122826,0.190719,0.248882,3.51501,9.83577,17.0829,19.0226,13.9876,9.72535,4.34284,1.77597,3.59932,0.402468,1.4277,0.0413507,0.873854,4.50843,4.18175,0.689532,0.246379,0.524318,0.905799
0.0945264,0.526554,0.213581,4.97207,8.53625,9.07439,7.31772,1.38038,4.2573,3.89773,0.0979852,0.262402,1.2125,0.269492,0.0259938,0.643599,1.8993,3.47606,2.67748,1.28867,0.468323,0.532037
0.0216472,0.150578,0.234755,1.70269,0.435047,10.0429,15.5904,14.6284,15.0237,7.91092,3.55031,8.24689,3.40825,1.18587,2.19891,4.03353,3.15055,7.30916,2.72605,0.544925,1.02988,3.49725
0.0279491,0.120075,0.664337,3.16822,8.33163,17.4486,18.8361,6.59483,0.729443,1.02646,3.75722,9.84479,4.57094,0.477988,3.66839,4.87948,4.92772,11.289,3.326,2.80912,0.474742,0.546803
0.218459,0.0329576,0.382517,6.45515,10.9273,3.45224,2.09821,8.57721,15.4435,7.27741,2.34659,8.97565,7.74486,1.62291,0.960485,1.52849,10.9867,11.5633,0.588421,4.66241,0.304288,0.814383
0.124489,0.225411,0.933611,8.13577,10.61,8.20585,15.9787,3.56384,2.0606,4.09123,2.35711,8.68505,7.42254,2.48815,1.57207,1.37618,2.22325,1.6471,1.37933,2.13207,0.302355,2.27968
0.222367,0.276291,0.0170133,2.11607,4.40178,3.03094,7.77022,4.02313,12.2773,5.26082,4.01237,5.92526,1.9116,0.620773,2.85644,3.86177,3.29117,6.5708,0.223278,2.22315,1.12518,0.743243
0.123483,0.0832768,0.304791,2.13035,1.34681,10.2299,8.72469,3.67563,0.395379,4.79299,0.242648,2.96131,2.93248,1.80647,2.23071,2.61021,4.53057,7.80474,0.845475,4.9724,1.93841,2.33989
0.208313,0.042376,0.62183,7.49356,8.77258,6.97673,9.86602,4.48337,7.27437,1.39833,6.06929,11.7697,6.81875,0.493556,0.883665,0.0350605,4.02001,4.86916,0.958358,2.33385,0.0885264,0.164644
0.593246,0.68564,0.671812,6.57657,14.0643,12.7786,4.15193,4.59825,1.17025,4.45206,6.77532,11.7605,5.63954,3.46529,0.778799,5.52796,4.41662,3.13075,0.506408,0.368155,2.2003,2.13538
0.0980027,0.567899,3.25258,12.0534,22.1553,21.6452,5.31141,9.64387,3.80918,5.45976,2.9893,3.52918,0.825991,2.629,8.08372,16.112,17.8109,15.2013,3.66439,1.9706,0.926025,4.48385
0.393467,0.512491,1.29057,6.5309,14.3633,5.22103,4.47577,5.57329,9.28675,2.32669,1.46414,3.28053,1.84237,0.646679,6.80453,13.0807,15.8701,15.2637,6.43605,0.561133,0.447884,2.1103
0.385724,0.16272,0.985012,1.9976,0.900118,7.75212,11.7913,1.62088,0.626635,5.23753,0.0466493,2.54857,1.5535,3.25024,3.85679,5.57196,1.7447,0.60605,1.4602,1.56713,0.143309,0.534443
0.102072,0.169849,1.41669,4.94635,6.56531,5.02512,5.38445,14.9213,19.4817,8.24889,7.12499,13.1466,6.62398,0.802515,0.177753,1.02097,6.28446,11.3729,4.47928,0.409337,1.05296,1.41515
0.0993124,1.01801,2.50994,6.0303,6.15152,7.58192,14.7104,3.04628,4.6902,3.35309,6.1046,17.6213,13.7334,4.70229,1.3755,0.398516,9.2805,14.8754,7.94979,3.90632,3.10576,1.55187
0.405895,1.42746,1.60209,0.322639,2.38065,5.09174,16.2896,20.5128,18.0388,8.30942,4.44708,15.4283,9.3653,0.372711,1.76326,0.590193,8.09864,11.7798,7.38947,5.09743,3.55076,3.79257
0.317583,1.81718,2.70516,0.411734,3.84095,9.57582,8.09491,5.96427,0.00417123,2.74228,6.7846,14.3835,5.97112,3.12044,2.83777,3.12039,4.22819,4.91035,1.40618,1.04676,1.69145,1.7597
0.23865,1.91941,2.953,0.789165,7.10127,20.0388,23.6311,18.5683,11.1029,3.41038,6.7742,14.2552,9.00692,1.46754,0.302154,3.28387,14.3554,18.6069,9.50101,4.41794,1.19194,1.85246
0.197464,1.78295,4.54068,9.37424,13.3209,12.5962,6.97419,6.54322,7.16801,1.91461,2.01298,7.50317,6.79521,3.16472,1.2876,0.159018,9.8734,14.9588,8.58245,4.22332,0.024515,3.17994
0.0222085,1.80379,5.1634,14.1866,14.1627,7.4098,15.3144,9.63257,11.1725,7.82401,4.77703,5.53999,2.90076,0.0960969,3.8566,6.24483,0.296212,3.95798,2.06569,1.23233,0.0889972,0.898566
0.129336,1.92959,4.85089,9.64563,6.97917,12.8094,15.6846,3.51216,2.85137,5.5099,2.89659,12.3204,10.0766,2.99547,3.15109,6.71728,7.52936,6.95087,3.82715,1.07271,0.59873,0.761618
0.0949046,1.76688,4.64815,1.61837,0.618253,5.80214,4.05503,0.360193,5.37241,6.00722,2.42706,13.8038,10.741,0.731711,2.62728,4.78913,11.135,13.5659,5.50922,0.428995,0.661357,1.78081
0.0815126,2.0435,2.73482,7.74089,10.1421,11.3526,12.4624,5.3409,2.33238,8.53577,8.35413,16.0668,7.69116,2.14166,2.60809,5.21025,10.0938,10.1198,0.728127,3.0701,1.01876,2.60221
0.0641813,1.9148,3.30319,3.73638,9.45404,5.78327,2.43982,0.881523,4.32634,2.44324,8.2109,16.0423,7.34563,1.37568,3.88298,6.19092,5.78749,4.51539,0.385706,2.25419,2.30588,1.39505
0.118564,1.96636,2.827,1.24868,3.25039,17.9458,14.6284,4.52947,0.62041,7.00575,0.717331,6.16866,6.09915,1.94564,4.3489,5.82119,2.69813,6.84508,1.11612,1.61807,1.57525,2.80237
0.41261,1.18869,3.09416,8.22606,10.6742,1.4897,1.31719,4.34335,14.7487,9.70888,3.06789,5.89444,0.843959,2.05979,1.63002,2.45352,9.38552,14.7521,1.42613,5.45624,0.351759,4.0074
0.0374411,0.961298,2.78624,10.1271,18.8398,24.2547,18.807,1.58361,8.87664,1.48087,2.88213,9.6448,7.89306,1.69869,0.936405,2.03079,8.49814,10.8836,0.516301,4.06794,0.592043,2.0084
0.108401,0.478805,1.92507,7.89118,16.4522,20.7759,16.5025,12.6243,14.4837,7.11115,4.44118,14.4097,12.8801,3.6225,1.77637,3.05129,0.504512,0.334952,2.30748,2.21109,1.80818,2.25745
0.0414914,0.765265,1.64818,3.81354,4.3415,7.17324,14.3649,1.22315,14.324,8.95854,8.09171,20.8566,11.1398,0.44831,1.95031,1.71653,5.48356,7.18375,2.73268,6.08326,2.68972,1.54701
0.33981,0.453092,0.574043,5.80817,11.9795,25.3136,31.737,19.1898,6.83345,1.16309,8.62798,17.5687,7.25929,2.66083,1.08504,0.552168,4.75606,7.55315,0.408337,3.09467,0.906168,1.00852
0.0582763,0.331446,0.201285,7.95107,15.18,9.10354,4.40017,6.04853,6.49258,1.91497,0.550427,4.83284,5.06608,0.468727,1.1413,1.78204,0.285776,2.14025,2.48634,1.00197,0.627901,0.871178
0.0137616,0.00361849,0.542176,9.76509,11.2003,15.7346,30.2882,17.5349,3.65224,2.97358,2.8961,1.7802,1.89057,3.14096,0.784665,3.65896,4.74332,3.29539,0.497093,1.72879,1.11679,1.48526
0.0548907,0.111807,1.12977,0.802147,5.25453,6.54517,18.0527,6.52916,4.89423,6.07616,1.53893,6.81202,6.07927,1.11447,3.45381,3.57679,1.94231,3.17783,2.28663,1.10198,0.436542,3.28314
0.00537338,0.063027,0.38566,4.10376,0.136435,13.3974,13.6485,9.34262,6.29564,0.0934356,7.24637,19.4577,14.5434,4.34832,2.77572,3.99779,5.33558,6.0256,4.78129,2.66507,1.33907,0.593575
0.414145,0.600332,0.148035,6.30452,3.51661,17.3555,19.7281,2.27418,13.8277,9.14421,13.3581,24.5638,15.0935,2.04746,0.215918,0.198652,2.576,4.20159,1.13987,0.869052,1.78223,3.7491
0.21281,0.311315,0.417801,2.20308,6.12345,7.29633,4.9164,9.72679,12.8673,5.07379,6.10481,15.8651,7.67535,3.70395,5.24078,4.56083,2.21252,4.01174,2.87383,5.10646,2.30612,3.89644
0.144572,0.38366,1.60856,3.95232,3.78729,22.4558,16.1668,8.07868,10.9328,3.82813,2.23764,9.35443,5.17142,2.16017,3.865,4.59244,5.13268,6.19229,6.75278,5.619,3.64043,1.85602
0.255238,0.24332,1.42633,3.40009,0.525852,1.90486,3.31778,13.0238,14.4292,4.41532,2.99547,5.48827,2.5867,2.30177,2.21153,4.13077,14.618,14.5869,5.40812,0.785655,0.27466,2.9815
0.583407,0.0305266,1.8151,1.43766,0.572074,15.3751,20.3186,1.99253,3.11354,8.82989,4.90546,7.16582,4.59708,1.40661,1.78268,6.32129,4.95817,0.302308,6.84442,6.33477,0.865084,3.09647
0.561469,0.698558,1.22424,4.40599,9.98448,2.59841,0.42305,12.8706,11.9476,3.92775,11.125,19.2372,9.377,0.159126,7.35773,12.2311,1.20406,6.4495,5.32601,4.55506,0.920322,5.48267
0.0458155,1.91498,4.735,7.65458,13.2641,24.7073,22.6598,1.57851,1.34777,6.36468,3.2104,15.9868,11.9438,3.159,10.1795,14.6948,0.681442,9.05032,1.48677,1.47103,0.372625,5.43743
0.25887,1.81456,5.53717,9.16682,10.3723,18.499,20.0457,3.20972,1.11205,1.08029,1.08263,9.01669,7.01636,0.403893,7.15273,10.6206,2.69362,8.034,0.696877,2.90593,0.369736,0.386541
0.259546,1.62004,4.91132,5.62363,2.75086,14.0618,7.78585,11.2411,12.2186,1.09192,6.93749,11.4298,4.21444,2.78146,0.511136,4.35964,5.3491,4.05399,0.3265,1.36374,0.23038,5.93848
0.315721,1.18532,3.09011,4.19466,19.226,29.9348,24.5609,8.56728,3.04291,2.10745,3.4605,5.83874,2.60995,0.501057,2.44247,1.20726,10.1754,14.8265,3.2059,2.29702,1.52595,5.31287
0.105547,1.05679,2.35472,11.6266,26.8394,15.8649,10.6902,22.0931,17.767,3.40259,5.73682,7.08731,0.108432,2.74594,1.612,0.473462,10.8964,15.0022,5.76743,0.80137,0.29488,3.22085
0.155367,0.792839,0.351766,16.4001,24.5981,3.48535,18.3952,11.3589,5.22862,1.22992,7.81495,14.3777,8.81015,1.06693,0.680002,0.138876,4.34133,7.0445,6.41427,4.5014,1.17504,3.97207
0.227114,0.210733,0.0957387,7.95226,12.6851,2.32958,13.3598,12.4369,8.23885,1.24508,5.30079,16.1639,12.8572,2.72014,0.0452159,1.99713,6.70594,6.13129,0.0680024,2.1273,0.666619,4.62088
0.251297,0.486254,0.80618,2.33442,0.32541,12.0529,15.5969,16.541,12.3901,0.496614,7.30473,20.4254,10.4437,1.1717,0.0103277,0.419214,4.15001,9.80028,6.11447,2.36348,0.306152,3.6777
0.0751368,0.828529,0.113105,11.9478,13.1529,9.44696,11.4396,3.05631,3.02499,0.753277,11.7059,22.3062,9.34891,2.32258,0.202103,0.644996,6.13042,9.47851,5.34105,2.89814,0.413991,0.0863004
0.224997,0.814907,1.02382,6.76,15.7999,16.875,16.2795,17.3918,10.9666,1.80814,5.93149,15.6137,11.3761,1.46231,1.44658,1.60163,3.2583,6.04446,3.34717,0.48859,0.719781,4.94395
0.285983,0.592483,3.0525,5.52852,3.05473,23.0215,19.8695,3.16565,6.10839,0.597022,4.00665,9.43789,7.84181,1.75225,3.06361,5.95743,4.6423,2.28995,2.37478,1.99705,1.08726,1.36654
0.372759,0.826834,3.04283,8.66131,6.75265,1.35453,7.48001,11.2985,4.86235,0.294681,3.10885,4.04929,0.200181,1.34172,3.37214,5.29119,3.99927,3.07532,2.34258,1.38455,1.01178,1.1204
0.440485,0.652203,3.14726,7.46698,12.0951,29.2929,30.7773,0.62845,11.7394,1.46697,2.00793,3.54641,3.74316,1.36455,2.40128,4.91889,3.49336,1.86645,0.536539,0.017828,0.10439,4.28964
0.455105,1.00729,0.510376,1.63684,0.479542,8.95029,12.1973,3.78141,2.59508,2.15564,5.91916,9.16448,3.64638,0.234075,3.81843,6.96011,4.72624,2.38635,1.25649,0.221832,0.237943,2.00378
0.323197,0.457801,0.177086,2.35328,6.95439,22.1713,20.049,5.34088,7.27297,3.77868,0.67476,8.91793,4.82875,1.01824,3.03365,5.02548,1.81564,1.66098,2.06125,1.03811,0.369464,1.4965
0.0137232,0.673531,0.639076,3.4973,2.2915,9.24137,17.8292,11.155,2.37227,1.83378,3.26773,12.4932,8.77613,1.83283,3.55599,5.48976,5.05108,4.90618,2.84595,0.941067,0.168994,2.42447
0.00528769,0.113094,0.601147,2.99944,11.2218,18.8958,7.22353,6.50368,1.17823,6.15632,6.91105,12.318,8.29256,1.68864,0.781197,1.79254,4.42985,5.44741,1.86398,0.530905,0.388609,2.18729
0.207531,0.169285,1.44207,8.60452,17.2609,18.1825,10.5545,9.05587,12.3089,4.88372,4.17656,7.5066,4.26227,0.0955555,1.16939,1.45334,3.94759,7.01173,1.55743,1.71858,0.836158,1.04814
0.228901,0.130084,1.36328,9.2926,11.5066,6.27047,13.4051,3.97079,1.98414,1.7816,2.39945,4.86928,2.12549,0.639166,2.43099,2.72715,4.08058,7.57023,2.57564,0.1451,0.42585,3.30043
0.355106,0.281306,1.69618,5.61559,2.18183,13.9259,16.2444,11.9733,15.7353,8.05822,1.55276,3.71743,2.22451,0.2442,2.5387,4.32402,1.82174,0.0580636,0.675177,0.486012,0.288665,2.97596
0.280529,0.338156,0.122518,6.31471,6.73296,7.16769,14.911,8.30338,1.98554,6.31403,3.28007,1.25145,0.554942,0.259115,2.25223,7.12934,9.54265,6.1811,0.680831,1.03177,0.847723,0.20722
0.254474,0.171169,0.465827,8.02643,11.8335,9.22457,20.6813,12.0824,10.4186,6.72208,2.35654,4.96956,3.9602,1.43682,3.70441,4.25922,0.0455888,1.40511,0.43735,0.487327,0.00891086,4.12681
0.188735,0.515496,0.0432638,6.71721,14.0999,9.62873,2.95388,1.84151,5.42184,10.2879,3.22574,3.07221,2.43288,0.510135,3.37615,4.8993,0.108046,1.66535,0.371806,0.640882,0.268813,2.78474
0.268031,0.181407,0.86347,0.29551,5.79801,13.9178,11.1634,1.4551,0.872222,3.21971,0.315661,2.38776,1.26978,0.512447,2.00712,5.69492,5.24785,2.34301,0.0801767,0.191021,0.421833,0.332895
0.215877,0.113801,1.06638,2.62755,0.61092,4.42312,3.2851,1.61592,6.64196,9.2008,5.03327,3.37872,1.11092,0.352009,2.41895,3.64699,2.2237,1.17347,0.157164,0.458526,0.237246,3.46729
0.0329106,0.0435832,0.148091,0.601088,0.143077,6.42568,5.52305,3.64511,3.86883,0.156799,3.04122,3.87876,1.21602,0.634119,1.29041,1.47063,0.548556,1.35694,0.235727,0.58967,0.997888,3.13474
0.115076,0.308018,2.05355,1.01335,6.78594,10.079,3.08516,4.80216,16.3813,13.5179,1.63092,9.72754,8.4737,4.44238,2.52823,2.97617,1.91058,0.312471,0.0631872,0.774607,0.403374,0.592778
0.545769,0.152168,3.41539,0.14315,6.70255,4.02784,9.03123,6.19532,12.8872,3.58797,0.547801,6.08366,2.41107,2.07075,0.619477,2.0694,1.24478,0.0484111,1.11707,0.96017,0.227453,4.68512
0.863331,0.555138,0.456086,7.19474,12.0616,2.80489,4.62075,10.9234,15.9649,6.4087,0.931694,4.83526,2.80743,0.421217,1.46262,0.58917,0.445434,1.45727,0.596501,0.254548,0.410057,4.72264
0.432356,0.693576,1.30487,5.03722,10.1063,11.5422,9.19575,3.48159,18.3837,11.0241,5.81895,8.65657,5.05701,2.71977,1.95503,6.04211,2.75956,1.94843,1.86231,0.264264,0.562385,1.37414
0.0573065,1.17501,3.48944,2.77977,0.677273,3.80324,9.65579,8.21387,5.02119,9.73941,3.7287,3.72894,3.34059,1.42372,5.05451,10.4154,3.13721,2.47088,0.638014,0.46409,0.393353,0.479398
0.273184,2.27138,3.21238,4.62018,10.8852,6.87081,5.0855,5.36986,2.91036,7.6691,4.4037,2.87947,0.987689,0.860813,8.55737,13.1002,3.11355,2.76722,0.35942,0.320805,0.292518,3.09
0.0494333,2.46762,4.74075,3.92678,14.7566,14.1327,9.07149,3.03311,19.1424,14.1339,2.84213,6.02451,1.70858,0.995382,7.26892,10.862,5.08655,1.67123,1.31456,0.38779,0.0348904,2.40462
0.0795777,2.6011,5.68194,1.49199,8.71032,2.90728,0.895282,7.02646,15.61,8.24767,0.498254,1.36419,0.186377,1.97848,4.28157,5.88594,4.35508,3.18437,0.884561,0.477315,0.135686,0.598971
0.112815,2.30607,5.94697,1.25436,5.38774,1.20744,0.773201,5.53138,8.03227,2.07397,2.99142,0.828356,0.282368,0.115257,0.29522,3.30265,6.72487,5.75398,1.8043,0.0629141,0.585987,2.04447
0.320214,2.71321,6.34208,2.10117,5.83666,6.36723,1.4429,3.34436,14.067,11.8058,0.679554,4.3529,2.82813,1.56975,1.23102,1.29066,0.752181,0.581923,1.0291,0.543066,0.11157,1.87748
0.577892,2.96474,4.33363,3.07723,7.8107,3.77834,0.18192,0.534571,5.83006,7.97373,5.32397,2.73968,0.861599,0.740568,1.09734,1.31176,2.27512,2.37122,0.716971,0.146602,0.191912,0.620169
0.233252,2.37048,4.91625,1.0824,4.16334,2.8032,0.781193,0.0343512,4.62965,4.80071,0.838863,2.3812,1.10453,0.321527,2.34719,2.52628,0.659911,2.35658,0.956379,0.0479536,0.143288,2.56693
0.311457,1.53369,3.1874,0.00762201,2.67963,0.334304,0.830916,3.23116,10.4679,10.4835,4.81656,2.27213,0.857733,0.555179,0.56333,0.218428,4.11793,4.34056,0.422819,0.617509,0.784574,0.670218
0.0159707,1.34965,2.80674,0.803549,0.987572,0.602606,1.53695,3.27378,5.48459,3.28075,0.0410726,1.46711,1.78854,1.13293,0.463568,0.508928,0.0635723,0.60203,0.00119731,0.355652,0.121299,0.657822
0.09824,0.815416,1.98923,1.07479,0.518741,1.2993,1.87245,3.56028,6.8969,7.87774,4.73993,1.44651,0.232322,0.220752,0.212415,1.74248,8.27598,9.23451,3.33317,0.647262,0.0528286,2.83881
0.0162437,0.46705,0.444097,0.616772,0.748643,1.27436,1.56484,3.3578,7.62404,4.62658,0.251313,0.208825,0.0141546,0.354737,2.22127,4.30278,1.8307,6.55142,2.4805,0.0426672,0.332062,1.64524
0.00654911,0.007257,0.568127,1.77158,2.21067,1.36361,1.44078,1.67863,0.316661,1.80019,4.47753,3.57319,1.27511,0.467398,3.39806,4.57202,0.15249,2.69067,1.14955,0.351743,0.402949,0.867293
0.092454,0.104073,0.984566,0.880809,0.403563,1.55259,1.3185,1.23072,3.84576,1.97782,1.67033,1.32776,0.474288,0.0832184,2.50911,3.60879,3.63826,4.15584,1.8715,0.4189,0.588086,2.36263
0.103327,0.232452,0.136707,1.15864,1.86537,2.002,0.812889,0.206126,4.3334,4.56642,0.230928,1.4016,1.71149,1.945,0.101035,3.02631,8.27157,9.36063,3.33877,0.260182,0.518236,1.16336
0.105534,0.450211,1.51169,1.95565,1.50859,2.44456,1.25945,0.9997,1.14848,1.85599,0.465758,0.221164,0.00934057,0.1434,1.38914,0.70015,3.90152,5.13732,1.83222,0.26876,0.113004,0.220242
0.279788,0.255796,0.450614,0.152289,0.568087,0.507442,0.0719755,2.46868,7.9955,7.566,1.98067,0.890752,0.604115,0.500535,1.64313,4.52702,5.67071,4.95193,2.14231,0.463931,0.465396,1.82362
0.0215582,0.436833,1.071,1.06959,0.685788,0.221792,0.312596,2.04426,2.95077,0.460595,3.53914,1.68776,0.0643902,0.50103,2.99451,7.07492,9.24648,6.14522,1.10468,0.318996,0.0565544,2.74626
0.136428,0.452957,0.756827,0.466482,0.421513,0.601223,0.499759,1.57266,5.4222,6.54545,4.88086,2.13884,0.547138,1.62394,4.65746,5.14309,0.138012,0.951502,0.369475,0.16023,0.17252,1.18981
0.0775715,0.308782,0.451178,0.352625,0.738705,0.643794,0.243277,1.48056,5.77698,3.5069,0.293147,0.656132,0.0699028,1.07284,4.04807,7.28728,2.14767,0.115558,0.343152,0.138106,0.232962,2.37351
0.0550969,0.382083,1.37717,1.52021,1.44189,1.73719,0.623021,1.15615,1.75279,1.15722,4.60011,3.1318,1.00282,2.2815,4.63461,12.3477,9.57812,2.55235,0.365251,0.523437,0.28919,1.0649
0.177593,0.106832,0.133909,0.475514,0.15417,0.0796363,0.470468,1.17085,4.75399,4.64457,2.41386,1.98442,1.15659,0.79256,3.01873,4.96949,2.40719,5.46326,1.23856,0.428046,0.371625,0.168454
0.087342,0.150151,0.0996944,0.750784,1.68257,1.17302,0.683181,1.49274,1.24072,2.72905,1.01443,4.11268,2.68391,0.343919,1.62548,1.32167,4.52798,6.32841,1.52606,0.731422,0.131079,1.66733
0.10838,0.27803,0.557455,0.0729488,0.0986977,1.10047,0.669847,1.9723,5.76488,4.30501,0.850771,2.47739,0.822641,0.356134,1.35451,1.44327,2.33086,1.27105,1.38028,0.0504216,0.165846,1.59461
0.106526,0.732362,1.74695,1.51962,6.21027,4.13795,5.8659,7.88958,6.10415,14.0813,5.50766,2.38061,4.68857,3.69736,0.279086,2.92926,0.593861,1.31233,0.354583,1.23795,1.023,2.46215
0.0631565,1.22504,2.65536,2.97883,8.95491,6.28077,0.269723,7.2831,4.30619,4.46386,1.23414,3.02094,2.31383,1.17644,3.94352,6.3056,0.793461,1.54245,0.100306,0.144534,0.751183,4.24939
0.210948,1.71865,3.16816,0.956965,2.72679,6.20427,3.81992,2.87431,11.429,7.34737,3.38024,2.94556,0.686653,1.79791,0.561758,1.77385,4.12237,5.92929,1.93917,0.415618,0.268796,1.5576
0.550147,1.03768,4.67797,8.26991,7.16337,2.32764,2.11277,15.1846,24.8271,12.4144,1.68393,3.51735,3.45476,1.30317,0.636325,0.031492,5.66657,6.90397,1.52797,0.53055,0.342331,0.759179
0.12635,1.56167,2.95651,4.85289,8.16711,7.04268,5.52833,5.39355,1.05997,2.34474,2.11557,0.63937,0.678317,0.699612,0.615465,2.31755,1.86602,1.73114,1.86599,0.371394,0.731439,0.987984
0.0500894,1.54448,2.92195,4.33441,6.84286,3.83271,0.0550489,6.36774,13.4965,6.39626,1.64013,0.872525,0.506472,1.44401,2.15684,3.65052,9.7283,10.7446,2.98757,0.158195,0.658361,2.4699
0.425383,1.11356,1.11552,1.14341,5.32057,3.94358,3.35405,1.6628,10.2473,9.76221,1.95326,2.99582,2.64268,0.303473,1.88231,5.84298,11.4925,11.0392,3.34321,0.0928377,0.186838,0.975072
0.337921,0.552658,1.57206,4.98792,8.7991,5.07643,1.50295,5.42464,10.5962,10.1268,3.12324,2.04471,1.18108,0.252174,0.471537,2.41168,1.3896,2.13904,1.88993,0.514185,0.280038,2.3906
0.138328,0.215805,0.53573,5.13762,10.8052,7.91724,3.48196,2.31385,1.65015,4.92703,2.89989,0.341069,0.0720103,0.472424,1.86912,4.68433,4.86676,4.41992,2.36822,0.758478,0.33148,2.91738
0.613019,0.651919,1.42501,6.86322,9.44698,2.67376,1.26535,4.2068,9.20497,7.14813,0.986008,1.02497,0.0598731,0.50327,3.81107,6.11681,6.47644,6.29379,2.04594,0.153631,0.365434,0.115302
0.436237,0.0863614,0.36238,2.05169,6.2445,4.20234,1.37512,1.40407,6.02897,4.71602,2.35195,2.28975,1.69364,0.759385,4.26244,9.26999,9.55182,6.22304,1.34454,0.39185,0.510764,1.47947
0.678558,0.106792,0.215214,1.70487,4.33292,3.58389,1.98287,0.600641,3.81384,1.92323,0.0695754,0.0646337,0.73456,0.0567399,4.84642,5.00683,1.96643,2.41492,0.17989,0.441345,0.663428,1.69844
0.338274,0.0128158,0.146575,0.743238,2.45802,1.29399,0.31436,1.30519,3.20626,0.356808,2.84638,0.930472,0.477677,1.45888,0.634122,0.985526,0.812316,2.05863,0.792966,0.404903,0.0857528,0.371359
0.151928,0.260696,0.467557,1.92755,3.22282,1.88657,0.00388534,1.03587,3.6095,5.2611,1.75778,0.57348,0.334895,0.0391371,2.11651,1.82054,0.678543,0.474348,1.11181,0.374539,1.18253,0.118195
0.330717,0.554425,0.340595,0.540502,0.971602,0.310414,0.366489,3.19513,6.40292,5.11856,2.3707,0.759541,0.379424,0.151681,3.36101,6.523,7.33175,5.87172,1.61947,0.175829,0.447016,1.55269
0.130595,0.608027,1.20101,0.860303,0.605365,1.32755,0.39125,4.23283,11.2103,7.59303,2.15099,1.8439,1.71785,1.09584,2.01333,3.05106,2.34709,2.32732,1.1968,0.0704449,0.226652,0.152208
0.0280406,0.516094,0.645492,0.451437,1.4852,1.04648,0.966134,4.46952,15.5134,14.5281,5.94208,2.33505,0.884599,0.34328,2.1162,0.423503,4.06109,2.90058,0.817009,1.2811,0.408297,1.34504
0.132293,0.371307,1.16301,0.298452,1.17232,0.76747,0.33984,3.03618,8.50659,6.71628,1.46391,0.825609,1.33298,0.993622,0.0490821,0.400278,0.866349,1.26646,0.204207,0.251217,0.126891,1.64511
0.0257135,0.485564,0.994188,0.53983,2.62755,2.41785,0.935815,1.33016,5.75055,8.3868,4.85698,1.34316,0.9437,0.901121,0.694317,2.40019,5.11132,4.46928,1.5352,0.5414,0.506313,0.402981
0.207435,0.239186,0.775325,0.916604,2.46442,1.18189,0.305957,3.33457,9.29722,5.87193,0.231836,0.00256267,0.0143347,0.0464692,1.40237,2.17083,2.24487,5.68506,2.52784,0.00593867,0.118694,1.15539
0.0178818,0.326702,1.0436,0.0449404,1.96671,1.34801,0.0155425,2.77321,7.44902,5.31406,1.29971,1.24862,0.956382,0.141803,3.14985,6.31941,1.85869,3.00046,1.41399,0.591155,0.42326,1.38435
0.0576863,0.170027,0.158404,1.14956,2.12022,1.10758,0.658995,2.01683,2.13605,0.616902,0.0883977,0.00383933,0.185851,0.640226,3.27293,5.23986,1.54796,1.19069,0.172095,0.0133901,0.160732,0.34966
0.0984709,0.00607604,0.520408,0.538718,0.407617,0.716037,0.229456,0.0865433,2.16893,4.63913,3.71439,1.85945,1.28274,0.876054,2.13161,2.8098,1.14443,3.00629,0.645707,0.202502,0.407589,1.14812
0.00213775,0.0329997,0.441529,0.991787,0.836781,0.564661,0.0483464,0.456525,3.45272,5.17198,2.45784,0.0941451,0.278331,0.0076284,1.3413,1.85417,0.592905,1.54505,0.967693,0.240595,0.0422035,0.588354
0.170006,0.0309095,0.223675,0.912539,1.43051,1.69541,1.24105,2.08196,5.36311,3.16179,0.837673,1.30109,1.56678,1.27908,0.88747,3.47379,5.57548,5.45857,2.2556,0.323489,0.0928795,1.69959
0.0049523,0.236836,0.848779,0.57899,0.492592,0.42339,0.952571,0.328938,1.05268,0.898363,1.01619,0.242354,0.222388,0.774193,0.0714374,3.15391,6.02515,4.95648,1.41954,0.493136,0.169607,1.92171
0.00225917,0.397252,0.714401,0.655836,1.81191,1.08316,0.162459,1.52958,2.59691,4.26081,4.09007,1.4854,0.188049,0.74925,1.02515,0.0356637,1.70866,0.803549,0.0735477,0.644609,0.325969,0.384205
0.126818,0.297881,0.989554,0.17928,1.5125,1.09901,0.0969606,1.47048,2.11433,0.864052,3.20885,2.2453,0.319737,0.669177,1.19379,1.75195,0.746692,0.0706684,0.205852,0.045837,0.0154072,2.24414
0.124924,0.0417899,0.870039,2.67508,0.799123,2.28482,4.12681,1.13577,11.0374,6.92394,3.7904,8.60013,5.0663,0.724883,4.84329,6.37598,3.07422,1.70539,1.13598,0.0807785,0.0643703,0.850573
0.255965,0.327195,0.581039,0.596904,1.40322,7.60966,0.815831,15.6598,21.4001,13.4741,9.67886,11.0152,3.48448,2.37282,0.869779,3.22434,1.9407,0.364161,1.61555,1.00588,0.41384,1.32553
0.601954,0.834973,3.54043,5.99847,6.0555,5.14731,1.94863,8.1084,12.6843,4.93699,0.938838,1.83272,4.73038,2.63761,1.70097,4.88158,6.1548,4.40518,1.42929,0.51094,0.431042,2.74869
0.617163,1.81083,3.30048,1.55981,5.26279,9.52998,4.67311,11.359,24.4977,14.4139,1.27402,3.94412,2.55941,1.02899,3.05675,4.93791,2.11575,0.487307,1.18159,0.739519,1.19716,0.341624
0.0086457,3.01834,6.09415,4.71264,7.54463,5.45046,0.957651,2.67118,6.03402,8.81811,1.84074,0.489099,3.08114,3.59907,5.14203,3.78504,4.83826,6.71768,1.8191,0.134236,0.757752,0.583875
0.20015,3.39259,5.20392,3.79432,6.62276,1.45308,10.4998,5.42683,1.37162,1.27059,4.38386,6.01764,2.8072,0.212508,3.1427,5.61462,0.163999,3.31644,0.273892,0.877757,0.562234,1.56872
0.0721741,3.40568,7.60552,12.0382,15.9721,7.54387,5.95592,9.62165,0.993024,4.19722,1.60904,2.69713,0.356508,1.77229,2.60809,5.26651,3.18821,0.665043,0.202794,0.049523,0.0152271,1.82668
0.233535,2.72003,6.34334,11.1768,16.8584,12.7347,6.32171,8.4743,9.65878,5.95251,1.78794,3.67401,4.79533,1.15105,0.214999,1.67121,3.75378,3.50243,0.217122,0.677812,0.326688,2.93173
0.147412,2.85009,6.94493,11.065,11.6072,5.07528,1.34033,3.78461,4.81337,2.96635,4.92419,6.69728,3.31387,0.994987,1.74321,2.408,1.71206,1.27495,0.460169,0.417745,0.290841,1.76223
0.00415803,2.60599,5.17715,3.11363,0.315141,2.45088,2.90721,2.80502,1.60269,1.06684,1.8067,0.863388,1.05629,1.39933,1.66545,2.94777,1.51344,3.59383,0.797783,0.347716,0.246244,1.0927
0.0913904,2.2707,3.3138,4.32388,9.01391,2.93069,3.03746,5.38738,6.55932,5.6869,1.20578,0.73512,0.732443,0.854946,1.79604,2.49152,0.0443126,1.76801,0.593286,0.474231,0.291792,3.83969
0.126212,1.49408,3.37901,1.98362,7.11788,0.942629,3.51528,1.88842,1.68111,0.366483,3.73487,3.80918,1.67069,0.37157,0.105934,1.01862,0.909073,0.377762,0.855652,0.386737,0.843326,2.73619
0.285523,1.39149,2.62543,0.0237542,4.58864,4.05325,0.876065,2.10311,5.6009,6.96404,2.85056,2.18137,1.58598,0.140096,1.41391,0.540077,2.50041,1.06968,1.08126,0.468085,0.287537,0.0942336
0.580686,1.17662,3.14781,3.3047,0.70421,3.06656,1.55346,2.63385,3.97664,1.91148,4.90873,0.626373,1.54916,1.37994,0.709051,3.26575,4.91279,4.87898,2.27784,0.271832,0.509372,3.44985
0.288125,0.577017,0.512053,2.75155,4.09871,1.65421,0.368111,0.139627,5.38799,6.68468,0.700271,0.848493,0.0251419,0.650698,2.16059,4.6945,4.19215,3.72832,1.42789,0.0273782,0.0953255,2.44988
0.232141,0.675358,1.70145,0.363032,2.87456,1.76655,0.897247,0.338725,0.262724,1.77049,2.21042,0.249917,0.438621,0.637802,4.36929,8.13994,6.88815,3.53928,0.563954,0.425264,0.558768,0.699558
0.0410616,0.653846,0.698055,1.21591,2.07976,1.05764,0.74515,3.67775,13.5224,13.0162,3.19498,0.0667522,0.78903,0.534779,3.53054,5.77863,0.00767348,2.61968,0.160651,0.393038,0.650852,2.8796
0.196728,0.697761,1.24299,1.3268,0.775352,0.548928,0.235813,4.78874,12.4773,7.14317,2.02479,2.71522,1.66922,0.615854,4.0912,4.1925,6.50239,8.7049,1.90062,0.22439,0.390264,1.16339
0.0193701,0.48881,0.717628,0.634246,1.14901,1.46437,1.14459,1.46985,1.29095,0.810664,0.314857,1.03115,0.26876,0.369347,4.05521,9.24855,7.90594,2.44198,0.0700354,0.0962846,0.679518,0.632256
0.0217577,0.378633,0.261634,0.232555,0.297655,0.0937625,0.245074,2.15666,6.7196,3.09686,3.11378,2.58884,0.78384,0.127392,2.55411,2.851,2.09878,4.50485,2.84097,0.152533,0.30182,3.62355
0.137353,0.338247,0.969264,1.46302,1.41679,0.523818,0.525943,0.0104888,4.29854,4.79928,2.27741,2.27516,1.02681,0.0326401,1.18787,4.45791,10.1491,10.2396,2.74453,0.357104,0.00683674,2.45361
0.0556194,0.23157,0.0932968,1.28073,1.43683,0.812144,1.18534,0.347573,2.71424,1.23978,1.96071,1.11182,0.0391783,1.11962,2.61463,2.70499,3.00888,3.44184,1.39329,0.501855,0.702918,0.400708
0.0270822,0.164027,0.839852,0.915114,0.19198,0.0822562,0.0290299,0.740287,4.77089,4.38393,1.85606,1.42063,0.224978,0.651625,0.32117,1.90926,4.26156,4.38735,1.85792,0.107553,0.413389,2.53564
0.248082,0.0102411,0.0191989,1.24089,1.73059,0.293022,1.5878,2.87009,2.14953,2.07678,2.9352,1.70688,0.287513,0.805044,3.11463,3.56869,3.66111,4.08841,0.86001,1.07113,0.110066,2.05071
0.00720248,0.122171,0.450562,0.0233898,1.57939,2.06006,0.740934,0.759079,2.54989,2.53217,1.52549,0.965151,0.10099,0.544323,3.69857,7.88369,8.73296,6.62137,1.88392,0.451875,0.160141,0.0579153
0.0454298,0.0224128,0.345967,0.0672009,0.216689,1.09517,1.64248,1.78665,1.51967,1.91775,3.73043,1.94393,0.258147,0.030899,4.98299,8.73004,3.35465,0.221948,0.199366,0.224431,0.609336,2.51818
0.012516,0.0127191,0.513785,1.21328,1.26475,0.411512,0.437637,3.35754,8.10042,6.40261,1.3285,0.40393,0.580679,0.42576,5.15774,8.26163,0.739233,7.08376,2.98967,0.0399177,0.603097,2.02998
0.120548,0.0892409,0.49107,1.3251,0.431782,0.0788791,0.00483778,1.67454,5.49891,4.30426,1.47339,0.959018,0.293708,0.194072,5.58146,7.68411,3.86805,8.65551,1.76376,0.740802,0.322598,0.22346
0.21489,0.868785,2.4328,6.23897,3.71106,11.2197,1.67994,5.82658,5.11731,2.98453,2.71839,4.78262,2.04507,5.17667,3.85667,12.7207,7.91649,0.708328,0.173031,2.03915,2.92081,5.8014
0.254119,1.40474,6.02122,10.3179,7.18359,4.44932,8.48802,0.815596,8.29198,11.6614,0.20403,12.8076,5.41489,2.95676,8.83372,17.1499,9.94918,5.40308,4.13117,1.31806,0.928991,6.84541
0.0601101,1.51478,4.70493,6.53146,2.96114,4.45617,1.1448,12.815,11.6107,1.8411,3.27374,15.8893,8.68499,0.979118,8.53663,17.786,10.6396,3.17842,0.332874,1.1522,2.16186,1.76762
0.145957,0.822258,3.983,2.70863,4.07243,1.27331,3.69394,3.67613,9.59818,5.21403,7.27628,15.5328,11.3138,3.54445,6.73923,9.35522,3.52074,0.18916,1.19667,2.04433,1.32395,4.05531
0.185418,0.571159,1.16525,7.30416,15.4183,2.93259,3.40445,11.7071,16.8182,5.55315,4.02199,6.60823,3.28182,0.0226595,0.729401,0.0186832,5.59146,8.22049,4.15342,0.888669,0.666281,0.708176
0.0381463,0.161225,0.819379,12.2741,23.3961,15.2276,2.2755,6.92275,6.41101,1.20039,0.375847,0.961567,1.44716,3.8632,6.3863,6.86699,0.198651,3.13134,1.41397,1.4773,1.22411,1.54158
0.545884,1.38868,3.32837,11.8926,21.0386,18.7124,9.53395,1.94029,7.49832,3.56357,1.33911,1.9533,0.92779,0.80868,6.32001,11.4975,12.2149,8.3848,1.92321,0.0555542,0.363892,1.13857
0.0685204,1.94514,4.37636,5.22368,5.56429,1.75678,4.33136,14.0048,10.2567,2.97482,3.15532,2.08093,2.66585,3.00564,3.24274,6.19085,3.85312,2.76259,0.971365,0.253745,0.554096,2.05675
0.0474201,2.75124,4.5876,2.68827,8.93875,7.56788,6.12259,3.51708,1.14178,0.524954,2.52209,1.10531,1.95979,0.552888,3.1758,7.35907,2.71652,3.3897,2.19706,0.475859,0.101686,0.301623
0.000789471,2.91631,5.49123,4.28068,12.2478,3.23167,1.73021,0.405544,5.31006,5.09715,0.14402,2.276,3.31312,1.907,3.56207,5.06308,5.73548,10.809,3.08694,0.112126,0.188002,0.20672
0.266931,3.0675,6.93395,0.333417,9.38342,3.11363,4.95447,8.50262,10.0034,6.84666,4.38482,2.88767,0.59716,0.0768052,3.80889,6.91361,1.45115,3.11371,0.809302,0.82388,0.671554,0.821465
0.298995,2.83591,7.06534,4.06494,4.01229,4.57038,2.5692,3.47593,2.19811,0.839161,1.57682,2.38523,1.43203,0.766286,4.59183,7.34271,5.30615,3.05669,0.962253,0.151465,0.0655949,1.55466
0.168394,2.40473,6.06696,2.40046,6.08153,8.28463,4.113,1.63952,2.06836,2.51869,3.92355,2.80917,0.330222,1.14342,5.47014,8.9595,5.60844,2.70855,1.0966,0.368595,0.534912,2.33687
0.195085,2.28478,3.7198,4.31031,9.19064,2.70272,0.938833,0.0338066,2.53902,4.61459,2.21997,0.0134075,0.29965,0.0582517,4.66208,8.93146,5.63257,1.35738,0.633146,0.283287,0.125137,0.724025
0.0883752,2.03564,3.9329,1.20469,5.48578,1.03053,2.09734,0.825247,0.028049,1.72882,4.35689,4.19521,1.51954,0.380518,1.37662,2.31575,1.48299,3.83423,2.19135,0.378802,0.243608,0.421153
0.0897407,1.36375,3.0386,1.48037,1.40281,2.40897,0.933882,0.895673,2.25772,3.25473,1.29766,0.329983,0.80644,1.27348,0.285987,0.109076,4.19795,5.91243,1.00685,0.912602,0.345783,0.980781
0.129292,0.629631,1.81511,2.28902,2.34539,1.706,0.0502219,0.238742,0.149814,2.71592,3.65807,1.26309,0.0584557,0.214038,0.737403,2.32746,5.43738,6.29235,2.51103,0.453838,0.44605,1.54623
0.0139656,0.164487,0.057104,0.377727,1.259,0.0764199,0.902877,1.13853,1.38765,0.204353,0.560659,0.124641,0.891356,0.407831,1.72531,2.62319,0.195714,0.349966,0.664355,0.526497,0.185854,0.322572
0.232905,0.404884,1.10201,0.921407,0.577107,0.276275,0.723617,1.128,2.78491,2.30513,2.32314,2.19103,0.740645,1.0785,3.05385,2.13668,1.58213,2.55144,0.807201,0.522609,0.568004,1.56668
0.170694,0.488611,0.475647,0.901894,2.16749,2.19807,0.616672,2.32668,5.82664,1.32503,3.48323,2.26921,0.861962,0.456067,1.87028,4.34784,0.666198,2.76933,0.758507,0.228434,0.687936,0.713545
0.0481548,0.301292,1.15681,0.90205,0.383192,1.30343,0.832209,5.34405,12.4528,8.75991,0.816542,1.14211,0.218001,1.3204,0.652954,2.4479,0.617638,3.34676,2.00883,0.0846584,0.114939,0.292899
0.056545,0.295198,0.10243,1.41337,1.57416,1.2565,0.69176,3.61885,9.51715,8.12944,3.5307,1.71336,0.955798,0.430574,0.265157,0.550141,3.34678,4.70006,1.40462,0.217961,0.119809,1.78901
0.124944,0.0318648,0.277967,0.36064,0.596689,0.760235,0.210225,2.3514,2.51233,1.37641,0.682189,1.1836,0.302727,1.16536,2.50988,1.59043,4.36429,4.91119,0.460924,0.2797,0.417165,1.25345
0.145804,0.0836787,0.524356,0.514031,0.95079,1.37532,0.301385,3.92465,4.19646,0.36358,0.137063,0.344007,0.811934,1.26472,2.56898,9.07255,9.89831,4.40146,0.00406535,0.0645762,0.306651,0.166877
0.00244707,0.140822,0.232465,1.68511,2.98839,0.717662,0.027669,2.62628,8.2306,6.13991,0.131754,1.38402,0.636367,1.47596,4.35317,9.10459,7.44768,4.96259,1.64058,0.436098,0.0556654,1.72497
0.11044,0.234507,0.148906,2.63861,4.73298,3.09282,2.06842,3.81447,12.9501,8.36723,1.26818,1.6579,0.0203891,0.335232,5.4695,8.86837,3.88785,0.714028,0.646756,0.155024,0.153374,1.69498
0.271763,0.174788,0.670934,1.75318,3.46499,0.832222,0.449719,6.29312,12.5202,5.28075,0.677697,0.580954,0.133901,1.15134,6.38983,9.91843,0.701089,5.53239,2.26655,0.184534,0.00411378,1.01407
0.0527246,0.379839,0.222608,2.89874,2.63768,0.402458,0.803831,3.25353,6.56299,4.92438,4.13469,3.20741,0.651778,0.47526,3.33981,7.45985,2.82446,0.457508,0.848257,0.278222,0.123812,2.10976
0.388649,0.200831,0.967992,5.31204,5.44743,1.60551,3.40012,1.66873,3.64938,3.93131,5.75387,0.548972,4.41147,2.00287,2.76912,4.67877,5.30481,5.63431,1.98749,0.675492,1.02963,1.28882
0.158157,0.658014,1.50873,6.12285,8.94251,2.45283,4.00768,1.86306,2.28291,0.643435,3.38952,4.32867,2.33698,3.8863,4.06016,1.78556,6.08263,4.02777,0.971845,2.36599,1.05063,4.73583
0.0883125,0.376518,0.577204,5.52171,16.1774,15.8826,14.0763,12.377,7.60095,3.59014,2.805,7.02318,8.18822,5.70346,1.41608,2.50215,1.75479,0.170847,0.397559,2.25744,3.67909,0.521333
0.03665,0.0627174,0.896344,11.4618,20.6763,12.7221,4.19691,2.92762,3.19349,2.18809,4.52255,10.5971,7.28644,1.4579,1.1597,1.18104,9.87489,10.6117,2.90648,1.85255,2.57942,0.945441
0.164803,0.598781,1.4929,0.0989796,8.43228,1.58727,13.8553,11.238,1.71355,1.05231,2.92315,8.94883,0.620855,7.29827,4.90234,2.57275,4.06676,9.04533,4.05514,0.710392,1.40799,3.08503
0.444562,0.577111,1.94445,6.33592,9.37407,2.93236,0.0818163,0.207485,2.5137,1.16524,2.77201,7.18697,1.06058,7.42047,5.44855,2.96394,2.47885,0.134308,0.162525,0.439175,0.045837,3.66717
0.03884,1.18335,4.07941,7.27222,7.98444,9.68497,15.2777,9.28294,4.38217,4.95086,1.90979,5.57071,1.26704,5.86383,3.79709,1.13748,0.410397,2.19722,0.619089,0.500996,0.987531,1.61823
0.101515,1.73622,1.57588,3.4957,4.04103,0.437698,0.0682078,5.7103,10.231,8.38449,6.50672,6.27999,0.798145,4.45709,2.60045,1.24424,0.959379,0.213363,0.260743,0.0341224,0.11282,0.184902
0.00444002,1.35743,4.68197,4.47309,1.06476,5.76526,7.6332,6.51408,4.37787,2.97056,0.519452,2.07643,1.4781,0.169713,0.707422,0.612802,2.25949,0.667758,0.0629466,0.130735,0.40174,1.37865
0.0116682,1.63542,3.51314,0.148309,3.87175,2.36614,0.738577,3.66573,5.90435,5.89497,3.67508,1.20013,0.307658,2.40974,4.03567,5.0218,4.65936,1.59552,0.517062,0.182869,0.217094,0.759024
0.135909,1.7668,2.52225,2.12177,5.57764,1.63414,2.25952,3.26763,5.396,4.07802,2.32706,1.9992,1.93722,4.32133,5.2844,3.69509,0.617402,1.41538,0.553998,0.195874,0.259643,0.994444
0.0506731,1.31746,4.65869,5.06156,0.211546,1.61789,0.227951,1.65041,4.86321,3.53757,0.190983,0.572601,2.31445,4.42478,3.93168,3.03323,3.79372,3.16431,0.607215,0.317375,0.167328,0.469423
0.185319,1.22222,1.03793,2.84147,3.60173,1.36385,0.0669129,1.25761,1.85682,0.751589,1.58815,1.03935,1.16882,2.31572,3.44273,3.53008,2.87175,1.04595,0.659755,0.158052,0.207577,0.818913
0.216732,0.730029,2.97113,3.73548,2.26321,2.14814,2.55951,0.411809,6.07934,8.79949,6.49159,3.30793,1.20042,0.285916,2.61434,4.74011,0.101524,3.56003,0.893211,0.513054,0.198511,1.54193
0.111807,0.525497,0.785956,0.362934,1.59901,2.16131,0.15606,0.704672,1.22091,1.24741,1.00801,1.33533,0.346199,0.979446,1.57112,3.59583,3.05247,8.17396,3.67926,0.239759,0.0435298,0.274684
0.162166,0.246759,0.386332,0.401452,0.419576,2.36447,3.56342,2.40892,8.52057,7.60194,3.55543,1.32841,1.90682,4.18574,2.70444,1.59955,8.15551,9.51853,2.41343,0.653091,0.110257,1.56658
0.177462,0.0657811,0.362465,1.41921,1.38317,0.367058,1.58379,3.14097,10.6407,5.40741,3.6975,2.45351,1.32465,4.22859,3.53803,2.0302,3.815,0.0780695,0.644246,0.27823,0.0971408,0.984214
0.0762749,0.0887114,0.345928,0.865092,0.715721,1.02031,1.14695,3.69591,9.10659,3.78841,3.42583,2.09559,0.70011,0.306057,0.497997,2.16278,2.84944,0.909287,0.118124,0.341541,0.131868,0.383528
0.0678396,0.0435807,0.248817,0.340615,2.08414,0.375122,4.34005,4.57434,3.5492,2.91323,2.82382,1.0148,0.152805,2.99975,2.4511,0.115295,2.47188,3.62979,1.35036,0.201993,0.125435,1.37677
0.0202761,0.000716271,0.0330978,1.31179,1.51764,2.30226,4.18306,0.847477,3.09071,2.83097,0.412151,0.00562499,0.431322,1.05723,0.26078,1.38376,2.24963,3.83176,1.14615,0.312867,0.648406,0.902406
0.00951179,0.106299,0.816784,0.707545,2.34883,6.585,6.7772,3.01238,2.40789,5.06418,4.12183,0.409601,1.07875,2.08257,4.07221,1.39443,5.47082,5.72122,0.896483,0.0266394,0.13629,0.884515
0.125173,0.141139,0.0245718,1.21804,2.22282,4.26343,5.43477,2.00903,1.90699,1.0239,3.93602,5.05732,1.25474,1.10477,2.03376,4.392,5.60841,2.75266,0.320491,0.687611,0.304382,0.415335
0.0346608,0.166168,0.327474,0.557455,1.077,1.78141,1.84228,0.911561,1.78946,1.66915,0.209003,0.713102,2.89126,4.60981,3.37934,1.43607,2.68352,7.01494,3.65961,0.0982112,0.895553,0.375694
0.00770185,0.0786679,0.741159,2.14258,3.4986,5.29718,3.92006,0.32054,2.40554,3.33351,2.40291,0.767661,3.69012,8.02938,6.49623,1.16038,7.73213,11.1642,3.79472,0.371402,0.752296,0.506387
0.0063798,0.270576,0.372735,0.660699,2.86996,6.07684,4.42207,0.738728,4.18753,2.64097,0.806788,0.978163,0.245344,2.61732,2.3491,0.147398,4.77254,6.52618,2.35888,0.105426,0.0929621,0.700515
0.0274764,0.199143,0.901661,3.42448,3.10035,3.05318,1.76045,0.61324,3.24152,2.15614,0.195284,1.23673,4.49797,5.98845,3.89891,1.4793,0.163315,0.223072,1.32967,1.09259,0.188405,0.221809
0.0475523,0.159409,0.196466,0.482882,1.48064,2.84601,5.80678,4.41902,5.59136,6.7426,6.83768,5.25539,5.41736,9.17076,6.64238,1.32326,6.65896,4.58974,0.341749,0.839439,0.543868,0.617887
0.04108,0.0958563,0.560064,0.375176,0.815331,2.72594,0.907697,4.71654,5.79172,2.8025,0.131545,2.1941,3.38816,5.77323,5.33485,2.8264,2.54234,1.34399,1.03238,1.60651,1.39298,0.0335158
0.0197371,0.143537,0.130955,2.07667,0.251125,3.91856,6.13642,5.29399,2.96293,6.52566,2.32308,0.877311,1.33681,2.49222,4.01027,2.30084,2.30895,4.48282,1.83562,0.410133,1.31161,2.27868
0.0614675,0.119648,0.0821427,2.8135,6.46174,8.57959,16.1015,16.8418,8.25578,5.65643,8.69661,11.351,9.18037,7.38152,6.01295,0.749362,11.3672,12.757,3.26396,1.39167,1.87989,1.94532
0.307082,0.71006,1.64128,7.41731,19.5837,17.1694,7.69196,3.401,2.10775,1.33411,3.78714,10.1283,5.87816,2.88263,3.2557,0.317792,1.58312,0.546556,0.899044,1.99997,2.36398,1.6752
0.202482,1.78777,3.05662,7.74457,19.7186,10.435,10.0667,13.5373,3.06565,0.757716,3.55337,10.8382,6.91402,2.0394,0.451019,0.342,8.34217,10.9124,2.92152,1.95576,2.0916,0.792549
0.064078,1.48106,7.22978,4.97876,5.69406,2.81552,0.570194,3.51951,0.909585,1.31157,4.34182,11.0387,11.316,7.40674,1.27761,0.370603,6.01324,8.89713,4.4021,3.05115,3.99639,0.106934
0.0222555,2.12372,1.95183,7.70162,11.762,2.62366,3.13264,5.57522,2.9326,2.3054,5.80303,8.04784,6.47563,5.98468,1.76947,2.75609,1.16832,3.40536,1.10528,0.397848,1.79854,0.35987
0.117282,1.5609,3.77724,2.50653,1.50162,5.92244,12.3613,13.8451,10.8479,6.03541,2.90065,2.84737,1.31102,2.93284,2.71614,2.18461,3.65033,1.56801,1.00944,1.80274,0.991906,0.897899
0.64256,2.03172,4.87745,7.89477,5.8128,5.86689,9.51391,0.335864,3.01252,1.33928,0.0430152,0.624248,0.825445,2.12917,2.41888,1.59249,1.55766,3.6583,1.06064,0.0160682,1.32934,3.0686
0.547639,1.41304,0.0972801,3.63824,0.603944,6.59292,19.3104,14.3002,5.37872,4.85167,3.53896,2.13872,0.581571,0.77589,0.60627,1.33005,1.68121,4.44345,2.76358,0.457712,0.415255,0.281649
0.231404,0.646361,3.48226,7.03032,9.37913,11.9369,11.9407,8.87529,6.19239,1.24064,0.906095,5.23846,4.04951,3.30498,2.2212,2.59669,1.50364,2.00049,1.12941,0.272854,0.386626,0.124033
0.141607,0.842651,1.1521,0.354825,2.66745,12.7006,17.7932,13.3172,13.1329,10.0257,1.27928,8.7654,6.05938,0.246768,1.32343,0.948298,7.3528,9.64211,4.80288,2.21669,2.25443,2.19493
0.109349,0.81399,0.718186,3.04798,4.68291,1.38997,1.67676,0.823262,6.10996,5.55323,2.8165,5.82704,3.42738,3.10569,4.34623,0.110588,7.41406,8.65962,3.5378,0.846927,0.460203,1.40309
0.0976626,0.802906,1.74141,0.954929,6.11838,15.3391,8.45793,5.54543,4.95411,0.309409,0.0164775,0.607891,0.555346,1.6294,2.12875,4.14111,5.9976,3.76702,0.0542411,2.43942,3.30603,2.29862
0.410685,1.04303,1.67265,0.99091,6.38162,9.35261,4.93273,3.75553,5.60155,2.72176,3.10608,1.55008,0.609759,1.22557,0.732158,0.645811,5.73429,10.2539,4.08442,0.680735,1.3876,0.763973
0.0601579,0.59026,0.882218,3.68528,2.62277,8.93328,2.48597,7.57414,3.15616,9.02986,4.96264,3.50738,0.0732733,6.48722,5.28912,0.767898,10.045,13.2624,4.10444,2.12311,3.87695,2.34963
0.206707,0.918159,2.43641,3.05006,3.70668,8.51793,8.687,3.90233,4.31342,4.88867,0.0273565,6.31526,1.61577,5.44512,3.96343,0.0847169,5.92768,6.88463,2.64215,2.94967,3.30723,0.3815
0.197286,1.16065,1.99684,3.71547,4.74114,2.72957,4.50136,2.01698,0.438919,1.38764,8.85228,13.995,6.07794,0.126421,0.856421,4.18077,9.07452,7.60625,0.248429,0.659976,2.56419,1.94743
0.0348485,1.11654,0.215305,0.149103,2.24334,10.0504,19.7724,14.1931,10.8131,1.46497,4.45056,3.20118,5.72824,2.09343,0.245663,0.339251,3.74947,7.04829,1.38223,3.65279,2.93234,1.70768
0.104487,0.782338,2.77401,8.10381,9.87763,5.11249,6.68079,1.21136,10.1879,3.13891,3.67267,1.16748,0.712294,0.141777,0.0356793,0.410759,1.91764,3.19419,0.325037,0.35506,1.44712,2.14794
0.264088,0.352706,0.624252,1.06611,8.21481,24.5239,31.7013,13.1965,7.9782,6.39128,1.79429,1.73842,1.80499,2.30571,0.391542,0.363946,4.83903,6.46449,2.73105,0.683729,2.31539,2.70676
0.0123418,0.478828,0.648503,0.8419,1.29459,7.44137,2.38207,9.40027,11.683,2.35929,6.726,1.36126,2.71632,1.08194,0.968343,1.25137,2.60277,1.69384,0.0102651,1.80866,1.15559,1.15995
0.250309,0.384044,1.31424,2.06046,2.65353,15.8252,20.7376,10.6565,1.73781,6.57513,16.0492,15.3828,1.85754,8.30346,3.11047,4.26719,0.457651,6.5846,2.16005,2.2326,0.215306,0.149329
0.290984,0.365729,0.0117038,2.92654,9.7821,20.4635,16.6253,1.68635,8.12838,7.16953,0.37375,9.87379,3.55656,6.57121,2.29552,1.14856,7.26408,9.82917,0.407722,2.82037,0.886019,3.41832
0.388742,0.216329,0.128912,5.44324,10.0334,4.58399,5.27085,8.11823,0.859154,2.61253,2.568,5.32733,4.73472,0.432735,0.496532,1.62117,8.13644,10.2873,3.32451,2.03454,1.13576,2.44424
0.146579,0.429403,0.751705,1.36073,2.96806,15.5717,21.9329,0.501443,9.7297,0.457653,8.29647,2.55971,3.9617,3.11313,0.266407,0.878435,2.25459,2.54647,1.23013,0.532247,3.01293,0.155776
0.124582,0.285275,0.492732,1.94206,3.82756,6.4087,23.2232,17.4969,1.61958,1.32418,13.0726,7.87155,0.677476,0.788925,0.896679,0.80911,7.78327,10.6027,2.75853,0.657307,2.07049,1.54144
0.116326,0.202901,2.33116,3.03677,4.25104,15.3411,16.6844,3.53963,2.41861,2.882,5.15064,7.76254,5.43771,0.0224662,2.52749,4.5112,8.43319,6.86821,0.0339913,4.15784,4.35325,2.35491
0.24851,0.739954,0.0342386,6.91092,7.34167,9.25461,17.9991,6.04049,7.62594,7.84673,5.03809,14.5073,6.26614,4.89485,7.01468,3.1845,5.15843,6.34856,2.32169,0.630854,3.46113,3.77534
0.0688472,0.419647,1.91221,1.16556,10.5344,16.1975,16.011,13.3839,9.76989,9.62213,14.5786,16.9077,4.99233,9.63304,7.00296,0.279403,4.90249,8.55743,4.10351,2.43849,4.50562,0.450267
0.356393,0.156616,0.186505,2.81639,15.5403,19.2716,0.724571,11.0149,1.41691,7.95403,13.3516,6.58648,2.2521,5.30183,0.306666,6.92485,13.6854,17.6093,9.85634,1.01192,2.1416,3.21189
0.087748,0.428678,3.27757,16.2005,26.2359,8.61679,14.1751,11.6158,1.55128,1.15771,3.691,5.15358,2.03345,12.2747,9.92207,3.76454,8.10701,11.1877,4.70777,3.23218,5.42944,1.55932
0.472777,0.367852,0.745599,6.49292,10.2779,6.13043,1.58664,15.0887,6.04153,4.18985,2.07338,6.18931,2.48086,17.913,11.3317,0.737133,0.875838,0.649105,1.62006,3.71005,4.13733,1.27681
0.202993,0.693987,4.38234,7.31548,2.93077,2.6433,7.11116,3.96475,1.0028,1.4154,7.24831,16.948,7.13915,5.91043,2.96728,0.597231,4.59998,8.60092,4.32943,0.0985125,0.306022,1.43191
0.345661,1.70965,0.449402,2.82183,0.889293,8.33153,6.03089,8.99154,4.96121,1.71853,9.2816,20.0769,14.7222,4.93233,2.19125,2.31562,10.317,14.5937,6.50447,1.52,2.22287,2.59456
0.259595,1.68174,3.23366,8.36076,15.3712,4.12289,32.1237,23.8383,0.919524,5.43388,10.9778,18.0412,8.93248,0.574703,1.28084,0.481584,8.13908,12.5726,4.88939,2.1177,5.14407,3.99317
0.170314,2.09603,6.99242,18.3716,26.0649,17.061,4.05418,1.70871,0.764632,6.74603,0.560188,11.2606,3.45146,5.95358,4.1969,2.25024,6.71485,10.5083,3.14045,2.58963,2.55192,0.826505
0.353433,2.7923,1.68854,0.791,10.5498,29.0164,42.5552,29.5972,3.59228,1.60275,7.52532,12.3372,5.72105,1.20046,1.82961,0.245556,3.51231,8.11762,3.98361,2.15862,5.05057,3.78599
0.818789,1.86224,6.63314,11.5479,15.0987,14.2502,6.92291,2.48583,5.68655,2.69587,0.718134,0.584444,5.4981,5.42425,2.38246,2.59925,21.9477,26.9659,8.74353,3.89744,5.5191,1.73245
0.40563,2.33318,7.22668,11.0304,6.52618,15.6174,30.3148,20.1684,8.60345,0.256319,2.98941,4.41095,0.80431,9.40968,9.25962,4.36915,7.81695,16.7255,9.61854,1.26373,3.22624,2.30451
0.436967,2.70393,0.924211,7.97036,11.9655,20.5431,14.41,3.84943,2.12913,3.29225,11.1711,12.6343,4.72436,7.95255,8.21934,1.33579,2.64251,3.27301,2.89636,5.14024,5.3256,0.993283
0.244105,1.96266,8.85036,12.3069,6.69824,7.27113,5.05989,0.432481,3.72626,6.31768,4.84305,6.10255,5.75297,4.7835,1.32185,2.27266,6.50626,9.67629,1.09288,0.864888,2.10864,0.465977
0.256381,2.48633,4.86866,0.374522,0.42921,17.4716,9.52079,8.85832,0.947785,8.34237,13.5452,16.8568,3.21745,4.27439,2.62338,1.27753,13.1849,15.858,3.83453,3.2683,4.16832,4.48618
0.0504117,2.83489,3.71342,1.44739,3.2834,0.122894,8.22238,10.7453,6.38453,9.78527,5.15657,6.97961,3.52222,2.23135,0.0727615,2.39888,0.441152,5.69845,4.34453,1.84239,0.274522,0.240814
0.129245,2.15778,6.57198,13.3429,7.33219,18.3187,17.0506,1.78476,2.19389,1.87823,4.58962,3.0133,2.87711,1.25955,3.31628,3.83069,0.050927,2.16367,0.627251,2.60471,0.0752893,2.47216
0.23214,2.75985,2.78728,2.3841,5.64195,1.58148,9.75581,9.20045,10.0241,4.00499,9.31914,9.74349,0.348168,2.04261,2.70726,2.41261,5.54199,9.11785,1.82117,1.86184,1.76917,3.29288
0.5413,1.5793,3.68644,5.27903,13.9757,32.1716,37.9943,19.7767,6.05791,10.8684,11.8694,2.18355,7.6207,0.578661,2.54403,4.01471,9.09616,9.06905,0.479547,4.48049,1.76327,0.348065
0.0576674,1.37176,3.62234,7.45445,15.4537,26.2239,23.8467,13.1893,14.3563,14.5671,14.3129,17.264,10.2591,2.22407,7.95437,4.36005,0.874137,1.90118,1.53345,2.20668,4.9664,4.33277
0.114916,1.4022,2.43815,2.6614,2.31488,13.2541,32.9893,20.2169,5.09126,8.56392,3.62623,15.8062,9.43185,3.06339,3.52115,1.5293,1.55152,4.5344,1.58168,1.394,3.28699,0.0353597
0.327143,1.03796,0.560017,2.27581,7.5161,27.8814,31.5024,6.96331,2.61573,4.52846,12.8429,13.6575,3.96556,1.13512,5.65099,6.27713,10.8951,12.5235,2.76151,5.65765,6.39401,1.88999
0.0671991,0.405331,2.73998,2.60813,4.39522,6.60622,2.41918,5.36384,2.60608,1.71925,8.92644,1.17613,5.25246,8.46168,8.88215,4.11382,7.16839,9.45609,0.0773236,1.58367,4.60869,2.8137
0.0915324,0.033546,1.0357,5.97215,7.87723,18.9871,22.5664,4.91984,12.481,4.68537,2.51407,1.50307,2.76236,5.65288,1.5823,0.481277,2.84861,5.33121,1.22469,4.54762,4.43973,0.0474118
0.372979,0.398966,0.745527,9.09062,13.6537,7.19656,23.8218,9.06844,4.44374,2.26003,3.79979,8.07841,5.07522,3.97625,7.34462,4.23476,0.6889,1.67326,1.64139,0.72541,3.30417,2.81824
0.32901,0.314876,2.40902,4.90394,6.56101,20.1549,4.52243,11.0974,3.69584,1.13136,6.6433,18.4105,13.2572,6.37062,6.12026,7.78396,13.4521,11.4028,0.802545,1.46756,0.514341,0.696858
0.114752,0.255458,1.90352,5.79496,10.4558,26.1772,33.5584,16.1837,0.383265,2.05149,8.69436,19.7268,12.1585,2.27317,4.9648,1.39591,6.39492,7.57541,0.305632,3.21336,2.49836,3.46428
0.458762,0.387582,0.222044,0.516963,4.33651,7.41316,0.7501,4.87783,4.13538,3.51512,5.34899,10.1669,1.72234,10.7281,9.22244,6.96691,9.81688,7.94871,3.41816,3.94128,4.88286,4.42967
0.0543605,0.547232,0.922933,6.78472,17.2447,32.9668,32.8837,11.0827,3.57131,4.66868,0.367696,6.42081,1.64155,7.04965,5.52344,1.06329,6.56058,11.8824,6.34321,0.0349069,1.48185,1.91528
0.44594,0.430211,2.41703,0.355114,9.63321,8.10896,8.20006,12.7803,3.12509,2.32215,9.87263,8.89042,4.98694,3.94753,5.19271,2.98073,6.6522,6.44604,1.71537,4.08513,4.21491,3.58139
1.01961,0.0384568,2.23209,2.97963,9.68877,13.2451,23.5136,3.30927,2.10044,6.93283,13.7579,14.4217,7.77865,0.687376,2.9743,7.95135,12.3847,12.2522,5.21597,0.103146,0.369416,4.63135
0.073918,1.65838,5.12221,18.0522,25.0002,10.2088,11.056,19.9309,12.1931,1.05022,0.156382,8.80655,3.93725,4.66098,2.40845,0.89059,10.4322,16.4369,8.93314,3.89543,1.1147,4.96007
0.437904,2.27828,6.87825,8.88508,15.4481,28.3078,16.2242,3.8187,3.33996,2.15969,8.09201,7.49619,0.946618,11.3633,5.41267,2.54667,5.56479,10.6631,5.89482,2.98197,1.7361,2.33682
0.0658585,3.03942,2.68709,9.71948,9.92362,14.6702,22.7599,8.01079,3.8826,3.36143,14.509,4.75247,2.63382,16.376,10.7851,1.17385,4.37936,4.36182,1.92967,0.570535,0.999542,2.81635
0.256114,2.15709,9.25778,9.43594,8.85861,15.5776,9.03485,19.6776,2.82001,12.0802,19.1386,11.4659,6.55985,17.7574,13.1228,1.01141,6.73135,6.68176,2.48824,0.788214,1.97098,6.89244
0.303164,1.67022,2.71201,9.81497,28.779,40.5963,37.9255,19.4697,8.32362,9.63855,8.59315,3.66858,1.51391,2.18203,3.34535,2.40097,5.75672,9.58901,4.61758,3.0959,1.11885,4.05516
0.0343516,1.21809,1.00231,15.1785,27.3149,18.209,22.2786,24.3729,10.546,5.20578,2.45794,10.2712,2.05394,16.9078,11.5494,3.09101,6.16658,8.05736,4.40129,2.54428,0.922521,1.92744
0.417522,0.0894555,5.56828,4.7554,7.09549,9.80535,30.8667,17.1143,1.14896,4.38347,14.9153,20.2215,2.46594,17.9068,15.175,3.59613,0.419384,0.829049,0.553702,0.0226109,2.00281,4.19293
0.129839,0.0325511,3.29003,15.2518,18.6752,0.310771,14.7051,9.25085,1.69866,4.12328,2.17361,11.8199,9.36009,5.26125,6.15326,0.956959,8.86652,9.43101,1.75379,3.32266,2.94124,3.97668
0.0354659,0.58096,1.36302,2.47058,5.52128,18.1272,31.8193,23.5289,7.33616,2.77381,10.9235,19.4745,10.4708,2.54128,4.37209,2.69462,5.52681,8.65175,3.84416,2.46245,3.2467,0.772152
0.176717,1.14583,0.321509,9.9235,6.59843,15.6905,13.807,0.912546,3.7855,3.93318,12.3734,21.6204,9.87732,4.62309,8.29852,6.29271,5.43856,4.99423,3.32932,0.591387,2.51304,1.44125
0.725827,1.35171,7.92874,11.9354,0.662164,19.7428,33.4904,25.1339,2.94413,2.02272,5.89732,15.5429,11.9444,6.15711,3.60511,1.44965,4.75256,3.39364,0.0563363,0.449844,0.256459,3.60683
0.611854,1.30151,0.179771,8.26731,19.1836,33.5326,20.9947,0.740457,6.48079,6.2078,2.71983,10.0764,8.75892,2.23721,2.83245,4.00891,3.10731,2.18765,0.282339,0.222055,0.444001,2.74083
0.389786,1.16423,3.5646,0.0317363,6.20716,1.25472,17.1109,7.81023,16.6964,15.5965,0.417198,6.69678,2.91636,1.01822,1.58374,0.729999,1.47797,1.0091,1.35221,2.06732,2.3081,3.77626
0.456508,1.07722,4.95319,6.30375,7.90677,28.4975,28.969,0.802543,12.2881,12.1272,9.69032,2.80028,2.06948,3.17582,1.16843,1.35311,1.96058,0.172073,0.0966288,0.392451,1.40319,1.71141
0.102986,1.5313,0.927887,2.38626,0.877466,11.5389,16.1804,12.3249,11.6161,3.87438,8.8018,7.41722,1.84871,1.83143,0.510821,2.17127,0.918281,0.900789,0.880679,1.26042,0.580697,1.46416
0.232468,1.09581,1.95361,6.81904,5.07232,17.3829,16.086,10.0876,19.7796,8.92131,3.6862,1.05726,2.91544,0.265335,1.08951,0.406228,0.478043,1.29835,0.697447,0.5534,0.508256,5.93659
0.193982,0.88659,2.80366,10.3711,12.8468,9.96465,29.504,14.7705,5.00505,1.449,10.3336,12.5773,5.10147,3.0763,2.7694,0.139184,2.4784,3.70042,0.485992,0.953118,0.748211,3.19765
0.203989,0.779191,0.0792288,0.0727968,12.0908,22.5951,6.39664,7.90297,5.28994,6.68119,0.482608,10.2823,5.1601,4.83308,4.78572,0.314618,5.38015,7.33904,1.82024,1.37859,1.16697,0.214884
0.0199899,0.34384,1.40518,5.37514,14.568,24.1663,22.5759,7.77111,6.26628,7.11872,4.93489,6.58442,2.03626,4.24763,4.88575,1.18371,2.93508,2.14641,0.954162,1.87191,0.41114,4.99741
0.319221,0.774112,2.38486,7.40586,5.51718,12.6612,17.2897,6.89011,5.28259,3.82632,1.08036,1.51142,4.43677,6.40489,4.25801,2.74972,8.80791,7.69633,1.94622,0.122193,0.97874,3.64692
0.220275,0.760506,1.09473,5.01256,7.76793,21.1213,27.7496,12.5699,1.62817,2.24977,5.85635,5.19971,5.88057,13.1421,11.4152,3.68377,4.43645,8.82378,2.89874,0.687994,0.0272499,0.522682
0.155708,0.0899783,2.69265,3.37448,1.12537,10.8228,19.9493,13.3481,7.00062,3.14647,1.45995,2.05172,3.29134,6.87232,5.89351,1.28847,3.87584,5.85018,1.8906,0.368769,0.751982,2.77752
0.0614289,0.0305952,0.856353,3.40406,6.38037,15.4203,31.6613,16.9794,8.15935,7.88463,4.70705,3.43122,3.73309,6.16157,4.68736,0.4262,1.78942,1.88069,0.219109,0.0412506,0.31743,3.41389
0.0696018,0.16294,1.01417,8.66888,15.0339,10.3089,6.07247,3.65442,2.81598,5.10856,0.310027,2.96525,5.22989,11.1352,8.87978,0.503646,6.38825,6.38815,2.20457,0.236129,0.834488,1.40042
0.0966601,0.119889,2.17146,1.49304,10.1742,23.1741,19.7929,7.11203,4.69613,5.15296,0.601782,1.99813,4.06986,7.71126,6.64534,4.04505,1.62028,0.959639,0.287786,0.901663,0.202765,3.10306
0.128119,0.0498759,1.25982,7.32465,11.2002,5.08316,2.96485,0.0062172,11.1145,9.99288,1.41484,0.869061,1.53185,0.730893,1.90883,2.25777,2.07255,0.755101,0.0997113,0.0989139,0.576646,1.78665
0.101157,0.38558,0.0567235,2.53274,1.88792,9.69675,10.0555,3.67329,7.9278,1.8464,3.6469,3.26861,1.35925,5.14824,3.74123,1.18626,2.01127,4.79631,2.26296,0.587687,0.760119,0.786626
0.0802253,0.850008,3.32575,0.487076,11.8198,8.67649,6.31276,3.63651,8.5272,7.48503,4.70489,14.0554,5.44973,7.92572,6.2151,2.3059,14.4735,20.1052,9.0787,1.50185,1.05018,6.05243
0.160904,0.760656,2.48603,8.04305,16.7441,3.42853,20.1475,8.52472,5.91427,4.59163,5.6052,12.7605,0.418301,14.989,8.6089,0.644034,9.58687,15.1416,4.94679,2.85183,3.43469,8.13467
0.162158,0.440599,0.0684042,5.37255,9.5886,2.25129,5.85632,11.8363,4.13695,0.920318,2.41822,6.99897,1.25568,9.40733,4.13184,0.340007,1.39762,0.873389,0.879029,2.37402,2.85516,1.03177
0.100317,1.62502,1.15999,2.7776,0.924541,9.60971,11.1257,2.60626,7.17573,5.40585,5.08966,11.2074,8.55383,3.13474,0.208364,1.86979,6.84155,6.37815,0.652559,0.467585,2.00105,3.07784
0.0474531,1.96132,6.91045,7.37936,5.14618,7.74343,1.15396,11.0665,11.2856,1.63157,0.857975,4.9107,5.77966,6.89151,5.03422,0.388016,2.52726,4.23699,1.7934,0.0890572,1.44243,2.14554
0.0914921,2.69687,5.67689,0.00818361,8.88636,10.0909,3.51557,0.192906,5.06197,6.47349,0.451068,3.77099,2.24875,4.06035,3.01951,2.06112,3.20365,1.58077,0.406638,0.100529,0.79589,1.45831
0.022951,2.89008,4.51248,5.16454,15.9511,14.8293,3.41139,5.97499,5.43355,1.60503,3.29973,5.0796,1.66886,0.350521,1.04607,1.0502,3.2308,5.7997,1.92653,1.20807,1.38904,1.1359
0.403174,2.32374,8.0236,2.34856,8.61075,3.34094,0.578788,2.4786,11.8467,8.83366,2.1677,2.51526,0.658206,5.79845,3.50059,3.35299,7.26888,6.45796,2.11829,0.194539,0.655398,0.956292
0.16515,3.24732,5.48879,6.77666,15.024,4.35528,2.28054,2.18027,9.91514,9.41629,0.384562,1.61456,0.724097,4.46279,3.42293,2.91242,1.12796,5.57836,4.38343,0.410365,0.0427673,0.716951
0.574777,2.74656,7.795,0.338434,11.8681,11.5109,6.9915,4.21919,4.43834,4.88733,1.86165,0.478912,1.30825,4.42248,1.70916,1.58737,11.786,12.9629,3.50588,0.0376926,0.0267319,1.22291
0.295483,2.92311,5.84428,2.61391,11.2831,7.78036,0.527416,0.355716,6.48993,6.73289,2.0318,0.51301,4.74861,13.4236,8.98419,1.83915,3.57714,0.198817,1.41342,0.591999,0.254131,0.100613
0.320568,2.21697,4.79197,1.35976,7.1549,2.05866,4.03859,3.11787,0.649888,0.737275,1.53314,1.18994,5.46724,13.6885,9.57138,0.068631,3.76757,2.31457,0.818126,0.1021,0.0550005,1.12742
0.243702,1.76965,3.3007,0.569186,2.53106,0.9017,0.0603145,0.797099,5.19241,3.19298,1.23547,0.163049,1.86845,4.98454,3.26417,1.47601,3.16337,3.60682,0.876806,0.196977,0.37378,0.892106
0.103618,1.08008,1.54517,0.119181,0.430435,1.28243,0.0717751,0.830647,7.55311,5.79554,2.19491,3.19472,2.4392,4.94219,3.70707,1.96512,5.82897,4.95409,1.29408,0.0940092,0.0422891,3.69008
0.0278279,0.557958,0.805494,0.692661,1.16105,0.817039,1.37622,1.89811,1.13439,2.15183,2.48584,1.29464,3.61439,7.86014,4.95677,4.33167,7.84869,2.5924,1.27787,0.396747,0.430723,3.65487
0.0486575,0.207106,0.106088,0.288843,1.51942,0.590794,2.49949,4.22774,8.44656,6.24633,0.394724,0.986069,1.84393,4.70737,2.73157,3.98161,14.6845,15.1754,4.05046,0.631219,0.190484,1.09948
0.111002,0.137435,0.465543,1.97996,3.21488,1.97491,1.41563,5.429,9.39869,8.3355,2.76444,0.246708,1.19388,1.59693,0.949743,1.5845,9.2778,11.3039,3.56282,0.269191,0.109609,2.72306
0.00331841,0.117379,1.13879,1.4832,0.385592,1.80131,3.62048,2.30308,2.91476,2.64802,1.11888,1.70922,0.746518,0.825445,0.0672024,0.794208,8.26319,10.4287,3.25818,0.148724,0.36903,3.24417
0.0352149,0.285585,0.150288,1.9612,1.94674,1.29194,2.43139,2.50207,1.77328,1.38878,0.33401,0.564339,0.0631436,1.32323,0.0883771,0.408324,13.7754,19.0432,5.51229,0.35078,0.607565,0.698594
0.0275897,0.0903777,0.910869,1.76504,1.17238,0.491698,2.53962,0.142639,7.91466,6.14591,1.15435,1.72588,0.242127,1.11729,0.159172,1.42504,13.5387,17.5691,5.86073,0.0315371,0.407434,3.17417
0.03811,0.079887,0.490768,0.45301,1.28191,2.13032,0.771107,4.28808,9.8754,5.51956,1.32383,1.57821,0.326588,0.329175,0.43564,1.8714,4.59779,2.81155,1.12254,0.777246,0.63462,2.49998
0.194233,0.0376941,0.130395,0.892102,1.74054,0.0924941,1.61603,0.445375,0.313002,1.74965,1.01032,0.475412,0.721174,0.108463,0.483022,5.00435,15.4297,10.4221,0.745469,0.575964,0.554213,0.659727
0.0205577,0.0219639,0.0968738,1.05209,1.85266,1.20933,1.80181,5.43109,9.46286,5.64393,0.330546,1.33283,0.880124,2.32909,2.73798,2.20149,2.39397,2.38403,2.35047,0.816384,0.325687,1.6529
0.204271,0.276151,0.800851,0.466842,1.34982,2.68044,1.72929,2.4745,9.37594,10.4283,2.64508,1.0653,0.422744,0.905614,1.24003,0.89755,0.630777,3.25901,3.26455,0.413535,0.828727,1.28524
0.0276738,0.355702,0.141093,1.52903,1.71986,0.492367,2.6288,1.79156,0.842256,1.19537,0.0346272,1.38432,1.44892,6.82386,5.0771,0.64391,1.87303,3.99895,2.96304,0.956613,0.776511,0.379917
0.0206965,0.393667,1.865,2.60084,0.781752,0.148695,0.294637,1.60377,8.33684,7.85764,0.628519,2.0967,4.07989,14.1626,10.1036,0.651793,1.81673,1.75536,0.00999086,0.101431,0.39718,1.07487
0.0078756,0.4373,0.0316404,1.55663,1.38324,0.0992441,0.665948,3.21921,11.2462,8.6641,1.2061,0.705677,2.75203,10.2529,7.38726,1.40707,2.75604,0.00639308,0.554627,0.371037,0.223424,1.90394
0.101357,0.204521,1.02973,1.49775,1.68554,2.53332,2.86951,2.37051,1.83534,1.15978,0.353777,0.955729,3.08471,4.26706,2.82452,1.15868,7.67565,9.0654,2.88588,0.0993461,0.431013,2.14767
0.144726,0.466857,2.52958,0.516713,7.67044,9.59002,3.21267,0.336289,1.94361,0.00580569,4.34364,0.772499,4.02451,13.9804,8.29349,0.772289,8.0028,14.0167,7.66178,1.92495,0.78091,1.37893
0.0962516,0.959822,0.0593894,10.8642,16.5903,11.0639,15.0207,18.2744,12.6754,5.30495,0.551608,0.189192,4.92725,17.0002,13.3451,0.859871,8.21795,11.4164,6.05052,0.140887,0.0767911,0.642762
0.311675,1.22537,5.27836,4.62453,2.16204,5.28332,1.1165,0.204528,6.46743,6.28368,1.0207,3.969,4.19137,6.74959,3.90994,3.32252,2.89129,5.233,3.77296,0.654981,0.521937,2.53357
0.320089,1.37039,3.54557,3.94836,1.54131,1.50248,10.4114,10.5807,0.569518,3.29119,4.85195,6.21953,5.91517,1.66056,0.955271,8.18818,23.5166,18.8866,3.61801,1.26042,2.12881,0.592226
0.0270656,1.42277,1.04244,1.35287,3.76648,8.95944,1.94214,3.23866,1.82341,2.61289,0.205377,2.46612,2.53933,2.00102,2.35682,9.1028,21.5223,14.1621,2.13985,0.892274,1.19348,1.7815
0.209929,0.931613,3.09556,9.02964,12.7737,5.0148,4.5686,2.98759,3.33841,3.48689,1.22461,3.75669,0.0565071,3.27207,2.09531,4.66565,5.72819,1.31234,0.72676,1.49194,0.421185,2.25451
0.152322,0.598045,0.778561,5.55592,10.5912,4.37164,2.87462,4.89727,0.0976636,1.67568,0.903335,3.09104,0.900944,1.42995,0.758274,2.10599,3.09908,0.610072,2.32749,0.816605,0.274035,0.977605
0.056487,0.393703,0.668452,2.38733,10.2143,10.1511,6.86919,3.94345,1.05219,2.09238,0.495911,1.00836,1.485,0.302838,0.268397,1.25519,1.02875,0.608313,0.703905,0.149154,0.349927,0.605964
0.0151858,0.184102,1.18136,8.65265,13.4871,6.49921,2.1384,2.39037,1.10158,1.56417,1.01472,0.965817,0.983684,1.38792,0.653135,2.21059,6.9418,3.23488,2.26556,0.891323,0.4247,3.20294
0.359957,0.260786,1.40939,0.86627,6.0086,2.65674,3.51864,1.91165,4.01415,5.61832,1.34211,1.0748,0.195327,0.187203,0.413392,0.603163,7.19472,13.1272,5.66313,0.1753,0.929801,2.44921
0.0451824,0.0683703,0.14537,2.89701,4.99483,1.32413,0.234004,1.72682,2.43427,0.160407,1.31872,0.392759,0.175106,1.55751,0.694216,0.952224,23.508,32.3895,10.456,0.963802,0.446097,0.929456
0.294035,0.0325038,0.0711674,2.9484,5.15688,3.36649,2.5333,2.2127,0.226238,0.238835,0.775201,0.237359,0.273721,2.09668,1.86223,2.93903,14.6526,19.8073,6.99236,0.202238,0.890393,4.28716
0.0350596,0.0652298,0.796765,1.03035,1.18224,2.38058,1.34923,1.50217,4.09672,1.72649,1.07492,0.261081,0.389473,0.805299,1.98668,1.07464,6.35902,3.19201,1.62868,0.547818,0.466214,2.12589
0.0344508,0.231338,0.894732,2.52073,2.15064,0.999108,1.63721,0.984962,2.27707,3.49421,2.85654,1.36982,2.35749,4.92505,2.86146,0.722175,8.96671,12.7266,4.05745,0.0329053,0.21698,0.991346
0.0381448,0.433796,0.60084,0.631813,1.21451,0.328532,0.321389,1.59176,3.28183,2.06908,0.0208647,0.63183,1.39687,6.27269,5.66895,3.15025,10.1013,12.6892,4.89393,0.455981,0.723564,5.03431
0.13359,0.658006,0.702691,0.130583,0.868149,1.35672,0.219922,0.955887,0.501966,1.48652,1.32332,0.784222,0.714678,2.78161,3.34262,2.71287,7.47857,0.119019,4.01959,1.00018,0.419971,2.82406
0.185793,0.472991,1.71755,2.27693,1.4611,0.28296,0.416304,0.283172,0.544943,0.201654,1.24232,0.441045,1.73342,4.65177,3.03242,5.08953,13.6359,11.3778,2.80101,0.0852754,0.129594,0.216032
0.0485054,0.691309,0.538212,1.22702,1.00233,0.0905081,0.492978,1.19321,0.582234,2.25177,3.66749,2.37114,2.11713,8.96527,7.93941,7.13595,6.05732,3.19978,4.16256,0.471412,0.939815,1.91733
0.184396,0.445483,1.88973,2.30454,0.640407,0.66438,0.135348,0.745127,1.86769,0.253027,0.602881,0.275666,1.72808,5.64596,4.88692,3.56311,16.6001,17.0828,5.35079,0.298139,0.208985,1.40035
0.321088,0.276434,0.530438,0.997894,1.79669,0.687189,0.16205,1.58328,2.71646,0.174825,2.52588,1.80028,0.911831,0.119309,1.01661,1.72473,1.85859,8.53979,3.9731,0.330398,0.585903,0.296076
0.132328,0.373209,0.718691,0.0653003,0.858929,0.434246,1.47403,2.00231,1.27902,1.52428,1.43114,0.118031,1.10047,3.48309,3.05178,3.76692,11.1396,10.9962,2.49263,0.725807,0.0435033,0.394582
0.0298003,0.0455647,0.459425,0.668821,0.743547,1.42366,0.991803,0.562768,3.95777,3.1841,0.955232,1.69488,2.48368,4.36168,3.71751,3.59033,1.78916,9.01718,5.08144,0.00666653,0.0723935,0.889388
0.333321,0.162623,0.87088,2.18192,1.78045,0.94756,1.06614,0.424824,2.44061,4.51,2.46443,0.209096,1.70338,3.56485,2.49253,5.12936,29.4495,35.1069,11.2619,0.239412,0.810872,2.45139
0.130754,0.342829,0.355328,1.64851,1.20589,0.158453,0.0835325,0.295441,3.17148,4.10287,0.848599,0.674355,1.92929,5.16127,3.49764,1.33157,7.71873,17.019,8.03844,0.377619,0.107246,1.11118
0.0488768,0.18155,1.35411,2.00194,0.933738,0.0605292,0.476089,1.44539,4.66501,3.15704,0.772746,1.39939,2.29446,5.89192,5.44962,3.37474,1.95927,8.29892,4.37595,0.340676,0.010465,0.485856
0.0260495,0.509041,0.584924,0.778391,1.94374,2.12116,1.51218,1.0255,2.95819,0.370756,1.4006,0.322922,0.536195,1.60605,0.60089,2.00633,0.598575,0.605285,1.39353,1.49168,0.63783,1.88409
0.0376825,0.401477,1.40853,0.927636,0.365376,0.461597,0.856306,0.288422,0.631624,1.76981,1.82535,0.792785,0.505039,3.56036,4.22329,5.87257,18.5463,12.109,0.0223698,0.770184,0.153416,0.431443
0.102592,0.344176,0.859245,0.339576,1.13816,0.0674935,0.645109,1.06897,4.56256,3.12463,0.201284,0.508885,2.18297,4.80891,3.17048,7.20055,22.253,17.8984,1.72317,1.17669,0.284395,1.49475
0.414528,0.287934,1.42508,4.73988,1.23856,1.44473,1.35139,4.91005,8.76406,8.09756,7.15382,12.4475,9.94902,0.32096,2.2862,0.971841,3.28186,1.33224,0.468799,0.0813547,2.22949,2.07468
0.0927653,0.385781,5.75813,11.4292,12.6453,7.36733,8.17459,15.98,12.2055,5.59579,5.3633,10.0938,3.61388,2.35412,5.75676,4.51503,10.653,11.6334,2.81526,2.52704,3.24014,1.42607
0.101497,1.32704,3.54037,4.28941,3.79145,4.34446,2.98596,4.97706,13.7759,9.94423,2.22512,5.29687,6.46976,8.09391,4.17564,2.40247,3.11117,0.882321,0.494654,0.87724,2.77407,4.06887
0.334654,1.7431,6.98751,12.9243,15.8506,10.6592,4.14454,8.54783,2.90631,5.45655,0.430958,0.807665,3.24653,3.30321,0.633124,1.84739,6.81031,4.18453,0.419222,3.15655,2.24389,3.22057
0.537725,2.84086,2.33029,0.38802,8.65326,11.0588,7.73095,3.53431,9.37322,10.6134,3.09543,1.03877,2.73317,1.88431,0.0776586,0.285428,7.70524,10.2437,3.90074,0.523625,2.58812,4.91824
0.158262,2.73924,7.61512,16.293,19.9739,4.74383,0.847965,0.359206,12.5859,13.1096,4.96514,4.33256,1.97547,1.29807,0.0379262,3.1932,5.97917,5.88946,2.3037,0.20043,0.794347,0.864349
0.165856,2.88265,6.8149,11.7988,16.2885,5.26161,12.163,13.4308,6.54022,2.97358,2.1119,6.38867,0.35358,9.24239,6.06221,4.61249,8.99096,3.62775,1.75423,1.55362,0.851705,1.31194
0.255805,3.05207,2.58146,3.12165,3.42514,10.5487,3.41903,0.349383,5.41928,6.52044,0.563587,6.31265,2.01285,6.23202,6.13554,2.12141,12.296,11.404,2.51061,0.944131,0.962547,1.85189
0.241816,2.31855,9.57338,15.9838,10.8127,5.2121,11.2489,14.7172,13.9955,8.39062,1.81768,3.08172,4.01927,3.92007,2.5907,0.494286,1.9964,4.21416,0.373483,0.337697,1.50917,0.0623771
0.708037,2.31264,3.30394,2.42028,5.06045,4.16917,2.30862,3.43605,8.14422,5.25604,0.945722,2.60104,3.48902,8.45601,7.04581,2.96794,6.44934,5.10074,0.235549,0.352566,0.343702,1.96478
0.00351121,2.42603,4.49241,1.66893,7.50285,6.89757,8.36222,8.46967,5.90247,1.89475,3.99332,4.36518,2.72996,4.32917,3.66395,2.0723,9.59106,9.03184,1.70892,0.623615,0.0846028,0.153824
0.217744,1.7016,6.39886,5.77729,0.94613,1.04292,5.4204,2.21898,4.31806,5.72638,1.81385,1.02569,0.249125,3.31621,2.47414,0.760823,8.31268,12.9316,2.95509,0.787919,0.0659232,0.298932
0.073364,1.84463,1.17873,7.42538,11.487,3.85912,3.52606,4.54395,4.74165,2.50995,1.03285,0.676472,0.944981,3.09716,3.1891,1.43141,3.82323,3.44201,0.517061,0.148293,0.0475557,0.203231
0.0566717,1.305,3.92484,2.01025,4.67092,5.65234,2.1364,0.835003,4.18032,7.84886,1.94891,2.36394,1.69194,1.5097,0.267583,0.0975027,8.91669,11.6574,3.27349,0.573162,0.254726,0.645513
0.162655,1.2534,2.0886,0.842094,2.36996,0.927915,2.34172,1.48982,9.50252,10.8176,3.2714,0.0198317,1.89829,7.1966,4.87897,2.37226,4.45803,11.4449,3.8038,0.665326,0.12165,0.840505
0.285148,0.842691,1.5168,1.36982,3.9832,2.9061,0.965788,3.53913,10.5509,10.0756,2.83583,0.229698,2.8257,8.79134,6.00924,5.01962,15.1261,12.3279,1.37347,0.293603,0.561906,0.472229
0.19038,1.01794,1.84488,1.12519,0.156828,0.535049,1.0037,2.54002,8.95717,11.7063,5.9801,1.89512,3.39742,4.49142,2.41957,1.50838,10.5426,12.1306,2.86026,0.641139,0.083499,0.353555
0.040771,0.885393,1.506,0.214937,1.09377,0.508617,0.338775,3.56653,8.93826,5.73331,0.357026,1.35326,1.24968,1.08935,1.56657,3.34789,13.4367,14.134,3.10591,1.40887,0.804594,1.39686
0.207157,1.00324,1.09876,0.55454,0.879393,0.0772826,0.827594,2.35503,3.12065,3.72895,2.44562,1.09581,3.34635,4.89635,3.49447,0.384424,4.8145,4.08494,0.156779,0.554,0.708328,0.643494
0.160009,0.782811,1.8174,1.66808,0.779088,0.303451,0.185874,0.0776864,2.45016,1.80928,0.235055,0.853959,1.26819,4.20572,3.15014,0.14541,0.124391,1.34676,1.00036,0.0932174,0.688333,0.707932
0.00302115,0.610341,0.478061,1.02407,1.70247,1.86523,1.10058,0.820477,2.47573,2.9236,2.17129,0.844641,1.18048,4.13267,3.03419,2.07262,6.76236,5.22123,0.566625,1.09371,0.160299,1.22827
0.00634832,0.412292,1.30539,1.11785,0.560726,1.3028,0.485887,1.99755,3.65986,3.13898,0.302061,0.234726,0.420894,2.27299,1.91221,0.763159,4.6524,3.62713,0.107862,0.0855683,0.235562,1.85884
0.021415,0.373129,0.281147,0.835698,1.52298,1.36509,0.128148,3.15683,5.26096,5.49158,4.36066,1.51586,0.38487,0.944013,0.145022,1.84022,4.05529,4.50174,1.61943,0.134495,0.502707,0.832065
0.0385301,0.358822,1.06802,1.22383,0.845445,1.52849,0.790395,1.67644,7.59009,6.55007,1.17137,1.58811,0.537141,5.30771,3.79726,1.04862,4.26666,3.45808,0.609373,0.0668613,0.126505,0.000310769
0.0455246,0.309243,0.440247,0.102808,0.878095,1.14921,0.534655,0.030957,0.547943,0.0712875,1.73739,1.55125,0.593589,5.39717,5.09766,3.5075,13.1561,14.1982,2.74541,0.758797,0.56164,0.619694
0.0220543,0.233165,0.339417,0.122421,0.336158,0.63728,0.433326,1.91372,9.85241,7.96233,1.61431,1.92451,0.555155,0.914568,0.254534,1.11591,6.94559,10.9614,4.30672,0.375488,0.489938,0.0236943
0.0016711,0.2045,1.02397,1.49106,1.40355,2.13488,1.99373,1.78979,7.65249,7.38105,1.5783,1.35644,1.35579,8.41452,7.74427,3.88856,2.56442,3.97982,4.64306,0.187573,0.573639,1.46857
0.0392723,0.369587,0.114249,1.29699,1.11534,0.616056,0.39529,2.54379,8.1985,7.41218,3.03229,1.17377,1.88605,6.54008,6.3951,1.19119,12.0443,14.0088,4.63708,0.379899,0.999682,1.86542
0.294702,0.927099,0.504405,2.12706,8.32956,13.4243,4.08105,10.0699,6.06548,9.57115,5.73856,4.75809,0.567391,3.05046,1.44845,3.07156,9.3253,14.8775,3.81508,0.776004,0.273458,1.01455
0.105194,1.85454,8.51546,13.9444,6.85601,4.67745,2.11723,14.1613,10.3037,2.51385,8.1675,15.0774,11.3247,13.8197,12.3631,4.2095,1.39687,0.462784,2.949,5.68258,4.88211,3.46129
0.103309,1.9198,3.03294,4.17524,11.7573,9.29416,1.03908,3.75164,4.12733,5.35747,4.41169,12.3369,9.39287,5.69237,5.81062,3.72096,25.7904,25.7303,5.98725,1.88826,6.38143,0.47891
0.235977,1.66721,3.52757,6.36105,15.5316,4.41054,0.150327,9.52015,10.3322,1.76156,1.8223,12.8551,11.1329,1.47799,5.86848,3.03519,8.06527,1.07127,4.49159,0.624994,0.274057,5.26115
0.151367,0.30898,2.97636,2.55775,13.3133,4.32409,6.94312,2.87775,4.36781,5.99315,3.95716,12.3073,4.38628,6.6479,5.8252,5.66316,11.9047,10.546,3.25558,0.584623,1.58465,2.49492
0.336311,0.167996,0.205596,7.66925,17.1946,13.0318,3.46132,0.259522,0.153973,1.62711,0.757136,2.9785,1.70746,7.11467,5.10903,1.32088,1.72506,4.1678,2.31086,0.931086,1.39072,5.97821
0.200361,1.12041,1.85823,5.28323,12.9429,16.3626,12.5947,4.54887,1.74969,2.2137,2.33771,3.0815,3.16368,4.6368,2.88712,2.4569,5.85122,3.18826,0.623105,1.1479,1.55989,3.51122
0.26806,1.89404,3.87211,3.27145,2.69839,0.495045,0.133748,4.30005,11.5088,4.39218,4.69574,3.46018,4.92895,9.08125,6.78585,0.5509,11.2613,11.1472,1.5654,0.152357,0.148043,2.84776
0.468955,2.57935,6.53983,3.37493,3.81854,8.9684,6.54786,4.31542,12.3907,11.9816,1.61083,2.2432,0.523753,3.06438,3.65018,1.50396,3.2181,1.51752,1.73133,0.723411,0.220882,2.36093
0.340862,3.20985,7.16791,0.38946,7.06483,2.99096,1.23339,0.727014,0.651969,1.80754,1.45037,1.06538,3.28517,4.05588,3.67814,3.87365,23.8712,26.9381,7.69367,0.616048,0.763527,1.04941
0.296904,3.3244,8.30258,0.696742,8.77942,0.729712,4.51115,1.57084,7.23966,8.21894,1.76283,0.225705,3.22274,7.05608,5.47073,3.05808,5.91965,14.8215,6.27303,0.373417,0.382283,0.433207
0.124157,3.76249,7.25645,2.68533,12.4478,7.03114,0.938384,3.30385,7.13045,2.40192,2.38494,1.39031,2.91769,6.71304,4.30604,3.39618,9.75445,8.74581,2.52845,0.264418,0.595718,1.0615
0.47878,3.40765,8.82781,1.87232,10.6486,11.7844,6.29381,1.24051,1.8031,1.46997,0.0966955,0.543332,0.476013,2.10347,0.375569,1.77775,11.7073,11.4099,2.1859,0.21627,0.293324,0.00216027
0.340922,3.54448,6.92968,2.34594,9.19336,2.4384,0.380843,2.75442,3.79166,0.871477,3.03187,2.55415,1.63704,3.35069,3.55779,3.93753,1.19179,8.20346,3.5664,1.05535,0.826372,0.882487
0.100757,3.31659,7.22688,1.04211,6.97086,4.75606,0.202369,0.238085,2.26807,1.3801,0.448969,0.235263,1.72177,4.78803,2.66757,2.56694,12.1684,15.5505,6.11355,0.140578,0.707309,1.2502
0.0450105,2.37068,5.46932,3.42095,0.7474,1.86746,1.62352,2.56186,7.41198,7.48293,4.57336,3.1041,0.0107078,4.08454,4.2341,0.70724,7.70536,12.1228,5.46372,0.866354,0.894818,2.20704
0.166964,1.24897,2.31942,1.16284,0.330586,0.989439,0.457625,0.298216,2.92217,0.27176,2.63219,0.205494,1.00136,1.11734,1.12927,3.97128,5.24465,0.82715,3.11841,0.570256,0.088415,0.437142
0.170427,0.285142,0.503228,0.892514,1.52381,0.436134,0.745546,0.921369,2.38062,0.125836,0.794582,0.731952,0.358759,0.872257,1.82942,2.93908,6.42485,6.13841,1.78036,0.0752174,0.188962,2.74286
0.00433935,0.145145,0.425105,0.237575,2.26745,3.74784,0.559067,0.77694,7.94339,5.01505,0.859721,0.91284,0.170742,1.70667,0.259612,2.38977,1.02592,0.334605,0.282736,0.107393,0.020399,4.38223
0.116134,0.115861,0.877529,1.06599,1.46448,3.07111,2.08273,2.62986,7.99878,8.68741,2.6111,1.5202,1.72559,5.59442,3.10366,1.45453,6.10391,6.03247,1.39058,0.245168,0.366459,1.42415
0.00500004,0.139935,0.114078,0.392081,0.676817,1.36566,1.16634,1.4283,5.12199,4.0827,1.28319,0.656731,1.87465,4.29563,4.23305,0.654723,3.79732,2.17855,1.07996,0.792506,0.096046,1.65824
0.108072,0.038708,0.114182,0.798845,2.03017,2.22438,1.06972,3.12106,9.83755,11.9175,5.49937,0.236841,0.129866,0.542482,0.0362716,3.5867,6.38837,3.31048,0.0249878,0.302528,0.490979,3.92413
0.0188398,0.209425,0.680723,0.1069,0.931648,0.30211,2.07287,3.45363,2.11607,1.54753,2.02776,1.13606,1.11976,1.85047,1.99457,4.19858,2.10366,3.18547,1.56321,0.606795,0.634316,2.78914
0.0184815,0.319467,0.583484,0.461509,0.959643,1.00076,0.683309,0.295612,4.26949,6.60169,3.27235,0.963917,1.06813,2.75565,1.92937,1.24032,5.56682,5.56159,1.47316,0.425198,0.429802,0.0569336
0.127544,0.225309,0.682205,0.214982,1.62034,2.77431,1.9649,0.605692,3.61054,1.52993,2.53222,2.44282,1.78121,6.00417,3.33225,0.657256,1.72781,1.21012,0.96959,1.01199,0.434784,2.90291
0.0834328,0.337206,0.931649,0.303704,0.167682,1.00059,0.758659,0.603379,0.363553,1.00297,0.361967,0.142157,2.8577,8.0834,5.20121,2.12485,3.99771,2.27334,0.970561,0.253693,0.606288,2.08522
0.022448,0.524222,0.950143,0.134385,0.87328,1.37955,1.17219,2.63327,5.02314,1.75237,2.26788,0.816365,0.605342,3.44091,2.13151,4.01352,11.2113,7.79017,0.944825,0.746001,1.21692,0.198787
0.123277,0.266509,1.14167,1.81592,0.997594,0.839553,1.80913,2.25979,2.99567,2.18004,0.0728395,0.613081,2.14174,3.97594,1.16639,1.39405,6.07118,4.01327,0.0456469,0.57417,0.518896,2.34207
0.650661,0.0770187,0.367545,4.61188,9.46845,2.21395,1.98065,6.35858,15.4128,17.0034,14.5602,18.2504,9.85925,14.6019,0.639161,5.66437,4.51569,8.25166,4.57517,5.46484,3.90421,1.17045
2.56515,1.60742,0.431639,4.65355,9.06499,1.16852,16.6863,24.9857,18.1119,8.96508,18.3093,2.42344,0.227905,34.4052,45.4178,33.5956,52.5061,53.6601,16.4876,0.62022,5.06193,9.29666
0.788372,0.453677,0.125768,5.11789,13.2328,7.10012,5.85183,7.39857,1.85258,1.36822,4.981,3.93983,3.61853,3.96241,2.36321,3.46092,8.98411,13.1464,6.23442,4.09784,1.20982,1.64781
0.482052,0.0907772,1.51496,3.46806,9.84218,1.58654,4.75162,0.118614,6.86024,6.28038,4.97631,6.67245,1.70357,0.129523,0.509281,27.4725,78.7412,52.583,0.536762,2.98379,1.85699,1.92638
0.797715,0.603813,0.166724,4.09538,13.498,15.7899,10.7327,8.34289,8.96441,3.16707,1.51797,0.209948,2.2359,0.706151,1.95541,34.4786,129.099,114.51,21.1043,1.69111,1.2451,5.47383
1.30436,1.35866,1.95068,6.20104,7.12924,4.42952,7.24763,9.66048,10.1314,7.61254,7.58672,7.75026,2.69997,0.46736,1.72661,8.97646,20.8915,14.516,1.59641,0.413981,1.9703,4.15926
0.936507,1.57276,0.7546,0.124081,1.56605,5.76387,8.90703,8.493,10.6656,10.9862,5.85918,2.57123,0.0401438,0.0211725,4.53518,31.3329,119.332,103.131,16.2073,2.10939,3.28102,2.69595
0.26422,1.10626,4.05602,5.11577,2.41125,4.96793,8.25614,7.4764,9.10213,5.13673,3.09444,3.82439,3.42409,3.82745,8.76994,19.3152,87.4233,75.1472,11.1644,1.58673,0.996278,3.35168
0.297806,1.47232,0.816819,4.03976,7.30604,4.66917,0.203185,0.226224,0.0219211,0.890704,3.73291,3.68255,2.47282,2.49603,2.64375,5.50557,55.3834,62.3815,14.309,1.54312,2.41059,5.05556
0.200378,1.09226,4.87051,3.99435,0.232598,1.48936,2.99134,4.36592,12.2345,7.4199,1.0894,1.86393,0.682562,0.693931,2.70105,6.45547,50.3201,65.7018,23.7605,0.259645,2.53788,2.67768
0.148367,1.21566,0.99148,4.05581,7.13766,5.18993,1.277,3.81806,17.0928,16.2876,2.3681,2.33188,1.09309,0.0985565,1.47284,8.41257,78.2219,111.541,38.9424,3.21981,1.95982,2.26331
0.0829641,0.959517,3.86151,2.801,0.887627,0.361289,0.460552,0.454223,0.888591,0.352222,0.85766,1.13517,3.32614,3.76775,5.48851,6.33609,77.6967,103.531,32.8081,2.33511,2.09896,1.99188
0.308134,1.23109,1.20116,1.53752,3.96863,3.76127,2.67058,6.6505,22.4266,17.9979,3.19807,0.453019,1.74132,4.16874,2.77826,10.9353,13.891,1.74228,5.11477,0.268767,0.321937,0.291945
0.00536105,0.787717,2.08045,1.46153,0.305971,0.326344,0.185345,5.12796,16.3181,11.525,0.236515,1.61742,6.39663,7.72127,8.17685,10.5106,45.058,78.9328,23.6378,5.01099,0.948878,1.86955
0.202246,0.623634,1.12596,0.591614,0.649795,1.35425,0.937152,1.14404,2.88288,2.11204,0.351905,0.153761,0.475794,1.33412,4.80771,16.0628,103.354,118.511,29.9938,4.73549,1.65157,2.36765
0.330297,0.444768,0.385819,0.353821,0.258158,2.22205,0.393862,3.47257,15.4634,13.0261,3.96532,2.1512,1.00094,2.21114,0.321132,1.1144,17.8582,30.4354,8.0324,3.01556,2.41351,3.19896
0.0617849,0.0568133,0.241444,0.633679,2.09283,3.62219,2.75495,4.59973,16.0872,13.7573,3.31723,0.726354,0.0457397,3.14095,4.36066,2.56246,23.6925,40.7741,15.6697,0.769227,0.0918765,3.64909
0.950024,0.711241,0.636259,0.410249,0.523572,2.06969,2.09126,0.246221,2.23718,3.98843,3.95728,1.91534,0.531923,0.490616,1.69252,13.7729,79.5988,106.112,34.5155,3.83643,1.94684,4.86371
3.35794,1.93197,0.67359,0.549085,1.20089,2.20421,2.69472,3.24099,13.6137,12.193,3.83655,1.63808,1.69417,3.97402,1.19715,8.51619,102.03,140.316,46.3431,2.24764,1.14379,0.933958
6.02604,3.60358,0.557573,0.722351,0.509582,2.14434,0.368036,0.377842,7.31088,4.1549,2.29275,1.35728,3.20846,6.06635,0.942619,6.46936,46.5166,57.3057,17.1578,1.99629,0.370653,1.20331
0.987917,0.298858,0.0410617,0.560938,2.04132,4.3894,3.10739,1.4229,0.700543,1.46845,0.472224,1.9594,0.002891,0.462134,2.41783,15.9077,84.0658,91.1884,22.0541,2.06451,1.33769,0.0511381
1.81424,0.706112,0.134481,0.399599,0.804106,1.19794,1.85119,3.14297,14.4953,11.6942,0.156775,2.92759,3.73323,5.69233,1.90067,13.538,84.6643,103.583,28.3842,3.96351,0.302201,1.33585
1.50057,0.626435,0.668495,0.91452,0.738469,3.46474,3.4576,0.170236,5.86464,9.18924,5.05755,1.3742,0.23225,0.677216,0.96298,7.8151,4.24408,27.7594,15.2652,1.22628,1.5329,2.08384
1.2442,0.539558,0.220662,1.61282,0.416924,3.09618,1.98711,6.93678,20.7439,21.1529,7.28842,1.38461,4.91264,6.44643,2.10145,2.72443,9.65158,0.406199,8.63878,1.25861,1.01926,1.094
1.01048,0.299364,0.995968,1.10168,1.50525,3.48607,4.11746,11.8734,14.0248,4.18322,1.93041,2.43877,0.587586,2.67421,3.29529,2.30797,4.80653,4.17062,0.77991,1.07019,1.17361,1.63788
0.753158,0.133928,0.194389,2.77127,4.385,0.265146,8.75685,10.5975,9.63399,16.0137,3.76275,3.20171,3.53703,0.526578,0.758583,3.35587,13.3268,12.7619,0.432062,1.96168,0.437204,0.40131
0.80003,0.524546,0.428159,0.194781,0.468537,6.36381,7.64451,5.63292,36.6305,67.3705,49.3893,18.9898,3.68403,1.14062,3.77017,12.5441,11.1257,43.1078,25.9277,2.92503,1.45801,0.822945
0.391565,0.16728,0.263684,0.034904,1.41874,4.7872,1.93238,0.698691,19.4411,35.1773,17.7731,0.985866,2.51052,1.76491,1.39116,7.59099,45.6409,63.1688,25.0986,1.64618,0.824742,2.844
0.709008,0.209941,0.130187,0.150459,2.60797,3.05209,0.166986,6.18997,19.6608,17.1002,4.32787,3.25852,1.29374,6.24494,3.17471,3.83254,0.516823,16.9954,13.6702,2.07187,2.25879,0.222525
0.193228,0.0161828,4.00612,11.4968,11.8615,5.4035,4.39399,0.614782,30.9174,39.8672,19.5556,8.28199,0.408041,0.901904,3.61893,6.19262,8.99112,16.4538,20.9803,3.2943,0.508752,2.10901
0.23462,1.06455,6.29992,3.69753,6.94904,2.42603,3.488,1.68433,7.78905,8.61182,4.71735,1.03709,3.33681,4.89233,1.9798,11.5793,32.1508,20.6584,2.64726,2.39139,0.942079,1.45591
0.49109,2.07186,1.2527,8.85034,16.4835,13.5083,10.8797,2.34546,37.061,47.3319,24.2874,8.01777,0.746403,3.148,1.21675,4.51748,8.40851,16.5844,28.1864,14.8828,1.30639,2.9111
0.178849,1.82776,7.0484,4.9838,4.98594,10.0435,12.053,4.68269,8.85593,23.795,10.123,3.89418,1.8275,0.560748,0.607255,6.26521,18.0372,43.881,48.3051,16.929,2.91225,3.08619
0.124966,1.90728,2.61185,3.92129,4.31045,0.711642,7.96733,10.4058,5.45322,15.4388,0.00745904,8.37352,1.56407,3.17718,0.201614,0.00591329,0.140904,13.0393,15.472,0.611809,4.1356,3.49297
0.303878,1.44764,4.62299,4.49005,0.160345,10.3459,12.3012,7.44497,20.3192,22.5255,6.60465,4.05296,7.77818,5.88499,2.95864,4.21912,10.2348,28.1883,28.266,4.48228,2.61352,1.07868
0.50465,1.24564,2.31761,1.28431,3.03768,4.50586,1.18491,1.80003,0.634016,3.04802,5.70532,5.76514,2.5066,4.6444,1.37256,1.43525,11.5381,45.8057,53.131,16.7714,0.678541,1.13763
0.0707542,1.27691,2.44123,2.70228,6.91849,11.8445,9.12667,3.67607,3.81164,5.29881,3.85846,2.59837,5.44068,5.86238,3.47547,0.57169,10.7387,21.6891,19.3581,3.9035,0.0384931,3.88851
0.372823,1.34359,2.56115,4.25184,0.629249,8.58264,1.00477,8.75088,12.656,10.2471,2.59941,5.02651,1.61996,1.9729,1.54786,5.38137,6.70171,3.11746,1.0769,1.64633,2.21691,3.45415
0.424618,1.07101,0.408351,2.34741,2.4908,14.051,14.2567,3.35733,4.49358,5.98353,4.27056,3.68792,5.07446,4.31117,3.60381,5.00165,9.29992,30.5935,20.2488,2.1311,6.24921,4.94435
0.164834,0.466114,2.28009,3.12062,0.92826,4.01998,1.17368,2.03618,12.4443,10.7071,6.45018,8.96381,1.21193,0.14066,1.74695,4.56476,13.5583,9.43041,32.7013,15.7734,2.79858,4.07832
0.198673,0.645537,0.365965,3.73132,7.71919,11.5142,9.43134,2.31177,11.8312,18.9712,6.44058,0.472326,2.08689,0.632205,0.565906,7.57078,14.0855,20.6666,41.3595,9.85123,5.05688,3.52713
0.824607,0.594471,1.77676,1.05394,3.53356,10.2344,4.10184,7.25871,23.757,32.417,18.9317,7.90902,3.89126,2.70705,2.89647,0.633702,14.9567,29.1557,18.8993,4.69606,0.985176,0.50078
0.437505,0.842871,0.129043,1.02498,5.0564,12.337,11.9458,0.268879,17.7513,18.3649,3.61503,0.460242,1.63992,1.66281,1.62756,0.983331,11.103,43.403,39.7845,6.58584,2.12838,2.40345
0.291639,0.605873,0.860395,1.92977,2.91211,2.00414,1.49377,0.638953,10.1186,24.8802,19.8629,6.88906,2.54852,1.4994,2.74812,2.32035,4.66452,10.3978,8.24883,1.52876,2.16364,4.94224
0.147879,0.134347,0.709468,2.27537,9.32568,17.9011,16.5364,2.7627,37.0721,43.6576,19.2895,6.16199,1.12553,1.3155,0.471968,2.15224,9.7498,10.1051,0.529012,4.89437,0.302593,7.59627
0.228173,0.356294,0.688247,1.53922,0.266146,10.2991,4.37132,4.68727,0.62314,9.61407,13.3767,5.16372,1.59023,1.6598,1.04285,4.76028,3.02522,0.464902,0.151463,2.65439,6.00463,6.88991
0.127881,0.290352,1.50435,4.74543,10.2497,14.5448,7.81701,9.76923,40.0637,46.1712,18.6595,2.86938,1.52857,1.74361,1.27387,2.84162,0.682991,5.09172,12.5203,7.53249,6.94474,13.2759
0.410815,0.064579,0.637534,1.82945,4.76213,8.491,1.96236,15.9743,23.0303,2.89891,0.957695,3.22235,1.00497,0.709853,2.58527,1.70909,13.3693,18.8384,8.27434,1.64407,4.57534,8.37397
0.104815,0.09877,1.01669,1.41968,6.85505,25.1643,16.9725,17.9858,18.5448,1.10097,5.31472,6.1063,3.66618,4.09878,9.03236,4.95541,4.13607,11.6976,5.47945,3.12657,6.24335,11.4672
0.0527963,0.081783,0.223299,4.31462,1.48884,15.4619,4.1477,12.8919,17.4241,20.3395,11.2124,0.626185,1.20448,5.42177,1.4663,10.5371,13.4649,6.7986,2.39439,1.69114,4.61233,2.24356
0.00913906,0.100039,1.47025,0.471142,7.59474,11.3646,7.38604,10.7175,13.4377,3.35719,6.31616,5.81989,1.49142,0.26256,1.02003,3.60689,2.05444,8.65087,1.51764,6.96839,6.27771,0.0513566
0.103402,0.319207,0.467359,2.4743,11.9849,14.1097,1.186,7.77031,10.2797,7.48583,0.447022,2.30719,0.220535,0.21495,0.683599,11.0669,34.4581,28.3485,1.11447,11.3841,4.78538,1.8216
0.162841,0.115314,0.309161,3.56909,0.510307,21.3618,26.6815,22.679,31.8864,15.5053,8.03725,7.58339,1.88027,0.870721,1.52734,7.18107,17.9134,10.4863,5.10746,10.0668,4.46908,2.197
0.0511711,0.278712,0.684548,1.1002,8.65355,17.6869,7.43499,17.4215,48.7787,42.8438,11.3317,2.55167,0.489104,1.15226,2.85023,1.03371,22.034,29.8277,11.0269,4.58513,0.441213,2.5086
0.0786057,0.332181,0.612215,1.67729,1.14525,3.51792,0.888628,2.5389,4.81194,0.741004,1.37533,6.64036,4.30372,1.69434,0.591219,0.150009,9.19038,9.15668,4.37688,2.94007,3.33726,3.84178
0.472286,0.223416,1.75756,4.83033,12.8353,16.2089,2.44707,15.2877,27.7798,21.5399,10.2374,6.03607,2.77335,5.53708,4.60161,13.5131,22.0633,11.0751,0.328759,0.318223,0.127887,2.42833
0.387132,0.636296,1.34382,0.484728,2.55005,22.4808,27.5631,18.4213,18.8542,16.5917,12.3539,10.1826,4.5154,2.50127,3.00592,7.09809,21.5657,24.6565,17.4877,7.01559,2.36866,6.40256
0.0720483,0.453179,1.67397,9.12416,23.3002,28.3657,14.8067,4.05391,16.9529,28.3263,26.3764,17.4198,3.28525,1.11649,1.59905,2.86734,9.31035,12.8804,4.55764,0.616267,2.68317,5.32378
0.380085,0.528836,3.20972,11.1874,17.6947,15.619,16.1067,12.0933,2.97373,1.90119,3.20676,0.105816,7.15947,7.71939,1.31223,0.188053,19.1823,19.848,4.80414,2.1668,6.49513,10.3805
0.0586686,0.172059,2.73517,1.15365,2.75546,1.21494,7.84469,8.79049,18.1224,31.6137,28.9075,20.3589,8.25001,2.59664,3.74031,2.34525,15.4351,18.3763,4.36859,2.34072,5.85437,8.39417
0.464386,0.74552,1.62591,6.8926,10.6324,19.0249,19.4391,4.78419,1.60291,4.38963,3.61177,0.969795,4.67563,4.33267,1.3894,3.02353,17.8536,27.981,3.03745,7.65798,7.90036,15.9947
0.376424,0.866993,6.06482,12.3471,14.7008,14.6428,12.2585,4.30745,4.01805,9.75826,19.7742,19.6051,10.8507,6.0309,4.46089,3.31374,61.3881,90.1874,30.9755,3.32832,5.82438,11.1741
0.499126,1.96349,0.555147,0.369136,11.2955,21.4812,22.8878,9.77177,7.76529,5.39095,0.975396,0.296488,1.63664,2.32627,1.99638,0.420973,60.2058,102.842,42.1193,1.49194,5.31248,14.6087
0.71441,1.68195,6.65714,16.2859,13.6239,0.356797,8.0178,12.199,0.961475,2.2125,17.9689,20.1868,11.33,5.38006,0.344463,5.04174,63.4555,102.349,43.49,0.136837,3.96467,8.42215
0.244322,2.62352,2.54896,2.63512,15.0546,28.7656,26.2721,12.7386,7.73843,6.02234,2.14605,2.66484,2.35247,0.628808,3.34849,2.40906,52.7928,101.85,50.6541,2.40348,2.32176,7.02358
0.488241,2.55151,6.8471,9.415,8.78682,1.51617,3.98439,7.0811,5.52334,2.32371,12.7148,15.7081,7.16726,2.72828,0.749718,1.45411,53.2573,103.575,52.7199,5.04539,3.35489,1.92968
1.19214,1.76839,5.42671,4.70104,1.83186,17.6944,24.0765,17.9651,15.268,6.55637,0.687073,3.18469,3.19917,1.78595,1.91728,8.55401,72.6749,105.727,43.2238,0.138966,1.22113,1.75478
0.0901817,2.10926,4.36659,1.21433,3.30365,13.387,1.97961,14.1531,18.7688,18.3773,3.57538,12.3369,3.15237,0.234569,2.254,6.81083,22.0197,47.88,19.8278,2.28816,2.97729,6.61064
1.12699,2.64309,6.41953,6.18577,6.33547,23.412,24.3503,7.38872,3.51429,2.36085,0.355235,0.0178168,1.78084,2.78472,2.18379,7.89636,14.8671,32.8671,12.2926,0.314581,3.18643,9.99026
0.731122,2.15664,1.16672,4.48795,6.99716,3.99001,1.06722,7.72256,29.7488,30.1557,2.90873,7.04888,1.0964,2.17073,3.15387,8.50619,78.7484,102.548,32.415,1.98482,5.03307,10.946
0.0472542,1.5106,5.74725,6.9368,8.84439,21.7886,24.1153,11.1899,5.37023,1.14054,0.674766,1.04498,2.03947,2.24938,0.321818,14.1329,72.4877,93.9388,34.2703,0.542148,3.9377,13.2365
0.383866,1.6797,0.758143,0.549971,6.73222,18.5351,3.32387,5.45722,22.1635,26.7817,1.64353,5.47812,4.26138,5.90698,2.47939,10.0388,8.94312,24.2521,30.1742,8.00889,5.62661,9.99356
0.30513,1.44692,4.3698,8.43667,15.7826,22.8262,22.9946,7.34799,5.66926,5.44183,5.24041,5.16899,0.231837,2.64236,5.00284,1.87239,26.3573,36.2086,14.2873,2.02657,5.00673,12.2921
0.0609989,1.30352,1.2169,3.00635,12.0013,11.2357,3.51438,18.2727,26.7872,22.1041,11.4729,3.55565,2.69154,3.20924,1.42637,0.140405,20.5181,28.6097,10.3267,0.113817,4.80926,8.94633
0.252955,1.02028,1.77856,6.31752,2.7089,24.9202,36.924,19.7567,5.86092,1.46476,4.20704,7.48845,1.20882,2.43435,3.96626,5.25288,3.54614,8.77728,1.07222,3.65538,8.20276,14.3499
0.0511087,0.694402,2.0858,2.06903,14.9523,26.8688,3.99838,7.08587,13.0023,17.2646,7.06778,1.76516,0.183058,1.11895,2.00942,4.29948,33.3746,37.1319,7.75648,4.00525,6.865,8.45866
0.175793,0.510656,0.286678,3.18815,7.92305,15.7489,15.6404,4.74425,6.69168,7.95492,6.13571,10.4409,0.259152,3.30018,0.396355,1.88834,13.51,22.879,5.62826,3.63884,5.79018,12.1243
0.0665118,0.229386,2.28688,1.26282,11.8609,17.3224,2.12448,0.105303,16.5232,19.2991,4.4072,3.81586,0.267286,2.44982,5.07576,5.24132,5.27495,6.56099,2.36055,1.08168,3.14869,2.97829
0.158745,0.00842009,1.42274,10.248,5.5704,31.3134,46.5256,14.2685,13.3572,3.31304,17.8845,14.8975,1.85719,0.251552,2.18889,0.0445927,1.6177,7.94866,5.38019,1.96964,1.60923,0.630568
0.0833409,0.00592244,1.54634,0.282974,20.0121,31.3673,2.75257,9.0936,0.843884,5.44139,2.07995,5.07126,1.63832,0.769649,1.93973,4.40469,18.0162,21.337,12.5269,5.73264,5.39798,7.20113
0.0592687,0.36214,1.65842,6.54322,9.13418,0.575061,4.55,0.929343,1.31684,11.1031,23.9586,17.8722,4.01061,1.26104,4.4288,4.96011,0.779686,2.85627,0.585585,1.14008,5.3602,9.31432
0.775844,0.00536969,0.519218,0.640292,9.36374,18.8671,0.265402,7.8818,6.75969,8.4489,10.4699,11.3312,5.95968,5.10143,4.96764,11.6571,22.7131,17.6065,4.08774,0.0905985,6.44273,13.2308
0.0605264,0.0819777,0.566807,3.42008,4.66018,41.3309,52.8439,20.8994,2.98372,14.7665,26.3562,18.8587,1.86908,1.65267,5.04018,16.6243,6.05311,12.7578,6.02756,0.265899,7.56184,16.8206
0.0178808,0.0936968,0.847922,1.79258,19.7708,28.3396,4.16577,11.8986,10.1635,11.3797,16.4472,14.2705,6.52995,5.97073,4.74893,8.5388,29.3249,26.1841,7.72329,2.81218,5.37236,12.7315
0.207858,0.0427148,0.922975,9.5877,18.8623,15.35,10.4482,2.41627,3.76672,15.0954,1.12222,14.868,0.778607,7.08568,0.588486,2.02922,11.558,3.47443,9.4386,9.2518,2.37885,16.0586
0.37514,0.900827,1.87851,2.30131,6.02273,5.61609,8.7995,7.90198,42.6595,42.8161,13.574,29.8372,14.1905,10.4704,7.1706,1.12521,8.70781,5.79221,1.90088,3.80286,7.9247,14.4321
0.461697,0.464566,4.08895,13.5452,30.1547,45.8855,41.9886,16.6141,6.39738,11.6891,3.07841,2.39405,16.8613,17.7859,6.97776,10.3628,17.5237,11.7482,4.40535,3.18466,9.37945,24.0383
0.284408,2.44586,4.37252,5.42277,0.0704206,13.7004,14.1012,10.0037,47.3649,33.8103,15.0699,20.3747,10.796,7.43866,2.52344,1.14396,5.45589,7.18885,0.792573,0.0778141,8.51952,15.0047
0.456356,3.0131,5.10874,1.36672,8.18513,13.3792,21.2357,2.05507,34.732,33.1171,6.41218,1.42235,15.1816,16.4099,7.02677,5.2204,4.51682,2.97559,3.33412,3.06286,11.7201,23.193
0.131323,1.69938,7.71056,0.31251,6.14998,2.62555,12.4759,24.6895,18.874,3.69425,20.4804,20.0843,11.5431,7.50222,1.11295,3.3305,2.07558,5.28435,3.95864,0.763341,7.93998,13.7578
0.475955,1.38642,0.550847,14.7022,36.8963,52.4789,45.1256,33.3177,52.3322,49.1849,11.8386,0.0847169,11.2424,12.8511,6.90947,0.0155214,18.1041,22.163,6.74604,0.491448,4.73172,12.9704
0.93622,1.04822,7.18866,1.3363,12.7818,2.39822,5.37627,12.492,29.789,23.7004,19.5629,20.6885,12.5636,6.85973,0.487906,5.4659,2.41418,10.4597,2.02278,4.84853,0.0524876,5.06912
0.471668,0.537607,3.5736,16.7578,18.9771,8.0153,27.3717,17.7478,13.4404,15.2468,4.05874,1.00618,7.78463,8.59428,2.12715,7.2609,18.432,13.4598,1.12924,4.50393,1.25335,0.487087
0.157343,0.211966,3.36649,7.88496,10.045,20.0455,10.6697,34.3606,36.6263,22.1574,14.2132,16.8089,10.1375,5.2279,0.39082,2.11714,6.09796,1.08152,1.13983,0.416914,1.64864,0.331746
0.0295278,0.61229,4.28391,5.63454,11.4595,44.3674,46.3741,29.2788,37.159,27.2846,5.33138,0.861014,5.0166,5.30409,1.92229,2.09227,15.9921,10.5878,4.36671,3.36138,3.26474,6.01732
0.303372,0.473412,1.12539,4.27801,9.43861,4.2437,3.33729,7.34462,10.569,3.62355,13.1088,14.2347,8.75048,5.9067,0.344449,5.79016,16.7403,11.5612,2.79767,1.19023,1.90022,4.63085
0.193453,0.428497,2.37989,4.15694,5.92027,12.328,13.153,7.10689,20.0763,17.1694,4.23081,0.453079,4.31771,4.91477,3.13641,12.2719,2.12763,15.083,8.81344,0.33527,2.37139,4.92961
0.247925,0.709851,1.32545,1.65056,24.7368,45.1383,20.9867,12.411,27.5791,15.632,11.8801,15.705,9.32721,5.6936,1.06188,7.81504,24.0206,22.0929,2.93096,3.31763,2.06118,2.99979
0.0134708,0.210471,1.53996,0.922214,9.50854,41.5424,42.1086,18.5906,12.9125,5.49712,0.0396606,3.08721,4.20703,2.33011,4.32166,4.18964,5.0423,4.83254,0.381464,0.988616,0.306719,0.700462
0.00225459,0.4919,0.729101,1.68699,2.77954,3.76587,7.11433,6.50898,1.93747,7.69936,12.0259,9.28521,4.94181,2.37361,0.232732,5.44127,16.6082,16.3773,4.91034,0.437579,1.01438,0.478238
0.286428,0.390922,0.382096,3.18422,9.22981,2.91116,4.2648,9.3672,19.0882,11.1665,0.551213,1.41468,1.77022,0.90085,1.44568,1.29987,1.49863,4.68415,3.13413,0.375561,0.097509,0.482921
0.0852808,0.222014,0.489972,0.833395,2.94088,4.90467,3.90508,11.6091,34.0255,26.237,6.23032,1.86031,0.826397,0.222959,0.371725,3.58535,7.04213,3.66805,0.226626,0.164625,0.146659,0.351576
0.00302446,0.127348,0.205554,0.393291,0.767182,0.23516,0.366766,11.0904,26.292,15.7188,0.288784,0.428369,0.164609,0.0162702,0.29224,3.44848,10.3574,8.93843,2.766,0.630369,0.497344,0.830658
0.0250469,0.107516,0.319852,0.671204,0.993752,0.621333,0.533173,7.42084,10.4208,1.14689,2.47029,0.12348,0.208842,0.308135,0.181948,3.11844,4.71851,0.0776384,1.81901,0.0995291,0.0115118,0.394003
0.0618442,0.11604,0.104055,0.107315,0.441376,0.124367,0.118902,3.82029,8.9461,6.77603,2.3199,0.641495,0.173168,0.066417,0.355181,0.677333,3.97567,3.88425,0.649728,0.132554,0.31791,0.17533
0.0891803,0.0794834,0.378368,0.949768,1.14574,0.757706,0.510092,4.91474,10.9155,5.76472,0.0104249,0.419307,0.7997,0.333909,0.39574,0.0147708,3.80181,4.61609,1.37283,0.381512,0.164414,0.0944502
0.00347373,0.0360352,0.00171761,0.0597008,0.26544,0.484221,0.0374425,4.3708,10.3004,5.3566,0.91184,0.390178,0.148668,0.554662,0.622231,0.688855,3.5068,3.60449,1.15031,0.0109454,0.241895,0.437227
0.0696277,0.0154517,0.145845,0.171753,0.0254195,0.218427,0.181057,0.0922344,1.78498,0.66602,0.329598,0.268294,0.320605,0.155102,0.0101163,0.117396,3.44342,5.08079,1.77786,0.00971574,0.538854,0.820472
0.169061,0.0943752,0.142947,0.190228,0.399916,0.295926,0.491011,1.01237,12.7041,18.1102,6.26077,0.627503,0.0598188,0.143959,0.297286,0.155336,1.11486,2.44923,0.406833,0.579531,0.350089,0.88706
0.00485579,0.037824,0.110142,0.487451,0.944172,1.05275,0.521866,0.0420887,9.32894,22.0354,14.9765,2.00924,0.0665518,0.345011,0.181274,0.371588,0.952082,4.36795,7.74594,5.31459,1.16956,0.810049
0.0995516,0.0905856,0.0322258,0.309892,0.48791,0.534847,0.230519,1.88555,6.74405,3.75626,1.74155,0.58528,0.962277,0.175289,0.518644,0.0511267,2.54402,2.73522,2.96148,10.958,11.3695,0.633403
0.0155802,0.0211693,0.246094,0.531531,0.611716,0.630109,0.600326,1.05405,7.14726,9.19878,1.13602,2.99853,0.605687,0.077143,0.217639,0.476391,1.46911,2.51863,1.53032,3.89419,23.0084,27.1817
0.0933615,0.138587,0.0272796,0.306189,0.370486,0.300144,0.540594,0.139056,2.22214,2.16463,4.48859,6.90383,2.54494,0.111425,0.964249,0.895517,0.843111,0.305901,1.03571,0.891976,6.11635,35.2025
0.085997,0.136395,0.350088,0.349514,0.0853413,0.467063,0.697498,0.523412,3.00015,2.82452,2.99032,7.95568,4.43483,0.148088,0.089328,0.402047,0.494512,0.911438,1.0461,0.147982,1.05711,19.4734
0.0312606,0.0589387,0.0856605,0.14227,0.0413818,0.270684,0.166385,0.923561,2.19507,2.22374,2.62568,4.13549,3.60965,1.09232,0.310507,0.0700166,0.565981,2.51671,2.02357,0.852238,0.999722,3.126
0.0586277,0.011957,0.155517,0.253251,0.0666113,0.423272,0.446685,0.0757846,1.18605,0.888406,0.637448,4.80757,7.07817,3.11214,0.618398,1.98516,4.95466,5.0239,1.05839,1.10979,1.21513,4.16596
0.0664366,0.0272231,0.00974257,0.00240166,0.109407,0.175616,0.0355708,0.0475277,0.182377,0.719482,0.767496,2.62527,7.18023,4.97344,0.876751,1.06729,0.921639,0.515028,0.326194,1.43358,1.60006,1.77951
0.108488,0.0521832,0.0115062,0.024797,0.0911841,0.0773681,0.144965,0.488432,0.815338,1.20793,0.559003,1.00535,4.08985,3.89142,0.67215,0.367967,2.64086,3.14922,0.515872,0.619161,0.713892,0.724331
0.0600453,0.0613957,0.0927681,0.0667207,0.022823,0.0713499,0.00623493,0.250991,0.262317,0.0369153,0.782866,0.108112,4.38971,5.19916,1.1085,0.576995,1.62316,3.54004,1.83375,0.403192,0.968968,0.829933
0.0536988,0.0904162,0.0803383,0.0308886,0.235684,0.35067,0.265426,0.372278,0.46317,0.120754,0.0191525,0.256816,1.54711,1.91662,0.469146,0.534292,2.14977,2.55393,0.705309,0.722299,0.238059,0.0296886
0.049419,0.0509146,0.0991096,0.0671173,0.111015,0.31731,0.184824,0.293545,0.581898,0.500361,0.268372,0.133409,4.88684,7.65349,2.74996,0.353338,0.599275,1.22453,0.585019,0.235591,0.355567,1.21942
0.0625151,0.0783843,0.111913,0.118117,0.00526273,0.115403,0.0437541,0.158814,0.204234,0.148711,0.138914,0.533636,6.00173,9.58264,4.17766,0.0814617,0.385276,0.847839,1.0201,0.818918,0.751675,0.382799
0.0289114,0.000550926,0.0187941,0.00749218,0.0490467,0.0994646,0.247791,0.0329691,0.230047,0.268669,0.42461,0.146811,3.82009,7.53813,3.60299,0.516858,0.984352,1.07849,0.497849,0.109222,0.776131,3.0381
0.0218785,0.0102902,0.0830322,0.152461,0.23718,0.245835,0.250413,0.194454,1.14471,1.03037,0.229665,0.222573,3.73255,6.64762,3.0254,0.483131,0.0794214,0.762496,0.730615,0.218527,0.0663894,0.293424
0.0532742,0.0283222,0.0452443,0.0714478,0.0848281,0.190651,0.106283,0.133862,1.09496,1.65276,1.19077,0.674629,3.24125,6.59116,3.69372,0.518265,2.4664,3.35378,1.74074,0.799036,0.0242018,1.06702
0.0202759,0.010785,0.0388836,0.0705362,0.151765,0.327716,0.106854,0.302253,1.5631,1.76965,0.962735,0.573949,3.62177,7.67046,4.49964,0.407482,1.72094,2.68543,0.888549,0.425997,0.13916,0.234535
0.0823019,0.0662469,0.0159563,0.0933069,0.248556,0.335897,0.228839,1.13537,2.53675,1.53299,0.209399,0.376386,3.41086,8.42182,5.49389,0.115251,0.347209,1.05313,0.307797,0.34043,0.751606,1.46973
0.0862361,0.0659978,0.0640517,0.0325649,0.00519185,0.0206808,0.0829086,1.3969,3.39852,1.88767,0.438885,0.542127,3.08659,7.36544,4.79779,1.0225,2.34372,2.58008,1.52366,0.667437,0.245446,1.28636
0.0271633,0.0342891,0.0218031,0.043975,0.0778065,0.0162321,0.0481183,1.22725,3.31668,2.26197,0.0921198,0.256063,1.1942,2.67937,1.74912,0.451561,1.43782,0.600278,0.045409,0.527746,0.314253,0.697426
0.0655573,0.0325938,0.0356829,0.107075,0.195701,0.222697,0.10516,0.418443,0.504722,0.222,0.350178,0.128942,0.952642,2.97984,2.05202,0.198677,0.142361,0.00104098,0.232062,0.180707,0.154857,0.0237081
0.00903367,0.0130168,0.0187209,0.0801343,0.062807,0.121462,0.24267,0.0952688,0.707644,1.02397,0.161108,0.00323048,2.02133,7.03261,5.81877,0.818084,0.907435,1.27144,0.809248,0.313256,0.516764,0.966489
0.0386257,0.0557211,0.0640906,0.0955147,0.18527,0.209605,0.056646,0.14489,0.0313039,0.0729824,0.401369,0.619041,0.632441,4.89542,5.13282,1.28608,0.853701,1.54454,0.69076,0.35406,0.14834,0.519448
0.124903,0.0735252,0.0311529,0.0512672,0.0380786,0.0930076,0.0983187,0.604429,1.65863,1.35076,0.4991,0.643685,0.75692,4.48841,4.1623,0.726739,0.667183,1.70279,0.951599,0.208905,0.618751,0.0748618
0.0157665,0.0533747,0.123938,0.152676,0.0559316,0.0234223,0.0394613,0.900039,2.45746,1.79475,0.0853891,0.850518,1.76121,8.12203,7.06737,1.64607,1.78897,1.928,0.010361,0.411941,0.559507,1.20406
0.0208151,0.0195282,0.0340816,0.0451642,0.073781,0.0683506,0.192887,0.328788,0.971454,0.691152,0.33318,0.194975,0.590987,1.62257,1.00052,0.603554,0.766934,0.58104,0.760211,0.349554,0.259808,0.978429
0.000501864,0.0212908,0.0922422,0.0838598,0.0453676,0.150515,0.0617701,0.160511,0.101701,0.785637,0.83923,0.312681,2.72214,7.30217,5.35106,0.232759,1.15449,1.0828,0.271625,0.188951,0.642264,0.630329
0.0180765,0.0102486,0.0108971,0.0428296,0.0205826,0.0174288,0.0282089,0.0898801,0.0596732,0.420196,0.42841,0.795974,2.62018,10.0023,7.64697,0.571409,0.581193,0.298503,0.314701,0.265404,0.062944,0.449574
0.00903202,0.0171039,0.0692446,0.137463,0.176415,0.180169,0.0619932,0.4106,0.678554,0.485789,0.346491,0.253654,1.44576,4.29329,3.24429,0.46055,0.643,1.17952,0.127801,0.705729,1.1226,1.94109
0.0409072,0.033014,0.00675094,0.00125712,0.0275347,0.0141025,0.126402,0.471968,1.81042,1.83683,0.454721,0.299823,1.37209,6.3963,5.56231,0.831325,0.714534,1.53079,0.940722,0.0792401,0.378595,0.611726
0.00902461,0.0107259,0.00380389,0.00919203,0.0421793,0.0984234,0.0743301,0.451918,1.3559,0.728863,0.124101,0.660338,2.24025,10.0974,8.92191,0.854266,2.29606,2.30835,0.784906,0.104698,0.543041,0.290717
0.0147015,0.00484138,0.0104674,0.019253,0.0147751,0.0470302,0.0126404,0.131107,0.408196,0.603099,0.140642,0.164166,0.162333,0.482188,0.494677,0.213212,0.68602,1.30746,0.617947,0.00559657,0.47145,0.198653
0.0163513,0.000328906,0.0315799,0.00277516,0.0863697,0.0629581,0.00868266,0.565927,1.8793,1.21037,0.148743,0.276724,2.87927,12.0451,10.7331,1.52254,0.40227,1.45967,0.809825,0.760113,1.46847,2.36919
0.0653426,0.023699,0.00374046,0.146237,0.197613,0.0814267,0.104709,0.441037,1.13533,0.070491,0.83421,0.0571342,1.15114,6.52923,7.38193,1.95105,0.329161,1.10228,0.541417,0.186431,0.367781,0.129768
0.126473,0.051265,0.068666,0.063586,0.00678182,0.0529737,0.0659293,0.323361,0.520354,0.616916,0.13192,0.0909497,3.60168,15.9815,15.3435,2.80691,1.27361,1.42692,0.790057,0.240866,0.16815,1.26638
0.102081,0.0554184,0.0198094,0.0152302,0.00681919,0.0245136,0.0644699,0.087936,0.157249,0.591541,0.0435485,0.530033,1.56973,10.6115,10.6253,1.78579,1.87999,2.55975,1.19279,0.29135,0.217019,0.517428
0.00539392,0.0191715,0.0329439,0.070028,0.0366577,0.0192903,0.0396234,0.0052879,0.191159,0.0537208,0.176347,0.564518,2.77656,13.9856,13.762,3.14045,1.04632,1.89316,0.520407,0.162757,0.0705321,0.157879
0.0062493,0.0127166,0.0145051,0.0333665,0.0578912,0.0838781,0.0469005,0.216917,0.505534,0.47016,0.273137,0.355324,3.4893,14.7713,13.117,2.18444,0.203994,0.144376,0.129629,0.0751613,0.04349,0.762777
0.0749306,0.0423332,0.0140766,0.0173526,0.0632517,0.00305967,0.0201876,0.316683,0.700442,0.385815,0.315315,0.0429123,0.674346,5.14732,5.5016,0.923185,0.0952969,0.0548669,0.306695,0.0345233,0.0996853,0.0377382
0.0923084,0.0834453,0.119003,0.168953,0.0764799,0.433128,0.566606,0.773005,1.25907,0.771399,0.257051,0.167164,2.837,13.4942,14.0085,3.44149,0.947734,1.46472,0.387393,0.0677647,0.668775,1.13373
0.0349372,0.0390322,0.0337696,0.236111,0.298269,0.305027,0.397702,0.527081,0.729662,0.0517784,0.437375,0.358948,1.74556,7.95592,7.92215,1.34083,0.943663,0.680134,0.280405,0.0726999,0.206937,0.280532
0.0326625,0.0373,0.0593641,0.0691757,0.0923845,0.0405609,0.0726586,0.1632,0.357505,0.202788,0.16871,0.241929,3.11909,12.7829,12.365,3.20444,1.06064,0.765077,0.361321,0.0473903,0.20466,0.471246
0.058878,0.0304255,0.015917,0.0210797,0.169475,0.262256,0.114572,0.0987208,0.290257,0.445469,0.24213,0.0826887,0.324061,3.50222,6.39899,2.42756,0.262495,0.734818,0.158727,0.117447,0.0262274,0.0931647
0.00771967,0.0102159,0.0322016,0.0335252,0.0909169,0.209607,0.116046,0.211881,0.669977,0.675219,0.0686949,0.0641975,0.353893,2.27132,1.60682,0.0362825,1.08892,1.64932,0.502963,0.153045,0.581251,0.740884
0.0183741,0.0186629,0.00634012,0.0151271,0.0288156,0.107656,0.0893469,0.267066,0.788176,0.597667,0.0586271,0.225472,0.0977059,1.76358,1.71708,0.345763,1.01593,1.46504,0.626436,0.340402,0.4195,0.291742
0.014401,0.0196293,0.00431699,0.013173,0.0693094,0.0924938,0.000695989,0.117936,0.200423,0.642499,0.577284,0.538802,2.13568,0.462639,1.75264,0.494432,0.0653911,0.573338,0.440393,0.035161,0.386508,0.561193
0.00446139,0.00382642,0.0256378,0.0250414,0.0512425,0.12123,0.0834619,0.0848464,0.0654357,0.000556977,0.193751,0.487771,3.37338,5.25954,1.95347,0.333935,0.630932,0.883614,0.415886,0.172026,0.27843,0.552351
0.00278889,0.00778855,0.000619844,0.0633979,0.134012,0.0985461,0.0797429,0.0954358,0.338946,0.560573,0.356355,0.192582,4.61703,9.92521,5.49972,0.0722473,0.68533,0.703744,0.121926,0.101794,0.0966733,0.202521
0.00966021,0.00322935,0.0242482,0.0111506,0.0567708,0.00305383,0.0814137,0.052288,0.101945,0.228275,0.361842,0.00235544,4.7576,12.597,8.84258,1.22508,0.221927,0.829275,0.643842,0.179767,0.763806,1.15276
0.0239068,0.0124429,0.0030935,0.00462812,0.0491951,0.0760442,0.0672356,0.258524,0.700391,0.458526,0.0360103,0.162027,2.73011,5.6207,3.30655,0.0360149,1.28084,1.64201,0.67458,0.0737162,0.352883,0.3652
0.0145419,0.0178297,0.025026,0.0504453,0.0495807,0.0575021,0.0606205,0.376979,1.07836,0.908907,0.0708068,0.141643,2.20815,5.70965,4.19356,0.740756,0.697893,0.732156,0.0595012,0.188295,0.150334,0.348982
0.0240802,0.0241691,0.00376469,0.0151502,0.0786259,0.0959841,0.0560869,0.157739,0.229077,0.0113877,0.207277,0.393376,4.52813,9.71525,6.00361,0.191072,1.14908,0.742982,0.0213676,0.115414,0.17285,0.703511
0.00123186,0.00515432,0.00488042,0.0440272,0.0949121,0.0588609,0.00128033,0.176304,0.342206,0.265252,0.170009,0.131678,3.69534,6.47608,2.99201,0.134008,0.399457,0.823428,0.38311,0.129806,0.560884,0.784624
0.019241,0.0096511,0.00988095,0.0209821,0.0265702,0.00456912,0.0160054,0.190756,0.589217,0.51231,0.154134,0.591568,3.52885,3.60974,0.322264,0.787267,0.220124,0.679204,0.324686,0.253785,0.691227,0.792054
0.0257753,0.00452051,0.0131538,0.0425335,0.0275801,0.0481876,0.0515766,0.201151,0.399698,0.0036068,1.12288,4.80089,0.422211,6.01684,9.38391,11.4048,5.17838,3.58021,1.02524,0.488638,0.399402,0.559522
0.0841513,0.060813,0.0587058,0.122069,0.155653,0.088387,0.075985,0.152029,0.180587,0.0628907,1.16659,0.761848,15.7451,36.184,20.817,14.6692,25.2921,12.6383,1.61466,0.575283,0.488216,1.16295
0.110954,0.0496005,0.00217728,0.0057793,0.0415692,0.00149722,0.0415426,0.222978,0.765656,0.432017,0.295008,1.05614,14.5609,22.3308,8.95795,0.651358,1.65119,1.27418,3.04824,0.921958,0.0676874,0.557004
0.0572307,0.0414984,0.0135822,0.0358863,0.0529596,0.0537002,0.050232,0.222258,0.610837,0.070989,0.584885,0.73538,7.2643,10.598,4.75784,1.66581,2.16362,1.33053,0.499215,0.152723,0.108883,0.54848
0.011618,0.0107331,0.00933687,0.010617,0.0168968,0.00771666,0.0423708,0.261113,0.635041,0.494373,0.336655,1.91891,9.29993,9.31364,2.12635,0.562391,0.815542,0.518355,0.566377,0.106993,0.13364,0.120358
0.0506126,0.0399425,0.0312741,0.0272642,0.032433,0.0358303,0.0284858,0.137784,0.260279,0.13296,0.0752176,0.614229,4.85181,9.22655,6.73599,1.68971,0.986105,1.14146,0.0366889,0.488885,0.066613,0.130394
0.0054056,0.010686,0.00639057,0.0112711,0.0278939,0.0454823,0.0200459,0.0354337,0.1074,0.0120153,0.296188,2.9278,9.58706,6.20894,0.733963,1.10807,0.629624,0.198858,0.714416,0.0505294,0.348831,0.206271
0.0339356,0.0147251,0.000945002,0.0096584,0.00633752,0.00936848,0.00495973,0.027474,0.0311929,0.187772,0.182409,0.90211,3.18489,0.213409,3.38688,1.02978,0.187909,0.397615,0.0827354,0.126133,0.0399466,0.250596
0.00134383,0.00217345,0.00297132,0.0190707,0.0277682,0.02982,0.00226159,0.0605927,0.110074,0.218532,0.243801,1.88467,6.00457,2.88199,0.916961,0.25597,0.800126,0.794132,0.256556,0.330566,0.0446513,0.282461
0.00969764,0.00285185,0.00702517,0.0031909,0.030205,0.0293873,0.0349238,0.0366778,0.13649,0.134419,0.047825,2.94722,9.05796,6.68331,0.269081,0.613609,0.55782,0.443814,0.122062,0.180808,0.00969284,0.260145
0.0467426,0.0250655,0.00178698,0.00239895,0.011962,0.0566662,0.0392244,0.165411,0.42499,0.175643,0.176809,1.65807,6.17268,5.24364,0.41248,0.667143,0.268676,0.385646,0.159831,0.0157159,0.20197,0.212452
0.0107646,0.00177706,0.0131172,0.0148584,0.0493286,0.0468771,0.0203411,0.175595,0.51229,0.424805,0.141008,0.295148,1.21979,1.98825,1.39679,1.11795,0.902707,0.24773,0.0747938,0.125708,0.147425,0.257227
0.0263145,0.0262969,0.00817123,0.0237676,0.0261691,0.0269178,0.00234997,0.25948,0.547178,0.484341,0.159688,2.65914,7.41773,3.57397,2.23874,1.55609,0.121154,0.160404,0.146001,0.0156182,0.317306,0.461167
0.0257478,0.017757,0.00159186,0.0210249,0.0116132,0.0130917,0.0226462,0.168337,0.396519,0.379457,0.301999,3.41429,11.9994,9.66508,1.84973,1.76555,2.23429,0.936463,0.328334,0.0932895,0.0466584,0.412086
0.0242211,0.0194553,0.0136677,0.00259284,0.00211369,0.00607702,0.00945142,0.0135596,0.100953,0.0702634,0.140159,0.558095,2.77819,2.3912,0.0638631,0.263758,0.0964884,0.331053,0.46681,0.55558,0.955001,0.788162
0.0271655,0.00833911,0.0121022,0.00766846,0.00308533,0.0396565,0.00998801,0.13423,0.17709,0.311547,0.505009,3.4864,13.4241,10.0282,0.260397,0.466235,0.585505,0.405138,0.373402,0.194732,0.448889,0.0273263
0.0988383,0.0299948,0.0014639,0.0107616,0.0175132,0.0346282,0.010939,0.0832049,0.0588806,0.609284,1.20015,5.51498,21.0444,13.2774,2.16371,0.982239,2.14881,1.68758,0.0109895,0.150919,0.259115,0.378802
0.117655,0.0977464,0.0103065,0.00969497,0.0342059,0.101964,0.0211628,0.15159,0.0873465,0.442558,2.7396,24.6014,35.8731,13.1449,0.400576,1.88838,0.83136,0.353771,0.128771,0.450898,0.573413,0.0593832
0.0770408,0.0491413,0.0230869,0.0248704,0.038791,0.0237511,0.00935602,0.149313,0.0278533,0.831105,1.064,14.5174,30.2307,20.0197,4.94616,0.407757,1.35928,0.501222,0.0653397,0.349745,0.466897,0.870658
0.0347638,0.02359,0.00926316,9.32813e-05,0.0570393,0.100512,0.109738,0.0332375,0.155973,0.122786,1.63134,5.54604,8.72235,7.01475,1.2426,0.832976,0.00604862,0.137778,0.131843,0.218334,0.0528704,0.737642
0.0588505,0.0404781,0.0096817,0.0162848,0.0340844,0.132419,0.115975,0.174956,0.367039,0.756166,1.21599,5.88671,14.1652,7.0121,1.54454,0.876895,0.43152,0.889899,0.532536,0.496757,0.703503,0.834518
0.0435596,0.0231502,0.00212036,0.0111159,0.00916505,0.0734199,0.0913993,0.05692,0.0584509,0.0074451,0.122318,3.92327,6.67232,2.49696,1.23482,1.33537,0.45469,0.205428,0.102157,0.152657,0.423703,0.217842
0.0246579,0.013891,0.00175679,0.00172091,0.0282015,0.0490851,0.0246217,0.111243,0.13774,0.103402,0.347065,0.366162,0.235321,0.994141,2.16796,2.11278,0.898427,0.165507,0.0154971,0.257849,0.274393,0.325107
0.00550288,0.00564384,0.00391114,0.0130537,0.063695,0.0155548,0.058174,0.0170627,0.114154,0.185349,0.563216,0.0560184,3.47497,2.20074,0.654548,0.223081,0.181761,0.327427,0.062085,0.228284,0.692955,0.185323
0.0169114,0.0115409,0.00761962,0.0030123,0.0243732,0.0192787,0.0152398,0.0477366,0.0959581,0.443981,0.107231,4.69878,9.09883,5.7799,0.844256,0.339978,0.161047,0.14234,0.0153802,0.301395,0.389332,0.303129
0.00934276,0.00379163,0.00282356,0.0175844,0.0442489,0.121302,0.15231,0.194512,0.624117,0.589702,0.553689,2.94612,2.69632,0.396634,0.573412,0.446088,0.76551,0.342005,0.0983279,0.316429,0.0336647,0.17306
0.0493555,0.0271761,0.000759661,0.0285245,0.0200463,0.0223377,0.114818,0.247167,0.330293,0.0260508,0.0307429,1.47471,3.81589,2.45871,0.738842,0.805731,0.871975,0.739043,0.283381,0.118232,0.0746551,0.023056
0.00883895,0.00212607,0.0150104,0.0564308,0.0591483,0.114213,0.243741,0.38648,0.444301,0.313233,0.170146,3.09741,7.35996,6.56304,3.51838,1.57905,0.444117,0.0592182,0.0627618,0.311725,0.0178235,0.376774
0.00996818,0.00228977,0.0197808,0.0429887,0.121567,0.370985,0.530423,0.492594,0.212331,0.0440674,1.10257,4.77975,5.45062,1.82316,0.536716,0.661563,0.369815,0.113712,0.000975639,0.227863,0.581216,1.42546
0.0408071,0.0233975,0.00506691,0.0305916,0.0698951,0.0181079,0.121432,0.0334409,0.1933,0.173661,0.489815,2.30039,1.151,0.337028,0.503885,0.677742,0.167673,0.156412,0.140366,0.0867536,0.0463961,0.0864208
0.0193866,0.00205987,0.0177445,0.00870105,0.0243598,0.01217,0.00492595,0.0722051,0.172024,0.0142266,0.346556,0.827714,0.811661,0.397201,0.348802,1.09571,0.448903,0.287008,0.118438,0.0641371,0.241805,0.181567
0.013462,0.00309552,0.0133091,0.00183846,0.00601752,0.0223182,0.0152491,0.116615,0.223453,0.391875,0.311715,4.69892,5.66671,1.05914,0.0650572,1.13167,0.759632,0.0216866,0.154546,0.0930923,0.195765,0.310277
0.0609443,0.0106875,0.0341006,0.176192,0.0550032,1.0195,1.39037,0.390954,3.12939,0.806837,0.586979,1.24511,6.79786,2.10399,3.1288,1.11093,0.518264,0.0278972,0.406887,1.28354,0.00909114,1.10981
0.141518,0.134844,0.0931645,0.0485086,0.265388,0.349834,1.36355,0.100043,0.47628,3.72864,10.0387,26.3126,59.3723,54.511,7.48249,6.80189,0.622123,0.16183,0.518684,0.518155,1.38297,3.454
0.0782613,0.0144848,2.51532e-05,0.0597026,0.0922171,0.026632,0.156794,0.0552252,0.338378,0.320547,2.42473,8.28545,9.79937,58.55,53.9131,20.2317,5.46909,0.171917,0.244287,0.38009,0.113267,0.476217
0.0581357,0.0384833,0.0150744,0.00932852,0.0138671,0.0179498,0.0252602,0.00505152,0.0174301,0.399422,0.0749889,2.59903,10.6477,13.2497,5.46993,2.42138,0.0960295,2.0768,0.321345,0.0263852,0.0910269,0.148346
0.0236034,0.0276043,0.00628947,0.0239123,0.0361342,0.0621328,0.0485394,0.119879,0.0907105,0.377803,0.230189,0.253199,8.32241,11.0962,3.27839,0.506803,0.399382,0.207964,0.562495,0.317197,0.0492511,0.0699587
0.0308793,0.026051,0.0114372,0.00750846,0.0155933,0.0096505,0.0696524,0.119753,0.0441938,0.100449,0.196885,5.68185,14.9932,13.0671,2.90197,1.03245,0.792295,0.249851,0.0689438,0.213725,0.244897,0.313157
0.0231892,0.0355977,0.0149217,0.0144458,0.0157438,0.0305122,0.0135221,0.0554339,0.257233,0.149093,1.07321,2.68476,11.4006,5.7345,3.38351,0.89654,0.445106,0.110691,0.0789373,0.0821439,0.244701,0.0590395
0.0114901,0.0239136,0.0101252,0.00261447,0.045341,0.0491252,0.0605921,0.0960263,0.0448141,0.241514,0.183077,1.1594,9.96002,9.22946,0.20392,0.371976,0.758287,0.171133,0.158529,0.0571286,0.18239,0.079037
0.0871615,0.0560667,6.49989e-05,0.0162017,0.0122235,0.0108822,0.058627,0.0692704,0.0520859,0.0147057,0.154904,1.30165,1.42161,3.3666,4.49758,0.626684,0.554896,0.146004,0.163877,0.259924,0.16841,0.129289
0.0621412,0.0350137,0.00735546,0.0353859,0.0217702,0.0544753,0.0462137,0.0141268,0.218179,0.203204,0.192745,0.707861,7.22893,7.88027,1.5496,0.728143,0.652668,0.0233275,0.118505,0.245336,0.163869,0.0743869
0.0056805,0.0151988,0.00430316,0.00078474,0.0281025,0.0157882,0.0206202,0.0548269,0.0591643,0.133676,0.0763868,1.82932,10.8814,11.2587,0.483451,2.58585,1.13337,0.356262,0.00271942,0.0427499,0.121578,0.174456
0.0266751,0.0252937,0.0069198,0.0241193,0.035936,0.038832,0.0181653,0.051901,0.0640085,0.0684043,0.436813,0.0471157,2.90857,4.01404,0.423441,0.842118,0.618766,0.741909,0.103466,0.0651977,0.121459,0.163936
0.0325206,0.0274889,0.00730844,0.0287832,0.0325241,0.0237983,0.0510649,0.0328732,0.00418255,0.0735416,0.304961,1.19578,6.93599,5.76678,0.769217,0.549492,0.726826,0.00265462,0.0741331,0.0715185,0.0494634,0.227482
0.0143621,0.0218626,0.00369759,0.0147764,0.00239595,0.0534617,0.00558695,0.0167635,0.0070983,0.168621,0.0920677,3.91709,12.1573,7.5193,2.31291,1.73874,0.40095,0.497338,0.0740167,0.0952901,0.22065,0.218789
0.0102942,0.00778976,0.0044647,0.005767,0.0205791,0.0193369,0.0983679,0.148091,0.129134,0.0399025,0.53114,1.26319,6.52599,5.77378,0.0615743,1.12112,0.351583,0.312609,0.0952935,0.0652218,0.0126756,0.286527
0.00683478,0.00466239,0.00985914,0.0174855,0.0210297,0.0248956,0.132855,0.130024,0.229528,0.00428048,0.748148,1.16621,13.3599,16.1935,4.06288,0.412075,0.489172,0.101198,0.00902488,0.140118,0.0455259,0.198197
0.0451602,0.0191599,0.00326227,0.01009,0.0200073,0.0346072,0.0455862,0.0525456,0.137499,0.224714,0.431504,0.732018,3.58376,7.00902,3.72851,0.42935,0.107586,0.142471,0.0373812,0.00679033,0.163819,0.0453171
0.0681425,0.0253583,0.00668606,0.0185779,0.00915312,0.0342283,0.0469094,0.121548,0.0833079,0.0519231,0.761061,0.172643,9.08122,12.7795,5.31963,0.698335,0.0244082,0.0810118,0.0100161,0.0466398,0.0305587,0.0335219
0.0248159,0.012984,0.00453885,0.00958925,0.0269242,0.0461836,0.0840218,0.180976,0.107908,0.118931,0.928375,1.42731,8.3377,8.59952,2.36429,0.512441,0.458707,0.118722,0.00416402,0.194046,0.123777,0.388336
0.00415938,0.011225,0.00532511,0.0133746,0.0179239,0.0208218,0.095833,0.132105,0.156953,0.111772,0.75583,3.93315,15.4436,14.8739,4.56078,0.98617,0.326164,0.219912,0.134924,0.0465533,0.0654895,0.174103
0.0471409,0.017277,0.00240621,0.0124314,0.00264293,0.049418,0.0435339,0.0224905,0.106217,0.103048,0.199063,0.7963,3.41891,3.26428,0.48646,0.481917,0.828122,0.743033,0.154205,0.24975,0.134744,0.249392
0.0959783,0.0577377,0.0190985,0.00177938,0.0218646,0.00885598,0.022228,0.0774391,0.0280206,0.220446,0.148448,5.78869,14.9744,9.24014,1.13962,1.25346,0.00498864,0.054358,0.000941393,0.0873833,0.210747,0.243492
0.019097,0.0154601,0.00178611,0.00884193,0.00281987,0.0231744,0.0177067,0.0130362,0.00365117,0.181161,0.316595,5.06181,10.7027,5.81945,0.554006,0.841451,0.117761,0.0612576,0.0729135,0.326762,0.0762909,1.0861
0.045529,0.0333564,0.00985158,0.00327589,0.0240784,0.0298207,0.0367467,0.0419769,0.0563252,0.0689931,0.842332,4.12141,10.6765,6.07009,0.812564,0.609958,0.153373,0.0235158,0.141785,0.126536,0.0832325,0.0563177
0.0321152,0.0247604,0.0250262,0.0221473,0.00823325,0.00028488,0.0015187,0.0801485,0.1354,0.0918427,0.252392,7.92804,16.4431,10.7622,2.70967,1.05542,0.289593,0.0734704,0.227472,0.115357,0.830846,0.635094
0.0297522,0.0207068,0.0125377,0.0124043,0.0262115,0.0851007,0.0540602,0.0771163,0.0429172,0.281362,1.44825,9.98895,10.3616,1.18744,0.336507,0.588901,0.164777,0.302069,0.0439095,0.0490544,0.107871,0.966717
0.0200201,0.00401459,0.00412886,0.031075,0.0253119,0.0194652,0.0106538,0.0496863,0.000665694,0.144195,0.911157,2.80903,0.715608,1.70874,0.465607,0.0757549,0.180623,0.275762,0.284778,0.356541,0.0271451,1.43768
0.0776776,0.0463938,0.0235695,0.0132081,0.0216384,0.0192183,0.0756255,0.0458879,0.095319,0.543727,2.52655,12.5596,11.3832,1.18775,0.907768,0.0198326,0.00528094,0.115119,0.0336841,0.124972,0.701737,1.25845
0.0165985,0.00688887,0.00105641,0.00856393,0.0456605,0.0353504,0.00208543,0.0181915,0.0551594,0.0590603,0.0312745,0.142154,0.37343,2.09353,3.13121,0.965595,0.150936,0.224449,0.322218,0.581154,0.495673,7.63144
0.00554921,0.00166935,0.0126869,0.0192851,0.00817567,0.0465281,0.03666,0.088794,0.0557649,0.328132,2.96594,8.1556,2.54133,3.5641,0.407035,0.826051,0.713165,0.538303,0.454699,0.380461,1.94717,9.7431
4.50389,4.29817,24.0941,16.7784,45.3536,17.4516,34.0837,0.634095,10.4679,6.65646,5.86442,15.9141,3.35013,11.1276,2.60321,6.53237,1.05178,5.1146,2.51113,2.41089,2.96645,0.459302
2.73399,7.84867,37.0101,120.45,134.531,73.997,9.30958,2.89611,19.0463,9.54079,8.03746,17.861,10.7589,1.91932,3.72038,12.4606,6.05192,0.442846,4.28801,4.50922,3.0182,8.87321
1.58525,21.6417,85.5009,115.991,51.878,3.95628,8.3562,0.103642,11.2406,6.92714,0.406474,3.96425,6.80867,4.47496,1.28723,0.561671,1.52034,2.04019,0.902655,0.258581,1.74169,5.97611
0.455452,41.8714,83.0493,38.5776,1.81331,8.61209,3.32518,4.06306,8.97492,6.5324,0.892621,3.71667,0.140893,6.06905,5.25377,2.3998,3.045,2.59884,0.139257,0.339663,1.16467,7.23682
7.4573,30.2502,40.255,9.60843,4.16704,5.8387,10.2148,5.09747,0.290763,0.884608,3.64332,10.4065,4.78935,4.80618,3.84919,0.924568,2.34434,2.53463,1.03873,1.07103,0.129426,9.20544
9.42389,5.84566,6.03944,12.5293,6.137,2.57972,3.84644,3.2222,8.75435,5.80977,7.50705,16.076,7.44959,5.3562,3.87308,0.224799,0.479104,0.527956,0.10715,0.470979,0.877537,6.82915
9.60824,4.46715,8.95603,13.5794,5.04933,4.38071,8.38025,7.6035,8.59755,5.84357,7.18393,17.3884,7.49292,4.433,2.6421,0.241379,1.78047,1.73488,0.187433,0.770381,1.14857,19.9854
18.0546,22.6739,6.23663,10.026,0.952734,0.24127,1.79284,0.781732,3.63745,2.74782,8.04877,16.5551,6.59957,3.24499,1.55102,0.341097,0.318938,0.126256,0.359899,0.319013,0.224963,27.7489
11.4491,20.0752,14.1467,7.29444,14.4868,13.6688,9.73676,4.74043,1.43689,0.538432,9.635,18.4195,7.52184,2.79666,0.817193,0.432138,0.742227,1.25273,0.345057,0.377157,0.843145,30.4008
7.6691,13.8242,11.1627,1.20129,2.34383,3.23836,6.00085,9.65305,1.06377,2.0463,8.89317,21.4344,12.8869,0.293682,0.945527,0.0723187,0.621033,0.860061,0.503242,0.348291,0.935113,25.3347
19.5002,39.2591,39.9933,7.82616,10.0879,13.5002,2.43406,7.75269,6.03399,2.0299,7.53263,15.6719,6.68691,2.33867,0.280281,0.308417,0.108219,0.188049,0.100363,0.835809,0.714118,22.2344
0.158332,2.13834,1.7779,2.00925,10.5953,11.6508,3.53715,2.40622,5.01468,2.44719,4.35161,9.17405,4.88337,0.353306,0.927876,0.527455,0.172728,0.866122,0.639686,0.268182,0.42961,14.7543
23.3532,49.1561,52.2145,19.158,8.08728,1.74782,4.81591,12.3504,4.41706,1.32801,0.336736,0.229737,4.12796,6.64107,3.07322,0.834136,1.7146,2.531,1.24,0.881437,0.125832,0.0753689
11.7118,28.5917,36.0459,21.6722,12.6037,11.182,23.8953,23.0367,2.44218,4.3372,4.92304,13.7998,4.43781,8.75123,5.40802,0.681103,2.806,3.52779,1.28619,0.985032,1.64301,6.65781
26.6825,42.0151,21.4904,9.06941,12.6643,16.9447,4.69917,12.498,7.47179,2.09855,7.88486,20.1683,12.7692,1.82653,2.65331,0.168417,1.84512,3.64172,1.52061,0.915411,0.889413,2.26475
34.1525,64.2293,49.052,15.2875,30.2251,12.0264,9.41103,9.40008,2.14767,3.81602,8.84353,21.2269,20.4719,11.2005,4.11507,0.132227,1.87861,2.28848,0.164867,1.97609,1.63191,13.4506
7.34056,6.68395,4.74836,5.23691,14.4207,5.25181,10.6918,23.907,14.292,6.47264,1.02331,10.8473,13.5433,14.3505,8.83094,0.59275,0.190958,1.93602,1.23497,1.13963,0.823433,0.801652
40.1189,77.1427,60.3029,6.77827,9.46566,5.79226,18.1683,17.8435,4.9893,1.78929,1.444,2.09891,5.89707,3.20597,0.394223,0.720947,2.81393,5.56762,1.64271,1.57615,0.471067,12.5843
21.7817,41.8625,19.3186,18.1437,3.27888,4.11385,3.03767,9.79386,12.7012,7.42344,3.27931,13.7128,17.3556,13.7143,4.09596,1.78076,6.49114,9.07836,3.76865,1.81038,1.8694,15.5615
30.907,60.4846,72.4208,48.7429,35.7786,2.72684,36.4873,32.6941,1.8923,6.29728,8.28098,20.5859,18.7155,14.7217,11.3703,0.861834,7.27518,8.64382,2.47262,2.1095,2.10967,5.15953
46.1556,87.9243,92.972,22.4138,21.0818,20.982,17.5855,16.7334,0.730013,5.00247,6.12735,14.3746,4.91981,2.38744,0.97338,0.664606,2.85267,3.98423,2.45397,1.78204,2.98262,1.4802
2.06061,3.76257,6.70639,3.79885,16.2355,23.3256,25.5323,12.3809,8.09238,8.75235,1.05791,3.26425,3.86257,9.90499,4.91791,0.555464,1.09567,3.35822,2.35024,1.98239,1.75961,4.76898
51.8063,93.517,95.8796,31.285,4.08564,1.97151,16.5491,28.7039,11.5073,1.09289,3.8859,6.17247,2.82419,9.90523,11.731,0.952141,8.41948,10.6084,4.46627,6.079,10.6347,28.3824
26.0115,54.3556,70.9561,48.1587,31.3037,19.4116,0.318471,15.4893,14.4926,9.51252,1.86881,8.54862,1.56877,2.44654,5.70181,0.468996,10.4606,13.3404,3.18287,5.92297,4.3319,19.3161
28.7436,54.404,27.5264,19.5425,13.2659,29.1733,2.19973,15.8823,14.8663,8.53743,8.36898,13.2457,8.92876,0.725025,2.84337,0.753409,4.31846,7.93174,2.83394,0.15997,6.9652,29.7817
45.7793,87.4798,69.078,17.5233,34.4638,18.1395,26.1486,34.1727,14.8614,3.26476,6.82537,14.2195,10.0938,6.5864,8.88247,0.980608,1.80478,2.77223,1.59473,3.06656,3.26315,18.0586
4.40521,2.38827,2.26798,13.0827,18.7381,4.87728,27.7666,12.8765,12.6026,14.82,1.52561,14.5855,2.631,19.4672,16.9248,2.52181,8.85731,12.5746,4.09007,8.46655,14.1889,17.2808
47.3,90.9589,66.3776,13.0688,9.2805,7.64767,28.1276,23.1349,0.142945,4.76809,5.63033,15.4274,3.43507,9.14488,1.78656,1.51335,9.28172,13.849,5.20276,8.42824,13.3539,0.926515
34.807,60.7062,29.1442,27.5286,5.17379,7.12787,40.4257,30.8412,1.64577,8.01287,3.02407,6.62319,7.96474,9.60737,5.40142,0.204112,4.70562,6.91783,4.14861,0.0167045,5.68412,1.51564
22.0205,52.004,68.9623,46.4997,24.7587,7.57807,23.2471,8.68264,7.10793,7.8691,4.72332,9.76306,3.05505,24.0035,17.7307,1.81686,7.75539,9.76863,4.14837,1.62667,2.86049,10.067
41.289,86.1526,87.5919,14.8438,18.0298,24.0147,38.1711,34.6795,5.05933,3.8863,7.54888,23.3397,13.7521,2.3908,1.21984,2.60079,10.1096,14.8375,4.80575,3.85255,5.04681,0.890012
1.27449,1.62346,4.05205,5.25031,18.4497,34.0108,9.57313,19.8205,19.0263,8.24488,1.9064,12.1251,17.9001,11.5286,2.05953,3.86808,6.1305,10.2476,2.94831,5.47743,9.43113,4.55132
41.601,86.3285,97.9531,44.978,18.5525,4.55639,9.58181,14.6805,10.605,5.01097,4.00652,12.9608,0.779191,22.6089,19.7343,3.99112,0.667691,0.184677,0.441999,2.04498,5.24626,11.7545
35.4194,67.8975,83.6161,45.2825,19.6166,19.6845,3.0324,27.0721,12.1532,1.23786,4.94034,18.8098,13.0594,3.84299,2.19013,1.73352,3.75167,6.50186,0.738726,8.48067,5.57329,5.14423
21.571,41.5376,22.586,14.9846,4.85803,21.3846,19.6775,6.87391,11.9979,9.25676,0.60526,4.73182,5.21714,7.18289,13.4103,4.53146,7.06413,9.54979,3.60545,4.50201,12.1244,6.83309
49.1546,92.4024,81.8137,0.295084,18.9047,2.79297,5.34502,17.7975,4.14018,7.75947,1.02024,8.86666,11.8473,5.1167,13.7475,6.48703,5.6737,7.28372,3.61232,1.51001,3.53682,2.89324
3.15244,13.2779,23.4401,26.3499,25.3691,2.83922,40.0777,36.329,9.42404,0.715138,2.26458,1.72206,1.4156,6.76169,2.28043,1.83413,0.350534,0.74117,0.494276,6.20295,11.8801,1.2895
40.202,78.9927,53.6213,12.48,6.91816,17.978,4.23498,1.678,6.6355,4.55472,7.60876,25.2057,29.9819,27.6258,20.1099,4.59244,5.79768,6.57674,2.39809,8.5126,13.1083,1.54405
38.7698,67.6155,42.6503,23.217,22.9503,22.0738,41.8734,37.765,16.4988,5.4963,6.67733,21.285,20.699,10.0613,1.0097,1.53399,4.24961,6.68068,2.98467,2.75597,3.77525,1.8736
20.5712,37.4637,43.4856,22.9434,6.39073,2.04287,15.3362,17.2545,1.00304,1.54448,0.832829,1.24892,3.31321,4.03163,1.3943,1.48924,1.09462,1.12242,1.26325,2.79241,1.70201,6.59917
47.5806,90.1554,82.4873,8.32557,14.7625,17.8071,27.1856,23.5402,7.4019,0.814884,3.43782,8.45695,9.06919,10.942,8.22533,1.95503,2.29,2.84356,0.301805,0.0576996,0.169516,19.3151
12.0734,24.892,12.0591,5.98552,17.1423,15.3943,23.9787,32.3097,3.63494,4.08894,6.37711,16.2567,9.71218,6.32998,6.29916,0.17981,4.38921,5.77503,2.18845,0.605661,2.24077,6.07613
32.6535,71.2387,83.7437,48.1768,31.3884,8.73743,3.49687,4.18774,7.35427,4.12538,9.06686,25.3068,19.1354,6.06178,2.47576,0.0716308,1.33493,2.02055,0.54927,4.0444,6.25523,2.19848
43.4128,78.4339,85.5749,25.7049,15.3474,16.9629,24.2246,29.0726,9.4927,0.233398,6.54591,20.2408,20.7957,8.90613,2.17474,0.188237,0.344728,0.723002,0.290765,2.86975,4.05189,0.735529
8.31564,16.6197,10.8812,12.6335,21.3312,11.6031,8.57062,16.3841,7.29544,0.897732,0.346766,3.64937,6.14944,5.32939,4.01445,1.31785,1.27134,2.05033,0.735335,0.978153,1.38607,4.07448
47.0475,84.8418,82.0848,24.9716,9.02175,1.74416,14.3866,17.9511,10.14,3.11249,1.33539,13.5868,19.1588,8.9602,2.15327,0.756783,0.326519,0.118042,0.071746,0.218873,1.16731,0.426765
20.1511,41.45,52.239,28.6303,10.2407,2.31974,11.4455,13.9589,1.64952,4.67753,2.09949,4.23117,3.50979,1.26811,0.419759,0.222525,0.0757311,0.318515,0.0719325,0.539819,0.530024,3.15116
27.4043,46.1393,25.8058,14.0081,1.85947,3.00155,9.12409,8.46359,0.724386,2.85038,3.19899,19.5938,21.1376,7.02297,0.366283,0.171698,0.0238338,0.0802055,0.213308,0.769664,1.75049,0.764968
40.803,74.4596,62.0934,1.60663,12.8151,5.9984,14.1283,15.47,0.914197,3.7991,2.40355,8.70469,7.12666,3.53548,3.48058,1.24345,0.0227018,0.181146,0.0759415,0.335439,1.15635,0.526628
4.18258,10.4711,13.8979,12.6701,13.5616,8.84691,2.82603,2.23365,5.73978,4.25988,2.77462,11.9173,11.0103,3.38435,0.574274,0.15529,0.183554,0.102277,0.101729,0.509215,0.695919,7.21394
31.2177,58.1683,41.203,3.91913,5.09674,5.14595,8.79414,9.5183,3.80264,0.5752,8.27477,19.6732,12.889,1.74943,0.178628,0.286883,0.196124,0.293494,0.0823364,0.0448575,0.78865,2.20933
35.4896,58.7331,41.2679,10.9066,15.0391,3.23968,1.28272,4.48759,3.62496,0.980687,8.60695,18.467,10.1856,2.20272,2.28398,0.126673,0.47722,0.347935,0.107099,0.0492109,1.28432,8.99292
0.236619,5.20826,7.94682,0.0560672,7.02301,5.03807,2.5517,3.36128,3.42207,2.52484,8.80762,19.2804,10.0305,1.97706,1.72171,0.0463334,0.580487,0.471688,0.603732,0.491938,1.77525,18.4759
36.5576,59.3904,44.2951,2.16294,4.39179,7.14262,0.277944,3.82613,0.517281,0.75353,9.54717,23.714,16.117,2.58986,0.364137,0.149445,0.150746,0.152394,0.254096,0.51885,1.66737,14.8059
31.9708,48.3697,32.9115,6.01137,7.89922,1.69789,2.09892,2.70641,0.476592,0.952093,6.04779,18.347,14.318,1.59864,0.625176,0.13934,0.431816,0.775111,0.300445,0.677624,1.42102,1.61876
6.32282,9.509,9.84572,2.15407,2.57234,1.62782,3.46259,0.573682,1.96968,1.5103,2.41708,7.60381,4.74336,1.35393,2.23937,0.548288,0.572242,0.801525,0.19815,0.503994,0.907722,1.99795
28.701,42.1986,45.3818,5.33769,9.77189,14.1828,3.17119,15.056,4.21171,0.029415,3.01966,31.4135,35.1784,9.81993,2.23239,0.392916,0.849212,0.0119322,0.744885,0.240156,1.85664,0.153642
18.2558,32.3798,81.2868,153.318,151.124,75.7412,17.5834,16.773,27.4747,12.6256,5.80019,3.32057,0.451808,6.76565,5.884,1.23426,3.05903,2.26587,3.17413,3.45236,6.48274,3.27666
1.47236,3.61199,80.9557,137.455,45.1109,8.87995,10.6633,10.487,10.9165,5.25639,5.49311,17.4417,13.3087,4.21701,4.11977,0.988594,3.52238,4.94737,0.192223,1.05102,1.47794,0.114616
1.10205,4.65299,7.82016,27.5378,14.0185,4.03557,10.8282,9.6525,5.24191,2.68567,2.25322,5.25567,7.40459,8.06448,5.43113,1.73562,6.40908,8.0044,2.9683,2.02137,3.26052,3.73607
1.15198,0.251643,12.9517,21.9299,14.8978,13.3037,4.9181,0.453462,7.81486,8.06847,3.60672,15.7848,13.2998,4.44198,1.26032,0.0993374,3.86696,5.27987,1.40986,2.16948,3.09905,0.6533
15.2677,25.1225,19.6049,0.165391,2.9553,2.24476,7.57852,2.86584,6.44569,5.26751,1.04004,10.0299,14.1824,4.17099,0.525711,0.778684,3.32298,3.84675,1.43736,0.7053,1.83591,0.129363
11.5112,9.95304,0.907516,7.14756,3.71974,7.73843,3.08534,4.51402,0.488372,4.15648,7.47739,30.8205,29.4401,11.7631,4.64033,2.05026,6.19977,7.61378,1.90791,0.474645,0.807659,0.735116
4.9402,2.58903,3.33509,4.48867,0.779884,0.389297,0.703959,3.56865,8.53067,6.3544,23.48,46.2928,30.2341,9.9279,4.40509,0.434626,1.90514,2.4164,0.470167,1.23526,0.854928,1.17288
2.30124,1.88374,0.792367,4.24279,4.1768,6.3961,2.63244,10.3411,14.1332,12.0643,3.92355,11.1144,2.93642,5.29461,5.53939,0.438665,2.30635,2.61032,0.288305,0.43315,0.726454,0.919182
0.796222,1.02822,5.93315,2.92408,6.37526,3.74143,5.54926,5.49414,0.223697,0.0494876,0.404659,3.871,2.96964,3.05979,2.62948,0.294089,3.28274,3.85244,1.46399,0.337766,0.287488,0.848187
0.678879,1.1002,3.03021,1.19583,11.5939,16.3368,4.51835,7.8127,8.27033,5.79644,10.4126,21.0285,17.2406,5.07685,1.21145,0.965745,1.0546,0.353204,0.333917,0.0850878,1.31456,0.5392
1.94548,0.295918,7.23477,13.8532,12.3412,6.32412,9.95724,9.01285,3.75696,5.30842,3.52923,10.6102,7.89005,1.30288,0.235621,0.322614,1.55355,1.54895,0.238199,0.18883,0.305903,2.71063
1.3839,0.670153,4.92991,3.02566,4.97099,2.64615,6.30987,1.7069,3.01024,0.182912,4.04675,4.45629,2.9525,1.94432,1.58785,0.497191,0.111385,0.360037,0.0840327,0.0628696,0.272354,0.536724
0.767731,0.625454,0.517926,4.24124,8.39533,4.68245,7.23958,10.5368,3.9704,1.02766,0.205568,9.51663,12.0231,4.28603,0.740877,0.316921,0.435055,0.458286,0.413444,0.706446,0.551777,2.46565
0.170428,1.15795,4.95164,7.47988,6.83659,7.77709,8.41176,4.65512,0.877019,0.350712,2.92779,4.56485,1.10518,0.256249,0.77429,0.375889,0.35174,0.213347,0.0887819,0.50741,1.21703,0.207761
0.238337,0.429305,4.62836,5.4892,2.04893,1.26774,3.28179,5.00707,0.407544,1.54914,6.1678,7.78892,0.934917,2.16196,0.99436,0.334001,0.107538,0.114914,0.234385,0.846577,0.543314,1.09821
0.0280792,0.208639,1.50686,1.02259,1.94081,4.28505,7.84498,7.63981,2.90446,2.77007,1.11409,12.0331,10.108,0.772311,0.386633,0.0113595,0.591608,0.270538,0.0339766,0.31751,0.471774,0.637033
0.00121041,0.648037,3.3243,1.80073,3.76563,3.0714,0.412109,0.136623,0.703093,0.589942,2.77433,8.13352,5.62564,0.405368,1.19508,0.691598,0.991255,0.937508,0.400026,0.350307,0.123066,0.800083
0.208013,0.248564,2.2542,5.04831,6.35693,2.13957,5.47277,6.79037,3.35044,3.00624,2.07042,2.1217,1.89906,0.624937,0.316566,0.169726,0.493983,0.613937,0.614361,0.85365,0.275687,0.431819
0.438157,0.142093,0.348868,1.43966,4.8585,3.74969,3.20042,3.51416,0.0647352,1.17518,6.19381,16.9635,14.3975,3.09062,0.113066,0.133897,0.803124,0.868445,0.578233,0.334025,0.598448,1.68008
0.23124,0.222341,0.879545,1.00294,3.90139,2.46123,2.50468,3.31645,0.758277,0.505446,3.10276,4.3084,0.0381097,1.01225,0.210854,0.288439,0.215121,0.29227,0.247861,0.419206,0.202258,0.5287
0.19867,0.0799545,0.367543,1.54941,2.65713,0.641684,4.4592,4.58826,0.93647,2.0076,0.990418,0.673391,3.56623,1.69875,0.0467357,0.284646,0.603239,0.355605,0.0773437,0.333814,0.323737,3.05517
0.0663385,0.0346114,0.0157116,0.117168,0.705807,1.24227,0.00956279,0.626136,1.20109,0.738441,0.0521768,3.34983,3.34435,0.534435,1.18972,0.0679002,0.881741,0.703735,0.5108,0.917334,1.36641,0.269675
0.0206442,0.0370784,0.109029,0.332024,1.2892,0.0449688,4.78259,5.3515,0.535021,2.0752,2.69621,3.3557,1.31522,0.778219,0.118284,0.276472,0.289455,0.671065,0.487196,0.522491,0.714309,1.02969
0.086724,0.0258692,0.0440318,0.728101,2.52854,2.96308,2.05541,1.52946,1.03397,0.997534,0.90448,2.99274,4.75985,1.08473,0.482306,0.00516566,0.265123,0.547343,0.161973,0.150473,0.177267,2.2344
0.0273235,0.0415528,0.0403944,1.15178,2.37221,2.31473,4.1614,4.83213,2.04313,1.26693,1.428,2.00002,3.48852,0.87324,0.175394,0.0877485,0.411053,0.824393,0.283173,0.429661,0.0645809,1.78497
0.0503335,0.0115761,0.0993074,0.398578,1.29411,0.376857,3.19921,2.88498,0.270447,1.24637,2.9348,5.8282,4.08258,0.0191361,0.470106,0.0096189,0.206592,0.332255,0.0798755,0.0246881,0.625245,1.56152
0.183101,0.186614,0.257315,0.194827,0.25398,0.86549,3.21148,1.31484,0.21299,3.13932,4.21001,4.62328,2.67275,0.0536844,0.385791,0.0705908,0.505827,0.70911,1.48248,0.0882677,0.701036,0.540443
0.183951,0.0589477,0.0204139,0.178569,0.485689,0.643925,4.23075,6.65117,7.14338,4.76561,2.38967,1.83492,1.90934,1.62796,0.186312,2.51005,2.47493,1.79512,0.161264,1.71514,0.11652,1.47841
0.308513,0.70241,2.28264,2.74914,6.37429,7.74411,13.9174,7.48345,4.40094,9.80794,4.03609,1.28051,0.641682,2.26156,7.93256,8.98379,14.6823,15.9346,6.02955,2.07622,4.84362,4.28922
0.30461,0.206588,2.62525,0.999323,9.21884,18.8911,15.0541,7.52038,23.6159,13.5597,1.41813,0.508895,0.535612,6.41097,7.69366,0.198264,10.7424,13.0758,4.56328,3.60975,5.97324,4.48276
0.105319,0.504258,6.70561,11.3708,8.77278,4.67564,2.23688,22.5402,46.4021,31.993,5.76797,3.21651,6.15742,11.9231,8.2811,2.1196,6.60277,5.98465,0.776415,0.591546,2.07718,0.311168
0.481328,0.257488,6.70373,9.49632,5.31959,10.0394,6.03182,5.02392,26.0127,23.6773,0.333714,9.53296,13.5549,18.4739,10.4411,1.82295,12.2014,14.8026,3.14378,1.01534,0.575903,1.74742
0.198947,0.652706,4.50893,5.13322,3.39676,9.38999,5.59813,7.4403,26.867,24.1026,0.209429,10.819,9.67039,8.37696,3.56833,0.434288,0.699843,0.872588,0.658629,0.0917711,1.96215,0.0715356
0.0656346,0.0991033,1.24775,1.54832,4.86621,2.98945,0.0696786,5.32785,38.7015,33.4366,8.41413,8.857,4.57641,1.69254,0.165531,0.390702,4.08507,6.00982,1.35295,1.26176,1.73366,2.83073
0.110687,0.59337,4.68118,11.0176,9.07938,5.62289,10.6792,10.044,14.7288,6.69984,4.83291,7.95329,0.527929,7.75571,4.80747,1.82264,6.68544,8.79294,3.80477,2.9885,2.6746,0.111826
0.00442058,0.875115,7.42876,7.33844,5.84463,10.4144,1.27829,10.2649,0.460636,6.91207,1.31806,7.0311,0.425645,9.97271,7.15244,3.05219,13.2324,14.3705,3.0153,0.974237,1.585,2.05248
0.299925,0.570893,5.6488,10.0497,10.7165,15.8507,14.483,0.181663,0.718871,7.06384,4.9514,4.53976,1.31121,9.04564,4.27665,4.59549,4.3242,1.42357,1.47253,0.986163,0.652519,0.403574
0.194067,0.0854567,0.85022,0.508777,1.38804,2.49438,0.165262,9.9169,27.9695,18.2535,5.33052,5.12868,1.24351,7.17603,5.29113,8.6045,5.95776,5.17411,3.21496,3.02018,4.79578,5.07367
0.0437855,0.576504,4.61457,5.53953,3.91121,11.5242,14.5032,23.4048,39.2849,22.4786,1.40674,4.58041,0.926107,2.00406,0.506155,9.372,25.8422,23.5,6.16796,0.327881,0.125715,0.298478
0.0851992,0.945307,7.15567,8.915,3.90829,4.28036,1.1845,14.8546,26.7367,15.0039,2.00883,1.53954,0.0432641,0.743183,0.330383,4.84148,0.463091,10.5489,4.43212,0.314335,0.900111,0.927879
0.192525,0.833832,4.4126,6.30862,2.20066,4.79549,6.7756,2.2625,4.43239,1.83757,0.988262,1.08736,1.3468,0.86448,0.846239,8.31981,13.2869,6.0913,0.592757,0.758424,1.87734,0.930352
0.148479,0.00894973,1.89636,2.85192,4.00406,5.49728,3.73172,3.35919,5.56483,12.1508,3.11201,1.20333,0.207328,0.629701,1.07086,4.89622,20.4737,21.8364,6.82634,1.3875,1.84885,0.66881
0.308795,0.8308,5.80204,6.42185,0.277992,1.97655,3.10209,9.7588,11.062,2.07355,3.34999,2.87115,1.96457,0.624068,1.09494,3.34189,24.9204,31.6175,12.4693,5.38095,7.78795,6.13994
0.0500806,0.487996,2.81265,4.17641,1.56223,1.04737,2.55428,9.64577,29.6583,20.1443,1.42011,0.24364,0.288039,0.517833,1.41947,5.44518,4.54231,2.25918,2.25821,0.286552,0.0604038,1.29308
0.0547781,0.5394,1.49421,1.27832,0.636353,1.233,0.367439,12.8289,34.6566,22.7102,2.08043,0.399489,0.241905,0.680488,0.825473,1.66717,10.3887,16.8906,5.57526,0.354854,0.162906,1.31135
0.00597829,0.641392,2.64754,2.43895,0.167268,1.16201,0.537536,11.2041,28.7064,19.3997,1.27704,1.33804,0.773979,0.0871893,0.0729357,0.5226,13.8483,19.627,5.05063,1.63721,0.025951,0.12021
0.573239,0.424793,0.0466639,0.858654,0.991028,0.511544,0.265138,4.78776,12.8693,7.82099,0.580002,0.979437,0.636955,0.533645,0.727951,11.9486,31.2254,16.5965,3.92342,3.70564,1.9898,0.487046
0.0254874,1.02834,1.66801,0.950995,0.951324,0.551183,0.377538,1.25676,2.82317,2.93234,1.22455,0.828877,0.0360977,0.436944,0.741258,15.7694,67.9049,68.5926,14.4714,2.51761,0.446513,0.747077
0.134685,0.089891,0.490597,0.0669,0.750763,0.551712,0.584203,3.44288,11.3898,8.42013,1.00947,0.0311347,0.675457,0.632688,1.05611,4.03059,45.1164,55.7729,13.3859,2.76805,0.209669,0.0390551
1.56289,3.23696,3.10861,0.271439,0.726263,0.336941,0.649875,2.907,10.1507,7.477,0.699634,0.00921463,0.400751,0.105638,0.171908,2.18056,14.0587,28.747,12.0681,0.607098,0.246532,0.718117
0.342765,0.759932,1.65031,0.733664,0.223402,0.0268649,0.350996,1.50311,1.69572,0.0600105,0.872891,0.0125076,0.213803,0.912924,1.60329,13.127,95.897,120.792,36.0764,3.15524,1.10765,0.219047
3.22777,7.26768,7.09333,1.27664,0.0128234,0.435438,0.0371203,1.10668,4.38602,4.29242,0.97119,0.327529,0.127244,0.845435,1.80317,8.39986,81.2223,106.866,32.3594,3.0253,1.18665,0.133057
0.0603914,2.53909,4.12178,1.39542,0.160129,0.0397481,0.129305,1.95237,4.17852,2.33215,0.0661081,0.0904458,0.278353,0.0661821,0.303357,0.178861,0.592369,0.239331,0.224724,0.354876,0.43662,0.348746
6.90364,14.8778,14.2968,2.21178,0.479813,0.269121,0.0205057,1.19242,1.92019,0.124218,0.166744,0.0580368,0.494908,0.717395,1.60119,12.2463,90.5378,111.678,31.1509,4.14676,0.216884,1.49735
0.0917139,5.12538,7.64514,2.0349,0.435554,0.119786,0.226204,1.48981,2.33486,0.723428,0.497213,0.111153,0.445713,0.910389,1.82111,13.0412,90.1299,109.641,30.715,3.74784,0.466311,0.597538
9.48899,27.5965,25.375,3.47356,0.549213,1.09823,1.02964,2.36272,6.21168,4.33533,1.11742,0.333385,0.217496,1.00376,0.352226,7.78368,21.9777,7.03441,5.53025,0.639751,0.654015,0.987703
3.3915,10.0703,28.7424,129.483,137.528,57.4804,24.8805,23.693,25.9304,19.6461,5.70747,3.86633,9.13056,10.9773,9.45986,1.16793,29.9182,32.6405,7.8624,1.82554,3.10134,1.10959
14.442,15.8057,58.9542,86.3692,13.0005,23.8113,4.13587,6.85125,1.41159,4.06909,2.07412,4.2929,3.88783,5.63209,3.60385,3.65517,13.1346,4.64335,4.83401,1.38668,0.250069,1.39053
4.8604,53.5524,131.151,94.5962,8.16642,3.21822,0.252438,8.6156,16.7202,13.9642,4.45133,4.86673,2.58621,1.74075,1.04769,2.33466,8.58486,9.3167,2.66972,0.732682,0.388355,0.545969
20.7401,68.2869,81.1378,15.333,4.40135,1.52646,3.21718,3.51847,4.94832,2.51479,2.34927,3.31551,1.08818,1.99299,1.82257,0.905845,11.9608,14.1699,1.16556,1.43914,1.13051,0.380416
16.3484,24.3653,8.94103,15.5513,8.23824,4.05568,3.60411,3.96801,8.9073,7.1861,0.660727,1.83112,3.02102,5.67419,2.74771,3.3556,12.2604,9.08084,0.341143,1.52251,1.25272,0.105002
14.3242,28.2689,33.5116,15.7961,0.715426,6.14554,2.55095,5.30327,11.9604,7.71076,0.306946,0.152346,3.68194,7.53542,4.61575,4.75722,16.8524,16.7237,4.76301,0.137638,0.346731,0.805115
24.6667,50.3347,51.2704,17.6437,14.4764,16.2369,2.6649,4.11376,3.33304,4.19363,0.422966,0.423154,1.96012,4.55718,2.6867,1.08521,10.0127,19.6297,8.15762,0.5106,0.298111,0.00040396
3.9052,5.16314,8.07381,10.5571,8.83414,2.55977,1.87938,3.10281,2.96759,4.90259,0.646987,0.714568,1.23654,2.5674,1.85583,0.683828,12.5099,20.7732,9.45828,0.203191,0.503323,1.03521
30.1711,60.1384,64.8431,23.5425,8.89397,11.2822,4.34048,3.53906,0.575561,1.1271,0.571325,1.07829,1.72618,1.57832,0.548139,3.44452,10.621,9.79323,2.85797,0.446097,0.623121,0.105691
13.1494,25.6679,31.6956,15.192,2.46698,4.4389,5.70836,10.3276,0.515491,4.29337,0.449337,0.0549581,0.860969,1.20588,1.46901,6.39331,31.2133,29.5423,5.7664,0.489767,0.0262601,0.538597
24.0742,47.4897,34.8372,10.7071,11.6218,3.81153,14.7314,11.349,2.02335,0.880663,1.73899,2.15493,1.32411,1.29077,1.0736,1.89525,7.34618,4.91665,0.673891,0.271109,0.45837,1.0114
27.3733,55.0925,43.366,8.47322,12.4558,1.46923,1.40564,4.55842,12.6947,10.5775,1.84935,3.34782,3.77211,1.19979,0.146168,7.15291,36.2725,42.8501,13.068,1.22655,0.758392,0.980361
14.0603,23.2245,24.9789,4.80916,13.8398,5.93541,14.3881,17.9729,14.6459,9.04394,0.0174418,3.98513,3.55037,1.73011,1.85435,0.836567,27.5334,40.4018,14.794,0.0398213,0.64444,0.511869
37.5829,75.3051,67.7586,15.1459,14.3735,9.34885,11.2031,22.8993,15.5697,7.56654,1.59201,0.927522,0.539287,4.29536,5.94083,0.192843,5.25865,15.1279,7.64764,0.466869,0.155962,1.10067
14.0082,24.7806,13.0336,16.6576,17.8314,6.1878,8.13001,12.2199,3.84665,11.4505,2.94215,3.4094,4.5123,1.58435,0.724968,1.2406,5.30078,2.85934,1.14417,0.960068,2.17056,1.59019
31.9549,65.2615,76.6792,38.5342,10.7273,6.86001,1.66076,15.8566,19.92,10.5776,1.96941,7.46379,6.02806,3.15345,0.425973,0.341699,3.79873,0.698896,1.31368,0.546946,1.6842,2.76382
34.2579,68.8944,81.5107,32.0243,7.04658,1.377,31.4156,28.0856,9.8791,16.634,3.916,4.35998,1.08212,2.53016,6.35459,2.53113,15.949,16.1309,4.9635,2.23246,2.17752,1.09339
17.2526,28.2982,15.6974,19.8448,28.6655,20.7904,21.3875,18.6822,1.28423,3.78792,1.33281,1.84857,2.01874,1.43527,2.00567,0.103779,5.7307,7.17442,1.75531,2.24201,4.30999,3.30441
44.1574,89.5623,84.9863,23.0257,20.1876,27.1139,26.091,9.59248,20.2367,19.4318,3.33553,1.74872,1.70859,1.37583,0.858144,2.30024,10.0218,13.4871,6.38563,2.88164,3.49993,4.00525
12.8399,25.3906,36.8591,25.0536,0.311369,7.63815,16.255,30.699,20.0671,9.09744,2.41881,6.18601,1.15264,3.28768,9.41219,0.478948,19.6532,22.7376,4.59523,3.84263,1.0844,4.89265
42.3283,76.6275,47.2617,22.5137,4.37443,15.762,0.0989505,16.2684,20.4022,15.7733,2.09092,7.75997,6.39817,5.2612,3.55438,1.04942,4.58457,10.4477,5.10289,2.37375,2.00756,1.16673
41.9585,76.8874,50.4836,26.9301,34.6589,23.744,3.99713,22.1224,32.2103,21.3047,6.89113,8.17383,9.20995,4.23254,2.40917,3.76484,2.35861,2.13023,4.11371,8.27836,13.1038,8.63926
12.2978,28.4767,39.9818,14.3159,13.4065,10.9209,21.6083,29.664,2.78144,6.01385,0.463874,5.52277,4.51868,10.826,13.9776,3.92842,1.7662,1.52413,1.27622,5.5254,5.71231,1.57802
49.7115,95.6646,84.4728,16.5518,11.9446,3.85188,29.6396,17.1541,11.3667,13.5601,0.422102,0.36104,11.1086,18.2491,9.62086,2.53044,1.88168,4.77974,0.843598,2.09293,3.10905,2.90384
18.0054,29.7051,10.6198,22.8696,14.0747,4.15658,21.1075,16.1288,11.7796,14.0116,0.181571,5.88712,9.7082,9.93571,7.41053,0.128395,17.4688,23.6456,11.3063,5.57178,6.06297,2.18308
40.4166,78.5207,93.8395,50.7293,16.3336,12.6547,35.9067,30.3506,13.2134,14.1174,16.3536,14.2433,1.29965,19.6721,17.99,7.02176,10.5761,9.38347,0.321318,9.51327,13.3749,5.4019
45.3325,86.5221,100.66,40.8223,2.40199,0.343385,14.9569,5.28094,27.1375,30.1905,8.07165,7.2575,6.59513,19.8958,5.89033,4.47782,13.3778,14.8118,2.70884,9.57207,14.6836,9.96165
15.057,25.5331,15.6676,17.441,26.0694,21.0367,36.5815,56.679,47.3234,20.9032,0.554177,6.473,0.795497,14.134,25.1662,15.1465,7.01064,12.8331,4.08062,2.68515,4.7314,3.06807
47.1883,95.2524,95.0886,30.6736,23.3607,28.4777,0.832329,29.451,23.3654,10.7399,2.67662,3.30395,12.6415,24.3267,18.9302,5.6031,4.95222,4.74703,1.53427,1.28224,4.0569,5.85792
21.1768,41.919,59.0761,35.7493,0.553666,10.3389,0.0179359,23.0477,43.7165,27.1494,1.12165,4.09024,4.81459,11.0022,2.69135,0.517107,1.79758,7.67137,5.09085,2.36176,1.51012,5.53516
40.0542,72.0455,43.1295,27.3858,10.4243,21.6442,0.185085,22.6514,1.62246,10.6915,2.35165,9.87064,11.9283,5.12123,15.8439,0.511085,18.496,17.3882,4.5116,4.74948,10.412,7.43231
47.9855,87.631,63.6222,16.3642,20.5854,19.2162,27.0669,3.05755,34.4752,21.2462,7.44737,13.4999,13.9961,15.4903,17.3195,15.4589,17.7721,14.4141,4.78909,3.19115,7.41497,5.8985
9.55703,18.538,21.2071,1.92158,9.76897,6.49277,1.0631,12.7548,18.54,22.1616,4.8535,12.9412,6.85627,3.17564,1.49583,0.849404,5.36036,4.39955,0.480979,8.20631,8.92425,3.29939
50.6938,97.1523,76.5099,0.683533,4.25726,13.9169,50.9003,35.7887,7.3651,0.450895,4.11402,10.1978,8.93118,18.1811,23.1207,7.07757,9.30559,10.7554,1.39697,5.78322,9.97667,5.53843
29.4218,45.3204,17.4168,33.5182,29.6868,18.947,12.4569,6.74221,11.032,7.57728,2.87025,7.12571,12.8955,11.9689,1.32814,0.642968,2.13444,8.55716,4.51768,2.28271,4.8746,1.35364
36.309,69.154,82.6983,38.463,1.90695,27.9724,43.4281,40.2373,31.0446,19.3707,3.31331,2.27519,4.7835,7.576,8.08808,5.25724,0.850808,4.47234,2.21475,6.70901,11.4887,5.72478
45.2578,87.0026,90.1057,30.7164,6.37581,4.51477,25.6918,23.642,3.32368,7.39479,0.751553,4.40326,11.888,18.9956,12.1069,0.0653158,0.945212,1.40418,2.5456,10.2776,14.8437,7.88059
6.07832,8.48019,7.60485,1.76416,10.6458,18.37,19.4248,11.1326,12.044,12.0546,0.689035,8.79836,14.1223,18.7829,9.53526,0.915648,2.31937,1.61726,0.078168,2.54269,3.90757,0.102284
51.5528,94.8977,96.9615,40.8977,26.5533,13.7329,20.6167,24.344,11.1343,16.5013,6.8398,8.4952,4.91765,8.19534,9.03683,2.54214,0.354387,2.35591,3.10133,2.51625,1.59348,3.91687
25.4621,55.4092,71.3924,28.2668,13.5624,12.5405,7.72724,16.2905,10.5925,3.38749,3.35693,7.63338,3.23325,0.786267,0.358738,2.19496,2.42085,1.74304,0.809384,0.77711,0.291043,2.60285
26.892,50.3661,29.9433,30.6004,32.3444,6.99683,12.7546,18.6571,5.57001,11.1979,0.116113,6.58526,7.57565,1.62253,8.17986,7.26264,5.68948,3.71636,0.885153,1.59819,3.39677,3.06163
46.9752,87.5196,71.1107,6.46291,14.0334,11.1343,27.0496,43.7353,32.0855,15.5639,4.59811,3.44911,0.32882,7.10067,7.18078,4.30471,0.566985,1.31835,1.45071,3.63931,4.73509,3.18369
2.72068,7.01477,11.8871,6.682,6.41021,10.7637,4.20617,4.34887,13.3699,10.4481,0.322555,0.315426,8.5467,14.3919,9.48463,3.51489,1.53346,3.8935,0.913713,3.02429,3.6732,0.823125
41.2432,76.7768,54.3199,12.2082,2.8908,3.95755,23.154,29.0721,10.6569,3.15408,1.84541,1.034,2.30348,0.701588,2.02334,0.138243,0.381575,2.99409,2.28802,1.28075,1.93589,1.20501
35.0056,60.9454,37.3344,22.0144,20.8912,10.1243,12.0425,2.44295,16.9849,14.8612,1.22857,1.22573,3.82794,5.74525,1.93205,1.34282,3.67234,4.11164,1.45385,0.613676,1.41704,1.25136
18.1412,34.4331,40.799,13.3814,9.74979,11.5233,18.4918,12.9775,13.9556,13.2843,1.30081,1.86016,1.73493,1.50396,2.36633,1.01662,2.6903,4.56659,2.48192,1.14422,1.18818,0.111393
47.6011,85.1387,72.6694,16.5317,16.2556,6.31601,12.9335,11.186,3.18609,0.0787852,0.977824,2.52591,4.74014,2.43017,0.451928,0.0142433,2.70242,4.20063,1.30866,0.786134,1.32115,0.710626
16.5114,28.5153,13.8492,21.1485,25.4039,10.7063,11.4044,12.6081,6.34478,8.83321,1.25748,1.00038,1.35374,2.33817,4.50585,1.67507,1.64274,3.20646,2.40306,1.13906,0.796378,0.318509
28.9694,57.9456,66.2302,20.4921,10.2398,10.2494,12.6498,20.5372,17.8584,10.4025,1.76419,2.53653,2.57014,0.0649151,0.489511,2.13691,0.572255,0.603174,1.56811,1.34019,1.18638,0.956526
40.995,73.3,69.4388,26.1054,17.4832,8.29569,0.391294,0.712325,0.590095,0.862679,0.136841,2.69404,0.566255,1.8566,0.43969,1.49508,1.58317,1.89865,0.12519,0.141573,0.448737,0.822806
2.16469,2.27128,2.17417,10.2332,14.3826,7.67947,4.75843,8.50304,5.54131,1.52836,0.52103,2.7587,0.998644,1.10617,0.407449,2.16854,2.69592,1.73718,0.810732,0.212088,0.0984644,0.212785
33.7201,63.2303,63.7229,15.6688,5.4863,3.4438,0.863497,1.94315,3.50406,5.3699,1.34422,3.67775,1.66762,2.75049,3.3419,1.19151,1.10906,1.05079,0.25141,0.545488,2.09516,1.92957
30.2336,54.8372,52.702,17.3928,5.29021,0.582725,0.694075,7.27034,5.64688,1.87871,2.3089,1.93375,4.65574,4.3017,1.28374,0.379906,1.84809,0.663155,0.933024,1.5099,1.17319,0.224613
0.147785,5.76661,6.40937,1.6235,1.26073,4.55517,11.6476,19.4953,33.8975,30.0423,9.10075,1.47653,1.06504,2.99375,3.95485,2.93574,0.219776,2.122,0.880677,0.944034,0.237863,1.56901
32.788,55.6519,50.0901,9.42998,2.60734,9.61752,18.7676,22.9702,26.3146,15.4386,1.10337,1.88098,1.22066,2.86941,1.64298,2.28776,8.00814,8.09846,3.82948,2.42866,0.814151,0.0588988
25.2862,41.0391,35.8938,6.94246,0.200896,2.1442,13.8547,16.5122,11.6111,8.05844,2.77762,0.703297,9.47738,16.682,8.17044,2.82215,6.47518,5.54841,0.819574,1.42616,1.53668,1.20857
11.8759,10.3364,19.9353,65.3449,101.057,22.6876,6.46005,7.84804,16.7749,11.7292,8.13558,12.9599,3.10873,17.8193,10.0249,0.14429,6.60589,12.799,3.63652,5.40825,6.59616,4.08354
6.99163,2.82128,9.1415,26.7493,71.7716,54.4129,9.2049,19.3348,2.2989,5.2633,0.597736,8.36094,5.72249,7.58556,8.86205,6.74811,15.1551,17.8751,6.07633,0.889681,1.69917,2.75036
6.57956,3.68232,32.3214,15.4309,13.8542,1.60916,6.32924,4.27996,7.71729,9.76899,3.79707,2.71081,4.36339,13.0251,11.9572,1.40639,1.16011,0.0576498,0.596401,0.183178,2.27073,1.63896
3.42306,4.59182,20.5145,22.2492,4.96845,5.94365,4.01369,7.69121,15.782,16.7377,2.18416,0.453385,4.94521,16.1936,10.0361,1.93863,13.4345,16.7894,4.97711,0.338153,0.853332,1.66538
14.554,25.3365,15.5003,4.95792,0.900153,3.18235,17.9553,21.4016,10.9687,3.43183,0.913887,2.46904,4.69739,14.3127,9.97624,3.63791,13.0416,16.2304,5.17874,0.519274,0.567216,0.967667
6.09216,1.95964,3.39301,2.72332,6.35806,5.69717,5.13253,1.84824,8.23003,10.3422,0.220716,5.05442,1.21238,2.78826,1.08321,0.0605386,1.51563,2.62498,0.676958,0.711367,0.783088,0.507741
2.60957,1.15889,1.75797,1.64524,3.11461,7.70961,31.9991,30.5721,13.056,5.11624,2.99232,5.70037,4.32969,2.07596,0.947891,0.95909,9.20269,9.81201,3.68289,5.12386,4.83521,0.545749
3.97425,3.79148,5.47092,6.92311,8.90417,12.6584,5.63188,0.42037,6.95587,7.93393,5.91426,6.60905,0.247922,0.885009,4.64925,1.40283,5.25483,6.91178,3.22733,3.59381,1.54573,0.279115
2.76036,0.335475,0.0799398,0.819348,3.1607,15.6016,34.052,30.0709,13.242,6.56216,1.96763,5.11778,3.76416,5.75083,0.498851,0.433816,3.20748,4.07081,0.0493093,3.30098,1.77538,0.892593
2.63878,3.364,6.72358,9.07639,2.75449,5.84436,0.666409,4.41843,1.11178,1.24676,3.19651,4.64799,1.91355,9.18702,5.11562,1.28563,8.30179,11.2933,3.39819,0.0589586,0.326797,0.398555
1.81787,2.0083,4.16823,5.2201,1.78245,9.05555,28.0711,29.872,17.4133,7.11575,1.48595,4.24599,1.77478,9.54466,9.92584,4.15526,8.5626,10.2253,3.60868,1.28351,2.41675,1.49118
0.980652,0.644076,0.853126,3.77209,2.33853,6.91409,11.2081,4.58183,24.7416,17.2317,0.154972,2.94901,0.243253,4.24998,4.57695,0.856657,2.88017,0.210466,0.647412,1.44692,1.79046,1.56621
0.0736272,0.643773,5.44048,4.59264,4.14119,1.43758,24.6632,25.3827,3.42922,10.7593,1.62299,0.252039,0.312178,6.49838,9.72109,3.37156,1.49708,2.15814,0.956511,0.994475,3.53746,3.16434
0.593664,0.5049,5.26025,10.916,11.753,12.3216,29.9495,34.7829,4.17376,9.67331,2.42665,1.00848,1.43754,0.679925,3.71396,3.31329,4.37422,4.60178,1.54559,0.885721,1.85688,1.57487
0.869704,0.460719,1.06957,2.51021,9.17133,7.12812,6.29551,20.7682,22.1001,11.87,2.11728,0.819824,1.81746,3.06995,0.913902,1.96556,0.417672,2.27044,1.40613,0.801464,3.72428,4.03605
0.778309,1.01937,3.65947,0.139101,8.2576,3.24406,0.24734,4.77268,1.74865,0.259644,0.0469756,1.26235,1.65613,5.56334,5.50831,2.7718,10.7228,12.4678,2.88271,0.601772,0.416088,0.854279
0.831999,0.253881,3.82315,8.78753,10.4695,5.99125,0.187132,0.913946,6.36075,5.0337,0.887865,1.34934,1.60669,6.63683,4.89665,0.425149,3.81303,5.49366,1.34274,0.412594,3.4896,2.37251
0.0383942,0.273853,0.0884535,2.09913,5.81144,4.73391,1.03668,3.02794,10.8846,8.56079,0.123077,1.3459,2.40264,9.33894,8.68128,1.96575,2.93929,5.16961,1.73907,1.04947,3.92223,2.96953
0.151429,0.270483,2.03247,0.838521,2.40692,2.75058,6.75635,9.92016,6.79615,3.22548,0.810092,0.237193,0.362496,4.30487,7.44402,1.29974,10.11,12.7466,3.67209,0.552316,1.25207,1.17032
0.0701911,0.16332,1.26913,1.80616,0.912292,0.488911,6.66651,18.1015,19.8276,10.9624,2.12939,0.75588,2.36268,0.0853007,2.85461,1.26093,6.43148,10.8009,4.1463,1.29773,4.8055,5.14582
0.138065,0.190927,0.337541,0.480937,2.01052,0.293564,13.7658,18.3831,3.54469,12.086,2.76893,0.146933,2.11445,3.51685,0.991102,1.49154,2.70687,2.25997,0.317148,1.38738,3.0848,2.46782
0.251442,0.00338884,0.286416,1.61227,3.25668,4.16254,12.384,14.3501,0.173653,6.04675,1.3776,0.36102,1.65579,8.82199,8.01619,2.59749,8.02294,9.4059,2.77547,0.153819,2.13828,1.27944
0.0452783,0.117652,0.106011,1.00492,3.32703,2.77165,1.5206,4.87739,14.1139,9.63301,0.907719,0.755221,1.63012,2.33747,1.58532,1.31825,7.60685,8.6214,2.39532,0.494887,0.414342,0.615471
0.0469176,0.124767,0.00345689,0.961873,2.68907,1.11892,11.4563,16.7115,16.625,10.1415,1.56759,0.356263,2.57414,8.58488,8.40008,1.75012,0.0947156,0.0208234,0.225182,0.506503,0.0415929,1.26396
0.0690157,0.0619786,0.189537,0.403835,0.368225,1.09329,7.768,8.45201,2.13007,0.887236,1.2563,0.818771,0.388598,1.55012,2.62648,0.698232,4.88712,3.9545,1.05866,1.31124,1.12629,2.01857
0.0961137,0.0907829,0.0902739,0.230133,1.0974,1.97621,9.52529,13.506,15.957,10.4038,0.166634,2.01527,0.38168,1.59252,2.1555,1.01357,1.04661,0.886695,1.96728,3.12641,0.432675,0.0113092
0.124877,0.0871231,0.161293,0.86941,2.04185,2.78162,8.10324,3.25269,10.3856,7.76821,0.501815,0.26561,0.912667,2.66889,3.15709,0.773285,2.86013,4.16514,0.154017,4.0343,4.27762,2.86394
0.0481296,0.0500794,0.273309,0.694572,1.84157,3.09456,6.27247,3.40202,1.34181,0.279117,0.376859,0.178323,0.190249,2.88728,3.65998,1.22594,1.34775,1.14921,0.496193,0.0146627,0.831651,0.511328
0.343915,0.334761,1.46854,4.13568,4.57909,12.736,6.16149,6.81216,12.0848,1.15347,3.90953,2.38219,2.5593,5.98108,5.63584,5.82367,9.61464,3.61125,1.61564,1.5628,2.26247,1.96313
0.635888,0.872003,7.67733,11.2747,1.15089,13.4025,11.489,9.11231,25.1479,22.4612,1.00815,12.5293,13.5215,11.2906,3.39556,0.297937,4.26233,5.00497,1.5189,3.04503,4.46854,1.25439
0.788602,0.351446,4.33564,8.29312,7.54366,12.4004,12.2967,5.08104,6.62476,4.99543,4.41646,10.8659,6.59624,0.145785,0.444593,1.61297,7.01581,8.00523,1.53689,1.12563,3.38938,0.323149
0.112716,0.249332,0.0433394,3.23413,7.2033,1.05487,0.474772,2.60213,10.27,12.6029,6.3204,9.2824,0.411176,13.6363,9.13164,0.0654498,4.09901,5.455,2.41337,0.430003,0.773376,1.5902
0.258619,0.156923,4.74637,3.02131,3.92671,8.08726,15.762,10.8932,16.6755,12.5595,1.59305,6.87433,1.85941,16.3392,12.5453,1.38971,1.51377,2.21088,0.187737,0.904996,1.20969,2.05105
0.358846,0.732738,7.49888,13.5082,11.7078,6.13321,1.6948,5.23236,3.39499,1.01534,0.462995,3.02037,1.29637,4.29188,3.07884,0.961847,5.49197,6.08409,0.95892,1.53263,1.74117,0.464454
0.181705,0.634208,6.50269,7.84817,4.24879,18.7183,19,12.1629,14.9874,10.8786,0.758873,0.487194,1.1522,1.34931,0.0700418,0.378254,0.073434,1.2722,1.21416,1.81831,2.93844,0.693126
0.0973763,0.293692,2.54092,4.06181,1.50306,1.28748,5.36123,12.1802,19.2113,11.9217,1.69612,3.42133,1.54129,5.20635,4.73335,1.75921,5.96428,7.71606,2.2682,1.06553,1.99615,0.616297
0.182615,0.382357,3.114,3.14064,5.10912,17.3942,20.9399,9.25318,3.94337,4.89013,1.98224,6.37128,0.340871,8.83959,6.29147,1.6439,5.12193,5.80555,1.0489,1.05816,2.01277,2.16794
0.0849676,0.847224,7.18474,13.0391,10.1216,6.57903,7.00723,7.92183,8.87767,5.92977,1.8647,6.05815,2.17576,11.1998,6.81961,0.0965973,2.3433,1.66976,0.544922,1.09956,0.647986,0.223019
0.445363,0.465184,7.33528,6.27513,2.42429,8.36246,20.3016,6.78643,12.2617,10.5564,3.63904,5.36794,0.916249,3.53238,0.539656,1.82286,3.80698,4.30207,1.94227,0.449957,0.138802,0.338051
0.231295,0.651029,3.01306,7.83802,9.97122,4.5618,1.80145,3.826,15.2226,12.5606,1.75273,2.50708,0.763421,1.20544,0.157944,0.55456,0.743018,1.73593,1.15948,0.239924,1.46707,1.15547
0.282285,0.702648,3.7083,7.8395,10.1331,14.1723,17.2433,12.8035,5.45594,0.334651,0.404162,1.69176,1.64798,0.335704,0.875604,1.04251,2.10043,3.46335,0.828969,0.311425,0.501034,0.0978025
0.725475,0.857323,7.34957,5.96424,2.49882,0.230009,2.71246,1.83011,3.89399,3.22098,0.478269,0.91559,1.40836,0.509861,1.19415,0.0360588,0.9121,1.49305,0.212347,0.0212932,0.303635,0.554789
0.105026,0.383604,3.57882,7.89151,6.44663,2.34004,8.79374,6.45597,4.52581,4.52913,1.8924,0.43491,0.585197,0.247998,0.0271421,0.620148,0.735622,1.03474,0.800066,0.693299,0.765073,0.0263048
0.25521,0.533813,2.1532,2.91102,3.51917,2.70258,0.960973,1.32369,1.54012,0.246681,3.04326,1.00037,0.395157,1.24769,1.36311,0.774952,2.36336,2.16576,0.284829,1.43654,1.5763,0.657321
0.0609494,0.331584,2.16048,1.53124,0.815154,1.18219,3.8084,5.80607,5.78713,2.7402,2.05828,1.15833,2.02759,2.61248,1.09169,0.359262,0.0708294,0.944261,0.746126,0.725282,1.52291,0.612479
0.173364,0.238568,0.182803,0.871205,1.80335,1.39523,2.46279,4.39324,3.88553,0.358526,3.09044,2.35265,0.797747,0.453456,0.0675878,0.203655,0.299739,0.536636,0.234529,0.173813,0.670376,0.559332
0.139119,0.100852,0.0917919,0.642248,1.37285,0.0976714,5.82176,8.46662,4.39895,3.92174,4.19945,1.09415,0.530401,1.5977,2.0211,0.969911,0.130643,0.764716,0.344632,0.768914,1.03862,0.434292
0.0111942,0.0286329,0.0174217,0.496712,1.14014,1.15999,4.49764,5.92023,0.972472,2.40186,3.48738,2.92604,1.40735,1.59808,1.94912,1.31565,0.790899,0.576504,0.17542,0.132473,0.533543,0.692095
0.0409777,0.0188707,0.000805721,0.293666,0.643265,0.242781,1.28676,2.29432,1.43134,0.112758,0.259488,0.234451,1.13439,2.96859,2.91057,0.325293,2.32694,1.46824,0.312661,0.387226,0.0684504,0.333524
0.112813,0.0738996,0.0248163,0.115697,0.0633686,0.922908,1.95042,0.342618,1.15795,0.539461,1.72068,2.60215,1.63794,0.659579,0.925408,0.788936,0.945265,0.773319,0.555957,0.426601,1.24489,2.15469
0.00810585,0.00353628,0.0660647,0.0806953,0.219085,1.03256,1.53667,1.43157,2.80485,3.24284,1.01632,0.310829,0.323647,0.307053,0.231329,1.09822,0.440617,0.499904,0.043124,0.191945,0.396867,0.404176
0.0594203,0.0902917,0.0372536,0.132592,0.07155,0.247286,0.206145,0.409352,1.14486,0.811909,0.275524,0.775614,0.824312,0.0554931,0.219134,0.17006,0.433297,0.888298,0.622179,0.435714,0.0211348,0.0529599
0.0926197,0.043681,0.0609613,0.321386,0.150962,1.2809,1.12878,1.30625,3.19562,2.89072,0.995233,0.0909812,0.397919,0.366668,1.39176,0.290502,0.894053,0.444815,0.331811,0.0840361,0.862061,0.745448
0.0683177,0.00577506,0.0186943,0.202672,0.175477,6.83513,12.9071,18.1745,23.8085,6.19068,8.05137,3.74293,3.06408,18.4586,8.54873,6.0864,3.03426,24.2165,19.1855,0.481633,4.03079,4.72354
0.210469,0.161541,0.0802193,0.0711134,0.490266,7.7299,11.033,16.8085,35.2622,24.6532,3.6907,3.49131,6.80302,12.0922,3.45532,0.36925,20.1562,20.2833,1.64926,5.66123,1.83735,7.19189
0.173895,0.113813,0.0224242,0.106664,0.202043,0.463877,0.373053,3.59593,4.87265,3.44269,3.02699,26.2544,27.2906,6.22699,0.783382,3.14485,4.85416,37.4322,38.1135,7.24107,1.09706,3.49453
3.06681,4.73343,24.5487,14.1673,44.2155,11.688,26.1498,7.0234,23.342,17.352,3.43157,7.68886,16.4579,8.17399,3.65177,1.51337,35.9951,45.9689,10.9019,3.76473,1.45664,0.702999
1.01376,7.0251,36.946,120.198,134.209,80.4279,19.6812,8.98915,30.8348,24.6163,11.1906,8.14337,2.16143,3.86957,0.506724,3.90884,36.2854,25.5498,24.9832,22.98,4.40606,2.06093
1.11057,24.0774,89.8766,116.254,51.8169,1.06418,4.87948,11.0105,13.9534,7.75275,1.30312,2.26423,7.85903,4.85675,1.0196,1.58851,1.70541,26.9079,40.3285,17.9742,0.155695,0.436056
1.17808,44.8566,88.7195,41.7971,1.10164,4.35059,2.61819,2.48382,2.5064,2.41623,3.19896,1.39883,7.68845,9.02099,2.44405,1.45266,10.6707,23.0061,24.0968,11.3949,0.0656834,1.11937
7.78368,31.9899,42.568,10.1785,4.79581,7.48829,9.87411,1.58587,11.1838,8.74813,0.143394,12.5647,23.4939,14.8047,3.29286,1.5039,26.5002,38.4226,11.8147,4.26868,1.63921,0.494465
9.7979,6.24832,5.99134,12.75,6.5386,4.05875,9.30529,2.92392,4.49396,3.85084,4.29396,0.74758,14.1243,11.4855,1.38398,2.62033,22.4492,19.7102,15.2448,16.459,0.496608,0.784363
10.3393,4.72724,8.6827,12.8426,3.8289,4.41706,5.65635,0.360285,3.57005,1.441,1.25336,12.1424,18.8087,7.47332,1.35097,0.00982097,6.78349,2.99482,32.9953,27.7298,2.87262,0.405968
16.1597,21.4583,6.72072,9.21429,1.72097,0.726294,9.44921,1.83307,8.72693,7.61025,0.441487,0.870199,9.13537,6.01725,1.36797,4.85237,19.3887,27.107,16.9596,8.4351,2.18334,0.52921
10.7302,19.0051,13.6179,6.39377,13.5436,11.2467,1.81568,3.43198,1.22301,1.00342,1.10361,1.74278,9.07882,11.3951,3.64707,1.04218,13.2995,26.8449,33.634,32.6017,11.5916,0.431152
8.42522,14.2298,10.9824,0.673756,2.29509,3.92909,3.50748,1.44586,9.75644,8.67618,3.87776,7.13507,14.0575,13.0355,1.10933,0.249425,17.0941,23.2447,27.7307,30.5642,11.0695,0.961171
16.556,35.8282,37.2157,6.35841,11.0233,14.7645,5.92917,1.48558,3.90889,6.00179,1.58,5.79339,20.5852,21.9729,6.00877,6.65629,10.9487,4.51113,8.1615,14.3576,7.88754,1.06008
0.816416,1.42562,1.63329,2.47889,11.1513,13.2451,8.40483,0.471661,9.40877,7.10932,0.580437,2.01253,5.73306,5.12945,0.961288,1.72485,4.71288,10.1833,5.53047,0.84402,1.15241,0.32744
18.6145,44.5598,49.3368,18.4272,7.68438,3.99519,7.3307,4.87919,11.0541,10.5545,0.302055,9.5806,24.728,23.179,4.53394,0.594318,12.3719,17.9973,14.6733,9.63869,2.63969,0.590524
10.0571,27.4266,35.9669,21.6987,13.6341,9.30527,2.96174,1.28062,1.11052,0.577242,0.732061,2.82751,2.11123,4.69985,2.06137,0.512364,4.03566,5.59431,9.77196,15.4551,6.7338,0.999101
22.1555,40.435,23.2911,6.97306,12.8627,23.5855,20.0726,7.47424,8.6333,5.19919,1.69428,1.55012,17.5877,24.4194,8.11191,3.74829,7.06656,2.61971,13.4501,18.6654,5.41316,0.979617
33.394,61.9961,46.8586,16.7503,30.5384,20.8722,24.914,17.3003,7.94659,9.59515,0.214222,0.236081,0.391956,1.33597,0.809114,2.35524,10.7575,13.592,1.81656,3.63863,0.837114,1.11803
9.16383,9.37317,5.97738,6.28622,15.7891,6.50643,2.77661,4.83534,2.06361,2.57727,2.19895,0.538386,25.1933,32.7422,11.1043,2.25994,5.29295,10.492,1.84393,3.21288,1.60674,0.534298
44.5583,81.0809,60.6991,8.81047,9.96807,8.08553,18.7283,8.72729,7.2074,8.21927,1.08879,2.70374,13.1173,15.8717,1.50733,4.19713,7.30635,5.37475,3.85561,6.97486,0.432948,2.75393
26.2727,47.6624,23.0677,18.9985,1.0656,12.0784,20.5587,19.4873,3.27537,7.0069,3.61478,10.7902,26.1123,23.9889,5.37542,1.99174,10.0688,14.8952,8.398,3.58105,0.563405,4.11825
29.7644,59.5331,72.7975,51.0598,36.0807,14.384,11.0604,14.2506,5.85062,3.23327,1.68713,8.68865,35.7441,39.0892,9.83412,6.76584,22.1249,25.997,1.21257,12.6508,7.5919,3.56632
41.8454,83.8384,89.9691,21.3164,21.1784,17.9502,1.42294,1.0127,6.64498,7.26029,1.52741,3.10316,1.7837,0.0670362,0.297425,1.66271,11.6184,15.5115,3.73963,10.9504,1.97619,1.29974
3.9412,5.10395,3.74954,3.70324,16.7963,14.2916,11.4165,16.4908,2.25558,0.191622,0.702309,14.9557,40.2177,30.4726,3.43705,1.13053,2.36474,3.29517,6.02457,13.2209,6.5445,2.73995
47.2831,90.4958,96.148,33.4442,6.71007,4.8915,28.4081,26.4369,4.50278,0.77625,5.74693,1.06286,17.4129,12.8281,1.32954,0.941619,12.5841,18.5626,19.6772,21.0938,12.3459,5.1424
24.4598,54.3217,72.7091,50.4977,32.2197,29.2913,34.0469,22.3584,7.22137,1.65813,3.50156,15.6967,17.9022,3.89291,1.28568,0.554452,16.7241,23.3547,7.53977,1.33111,3.45481,1.9675
29.9729,56,29.5488,17.3998,14.7004,27.0702,1.07581,3.48022,8.95872,8.83946,0.693552,3.45478,6.0362,10.7939,2.78914,0.539943,10.3547,13.6956,4.8902,1.93543,1.55133,3.7229
51.6578,92.3644,71.0317,14.6823,32.6398,1.69909,43.3236,26.8038,9.52913,9.73846,4.1675,2.09408,15.8449,10.536,2.16729,1.76541,6.48311,8.55851,0.719105,2.1892,2.95078,5.16866
2.42,0.731981,0.686425,8.81715,16.0397,19.5528,62.9796,38.4634,1.56369,0.823926,2.76318,4.24605,32.9528,32.3679,3.35637,0.320228,19.3676,24.8793,13.6464,6.25881,2.72336,4.08188
57.5256,95.4646,67.0854,9.59004,7.08332,10.8992,25.6082,14.6051,5.7652,2.0226,1.97395,7.70313,2.53311,13.6415,6.10073,0.448022,9.67152,20.1506,22.729,23.3914,10.2064,2.28624
28.466,57.0213,30.5568,24.3099,4.88054,11.0503,37.8235,19.6565,6.6204,9.13527,2.29744,14.1808,19.1865,15.0653,7.81187,1.24005,6.88704,10.2182,14.8469,18.3743,8.63977,0.792055
21.7612,51.1955,67.5601,44.8313,24.8075,23.947,67.2906,42.0875,7.195,1.3685,7.18137,16.9335,17.788,9.59314,2.59493,1.77212,11.7147,17.7653,11.2974,4.97745,2.74916,1.61025
47.4146,94.3636,94.3557,17.6235,21.0454,11.3214,21.2771,24.6405,14.6784,8.00081,3.25296,9.91697,14.2584,17.6846,12.3844,3.39388,16.7168,22.4664,7.14287,2.52498,0.669774,3.31097
6.19359,6.60964,3.95533,6.84279,16.2406,37.0297,31.2021,5.48579,9.87635,5.52693,3.69493,7.66544,11.1616,6.61782,5.86007,5.38739,6.29075,10.5359,5.85155,2.27663,3.49606,4.81316
48.0759,92.3357,101.518,45.5871,15.7579,16.9299,36.1209,27.8794,7.61899,4.20064,2.95112,2.86564,1.75128,4.98588,9.81534,4.41421,3.81061,2.16568,9.47653,10.946,1.82884,8.63482
29.9516,63.7929,81.5376,45.2622,22.0321,13.7375,10.5619,21.1196,11.6914,7.22016,2.49925,11.2815,14.4462,15.3517,12.0592,4.24008,7.67015,12.2266,0.407501,10.335,2.62185,5.22214
27.4193,48.0314,25.9496,15.0575,7.08101,12.4199,15.5507,21.2852,8.80785,1.01655,2.79948,8.08617,6.01733,1.29715,8.08497,2.89807,12.1939,19.1721,12.3692,2.40933,1.73777,4.40378
53.3276,98.7019,85.8777,1.79147,23.0426,2.09634,11.6504,1.71979,6.23726,4.8404,6.27641,17.6184,23.9864,16.567,11.7107,6.17709,6.33527,7.41796,1.10674,2.97701,6.88833,6.46449
7.82929,16.5071,23.6464,27.1139,24.0408,8.50307,10.6563,11.8578,0.355142,0.802649,3.23291,6.24549,28.4556,25.2039,8.74686,0.621383,1.23061,0.0590222,2.179,3.17081,2.64347,1.69958
44.2567,81.552,52.3433,14.7745,6.19952,31.2829,41.9403,27.8463,0.436563,4.48858,0.70654,15.2411,22.7203,13.4262,7.3337,3.07255,7.56453,8.06445,1.95864,0.707945,3.00961,0.365028
42.2477,72.6087,44.8577,25.9469,24.86,21.8666,30.4277,14.4109,0.450148,2.14649,1.23658,1.51388,11.1575,9.48773,3.12891,3.60556,6.47694,10.6558,7.44556,4.84118,2.95663,0.911311
17.071,33.9146,41.5777,22.4861,7.4873,3.90734,4.70793,0.204018,5.41232,4.17548,2.14912,9.73055,16.2187,10.5349,0.666926,1.32783,2.59157,3.84056,3.09446,0.527368,0.260347,2.47158
46.1242,91.8757,84.9895,7.43715,15.6364,25.2254,38.379,21.0512,2.46787,3.86285,1.94335,8.18921,19.5188,17.5493,4.78736,1.57472,0.0121889,2.82438,0.656147,1.06394,1.80235,2.58183
16.2599,25.5755,8.38288,6.59288,17.1613,31.3584,36.7043,21.9184,2.28101,0.043807,2.81062,3.60516,9.03151,11.5376,0.532421,0.234607,7.5716,7.91194,0.405213,3.88245,4.34761,3.19127
33.1262,71.1277,82.829,49.0483,34.4782,18.9898,12.551,9.80733,6.39964,4.06043,3.63025,4.82394,7.51337,13.7663,5.24492,0.131912,2.08444,3.73992,1.3442,0.0143073,1.10367,1.99826
44.3773,78.0166,83.2093,23.9314,16.2096,16.2566,6.43501,4.74773,7.33186,7.98759,2.7315,4.82106,12.0668,10.3639,2.49361,0.548098,0.687603,2.35149,4.19575,4.11668,1.89997,0.265049
9.30261,16.1823,9.2004,13.7835,21.4033,14.5395,8.96985,4.81916,2.09407,2.3482,0.449745,3.73478,7.59985,4.92856,0.469364,0.74588,1.73072,3.73316,1.78205,0.345217,0.798452,1.23199
44.797,86.0318,84.9616,25.4152,9.03048,0.990515,16.6957,19.5874,18.021,10.7494,0.282082,2.32533,9.31194,6.76507,0.627423,0.433059,1.56936,1.94377,0.751175,0.634017,2.053,1.03723
21.9066,43.7738,53.7789,29.1323,9.07563,10.6368,23.2752,22.4524,18.6379,12.2135,1.64904,1.89968,3.96098,3.06183,0.0687434,0.0737341,0.155115,1.12302,2.76117,3.25876,3.09845,2.40761
25.5154,47.5246,29.1459,12.5753,1.02794,8.93173,0.396207,8.85227,7.48103,1.63104,0.766056,1.23858,1.0331,0.616968,1.66454,1.94776,1.81682,2.14044,2.36201,1.97928,1.21303,0.316179
41.8807,76.1561,61.9993,3.27259,13.7701,7.4051,12.9914,8.74529,10.7038,11.5151,0.968086,0.682248,1.83061,1.93453,0.0314252,1.35686,1.84513,0.3014,0.755054,0.933427,1.61832,0.575328
6.87194,13.4695,17.2905,14.9339,14.5811,10.9414,5.67188,2.4389,9.27583,6.01827,1.12817,0.25127,1.71449,2.74932,1.59004,0.858562,0.0699202,0.0110119,1.94176,1.60955,1.28306,1.90272
34.0003,60.8695,42.6002,3.60394,5.76667,9.16221,2.31731,7.08261,1.92609,1.60482,0.402135,0.421155,3.3926,1.57549,1.80986,1.72908,3.38711,3.42678,1.02861,3.64144,2.68427,0.856197
37.5632,62.4374,45.8552,8.71802,13.9657,5.63576,12.4378,16.323,10.443,5.74987,0.292652,6.08044,8.57154,5.1155,0.149086,0.479168,3.87005,4.88851,0.68077,1.11365,1.59708,1.4819
5.02842,7.62819,7.32692,1.70729,8.45846,6.15615,1.9989,0.671211,0.398277,1.49868,2.42197,4.0096,4.24044,2.71006,1.15942,0.668586,0.760589,1.08331,0.895179,1.17395,1.8933,0.104895
34.0932,60.1883,46.7389,2.3134,5.53441,8.46158,3.90166,12.9653,14.1714,8.40293,2.65265,1.29474,3.07023,3.83976,0.210166,0.69211,3.10336,2.9468,0.608353,0.66706,1.17591,0.961353
30.8149,49.6399,35.3841,5.38658,8.21154,3.16762,5.36165,0.396436,13.427,10.4153,0.199235,4.42392,4.41177,1.17327,0.11777,0.636058,0.719237,1.33426,0.419097,1.16751,1.26549,1.47543
1.6918,8.01015,10.9074,1.59323,3.51405,0.894852,0.174634,2.36459,1.67615,0.584257,0.281937,0.322153,3.23289,2.86527,0.669235,0.165688,0.266467,0.0902452,0.406062,0.523293,0.670451,1.35683
31.4077,46.0862,48.1933,3.74419,10.8354,14.3845,8.49163,21.0743,3.83539,3.3223,1.97602,3.70507,5.46999,1.20905,0.713424,0.316106,1.89051,3.51142,3.05481,1.17147,0.645493,0.216486
16.8176,30.2865,82.1636,161.476,160.165,81.4963,26.0278,11.7845,32.3782,18.1192,0.124059,0.760238,2.73419,6.14957,5.2783,1.20374,3.16968,3.38393,3.05181,3.60338,2.88324,2.08506
0.294283,1.47137,82.2347,141.572,42.6612,12.6831,15.1158,17.8582,18.14,11.7901,2.01058,9.31502,8.44237,3.28895,0.446289,1.60165,3.2885,0.647155,2.99508,1.7133,0.507216,1.04135
1.7766,6.95477,6.98417,27.5018,13.4922,0.508806,2.6131,18.8941,34.3072,21.4192,0.945897,5.92746,3.21831,0.113001,0.511727,2.03941,6.66509,8.29661,4.70834,2.30577,1.16124,0.787327
2.56745,1.31565,12.2036,19.84,14.3023,13.7161,7.90016,14.5652,32.4713,20.3778,2.97501,2.67493,1.05149,1.8669,1.00569,0.417859,2.85071,1.761,0.771859,0.431401,0.802811,0.592526
14.5585,25.1123,19.879,0.594468,1.41531,5.78818,19.5662,15.9605,5.70578,8.40179,0.993443,4.47649,6.28334,3.96943,0.390655,0.601435,4.08291,4.29252,2.21514,3.64037,0.6512,0.268252
13.2545,11.0629,0.596647,8.04828,4.9627,11.8957,12.9429,3.79886,8.62158,1.63172,0.551986,3.09505,6.41502,6.46924,2.22449,1.04967,6.98449,9.12881,2.41094,1.68361,1.07798,0.966291
4.05254,2.20201,3.36518,4.46176,0.154689,0.401124,3.59877,1.86041,4.78751,4.00224,0.0872605,0.331621,3.73247,3.99232,0.306869,1.07694,2.04593,1.72102,0.507611,1.36474,0.538159,0.894068
3.56127,2.45017,0.488264,5.37313,5.2803,9.07468,12.1851,1.96084,12.902,10.7598,2.50928,1.17231,4.5719,4.21037,0.512066,0.694351,5.40623,5.11172,0.739077,1.89488,0.113357,0.466891
0.0585009,1.49163,6.57216,2.77188,7.56823,4.4366,1.09027,6.39191,7.26515,4.37494,1.35046,0.741781,4.76879,4.60487,0.833102,0.763115,4.30591,5.72013,2.18051,0.0808785,0.125673,0.527386
0.542669,1.17908,3.36514,1.33913,12.8999,15.1754,0.183462,13.1729,11.7119,4.49302,0.00541754,2.20911,2.79422,1.90991,0.995462,1.38947,2.58438,0.0851975,2.21404,2.00049,0.519818,0.442582
2.5331,0.0597313,7.71386,14.9288,13.9545,1.27831,9.84805,11.8552,14.5798,9.6065,1.98045,1.81234,0.936479,0.356465,0.356284,0.158697,0.392378,0.787099,0.507703,0.450799,0.967157,1.00903
0.900476,0.14631,5.81588,3.41068,6.34093,4.78583,12.5539,4.52443,5.74754,5.36644,0.167409,1.22292,1.13399,0.348085,0.561659,0.977775,0.292081,0.846634,0.0780231,0.151163,0.0330354,0.109275
0.854915,0.663744,0.773427,5.44385,9.72561,4.5252,3.55785,1.95863,1.79563,1.00331,0.248497,0.654077,2.98628,2.586,0.779074,1.47494,1.07801,0.472225,0.503205,0.134194,0.28662,0.50104
0.0285656,0.892759,4.82069,7.71062,7.21017,6.54201,2.63378,0.663602,4.15569,3.75792,0.970428,0.555149,0.235593,1.0339,0.0183708,0.36193,1.48015,2.10181,1.42876,1.7658,1.43829,0.423554
0.112127,0.905213,5.53103,6.4924,2.56449,2.0372,0.957967,0.689382,0.81712,0.383313,0.038239,0.777708,3.46174,3.93568,1.30484,0.58593,0.259697,1.51488,1.45389,0.54658,1.01941,1.37278
0.233778,0.0209157,1.56289,1.40625,2.28704,3.36172,0.605389,1.22547,3.79539,1.75018,0.776069,1.43504,1.01348,0.00387,0.407984,0.72763,0.751595,0.456433,0.223216,1.03319,1.05194,0.135222
0.205878,0.515235,3.12127,1.32243,3.83523,1.98147,2.19385,0.469999,6.89334,5.95959,0.901309,0.00343179,0.155194,0.229685,0.00820007,0.552688,0.522845,1.77605,0.773154,0.193371,0.186277,0.577758
0.0831774,0.425198,2.19803,5.01812,6.51057,3.0757,1.60718,0.151164,3.82696,2.83202,0.633462,0.657945,0.223889,1.31304,1.20177,0.563149,1.80888,1.87685,0.494921,0.65752,0.801572,0.126487
0.066673,0.0742923,0.240598,1.59874,5.00408,3.87524,1.37631,1.52251,5.39388,4.29434,0.970703,1.68713,4.7136,3.63212,0.394684,0.0451025,0.320703,0.240615,0.479948,0.227478,0.776884,0.122513
0.0163208,0.230062,1.19733,0.618054,3.70216,3.47381,5.16693,3.98481,2.54115,3.18846,0.650537,0.77317,1.59487,0.128033,0.562463,0.356631,2.16649,3.48148,1.90521,0.247498,0.523274,0.124312
0.0444368,0.0745874,0.331871,1.38619,2.30949,2.41912,3.05012,2.97077,1.36037,0.306006,0.778137,1.81977,0.803034,0.907964,0.598374,0.285946,1.35803,1.38511,0.743709,1.36089,0.136848,0.303899
0.0032697,0.0596393,0.179444,0.174771,0.194826,1.21874,0.673812,3.8735,0.918261,1.42997,0.0314212,0.302302,0.999352,0.656799,0.154065,0.0415286,0.186281,0.315574,0.0337999,0.780891,0.905779,0.371795
0.172984,0.0579299,0.0842587,0.64389,1.5233,0.619349,2.32546,3.81803,3.28855,2.01957,0.127078,0.566557,0.189759,0.0262826,0.118643,0.25141,1.69824,1.46268,0.0976053,0.331535,0.516406,0.265807
0.13204,0.033598,0.0904445,0.675051,2.71334,2.72142,0.561174,1.33672,3.35766,2.01984,0.375069,0.65481,0.60027,0.140064,0.134827,0.318166,1.72949,2.7541,2.26183,1.47068,0.59171,0.0182206
0.00888703,0.0748805,0.0536136,1.08703,2.25932,1.69654,3.11954,5.4059,5.02414,3.07053,1.32542,1.76212,1.94527,0.393003,0.28891,0.387263,0.882906,0.728164,0.273923,1.66222,1.59154,0.817347
0.0507442,0.00288486,0.111202,0.472525,1.21291,0.135604,2.49756,2.22327,0.5944,0.933094,0.526151,0.0646785,1.2097,0.899449,0.047056,0.0279364,0.57288,0.389357,1.35322,1.84435,0.992248,0.372982
0.0133951,0.00498575,0.0675256,0.016155,0.018727,0.771738,1.44436,2.35571,5.58772,2.79522,0.33742,1.05981,1.37429,0.402434,0.0722101,0.0819393,0.237882,0.991806,0.531341,0.656504,1.09567,1.16877
0.108779,0.154265,0.224824,1.01682,0.738714,0.00700105,1.62385,1.77493,0.698378,2.25784,0.0786503,0.941942,0.232598,2.32939,0.154743,1.40401,0.692281,0.344838,0.509852,0.0756039,0.554705,0.545869
0.624691,1.5034,2.44296,3.18448,5.82761,3.44759,8.06663,9.30597,9.05368,7.76687,0.285028,1.92512,5.19739,8.59476,2.24411,2.33489,5.13524,8.03084,4.87729,1.01357,0.325701,2.10519
0.832826,1.08814,3.5812,2.18585,8.86377,19.1453,13.1896,2.86082,4.24138,4.3411,2.63269,5.67128,8.6165,7.56787,4.44471,0.0132947,10.1055,12.5431,4.71752,2.49247,2.31229,2.74128
0.277148,0.897264,7.22765,12.0785,8.62573,3.28401,0.262027,0.891673,5.57028,6.10932,4.95918,7.43345,3.69702,10.8633,4.2352,1.42597,3.81412,4.89251,4.26166,4.34404,2.29375,0.214046
0.493227,0.734816,7.9711,10.7053,5.33017,15.3113,24.0184,15.0148,11.2654,8.75859,3.38959,9.77435,1.09216,6.21895,0.0861647,1.43073,5.16623,6.1539,0.308272,1.7663,1.31761,3.4121
0.051666,0.285696,4.38257,4.51793,4.69345,14.7773,17.0481,8.3802,1.46744,0.833658,5.81353,16.5979,21.1558,12.5341,1.70459,1.77469,10.4886,12.8025,6.22307,2.51804,2.49054,0.103202
0.068288,0.227327,0.442549,3.78217,7.85341,4.49713,12.0824,7.33271,8.5975,5.75205,5.55304,12.9902,11.5972,5.17094,1.29145,0.715445,3.21347,4.08546,2.40289,1.23941,1.17241,3.3853
0.560984,0.445592,5.38353,12.4005,10.685,9.65888,21.4434,13.7479,12.5646,9.31741,4.0002,7.25049,7.77902,12.6267,2.56183,1.1617,6.28015,6.34133,1.61337,0.421608,0.197068,0.403214
0.174455,0.799135,8.48681,8.79986,6.51748,9.0228,1.96616,6.66789,7.69765,4.94544,3.98753,7.65912,3.19374,2.97548,2.19271,1.48931,5.39922,6.39628,2.26909,0.567943,0.171962,0.215424
0.281285,0.487524,6.36734,11.7197,12.9321,13.1901,5.26097,0.507051,2.02115,2.35847,3.45132,7.55865,11.2811,9.04753,2.72811,0.412623,0.545335,0.350291,0.890572,0.295754,0.263359,0.286844
0.226471,0.17902,0.922089,0.491766,1.61741,7.21443,14.3171,4.99236,6.4098,5.248,1.77745,3.07062,1.30393,2.75601,1.55682,0.121292,2.72613,2.61023,0.0550236,0.368524,0.0464738,0.757657
0.059279,0.512653,5.12999,6.16553,3.75928,11.4721,13.5505,1.32505,7.43987,5.48311,2.69905,2.42095,2.40234,3.73727,0.28644,0.0643484,0.00159611,0.701904,0.614541,0.300795,0.141766,0.443889
0.262648,0.866832,7.71989,9.72454,3.6107,4.70093,5.65501,3.21251,3.90936,2.32305,0.80699,2.56431,3.73796,2.28522,0.0704935,0.427871,0.303804,0.0640253,0.703797,0.907081,0.2984,0.217781
0.252968,0.625924,4.38356,6.68524,2.89215,4.08885,6.50606,3.07528,0.00679583,0.499006,0.837922,0.0513866,1.5369,0.590716,0.0402295,0.12534,0.297439,0.49614,0.603918,0.699534,0.534684,0.0868504
1.14888,0.592385,1.59296,2.48386,3.37637,5.71027,2.94693,0.793843,3.54467,2.90397,0.428975,0.969625,1.38444,0.0561293,0.500329,0.265264,0.393931,0.591725,0.723765,0.644026,0.496957,0.361652
0.0513404,0.969261,6.0345,7.44212,2.0304,0.044647,1.50151,1.22057,1.14644,1.32902,0.209697,0.862074,1.7415,0.945958,0.214322,0.080734,0.514142,0.473234,0.108693,0.249295,0.25867,0.414726
0.236314,0.435486,3.39363,4.70456,1.57931,1.87398,2.05421,0.466825,0.763779,0.836111,0.157753,0.319446,0.645762,0.580472,0.0698821,0.266707,0.24263,0.164815,0.070749,0.269721,0.415259,0.19479
0.0618028,0.717224,1.76027,1.34731,0.893812,1.22484,0.909195,1.05932,3.36088,2.24888,0.32354,0.526143,0.847902,1.16704,0.463768,0.0757134,0.531968,0.619402,0.412956,0.162516,0.136478,0.190718
0.0835978,0.692475,2.69752,2.72214,0.0477304,1.1885,1.27326,0.282413,1.87277,1.66454,0.603155,1.35583,0.595025,0.760524,0.146941,0.0474738,0.423391,0.185902,0.279933,0.67809,0.453256,0.0850005
0.354451,0.299011,0.246737,1.03862,1.07974,0.427445,0.0417889,0.575592,1.63574,1.60401,0.848203,0.534673,0.155521,0.0437397,0.154769,0.107329,0.225196,0.558492,0.543347,0.379619,0.010825,0.176553
0.444131,1.43343,1.8954,1.17413,1.15877,0.886253,0.379194,0.669937,1.49606,1.21082,0.0288023,0.474737,0.491888,0.429107,0.113782,0.111415,0.18108,0.0573698,0.0372439,0.333073,0.333881,0.13559
0.441111,0.013632,0.65814,0.0453621,1.00119,0.512245,0.375445,0.532122,0.306031,0.053599,0.319883,0.486369,0.708742,0.77793,0.509705,0.0411695,0.252688,0.158356,0.31836,0.4588,0.183196,0.2786
1.61483,3.90615,3.96965,0.358502,0.91727,0.0153483,1.26642,1.5373,1.19751,0.516229,0.133957,0.0619551,0.394804,0.394324,0.0390412,0.260081,0.232459,0.23976,0.467217,0.554592,0.498052,0.117837
0.970834,0.741134,2.35698,1.27369,0.531199,0.373214,0.368976,0.277779,0.961418,1.09729,0.0989357,0.272024,0.272251,0.648034,0.00586127,0.390547,0.00971038,0.16892,0.08826,0.154657,0.0819725,0.00385584
4.62713,10.4736,10.4125,2.07102,0.0291906,0.383446,0.664598,0.0760256,1.02014,0.402108,0.147727,0.0538651,1.0049,1.2955,0.475985,0.0278177,0.000127298,0.037961,0.190337,0.168084,0.0804949,0.263405
0.721558,3.29119,6.27058,2.33123,0.406977,0.32214,0.20162,0.806921,0.227599,0.260292,0.0983744,0.416428,0.843888,0.500133,0.0207323,0.0314083,0.0622533,0.131137,0.481306,0.403977,0.264261,0.18907
10.0715,22.4761,21.922,3.4161,0.608906,0.335142,0.440898,1.17072,1.25186,0.260004,0.271575,0.164325,0.582965,0.848681,0.3767,0.162919,0.141183,0.0217339,0.0280186,0.0302758,0.00880986,0.161825
0.428255,8.26584,12.1461,3.35245,0.650957,0.0223519,0.107128,0.0938797,0.736046,0.712588,0.0587673,0.0716851,0.198693,0.252858,0.111862,0.0511684,0.0683339,0.0804525,0.0451525,0.195091,0.369786,0.406044
16.0615,43.3126,40.128,6.45407,0.270586,2.68163,1.62411,1.40695,0.821112,0.689092,1.36396,1.19596,0.383791,0.883688,0.750932,0.869712,0.338615,0.461175,0.0898742,1.34117,0.257521,0.328435
17.0969,18.9516,38.4076,159.097,169.572,80.7364,39.9001,31.2447,24.7245,12.9806,6.11603,10.3697,2.72054,11.0915,8.46196,5.26632,1.7624,3.84907,10.4263,12.3998,8.721,3.50129
12.0471,13.9708,63.614,92.8104,9.91808,28.2155,6.36603,10.6867,5.79048,2.83385,1.24504,9.3601,6.56877,1.73099,0.414952,0.537279,2.06599,4.94994,3.8183,0.347597,0.107128,0.210246
4.80765,52.7746,129.49,91.3143,4.57416,1.30173,7.80913,1.02475,7.04226,4.89078,2.23484,7.33617,11.8111,8.32052,2.12199,0.064156,1.95031,3.31167,2.5712,1.37178,0.453415,0.46886
24.811,72.0153,83.498,16.3219,4.28922,2.75963,0.935396,0.909822,6.26057,4.28719,2.11788,3.06043,2.07393,3.36659,0.902576,0.0248065,1.47611,1.86423,0.220965,0.834538,0.63312,0.724593
16.9305,25.6752,9.8841,15.8738,8.73285,4.53916,6.37045,1.61857,0.884139,0.64358,0.668982,0.246626,6.07885,6.58132,1.66607,0.454791,2.36051,2.72719,0.811037,0.171973,0.609597,0.296238
16.973,31.0214,35.5859,16.4349,1.08552,4.97317,0.830929,1.04411,6.05924,4.54256,0.782631,2.31811,6.38228,5.17311,1.23327,0.00570184,0.480608,0.145175,0.761503,0.424609,0.551929,1.43304
26.1909,53.241,54.4342,19.2621,15.5941,14.4075,0.135373,2.67301,5.30064,4.91123,0.243853,0.67729,1.7422,1.79933,0.126458,0.500651,1.47272,1.68388,0.251058,0.530236,0.402054,0.249317
4.78028,5.54343,8.44958,11.3965,9.75055,2.83835,14.165,7.06834,0.810578,0.591065,0.131791,0.732188,4.4321,3.63447,0.532702,0.216509,0.460721,0.526863,0.499201,0.331084,0.330666,0.276922
32.1454,64.6303,70.229,26.2255,9.39927,13.4564,14.0699,5.54528,0.317896,0.686027,0.61755,1.03951,1.85127,1.26886,0.529612,0.255094,0.502882,0.546586,0.110674,0.197904,0.793021,0.546291
12.958,26.1487,33.6021,17.7037,2.21194,0.73077,13.4493,10.3054,4.72824,3.43162,0.531612,0.146412,0.540862,0.0734257,0.882459,0.337327,0.680332,0.89918,0.481213,0.26204,0.505543,0.113412
30.2106,54.088,38.0631,11.8814,12.6009,7.78918,22.0259,13.0924,0.934077,1.17403,1.0394,1.60874,2.26359,0.37735,1.42135,1.11142,0.892397,0.953257,0.490141,0.679344,0.88386,0.388311
27.6998,58.851,46.1124,10.892,13.9541,1.20589,0.994181,2.21723,9.22475,8.84477,2.28435,2.34148,0.985446,0.2865,1.5113,1.2291,0.364047,0.55901,0.449575,0.68895,0.414863,0.408088
8.6903,20.2177,26.3373,7.28881,14.133,0.470574,26.5937,20.0634,8.49408,6.10365,0.43216,3.82547,1.70116,1.37212,2.13545,0.924977,0.600435,1.26212,0.170319,1.33419,1.57563,1.1904
40.027,78.215,70.1383,15.5472,16.1574,1.96464,26.9194,15.9434,7.94407,9.78298,2.23224,0.779715,1.2463,1.43023,1.88329,0.738186,1.62219,2.92921,0.405494,1.27441,0.563216,0.1002
12.7641,23.2045,11.3699,17.6182,17.3906,8.08756,4.38023,6.12237,14.4421,13.9478,2.89276,2.37119,0.12496,1.1342,1.22623,1.24018,2.99357,5.6079,1.52934,3.79261,4.41559,2.37344
31.9702,66.1685,78.5988,39.0549,12.7327,14.3498,37.4137,21.1315,4.62325,4.79514,3.12101,6.6666,3.57503,1.16627,2.19581,1.66343,4.00108,4.94673,0.195804,2.15407,0.865868,2.10473
32.4211,66.1823,78.3818,30.4177,7.43519,5.42692,37.5633,19.9161,16.8445,16.3355,3.29666,5.49094,6.01001,2.74887,2.0236,0.201074,2.99713,3.0952,0.258636,0.410505,0.138845,2.1519
15.5837,26.821,14.1795,20.621,29.3744,19.0084,5.28703,1.63397,4.82547,3.40666,1.60359,4.28142,3.70648,0.716034,1.26097,0.522224,0.996911,1.46658,0.171118,0.312145,1.66737,2.25304
47.0951,89.9392,83.1807,22.9051,21.2774,36.9175,43.9407,18.3953,16.1932,15.1616,2.33369,1.27364,3.89561,2.38719,1.08214,2.25766,5.45421,7.41969,1.91108,0.0288758,3.97744,5.14296
10.9599,26.1496,40.1198,25.5029,2.36993,20.2389,42.8513,25.9634,11.2217,11.8648,2.30586,7.05895,5.75881,2.92675,2.24786,0.632775,7.10371,10.2693,0.680004,10.0609,5.2509,2.70575
45.0004,78.8394,47.3006,24.0306,4.50941,12.5888,3.86466,10.4429,9.60643,8.93755,0.777752,7.11747,2.36791,4.49162,3.04919,0.704312,5.66065,8.71987,0.414055,6.43642,0.0473658,3.07685
40.2397,76.8967,50.871,28.8683,35.4381,30.6603,30.5303,5.40269,22.6102,19.8092,7.62332,7.15058,0.649344,3.09004,1.60728,2.07837,0.622163,0.726003,3.97425,3.44797,2.78407,3.80881
14.3723,30.909,40.2622,11.592,15.6147,21.1231,33.6508,27.039,0.894645,5.34636,0.525103,4.69886,5.75808,1.54345,2.39238,1.51205,3.67191,6.14653,5.07374,4.54417,0.553833,4.19212
49.3529,97.1615,83.3146,12.6291,8.97934,6.7685,13.4187,22.5033,19.6857,14.1866,2.99541,0.250663,4.08852,7.30762,4.3021,1.35374,8.13317,12.0423,3.82473,3.07796,3.44397,0.0271453
19.0968,32.0541,11.6266,26.9018,17.0905,0.862658,0.437406,9.75754,20.7729,16.3695,0.894835,6.39462,5.54045,4.94779,6.01252,2.89608,7.05367,11.4646,1.50707,7.82941,6.9922,3.18278
42.626,82.8226,96.9963,50.0422,11.7369,4.31013,12.5842,18.6789,4.79056,0.0709904,4.46421,10.9498,12.3384,4.29817,4.63487,4.20004,3.95106,3.96444,4.95013,11.6689,5.82991,0.883384
44.1492,86.474,99.9346,37.7325,2.50384,11.6407,28.5585,31.7761,21.9741,15.0935,5.7297,8.98603,5.69826,2.12713,5.27588,2.17303,3.67839,7.46183,7.48426,3.81278,2.33192,3.99112
13.5702,25.0192,15.3902,18.3346,28.4654,31.6536,37.3481,25.8324,14.5449,9.70853,2.06871,6.39903,4.15548,12.2176,9.24594,2.19275,9.40721,13.1616,6.60997,2.30379,2.44048,4.26837
55.4294,102.029,97.7347,30.5363,23.1474,30.6626,18.1624,0.416825,10.7182,10.7822,3.04259,5.27506,8.04846,7.79408,8.47871,7.53813,10.723,10.5838,4.47533,5.97492,2.85477,2.30444
19.194,40.5139,56.81,33.7633,0.666922,2.1558,30.4167,27.584,17.6769,12.3886,0.717332,5.11176,0.122659,2.03555,7.80335,3.51935,1.83748,4.2781,4.79245,3.7909,3.23396,7.68575
39.2013,69.2557,39.488,27.8765,11.7057,39.751,68.3327,37.2931,1.92422,2.40149,1.71313,9.12945,7.06536,3.08642,9.29577,3.26302,9.88603,12.2444,9.12479,13.9377,14.8144,8.66738
42.6089,80.7207,57.7611,17.2503,20.0547,22.4416,33.1024,10.116,16.2778,13.6292,8.25965,14.6787,12.5766,10.2646,11.1325,6.75057,8.63497,11.7831,10.9735,8.24089,4.41724,3.06007
9.75447,17.133,18.468,1.0039,9.45612,14.6166,30.5731,15.8766,15.2656,13.426,4.77587,16.2822,11.2128,3.37173,9.8753,3.73193,2.4154,3.3533,1.75364,0.41791,3.67285,8.15928
49.7556,93.9729,72.7449,0.41929,5.89474,19.157,57.7609,33.3963,3.5135,1.90552,3.35138,10.8536,2.15448,0.801133,7.72348,3.80282,2.31399,2.2646,2.44971,6.43108,5.59264,0.461633
25.6795,44.1738,18.7311,32.244,30.5306,6.83804,24.489,17.5677,15.0295,14.6368,6.47315,6.44942,1.20479,9.04719,9.12233,5.16698,5.16017,6.71672,4.73333,3.61574,10.6018,5.10394
32.3979,66.9987,81.9555,38.8101,3.18466,23.2437,9.77961,2.70376,19.9429,17.0268,1.46376,4.07107,10.6769,13.6294,8.50682,0.800507,6.31556,7.55047,6.47071,9.46988,8.93746,2.19547
47.9181,89.0183,90.2195,30.2819,4.40808,5.09135,16.0629,13.5014,6.00394,2.1344,3.17006,2.9086,3.38494,2.77892,3.64257,3.02693,1.72522,1.6411,2.00089,3.05552,1.55865,2.2708
3.46928,6.59721,6.61502,1.73178,13.4499,9.08899,19.1647,18.0953,10.311,12.0962,0.0563133,9.29446,16.0609,9.11571,2.00503,3.80777,4.34835,4.12476,1.4603,0.81675,3.69905,3.55379
48.8697,91.5625,93.7831,38.5125,23.8528,3.38819,27.7629,14.5459,20.0745,18.4713,6.53901,8.77703,6.92176,2.62839,1.47461,0.80249,4.69494,5.44353,5.65631,5.02576,2.45078,5.23471
25.2759,54.2039,69.2172,27.5879,13.2331,2.40803,24.4008,11.4645,7.82772,6.87287,3.66031,6.626,5.82365,9.41089,0.974232,0.110704,2.20355,2.23647,3.11712,11.1569,12.0491,0.597692
24.6692,48.4376,28.6496,30.6095,32.6494,7.65438,1.62644,2.22552,9.64222,10.5131,0.347816,6.06964,3.58652,1.59706,2.34785,0.102573,1.91435,1.4271,1.65529,12.3032,19.5857,9.27628
49.6287,88.7853,70.0336,5.13064,10.7795,24.1519,28.6516,9.27042,21.3127,17.4257,3.86481,5.97774,12.9201,12.2293,5.78893,2.13874,1.95848,2.86422,3.62358,4.15054,11.3725,3.8204
5.29399,9.11069,12.5266,6.15485,4.31875,20.6056,37.8647,20.4043,9.71958,9.29002,1.06239,2.04971,1.95005,4.59984,3.56082,0.146812,2.46945,1.14217,0.399905,6.7531,11.7507,5.65041
43.1408,77.8726,53.761,13.9869,5.57031,0.208948,15.0112,11.7034,6.82615,5.93699,0.805643,1.41595,8.51787,6.89476,0.339754,1.02836,0.130239,0.684883,0.72169,5.37802,9.23939,3.12135
30.3491,59.1094,37.1783,23.0914,21.2922,6.3734,0.558853,7.13772,18.3382,14.8865,2.48274,0.941422,4.4575,3.92276,0.162467,1.02675,0.850826,1.18993,2.18488,0.915923,4.72609,2.6524
12.1019,31.3527,41.5561,13.9578,10.9068,9.91875,6.12814,1.25382,12.8995,10.405,0.915996,0.872243,4.17243,4.40624,0.166622,1.04654,0.691469,0.71893,1.26365,1.72592,0.817538,0.410493
42.8741,80.8765,69.8382,15.6071,15.4512,12.3143,8.09478,6.39973,0.877597,1.66458,0.439828,0.117392,3.56815,2.64738,0.520811,0.0760825,1.05126,0.881545,0.69951,2.86978,4.2333,1.09128
16.3644,26.4979,10.66,23.1059,24.9077,15.7316,10.667,8.31103,10.8779,8.88514,2.9136,2.01347,0.912469,3.3822,2.05685,0.752529,0.234989,0.113695,1.2542,6.78458,9.4241,3.74366
29.2842,56.2639,64.0908,20.762,10.9009,11.9215,4.48614,5.49951,9.72461,6.84514,0.882267,3.88606,3.86908,2.78898,1.50195,0.502613,0.165612,0.360263,1.03626,4.96788,10.9184,4.97983
35.6398,68.002,66.7777,25.9029,16.6679,7.15303,0.595008,0.341114,1.28115,0.827004,1.00055,3.70039,3.69395,1.5012,0.118165,0.026279,0.544587,0.566713,2.12001,9.21261,12.2434,4.82081
1.93504,1.26781,2.77588,9.80462,13.5628,11.1411,7.62064,2.04269,4.57525,3.97086,1.92803,2.84776,0.830611,0.976243,0.100375,0.243162,0.176365,0.55797,0.549689,5.67918,9.44186,3.57284
36.5859,65.002,64.3304,16.0052,6.04625,8.68363,8.7914,2.98761,5.33718,4.23595,0.873033,2.33174,0.329971,0.804924,0.241419,0.334108,0.465598,0.761549,0.551954,3.04452,6.62419,3.42714
31.0709,55.3447,53.8486,19.5344,6.56664,0.13988,2.15691,3.2226,0.643419,0.625073,0.311287,1.17821,1.1699,0.138627,0.65132,0.494732,0.550032,0.751705,1.4178,2.69058,2.50559,0.607184
3.05246,8.20171,7.65909,1.23903,0.916952,0.0971707,0.257754,2.49853,3.6929,2.71826,0.402408,0.189295,0.108963,1.00098,1.16039,0.342224,0.101702,0.198467,1.1147,3.05213,1.72285,0.404245
34.4121,57.726,51.1645,9.9415,1.47799,2.61926,0.598349,0.336798,3.51192,2.91358,0.548874,1.03337,0.922321,0.692697,1.18662,0.71921,0.348963,0.405614,0.091513,2.5967,3.85071,1.27722
28.2287,46.2721,40.6913,8.75301,1.12561,0.198771,4.25707,4.27811,0.348103,0.506417,0.452343,1.2933,0.0769016,1.54755,1.45896,0.573413,0.632373,1.01923,0.350845,1.73692,2.77505,0.893399
9.51509,9.63058,15.5206,70.9501,105.876,20.6882,17.0844,8.76006,8.18462,11.2742,19.2237,19.869,8.64421,0.880546,1.11635,1.13636,5.64307,7.24628,0.744664,2.68714,1.88405,2.30302
8.00267,21.9555,22.6912,31.7993,80.5265,67.7231,15.0857,2.52626,4.98996,0.265469,2.34969,7.66119,2.86204,8.19303,5.68089,3.50532,7.56997,11.58,7.2013,1.74488,0.407455,2.77197
20.8198,16.7078,16.459,12.6065,16.0003,3.27072,5.389,6.25951,6.8885,4.64668,1.28402,2.74242,2.20629,2.73176,0.327135,0.123257,0.00679449,1.59353,0.991866,0.909339,2.64375,0.96531
0.043666,0.568623,17.7633,20.6197,2.25334,4.9002,7.55667,3.22,4.4118,3.02291,0.597397,0.694147,4.81706,4.54572,0.748759,0.309772,6.24833,7.85601,2.98143,1.22866,3.79288,1.08334
18.1658,31.1857,19.4842,4.5727,0.478534,0.301225,1.75828,3.84553,10.911,8.46809,0.4765,2.42967,1.65904,4.18571,2.46581,1.58054,5.56858,6.36639,2.10923,4.63497,7.86722,3.07343
10.6015,10.3228,4.1787,3.98774,5.67633,5.10108,7.15185,2.48459,9.15376,6.87186,2.98034,6.0817,8.91665,6.31874,2.051,0.0321509,0.221724,0.539146,0.494462,3.8751,8.96116,4.42086
5.55459,3.11708,1.64341,0.4181,2.19116,0.456242,1.94393,2.84153,1.20582,1.41746,3.12311,6.40632,3.95763,0.569137,0.558486,1.03875,6.83052,6.86754,1.60509,5.43234,11.3377,6.66448
3.39764,3.69207,5.65832,7.13222,9.31223,18.2407,20.2126,3.50908,11.3489,8.46418,2.41073,5.78861,1.80717,4.78518,0.821884,0.0999251,2.05342,3.36713,2.57666,9.83231,14.6419,6.20915
3.55417,0.800286,0.350284,1.28295,3.92344,12.0176,12.8429,0.903531,11.994,8.74787,3.641,6.5866,5.81695,1.8351,0.210161,0.777102,2.86272,2.44852,0.376132,7.62657,14.8802,8.26015
2.81116,3.6982,7.96728,10.4386,3.73855,8.15438,8.75566,2.48601,3.19107,1.93081,2.77617,5.64256,4.91228,1.38289,0.712613,0.869461,2.69816,3.34405,1.28755,4.853,10.0508,4.85474
1.70466,1.78812,4.74789,5.71042,3.36694,7.55649,8.98926,1.65661,3.29087,2.55369,1.99515,3.37149,1.34534,2.33648,0.397263,0.684098,0.207275,0.529097,0.978143,4.06397,7.32501,4.09652
0.437417,0.273078,0.737578,3.54816,2.0159,6.03549,4.66767,0.496336,4.68357,3.80164,1.47683,3.10601,2.39923,0.271743,0.751864,0.337682,0.863262,1.05119,0.32681,1.37018,3.10393,2.0466
0.130956,0.656254,5.99013,4.13085,4.71231,2.89882,1.55411,0.942565,3.6563,2.33943,0.869041,2.16926,2.43145,2.16939,1.53665,0.649126,0.593863,0.493838,0.322443,0.787471,0.603444,0.14746
0.917389,0.29782,6.05492,12.3826,14.0555,14.6048,12.0207,3.0014,2.91047,1.54362,0.908028,1.28363,0.430215,1.62624,1.30604,0.555391,0.281725,0.116693,0.341395,1.18857,2.40366,0.81149
0.387896,0.0433952,0.769258,3.10763,9.73764,8.15669,5.23153,1.58198,2.87148,1.92865,0.580471,1.30513,0.137915,0.212303,0.482326,0.0540621,0.584973,0.416701,0.0395469,2.63613,4.58542,1.85678
0.283464,0.339919,3.83213,0.177783,8.90983,4.39235,0.788895,0.227132,1.59193,1.31689,0.500124,1.06776,1.10504,0.018685,0.936316,0.665946,0.127318,0.0385824,0.0555378,3.47542,6.49775,2.93557
0.213378,0.64127,3.9784,8.67522,10.1779,5.05841,0.374363,0.264323,1.29195,0.928489,0.406887,0.902692,0.755737,0.672963,0.875317,0.399771,0.237074,0.327265,0.213745,4.70187,8.64559,3.86175
0.0519991,0.213867,0.095539,1.90286,5.61913,3.75164,0.327514,0.316687,3.46291,3.05956,0.186469,0.830122,0.36276,0.293496,0.362529,0.242245,0.751792,0.574052,0.102059,5.3016,9.14577,3.60087
0.083834,0.344115,1.8935,0.589162,2.5018,1.40751,0.681985,0.106382,2.12849,1.83548,0.612144,0.648481,0.416883,0.289771,0.607099,0.571669,0.259522,0.0491279,0.586362,6.0828,9.55317,3.94239
0.0700818,0.235153,1.20294,1.76517,0.982684,0.656693,0.573408,0.350975,1.33489,1.08218,0.297257,0.193411,0.125652,0.12573,0.300236,0.193357,0.301305,0.195104,0.0645842,4.13676,7.32381,2.94582
0.0626836,0.17958,0.421021,0.425892,1.7497,0.737332,1.20604,0.0809249,3.04822,2.4738,0.360162,0.0198421,0.0685622,0.241323,0.14742,0.229312,0.273281,0.130523,0.853939,3.54184,4.78024,1.93247
0.16051,0.189585,0.318792,1.48046,3.29485,2.30448,0.655005,0.302482,2.03973,1.7442,0.205709,0.352251,0.339103,0.333984,0.533415,0.57527,0.117478,0.343859,0.318749,0.922414,1.82735,1.78998
0.219909,0.174891,0.101653,1.08011,3.45978,2.18081,0.943212,1.16164,0.723654,0.735415,0.122053,0.738994,0.503353,0.00925032,0.12507,0.0152259,0.144785,0.322558,0.344743,5.09249,7.50309,2.72308
0.0528463,0.0684248,0.105613,1.01262,2.38347,0.476101,1.29791,0.932125,1.61202,1.35754,0.59727,1.05175,0.845569,0.190872,0.146501,0.234249,0.149145,0.492249,0.0102832,7.58792,11.7974,4.49629
0.0896892,0.0185093,0.0607107,0.442243,0.720386,0.034948,0.307008,0.345517,0.702366,0.589618,0.30035,0.701079,0.362752,0.188791,0.184774,0.118727,0.290439,0.337901,0.766348,7.99633,11.3321,3.59594
0.100456,0.0544187,0.0304343,0.290261,0.685861,0.919142,2.57285,1.43711,0.566675,0.609106,0.0935927,0.492413,0.0734561,0.444611,0.433505,0.285753,0.0513651,0.0975464,0.717361,6.08157,8.07097,2.62065
0.0853219,0.0695862,0.138932,0.688169,1.9088,0.0317217,2.26721,1.56172,0.923624,0.690467,0.436568,0.69903,0.519282,0.131896,0.0677501,0.299336,0.415104,0.655411,0.106625,1.14475,0.698417,0.224854
0.13308,0.010234,0.0518506,0.829426,2.42079,2.00153,0.353828,0.219945,0.289415,0.131612,0.13552,0.27628,0.201076,0.0193506,0.119256,0.165668,0.30793,0.330189,0.240488,5.81473,10.3911,5.09658
0.0778359,0.445682,1.6365,5.02365,2.19078,10.3373,4.35378,7.50305,12.1626,5.22802,2.96272,7.14745,1.45338,6.75165,6.57846,6.06038,6.97193,2.97996,2.32553,13.774,20.6123,8.73773
0.275297,1.20101,8.00126,11.1652,1.03229,10.2283,5.0565,3.31079,17.2056,14.9157,3.63876,10.3972,4.13542,12.2048,4.4752,0.0872224,4.04815,6.36309,4.00143,9.76319,20.0861,4.7722
0.0411262,0.300335,4.917,9.04725,9.0306,12.0647,9.436,2.01475,1.5352,1.80181,5.72306,12.5311,8.23987,2.02215,1.43191,1.82992,8.23855,10.5138,5.66427,15.4239,24.2629,9.05023
0.210761,0.279774,0.0638386,3.07594,5.77732,1.62546,2.53139,2.75707,14.8699,12.321,4.8858,11.78,16.9497,10.327,0.885973,0.252265,4.16579,5.49653,2.10668,9.24471,16.635,5.77708
0.126041,0.371357,4.693,2.49462,4.82233,2.94047,3.57632,1.92358,15.2144,13.048,1.4652,6.57085,1.88831,1.32608,0.333867,0.189575,2.83206,3.97365,2.80769,6.38272,14.3659,8.49709
0.328401,0.71558,7.1926,13.6484,11.8712,10.2738,11.1227,5.55251,1.18124,1.35973,2.33174,1.20641,8.34666,9.697,1.79518,0.802014,7.09489,8.67027,4.84599,8.2649,9.66857,5.09367
0.255749,0.649655,6.64041,8.26013,3.2048,17.8523,17.7951,10.0262,13.837,11.0602,1.07117,0.456091,4.30629,4.07143,0.536596,0.494587,2.5269,3.53358,1.66051,1.11762,0.721445,1.83454
0.225913,0.0307698,2.18634,3.53643,1.43699,0.0668123,1.46072,3.99823,16.3216,12.3113,2.81663,0.809776,6.1379,8.04621,2.18713,0.590769,3.71782,3.97858,1.79654,5.60218,7.29135,0.904094
0.167739,0.232486,2.48705,2.31542,5.48326,18.6247,20.799,5.12876,6.51271,4.53432,0.717036,5.99713,10.2943,7.65438,2.57857,0.0443142,3.35375,4.32167,1.74077,6.64228,13.2015,6.38038
0.192902,0.820593,6.80513,12.6205,10.4456,9.29374,10.7156,7.23138,5.74435,4.4831,1.1431,4.79462,4.89111,2.09325,0.6868,0.0743271,1.2555,0.8079,0.904971,11.0042,16.7645,6.24963
0.397135,0.376624,7.3005,6.08252,2.19412,3.87668,4.15689,6.3666,12.2213,8.29343,2.66398,1.91746,3.68513,4.59594,0.0464646,0.875431,1.93106,2.07741,1.70553,11.3019,17.1177,6.98492
0.00336082,0.499466,2.96827,7.9462,9.66467,6.5498,4.34866,6.19432,10.0623,6.71066,0.32634,3.57085,3.66894,1.18413,0.178293,0.287081,0.224528,0.238979,0.0143658,7.33836,12.8608,5.6661
0.0724689,0.0659807,3.11974,7.80752,10.9778,14.4993,11.5911,5.13723,4.06371,1.99891,0.535488,1.95862,2.53418,1.75989,0.414678,0.127565,0.419869,0.469011,0.0928531,3.89726,7.62093,3.95804
1.12207,0.541483,7.54006,6.55216,2.58346,1.84223,0.40026,0.771214,0.159745,0.660633,0.364044,0.528107,0.0415168,0.254579,0.0129185,0.0794799,0.085504,0.0643069,0.11563,0.736892,1.90676,1.02493
0.451354,3.4191,32.4706,0.723149,78.8769,35.5209,38.4767,33.7224,10.9545,1.10701,9.7532,11.7134,2.41876,5.77365,4.49512,6.69718,0.821437,4.83392,6.55321,3.71307,2.18636,3.20389
3.03409,3.00887,61.056,200.276,203.128,62.6767,7.92705,4.22733,3.66313,2.12388,5.07637,17.2425,14.3075,0.0219681,1.07035,5.43857,3.22664,0.726876,3.59072,2.40378,0.773012,2.94404
1.52773,22.1898,108.844,130.257,35.7477,7.58745,4.07289,5.36493,1.22446,0.882141,1.67646,1.31219,0.702518,0.175059,0.0752742,0.49809,0.0190937,0.466716,0.269741,2.16594,3.4541,0.903262
1.5548,40.5618,70.5353,22.2878,10.5043,4.56306,3.40814,0.40331,0.52371,0.370973,0.217463,0.589267,0.52859,0.349728,0.512692,0.348616,0.23566,0.916504,0.745657,2.51042,4.6417,1.77285
14.7505,37.4981,40.3166,2.31323,10.4048,3.24339,0.622475,0.0467125,0.222138,0.389324,0.277416,0.459652,0.175173,0.0799862,0.0896503,0.177563,0.0101359,0.0103221,0.235254,2.55139,4.82798,2.11395
13.8505,14.4828,6.13882,0.497451,1.42282,0.00882588,0.446173,0.0541601,0.169674,0.348835,0.157485,0.00845169,0.144901,0.158608,0.00293817,0.0368657,0.0422316,0.0585037,0.20865,3.28072,5.00515,1.72165
8.90727,7.63726,3.38383,0.529674,0.783275,1.76459,0.917549,0.532194,0.457185,0.209831,0.0261636,0.201526,0.305076,0.104797,0.0805527,0.0237615,0.107666,0.256867,0.0510387,3.13769,4.8681,1.75385
8.6472,5.70228,3.72274,6.82437,1.50901,0.273362,0.2999,0.406225,0.457252,0.332602,0.000841243,0.0460328,0.0716859,0.0641734,0.0611476,0.130586,0.308033,0.216397,0.162002,2.30295,3.67517,1.42813
6.87659,5.52588,0.360026,3.72009,0.735766,0.409666,0.098195,0.0832641,0.0878235,0.102061,0.0601257,0.0142709,0.0403149,0.0299066,0.0271503,0.0167805,0.000841245,0.0506244,0.0855235,0.66748,1.33838,0.462303
3.42255,3.61761,3.90199,2.44511,0.0821954,0.519985,0.207797,0.101029,0.37584,0.357198,0.116581,0.0967783,0.385637,0.637917,0.252238,0.169981,0.314052,0.419025,0.447249,0.777379,0.647841,0.0418064
1.63635,1.22352,0.279996,0.202987,0.516466,0.449133,0.532515,0.524719,0.380222,0.0198379,0.105879,0.163543,0.0576941,0.190117,0.0250815,0.21709,0.121119,0.000149394,0.520044,2.17058,2.54316,0.844991
0.238894,0.400832,0.167738,0.252015,0.267546,0.167487,0.0371838,0.00675986,0.0711069,0.0814233,0.0983949,0.365036,0.501698,0.33627,0.0837191,0.0680263,0.0667703,0.125017,0.0282635,1.60995,2.26916,0.517729
0.280977,0.0674041,0.110347,0.118846,0.144765,0.0691275,0.244922,0.158098,0.132777,0.14195,0.133188,0.385119,0.133179,0.102475,0.0724941,0.0800761,0.102016,0.0791497,0.147501,1.33067,2.12074,0.839198
0.149989,0.101696,0.00727724,0.0114567,0.0687557,0.0486867,0.000794383,0.0220631,0.0102759,0.0137088,0.211017,0.33748,0.0514827,0.29746,0.0770532,0.00682909,0.0118712,0.0652956,0.101046,1.19824,2.05291,0.789288
5.49693,5.94551,26.5597,21.5013,48.2462,22.942,33.7869,5.0914,9.50959,4.55045,2.25506,4.25321,0.407205,4.00316,4.46479,4.84847,2.45657,3.67262,0.487178,0.981602,2.03811,1.03259
0.76421,7.07213,37.0243,124.136,141.745,79.984,10.6165,2.08142,17.9039,22.1512,20.4647,12.9142,1.75651,9.15274,3.97835,5.77811,4.73774,1.70983,0.268364,3.44644,1.54422,1.1783
2.36305,22.3587,87.1765,118.236,45.4799,14.3371,9.31046,7.95206,12.0002,7.61306,3.77522,0.0681761,7.62203,6.45616,1.10336,0.535924,2.47247,3.94147,1.70542,0.574616,0.851314,0.280983
0.669227,46.7727,98.2481,51.0947,8.2059,13.8849,4.17222,4.43369,7.86237,5.86447,0.646338,0.606293,4.07124,4.56803,2.62176,2.83978,3.7692,2.3631,1.03933,1.60177,0.507347,0.542815
13.2555,38.7174,45.8347,9.91509,7.27508,6.66901,0.404664,3.50952,1.30828,1.70955,2.38679,1.09054,8.02555,6.89406,0.504198,3.67821,5.54125,5.08531,0.836721,1.0191,0.873272,0.509029
17.6418,25.308,20.7228,1.82429,10.885,16.3353,10.573,5.78951,7.85737,7.94234,4.57086,1.58374,0.79378,0.742986,1.2361,2.11173,0.945814,0.738667,0.917442,0.953332,0.901289,0.219766
4.7853,5.06963,1.12628,4.47671,9.75052,8.79018,0.826345,4.88733,7.43196,9.68603,6.00118,3.74153,7.34245,6.69644,1.99178,0.527767,2.51936,2.97132,0.0115405,0.181056,0.180759,0.202114
7.65048,19.3659,30.5794,16.1577,1.98729,0.676994,8.40347,8.16951,5.65698,5.29983,4.84955,2.63474,3.00599,2.44408,0.44662,0.11142,0.894752,1.2124,0.304928,0.437121,0.76905,0.0319941
15.6299,29.6023,25.4641,7.49636,12.4008,10.1598,0.656863,0.78423,1.70859,0.920941,1.80434,0.555241,2.67562,3.16888,1.43476,0.303332,1.18734,1.25661,0.00789747,1.42333,2.60813,0.87899
10.2159,12.8165,4.06168,18.5907,10.3772,11.0215,16.1978,13.6573,5.67795,0.834471,0.0126828,0.655843,1.55943,0.86206,0.0875333,0.0874762,0.849339,1.00842,0.107727,2.43226,3.20863,1.2475
14.7645,16.851,7.95516,2.34737,16.8909,15.2781,6.0504,10.4691,2.32733,1.07249,1.59568,1.33734,0.69034,0.461205,0.853304,0.478776,0.163358,0.719182,0.623444,0.592099,1.32578,0.471239
35.4702,49.1445,25.9394,16.6989,16.2967,4.38507,2.42711,3.92571,2.72921,4.90474,1.58975,0.497165,2.15843,2.81144,1.41115,0.956335,0.315177,0.359768,0.131476,0.574026,0.64094,0.0593575
39.1356,58.3984,42.3749,5.51309,11.8931,21.1965,25.6003,15.923,3.39908,6.41729,2.05832,0.265353,1.70822,1.35196,0.498913,1.0499,0.0804176,0.0091979,0.764989,0.897582,1.73281,0.53064
15.3477,27.0403,31.0536,17.7871,12.6833,4.85482,10.0064,9.33183,3.85505,4.43361,0.74232,0.164851,4.37593,4.71042,0.128962,2.04208,0.430886,1.56816,0.312594,2.63459,2.12651,0.361932
23.8088,26.9254,8.3639,1.41182,22.1473,17.6451,10.4296,5.97256,7.83046,8.75926,1.8572,0.978386,5.10614,5.79931,0.384668,2.61047,0.267559,2.79275,1.49386,0.667834,0.0120407,0.629318
50.4353,75.8295,68.5689,7.98221,26.1395,28.8203,29.9287,18.9733,0.933529,0.270737,0.284732,0.859694,4.54286,4.44586,2.98394,2.69455,0.450652,1.01895,0.912018,1.53536,0.96293,2.4213
49.8986,82.8364,75.7479,27.136,20.2505,19.3644,20.6612,17.304,11.8303,8.1706,0.183359,2.65621,6.81707,7.28179,3.64596,3.16896,2.8371,4.02881,4.84671,5.4046,4.00698,0.0746473
25.2266,31.2603,7.00721,17.0443,4.78732,2.61194,6.22064,1.66683,7.263,5.50781,0.0665445,1.30582,1.65974,1.80352,1.13909,3.9668,4.63837,4.73776,4.1778,0.430004,5.19285,4.83388
26.681,41.9508,43.5031,25.8381,18.9001,19.5955,29.6723,24.386,14.4394,11.5188,2.69783,2.15363,6.02449,5.76899,0.74028,3.73192,2.94095,0.60589,0.474551,5.25499,5.38319,0.935382
61.5393,83.1473,41.7952,31.9118,34.974,25.9599,30.1148,26.6326,15.8598,9.08624,1.99874,1.41473,3.1026,2.82569,0.593691,3.79645,3.97356,1.5375,1.04629,4.29143,8.18174,5.97163
64.9595,88.2284,49.9449,0.897668,25.9515,22.5826,6.3456,1.63272,5.71748,5.46418,1.48782,1.16475,0.0561922,0.520112,0.908937,2.16925,1.95922,3.20337,1.28607,1.12137,3.87283,1.23941
25.0834,46.7456,59.3986,24.9426,11.7089,1.15242,25.8934,23.2427,16.6941,11.0424,1.36245,0.16588,4.0394,5.7804,3.97921,1.72945,1.65284,1.12576,2.27031,9.61781,10.7601,5.66756
22.1546,29.1544,9.78709,9.89944,4.45625,7.95714,35.2431,30.3279,9.7226,5.88431,1.86089,1.32006,4.66598,4.24846,0.96725,0.573657,4.27671,9.55846,9.61868,5.36183,0.262032,2.31585
68.1453,101.836,98.2631,28.8615,14.2079,24.2556,25.7906,12.0781,10.3004,8.46797,1.82352,2.54199,2.1323,3.83625,0.789287,0.643662,6.97075,13.1419,12.3551,8.95915,7.38614,5.07074
66.5484,101.505,86.2093,28.9777,21.4131,3.74012,12.4007,10.7457,15.9619,12.5165,0.341326,2.9717,9.0124,9.24194,2.43459,1.19967,1.11825,0.867579,1.76852,3.1238,4.56702,4.50315
37.6171,45.2868,8.3105,33.3515,33.1317,12.0543,30.0384,25.8515,1.43827,4.77582,1.94698,0.138087,2.74883,4.01991,0.896632,3.21432,3.00492,9.58105,7.08507,3.4158,0.276515,4.76817
11.3163,23.9811,29.9898,8.70623,9.60081,12.1285,45.6291,25.7735,13.3537,15.7351,6.00665,1.17404,16.2368,16.9493,0.853729,5.18059,3.94707,11.2698,9.24297,4.54625,2.87941,6.20953
64.6343,81.8757,32.4054,23.748,6.53006,14.3132,6.40751,5.16791,10.213,11.4601,5.18591,0.0497287,3.8651,2.04825,2.4126,4.09479,2.25155,3.71218,3.84355,8.42897,2.89366,2.29969
68.9286,96.5857,62.9942,2.36152,9.12466,12.162,16.3371,19.3801,2.31725,3.07507,7.04008,10.978,20.3103,20.8221,11.7093,8.19324,5.47897,6.50838,0.8155,5.08734,2.10332,5.7112
39.1732,65.2245,77.6083,35.9604,4.08574,25.5138,52.3959,27.8926,7.90894,5.04488,7.85607,4.06534,2.90781,3.4588,2.80394,6.33216,7.03102,6.35509,1.03966,7.98909,7.18958,1.06266
18.2017,20.6465,9.94064,8.51264,31.892,27.2082,18.4351,23.1351,4.01282,8.565,13.6194,4.35734,13.272,15.4555,1.50365,8.29615,12.8825,6.98939,1.35954,4.0638,7.25375,0.110845
58.5456,95.6789,99.8999,45.9616,6.59873,20.0894,15.7507,6.47859,14.847,18.6467,14.2231,4.53908,3.07661,3.3783,3.57857,5.18263,4.89468,2.618,3.02224,0.683822,7.32532,6.33512
71.2677,103.363,76.5778,0.332019,30.8205,48.878,43.1955,14.1031,11.254,15.7251,10.6084,6.08334,13.1208,13.6433,4.81539,2.80425,1.98688,0.0142367,9.65076,12.1906,4.44705,2.86037
51.8707,59.3806,11.5007,28.7584,22.2281,18.0667,23.3917,29.6281,2.83367,4.73681,8.46684,6.07619,4.98751,5.16244,0.87451,3.37401,3.36604,3.04266,6.22948,6.05196,3.17947,7.32414
7.33262,9.06803,3.81075,3.58493,12.3588,41.5959,43.5831,24.7432,15.8268,5.85888,5.16547,1.30539,15.8009,13.7699,0.385789,2.12523,4.21126,6.49647,1.84817,0.873832,3.32537,6.10724
58.2689,71.5748,22.8496,20.3904,33.0063,51.9303,19.1145,3.72085,15.2094,12.1146,1.26612,1.27887,6.27824,6.48332,1.47812,0.704526,0.942109,3.79533,7.48898,3.61063,1.51452,3.09549
71.834,103.839,82.0331,3.06455,4.45259,13.3186,10.2439,20.7296,1.8544,1.04766,0.74047,3.29075,12.4702,10.9163,1.32893,3.92145,0.920798,1.19406,4.84181,8.63945,7.49346,5.82229
52.7485,83.4745,86.5144,47.2357,47.0099,61.6823,54.5842,28.9591,13.1774,8.96115,1.40609,1.27681,8.34017,7.13716,3.49399,3.67273,4.02179,8.5111,1.37101,0.563439,2.29826,0.379439
0.468488,1.26251,9.55394,17.6759,0.326807,13.8637,10.0798,19.7567,13.0591,9.47403,1.70501,1.17125,8.05565,8.94578,5.19078,6.09505,0.891548,6.07361,4.90295,0.862895,3.45767,0.857151
46.8879,73.7117,77.1902,32.2078,11.4337,31.2113,15.0902,5.00983,9.74199,5.72592,0.0272276,3.193,9.00077,6.77578,3.38392,6.79667,4.12566,0.684628,2.92395,4.57113,4.22939,1.68783
68.8312,95.6541,59.8655,12.9135,30.9718,42.9202,36.3067,15.0662,4.33193,4.35572,2.68364,1.29363,6.54733,6.15509,1.61236,5.25428,5.30198,5.37107,1.25144,1.35092,0.530233,1.18261
58.8877,75.2391,33.1314,9.09255,3.56097,0.179582,21.0925,30.3371,19.0876,13.6029,5.90489,0.622615,7.00513,6.98522,2.30635,2.50661,3.62461,5.05653,3.93465,0.9546,1.16537,1.93616
12.2746,20.0613,26.698,3.17433,36.803,50.5674,40.0438,23.4214,12.9255,9.84648,4.06049,1.30686,5.28381,6.39073,2.08465,0.211473,0.337856,0.385346,2.16811,2.15541,0.491132,0.320923
37.0818,47.1824,18.0782,26.8671,19.2294,0.874779,2.71399,1.53962,6.43242,1.52362,2.85894,3.41326,6.93087,6.05816,1.89526,1.38977,1.7474,1.83891,0.0132233,0.991597,0.75955,1.10895
62.6491,93.3812,79.1773,25.408,26.8456,24.8603,3.12986,7.49713,10.9019,6.92428,0.385333,1.4099,5.92167,5.68231,3.41791,2.68764,1.89936,1.8975,0.849248,1.23821,1.59658,0.317619
60.15,88.6911,78.4537,18.295,3.90702,7.3122,17.7364,11.1978,8.40898,6.38285,0.0586605,0.968386,7.60479,7.25076,0.377997,2.91451,1.3179,1.63017,2.50093,2.43801,1.60373,0.354981
27.4068,31.1623,5.64837,14.2213,1.68418,0.836447,14.4808,13.5525,6.39996,3.97944,2.4757,0.526794,3.10151,3.86655,0.133531,2.3095,1.21039,0.575371,1.54999,1.34181,0.22092,0.412635
17.119,29.0183,31.1235,13.7746,2.89395,5.05814,10.6698,4.79207,3.79009,1.87447,2.44985,0.892871,7.72992,7.03056,2.33989,1.51684,0.702144,0.386547,0.399447,1.15976,0.830671,0.494503
56.2797,72.3351,35.581,10.3375,7.80506,13.5096,6.36412,0.889783,8.48007,4.66488,2.28355,1.47311,0.617217,1.41779,0.929254,0.726152,0.0849536,1.02062,1.06544,0.79318,0.383068,0.0581493
61.4982,83.9805,57.1405,4.31782,12.1186,4.50921,1.41545,1.35288,4.85529,1.55523,2.00897,1.84238,4.18889,4.32868,0.774441,0.318236,0.163378,0.437047,1.53882,1.99604,0.399532,0.343328
38.4193,58.3454,55.065,27.3596,21.8365,13.5573,4.37152,1.33627,1.13789,2.48669,2.19209,0.815086,0.336065,0.714787,0.179863,0.0169036,0.447364,0.801858,1.10113,2.29296,1.0657,0.0159796
7.82617,5.08986,1.90179,10.7596,15.2467,10.2634,6.294,6.16557,5.39506,4.19729,2.27658,0.725468,1.34373,1.28972,0.369957,0.557775,0.807696,1.59081,0.269583,0.567802,0.0461131,0.0923494
29.594,44.2929,40.789,7.994,8.03986,5.86843,3.76785,3.68271,1.97385,1.74384,1.4112,0.656894,0.395416,0.767069,0.00610896,0.657506,0.0393298,0.606526,0.521183,0.079082,0.411737,0.140289
50.5413,65.4909,38.3241,1.21072,8.12855,9.41022,1.74373,1.88137,2.81454,0.550426,1.27628,0.665161,0.162687,0.234301,0.500619,1.05202,1.01785,0.881065,0.348622,1.23381,0.847995,0.621984
52.2741,67.2714,42.2538,4.17447,5.84996,4.14154,8.27534,4.73583,3.11841,1.90417,0.666897,0.608456,0.244163,0.559142,0.871486,1.08828,1.33068,1.42494,0.185933,1.69812,1.66467,1.32009
35.89,47.6122,37.0155,12.4341,12.2691,6.99683,5.18528,5.89149,1.26435,0.110678,0.500715,0.168964,1.22566,1.92493,0.922171,0.73326,0.961404,0.65817,0.614439,0.549649,0.202348,0.361832
14.1632,15.3264,3.9908,1.23546,10.946,8.15504,6.90347,12.9847,8.35547,4.21453,4.18842,0.534953,1.56906,1.81606,0.314494,0.456695,0.215489,1.77716,0.473911,0.667232,3.00235,1.4852
2.72221,14.3129,84.0919,173.677,161.479,80.8354,28.881,11.1524,25.7369,3.06337,15.9948,11.7468,1.78877,5.20643,6.79991,5.76165,3.35866,2.03102,2.79663,2.12935,4.21653,2.78124
10.0206,19.5913,103.576,150.968,37.8749,26.713,0.558614,7.40687,13.7002,5.03549,5.18992,3.46633,6.79712,6.87292,3.06877,1.72818,1.64617,1.62072,1.29753,1.24382,0.271226,0.0811492
20.2986,24.0313,29.8659,30.9816,10.4891,10.1855,7.53129,0.714437,3.0086,3.63578,2.13592,0.297078,0.616194,0.651339,1.80558,1.88486,3.54555,5.0876,1.16299,1.19028,2.18406,0.827957
19.5226,26.501,4.80028,20.7136,14.8533,7.1701,2.32225,1.5092,12.2183,8.13531,0.543371,1.705,5.82474,5.69329,0.0951976,1.38743,1.7827,3.07952,1.20884,1.34691,2.71067,1.2068
1.2951,8.22268,5.60036,4.25549,2.69271,1.84317,6.04033,0.288811,9.5515,5.67657,1.58632,1.78287,2.95356,3.02306,0.403887,0.0357517,2.03685,2.14352,1.21937,3.34013,2.64926,1.15974
6.50275,4.87887,3.82416,8.15176,2.75767,3.52198,8.68533,8.03414,4.55457,4.74825,5.56073,1.42135,4.20081,4.1569,0.209601,0.858712,4.35415,5.3339,0.428567,1.20092,0.476473,0.231551
3.55071,5.98896,10.374,9.3455,0.520621,2.62996,2.74666,6.38619,11.2175,12.7777,8.16595,1.6361,4.41365,3.9807,2.41111,2.69442,0.667232,0.626588,0.669143,1.81591,1.99137,0.635656
3.98089,6.93599,12.933,6.62998,10.6563,15.507,7.27462,4.38799,10.2972,12.0237,7.30036,2.45007,0.626055,0.759486,1.69019,2.97293,4.34081,3.78748,0.19989,0.478097,2.33275,0.600228
2.05124,1.23292,11.2721,7.65487,0.205763,7.18051,6.17229,1.87836,4.40617,5.31878,4.73232,3.17474,4.59434,3.60489,0.609846,2.01803,2.9016,2.78284,0.919276,0.760402,1.58309,0.285267
0.386529,0.964088,1.44811,8.97882,21.5259,19.7522,1.44579,5.15832,4.76391,3.17413,0.692768,1.77545,3.45008,2.79452,0.533598,0.0773442,0.968371,1.08133,0.364815,1.54872,1.80029,0.686584
2.65144,1.55198,10.2274,13.6804,4.37007,10.8782,12.7509,6.92176,7.41135,5.88256,1.70758,0.263683,0.838136,0.934739,0.0775887,0.24873,1.22211,1.4388,0.0652589,0.510344,1.85819,0.819955
0.522345,0.785506,0.846291,5.26029,17.2882,14.9769,1.17848,5.2464,4.17179,4.81204,2.81963,1.40913,2.69162,2.60715,0.65547,0.271622,0.382425,0.420571,0.23696,0.769401,1.27362,0.161323
0.0934232,2.30341,8.14741,4.23218,2.20118,5.06271,8.62859,4.59038,2.3527,2.09945,2.31064,1.3212,0.877137,0.419284,0.393755,0.115665,0.641831,0.635678,0.0931646,0.941856,1.00615,0.0565196
0.366133,1.18262,4.65852,2.39749,3.64401,2.79935,1.17631,2.11603,1.56129,1.4936,1.62887,0.595549,0.965674,1.01403,0.0138714,0.293026,0.239718,0.185766,0.352245,0.206631,1.28871,0.89866
0.617308,0.625302,4.11729,5.02625,2.74397,0.5802,0.219488,0.275348,0.517471,1.09176,0.711846,0.0451189,0.7885,0.670887,0.448037,0.665196,0.479372,0.297331,0.370851,0.337983,0.00567857,0.48736
0.308347,2.00403,6.8956,4.779,2.93787,3.34593,0.581097,1.23986,0.310604,0.106626,0.197375,0.120827,0.307485,0.307995,0.321807,0.64926,0.488024,0.0139411,0.235372,0.448892,1.05317,0.441028
0.0888537,0.440423,1.14752,0.883662,3.79785,2.029,0.627755,0.677421,1.45874,1.44339,0.147321,0.113706,0.134626,0.127247,0.43204,1.05422,0.929798,0.273254,0.425276,1.34916,1.57187,0.744451
0.00284378,1.07377,3.35176,4.97458,5.46139,2.71954,0.539381,1.62811,2.77438,2.01021,0.342625,0.121765,0.138743,0.0101587,0.443925,0.902409,0.418778,0.0403691,0.196493,0.501254,1.15516,0.428728
0.0884607,1.00096,2.68482,4.24048,6.39952,4.93135,1.09387,0.477717,0.740093,0.519655,0.363441,0.0303764,0.359767,0.163822,0.377392,0.348898,0.420038,0.528795,0.236255,1.0629,1.75025,0.924649
0.0586136,0.289866,0.373897,1.78557,3.30807,1.98717,1.4982,2.45847,2.88799,1.16766,0.705805,0.396815,0.268623,0.0541773,0.485675,0.380723,0.0354908,0.0956753,0.069837,0.815913,0.997231,0.164425
0.0842676,0.325042,1.05592,0.0483451,2.69261,5.06496,4.14464,0.63977,0.477655,2.72252,0.861439,0.391244,2.4205,0.844743,1.24551,1.66706,1.34555,2.58101,0.226206,1.15257,0.570922,0.700523
0.412881,0.0305513,0.561022,0.41174,1.19413,5.13577,6.51833,0.434902,5.14244,4.24712,3.14475,11.3755,10.6832,5.7213,2.79798,3.8032,15.149,15.4739,5.36831,0.391609,0.759092,0.0672821
0.0538648,0.248843,0.177172,0.478275,2.30469,4.32565,3.50058,3.15871,6.4445,3.73922,4.91214,17.4035,14.6617,3.84558,2.31936,3.00134,4.03484,0.917326,4.83546,2.44971,1.3753,0.936909
0.223696,0.215424,0.173541,0.753542,2.55951,8.27715,11.0955,6.4285,6.19839,4.35601,1.78471,5.13976,3.16412,0.402775,0.981394,1.62921,11.1271,8.79523,2.08335,2.11976,0.0198261,0.137884
0.108663,0.106395,0.0534684,0.816942,3.39427,10.3944,13.4696,7.36917,4.21954,3.63204,2.31392,20.1169,25.1019,7.50472,0.589355,0.368987,4.41384,11.209,8.0885,1.13581,0.473233,0.221407
0.0838996,0.0480404,0.0323716,0.481216,0.781669,5.93258,10.5704,5.40547,0.517303,0.0954319,2.07307,22.3643,30.1551,8.40647,1.87768,1.21453,5.46433,2.33942,3.09813,0.565998,1.83906,0.895812
0.117269,0.080673,0.00107585,0.00229301,0.76795,5.54267,7.83924,2.99232,0.989312,1.93456,0.00473538,3.4402,10.098,5.57887,0.703009,1.1788,9.06549,13.4735,7.44012,0.521587,0.990372,0.151252
0.0539189,0.0509885,0.139539,0.790224,1.36399,2.83915,4.47025,4.20334,10.3646,7.80454,4.09468,11.3822,8.52822,1.94709,0.378454,2.94683,0.712342,3.19661,1.36725,0.327286,0.565162,1.25541
0.513365,0.244612,2.6133,1.41344,3.91273,6.70166,3.01032,10.6477,16.9177,13.6023,3.983,7.44152,6.18548,8.66025,0.258114,6.78427,7.974,7.55199,2.70667,0.105175,1.14847,0.552988
0.338568,0.963382,0.251527,2.87635,18.7204,26.7,12.3747,4.56763,14.146,16.1472,10.9392,2.35683,13.3116,8.813,0.792717,6.23942,11.4022,10.037,4.39113,1.69729,0.927156,0.304704
0.321553,2.3833,9.6186,10.8233,2.40046,15.8564,11.4325,12.2149,29.8096,28.3601,14.0432,1.32773,14.0042,12.7357,3.28175,1.56063,0.296392,0.727168,2.17495,5.82604,5.70445,1.16565
0.188164,0.716119,2.24666,2.41278,10.1568,14.5011,2.36714,7.10493,16.1605,21.4094,14.7177,7.23019,5.94848,5.33406,1.25847,1.11617,5.0724,4.37258,1.36467,1.87445,6.84889,3.32799
0.726336,1.81521,8.69783,10.1467,13.1636,17.883,11.6276,0.9961,10.6779,3.90467,9.37746,7.71726,10.7709,10.1706,3.31224,4.29064,7.33807,6.2437,2.69447,1.80946,3.38623,0.00335883
0.0209879,0.931994,3.35248,5.2326,0.294854,11.7189,10.0994,9.02112,27.46,18.6526,6.49634,4.95073,2.97554,3.63813,4.05172,4.08443,0.676208,0.357839,1.52822,2.99669,4.10551,3.68205
0.55329,1.71315,8.02144,4.71176,11.7955,7.24538,14.5965,19.9183,18.6427,8.47834,4.15604,2.25602,11.4728,8.42677,1.75935,3.7863,3.4918,4.65224,0.160613,2.04229,1.98442,1.02844
0.152763,1.28063,5.11463,1.81331,5.01933,9.54476,30.2035,16.3773,10.1217,11.8153,4.19189,1.80334,1.70378,2.2171,1.16,3.79054,0.669911,0.674736,1.02594,0.648355,2.40305,0.819482
0.67612,1.46175,6.63922,8.60304,7.95805,3.66845,23.4229,8.25175,23.6107,17.629,0.849086,0.0603978,6.14232,4.91337,1.09545,2.57375,5.9773,4.28357,0.486883,1.95423,2.71824,0.423451
0.693361,1.39734,6.64913,7.9829,6.82935,3.27562,4.07755,0.161166,8.53215,2.76199,3.8961,0.646895,3.09657,0.926531,0.673974,0.850985,1.53756,3.18919,2.10233,0.507059,0.894348,0.878054
0.548632,1.17174,5.27522,4.92907,6.91023,6.6575,8.84093,9.48045,9.00497,14.8829,8.14362,4.23167,3.24288,0.56357,0.349812,0.946067,3.30811,3.86383,0.47705,1.92008,1.55288,0.416157
0.66528,1.97188,9.06086,8.19233,3.98681,14.6295,19.9706,11.9582,4.06551,8.47205,5.40795,7.25044,9.69073,4.91114,0.124231,0.323072,2.94937,5.15513,1.37193,1.42409,0.0587339,0.504023
0.051455,0.406341,1.81458,0.595313,8.90743,10.1892,1.74812,7.23775,10.6757,8.6224,0.444384,2.95107,4.88658,2.59636,0.43101,0.874201,1.14011,0.0360385,0.203669,1.51694,1.11131,0.325442
0.881866,2.16392,9.12385,7.62719,3.63602,3.1131,4.81137,1.10987,15.1523,13.576,1.88469,0.286528,2.633,1.94212,0.300703,0.229248,0.210556,1.31586,0.877514,0.131513,0.492041,0.345185
0.121506,1.43765,4.0803,2.23722,1.42799,9.40099,18.51,11.4821,2.16944,1.40083,0.819213,1.7014,5.50742,3.91475,0.282917,0.381703,0.13099,0.940628,0.420247,1.1026,0.953483,0.36439
0.259554,0.844283,3.53622,4.35934,2.70378,10.4867,20.778,18.7315,19.7034,15.1186,2.11003,3.3621,4.73557,1.60958,0.460225,0.114278,0.0512413,0.703068,1.4885,1.00868,0.170954,0.242768
0.165987,1.78147,5.11881,4.11319,0.636509,6.58122,17.5432,14.3616,14.1265,11.3336,1.12781,3.51175,4.58262,2.1216,0.0332234,0.495237,0.317181,1.42449,1.39143,0.467676,0.66719,0.436892
0.275291,1.03708,1.53042,0.949954,1.32173,8.58955,15.5526,6.06941,5.89234,4.73139,0.998405,1.15255,0.659554,0.399936,0.0667401,0.174515,2.01696,2.032,0.0373732,0.106384,0.489559,0.275807
0.74716,1.48235,2.32857,1.26171,0.144856,4.92472,11.7204,0.213471,19.8553,14.1714,1.26086,1.40408,4.32364,3.94094,0.294524,0.474424,0.207164,0.066902,0.620308,1.64836,0.991327,0.0185204
0.323192,0.757193,0.0284562,0.423702,1.15273,3.62497,7.42412,4.0008,22.6504,15.0396,0.73948,2.48955,4.71674,2.70288,0.529553,0.444434,1.08674,2.41147,2.25543,1.14056,0.486141,0.172277
1.43542,1.06183,0.0290561,0.0307677,1.61606,0.606586,5.59898,16.2355,25.3882,13.9204,1.31327,0.0844362,1.39263,3.22321,1.84948,0.362269,0.418005,0.779514,1.23224,0.926288,0.0984284,0.0156724
3.72262,6.01778,4.52325,0.0177447,1.04145,3.35002,17.9832,32.4376,31.0097,13.5169,0.502933,0.540811,1.47186,0.693675,0.159964,0.809198,1.90453,1.14439,0.854191,2.40229,1.17119,0.746639
3.25521,7.20501,7.0258,1.5565,0.626819,1.35932,6.83912,18.1206,8.71568,0.712511,2.93007,2.6218,3.81973,2.03921,12.5188,12.7773,5.31486,4.12081,4.18765,0.594235,2.97701,1.05481
3.73906,4.21139,2.27693,0.315972,0.506788,0.555546,11.0956,13.142,10.6675,16.2255,2.80743,1.64552,3.38259,8.4181,26.0264,24.7368,28.6502,30.8971,10.8375,0.0556003,0.915957,1.0778
11.1102,18.2668,14.5835,1.4963,0.248457,1.42321,0.265622,14.6193,26.1266,15.1058,1.02016,0.796867,2.20681,0.307332,1.84472,0.580062,14.523,18.3579,3.43018,1.865,2.14156,13.7642
7.07608,15.4016,14.7838,2.65051,0.217416,1.04959,4.2682,6.70051,5.30816,2.12023,0.579724,2.26029,2.3967,5.92453,33.2985,42.5212,23.449,15.2562,6.27821,0.367751,0.695075,9.15781
7.62731,9.43954,5.00037,0.892506,0.0900942,0.047558,0.367486,8.67693,20.9039,14.965,1.94723,1.23152,2.34657,1.30947,22.769,37.4861,44.9828,43.0316,13.8554,1.60187,0.837925,7.80709
23.6175,34.4574,29.5584,3.1996,2.11599,1.7857,3.40152,3.79858,2.92485,6.41385,2.08871,1.82293,0.478629,0.257424,10.0921,19.0756,32.1079,32.0047,8.12179,0.439514,0.0244009,9.89206
13.9244,19.3485,48.8203,120.383,125.902,55.0183,30.1236,37.5028,36.5691,15.1067,7.32418,8.40372,1.97741,13.1457,12.0197,0.459246,0.643193,2.64321,14.5701,13.8052,7.56747,1.61208
7.35275,21.2203,27.1282,80.0449,14.2877,19.4891,2.56068,4.36825,20.2081,17.7078,1.79598,1.40113,2.71451,0.64429,11.1382,22.3942,14.0877,41.9096,17.8905,1.51957,2.65195,2.90329
22.477,5.67602,84.741,81.4758,9.52607,0.488587,2.10019,9.60178,12.9665,4.95616,0.92224,1.53936,7.61647,5.90236,18.237,42.8465,0.38866,43.2152,17.3174,2.62923,2.0228,0.802569
28.2248,76.7452,97.6852,34.5779,0.876293,3.46372,2.24743,7.36239,20.2296,14.6285,1.98936,0.424086,2.30613,2.72816,6.22454,20.0696,7.18084,11.0732,4.59272,0.101056,2.41057,0.548269
4.01095,0.292543,10.1629,12.153,12.2715,10.6448,4.13056,2.32519,5.5733,10.9128,5.23481,0.985928,7.34407,6.47075,10.8619,26.6831,6.8182,18.9581,8.10979,0.258875,0.563925,0.182093
24.6901,41.7381,46.4061,20.3287,2.19195,3.24673,6.35759,6.19994,15.4494,5.01872,4.8721,0.541415,4.00222,5.4464,3.39994,24.1129,0.729827,31.9136,13.6664,0.145814,1.91035,0.0691924
33.5557,51.5742,41.2609,10.1046,13.1097,7.78419,8.9984,4.21111,27.9793,16.3519,2.41387,3.06848,3.41729,2.48846,2.43448,23.0539,48.7546,39.5082,10.3803,1.53852,1.24642,1.64578
19.0739,26.3304,6.02957,16.4592,5.56172,4.4397,12.161,0.159508,17.7963,8.74717,1.6048,1.45518,3.36968,3.87459,3.88547,3.943,20.1185,18.2913,4.35775,0.207902,1.53544,1.59781
13.3128,17.7936,15.4646,7.94523,8.81545,9.5908,7.88506,4.77902,3.39942,3.04559,0.408742,0.434844,0.314352,0.636659,5.82284,37.4847,58.158,33.3497,5.27815,0.519114,0.201304,0.114896
44.5648,54.9401,21.5936,21.1956,12.8839,0.854236,8.29235,3.55205,16.0543,7.03565,2.12344,1.9585,2.97498,1.35982,4.15061,18.8703,4.96313,35.8804,14.4076,2.09349,0.463139,0.631706
47.9175,68.1947,46.9595,1.09129,8.16538,12.1482,5.7702,1.127,17.7433,9.49832,2.16745,1.70639,1.40577,1.82837,6.95121,14.0264,12.9083,31.3441,11.7787,0.510238,0.309905,0.408024
21.6978,37.5639,43.2147,25.0592,17.5841,10.8842,1.27505,5.2341,16.2238,13.3197,0.537745,0.220737,2.03857,0.582263,7.60153,12.7616,2.13774,6.76419,2.79179,0.431807,0.4199,1.07118
19.4484,24.6388,11.3095,3.83346,20.0829,3.7671,22.0673,13.818,0.136738,0.148933,0.44113,0.890061,0.868033,1.30273,8.43263,9.71457,0.0276578,2.20823,4.32764,0.592886,0.813954,0.02993
47.5716,74.2325,70.2535,13.5336,22.1755,12.8815,20.067,15.7226,17.6554,21.7843,5.16463,1.16374,2.22871,1.46611,0.52739,15.6268,54.9411,54.5959,13.6045,0.452534,1.18395,0.739451
46.503,75.4492,66.0591,18.4892,9.87402,5.02947,0.0106773,4.61196,12.7993,10.7915,2.12482,0.957973,0.0420953,0.13769,0.18726,3.07581,10.6681,23.6151,10.8141,1.82301,2.19992,0.987971
24.8394,30.7054,5.89182,15.2955,2.95473,3.5058,25.2684,17.4153,6.31479,10.1233,0.868803,0.0705294,4.66263,5.82159,4.83838,9.37884,15.9755,8.16157,3.45728,2.69427,0.576988,0.403118
26.2986,38.2824,38.4237,25.7539,26.8823,7.17566,27.075,25.2089,1.48778,10.2732,1.87421,1.19463,2.47628,3.17862,0.535152,1.01199,1.66741,5.9878,4.43579,2.39763,3.41747,1.65317
63.4294,81.7102,37.7756,32.9326,37.0359,16.044,3.14371,11.1262,27.1917,23.4565,2.68269,0.821321,5.58822,7.58198,1.46773,8.26076,20.6583,22.6111,8.87273,2.47655,3.07344,0.339864
63.3938,89.1598,53.2446,0.713731,18.2357,24.2899,25.9996,8.80154,30.5763,28.0075,3.60492,0.108649,4.22531,4.18986,6.17645,15.4535,23.6947,18.3539,6.21628,0.858712,2.15936,3.91066
26.6508,46.7798,58.1783,28.0097,1.12431,13.5779,32.3975,29.0455,16.5563,9.56422,1.43383,0.750871,9.74309,8.22968,4.88771,8.01471,8.85036,4.47287,2.08699,5.87692,3.27866,2.25106
22.696,27.4293,8.08195,6.02417,10.5893,0.173873,17.6961,28.1378,54.759,44.0214,4.95713,0.592125,5.92546,4.16717,3.93547,10.1987,3.78781,3.73951,2.98317,6.87472,0.873424,2.97316
52.4866,89.8421,93.5025,23.8382,24.0595,26.2112,17.2505,2.38616,23.471,18.6763,0.120579,5.8945,12.4155,10.9724,0.850885,9.64983,32.714,25.815,1.81286,8.41852,1.02588,3.83075
67.5791,101.025,84.4481,30.369,23.5149,21.2377,31.9551,37.1713,38.9997,29.454,4.82006,0.564233,5.43962,5.58135,2.72504,2.86846,8.54665,16.2165,3.55833,3.44403,0.25746,2.36027
38.8169,42.3267,3.92325,35.3757,29.2945,33.4563,40.0454,42.5402,60.8673,49.2908,11.6851,0.54049,10.4351,12.8471,7.88787,11.9912,4.87896,7.36609,5.62235,0.719787,0.586961,0.58152
23.8201,32.6566,33.0725,13.5161,2.44019,2.94633,2.37076,4.77791,0.589294,0.0333376,3.26947,0.27281,7.47321,6.70869,0.575814,5.02667,11.4635,9.8926,3.27653,5.30893,0.345853,1.8547
64.308,80.4511,30.336,31.4002,7.86629,0.669039,18.5744,29.6848,46.6193,37.6578,3.39936,4.89869,11.0107,12.825,0.268698,8.77178,14.6286,12.0836,0.645623,9.08173,5.38081,0.403095
66.0587,100.238,68.8832,4.73644,20.1787,39.1771,46.7159,37.0993,21.3445,5.92117,5.96644,5.04809,7.25851,6.78633,5.07906,1.89051,12.6065,15.2286,6.77189,2.39802,5.14258,6.5304
39.2794,64.8777,77.152,31.9096,3.85072,4.60303,14.3709,14.3194,2.86412,7.44965,7.11805,0.957112,8.81043,9.13076,5.16045,4.80782,10.9838,25.9814,16.6605,8.67276,4.5049,4.67081
9.55291,15.0709,6.82793,12.4573,30.3823,32.9017,11.3263,4.41897,14.5654,16.1453,11.5748,4.19437,7.33633,7.19317,1.61607,5.66885,8.46523,24.0091,15.1335,1.14329,9.55897,7.03471
54.065,90.8107,97.3073,44.7803,6.43442,28.1906,40.8416,26.6326,28.6837,33.4447,18.6248,4.44227,0.0883306,0.696874,0.946236,5.75004,6.65977,0.210747,0.172568,0.253996,3.00482,3.08969
76.2857,108.342,81.3438,5.59755,26.0112,21.3565,23.4488,26.498,0.723017,5.53258,14.5721,6.78626,6.52848,8.53473,2.61293,0.131921,2.5308,7.93182,11.9143,13.3343,13.7748,9.86239
48.1333,56.8972,12.0422,29.18,24.529,38.2493,35.2128,0.639028,46.6722,35.5179,6.01156,7.18931,0.143657,2.36168,3.03113,1.25971,4.72684,8.2329,7.75975,4.17453,2.23655,4.87421
8.33175,10.2018,5.2047,7.05528,2.51313,28.9734,26.4147,17.4168,29.7823,19.3413,2.96235,2.64472,1.56936,0.244938,0.326465,0.892336,1.15342,0.405021,1.64565,3.85917,4.17315,4.04248
54.8332,69.2568,23.1426,17.2421,39.0422,46.0369,12.9651,16.6919,28.5242,34.3609,12.6061,2.61411,0.572056,1.5237,0.386568,1.46186,6.28771,9.66267,6.7734,1.27183,2.1445,2.56071
71.004,102.177,79.8776,4.58884,0.612571,36.721,49.2037,12.4882,21.4979,13.3799,1.1128,0.28905,4.85346,4.62825,1.76848,3.64966,11.1842,12.6277,8.06755,7.98457,5.95752,2.12567
48.9393,78.1956,83.0142,43.2149,40.8009,41.6761,6.84661,0.335262,18.3686,11.1702,1.5771,0.784431,2.65248,2.13944,0.649392,0.370555,3.85305,6.37784,3.95044,0.803521,1.66519,0.495125
1.29711,0.859356,5.48715,7.86691,15.8482,28.3126,0.881195,12.6965,18.8265,23.7331,8.08452,1.76918,7.17712,7.82116,3.32824,1.96946,2.46972,1.31495,0.112287,3.73507,7.37385,5.29569
48.4547,75.6816,78.2682,37.3686,1.25698,36.8644,50.9799,19.1334,28.1648,31.6685,7.60655,0.137962,4.10825,6.18571,4.89946,5.08016,2.70396,8.45562,4.7243,4.84371,3.61011,2.49779
70.4308,97.8678,61.9512,17.2789,45.6156,33.4711,18.0739,15.8327,28.5317,27.1403,3.4827,0.0830172,7.4533,6.75828,3.75611,2.23959,10.0877,13.6481,5.01433,0.0491201,5.15911,5.82196
59.2153,74.3875,31.5197,6.6177,12.6468,12.4208,26.0824,5.87609,0.931272,2.63752,0.160543,5.0829,10.0982,9.03446,0.516017,4.43406,2.58746,1.37977,0.0294191,1.88872,0.090791,2.08128
5.29279,15.3525,25.369,3.95442,37.3526,45.2322,23.305,2.85177,9.13624,1.49475,4.36088,1.97295,6.59983,4.05968,1.18393,4.16204,11.002,11.9205,4.04194,0.306645,1.48108,2.91183
39.4639,51.3148,20.573,23.2581,6.8554,5.63949,17.1675,5.49641,38.4585,30.3303,0.957377,0.732892,11.7492,9.676,0.138251,2.59953,1.15022,4.28683,2.71438,2.24203,2.75543,1.81974
66.7903,97.7619,82.8075,20.088,12.5928,31.7823,40.4235,12.643,28.6919,24.8631,0.915135,0.897951,1.9024,1.01287,0.22394,3.62618,5.27609,1.65746,0.0964698,0.108393,0.786752,0.166989
52.1972,81.9766,75.7434,27.2299,21.0036,12.9661,12.2869,21.2954,22.2899,15.8972,2.90008,2.56204,9.36678,8.32483,1.65183,1.37764,4.75372,5.31436,2.09483,0.437862,0.624223,0.757764
19.2705,22.1622,1.88534,19.2159,11.4701,4.72788,7.83183,16.7345,50.1929,39.1797,3.0623,0.736649,4.35008,3.8602,0.0496238,3.31059,6.14365,6.04772,3.00627,1.77793,0.84377,0.00710666
22.9349,38.0472,39.199,8.20276,16.6802,16.7515,11.7952,0.856067,31.3863,27.5573,3.15141,2.00328,5.00325,5.28962,0.464081,2.10965,0.590849,0.623736,1.55409,1.57847,0.262665,0.192894
61.5323,77.1687,37.169,6.6668,14.8182,15.7929,8.48685,8.09513,12.1774,14.2743,5.33231,1.33008,3.62008,3.45542,1.96972,1.59605,1.07546,0.0887232,0.578752,0.00586654,0.0116605,0.640187
58.0501,81.0843,53.3056,11.288,20.1228,12.0357,9.03212,20.2829,36.8862,24.2072,3.28953,1.08268,0.232328,1.05818,0.0477928,2.14739,4.08417,1.87726,0.828401,1.50819,0.59267,0.387513
33.9093,52.2791,52.2501,30.7476,26.7288,17.9239,6.96132,17.9606,38.4629,28.0459,6.2213,0.24563,1.68246,2.28009,0.3663,4.7642,6.37213,2.0885,1.3397,2.32493,1.04257,0.0317142
6.4004,8.49458,6.19267,6.97123,10.6661,5.37811,1.83698,7.51486,12.8441,5.18075,0.768734,0.0942262,0.298579,1.5651,0.200278,0.860446,2.64964,3.75571,1.56562,1.02767,0.0618947,0.288772
38.1482,57.7317,53.4306,12.5589,8.29644,9.71091,5.83465,0.843067,3.20887,2.02819,0.515409,0.583425,0.472144,0.0197926,1.37564,1.13812,5.91049,4.12643,0.203417,0.270015,0.878569,0.354078
56.6143,76.0581,48.5077,0.17404,0.896295,3.97192,6.20965,0.382516,9.5595,4.46935,1.67076,0.504916,1.6201,1.46989,0.708369,4.81317,9.3912,5.18389,0.329107,0.888871,0.743531,0.41438
50.9098,64.9164,37.235,5.11803,1.3342,0.309476,5.97091,2.099,6.14474,3.65402,0.793588,0.293651,0.0062811,0.338226,0.234606,2.01175,0.42394,3.65887,2.6697,1.59305,0.252288,0.365381
28.0708,37.0751,30.5859,9.52135,3.3362,3.05564,2.98582,1.28269,0.746275,0.877835,0.0736089,0.800326,1.72937,1.15293,1.23324,2.7441,0.438242,1.31942,0.566107,0.491897,0.549169,1.04407
0.352172,5.28535,6.05207,1.41891,1.27115,5.59881,6.75597,2.31305,4.54718,5.14294,1.57038,1.22095,1.38276,0.270453,2.52152,1.89995,1.54494,2.88915,1.38525,0.515809,0.329785,0.132661
28.4248,39.5061,31.4165,6.75275,1.38975,1.28511,6.08969,5.8464,1.29537,2.33355,0.558043,0.535342,1.25692,1.48275,1.54341,1.25156,3.94594,5.46579,1.76103,0.47476,1.24614,0.658637
36.4501,56.786,41.4057,66.2646,103.98,22.0645,20.5581,16.3135,9.14857,4.37936,14.2106,19.4225,9.54613,3.23112,6.36708,4.85448,8.51214,10.4736,3.14151,2.43175,2.65589,2.38685
21.8954,31.6853,25.5127,31.679,72.5685,53.9183,11.0239,8.30046,10.5492,3.70755,0.171091,4.40056,3.57327,8.42337,1.71409,2.85157,6.01741,7.02318,4.72693,0.565617,2.10926,2.76859
20.9348,13.0515,23.0374,15.4696,11.7549,5.54045,11.2452,9.67074,10.2857,6.31628,0.697964,0.252163,2.51166,2.81453,2.44001,2.5248,2.73936,6.34352,1.98624,2.66926,2.80458,0.793477
3.58274,2.4239,14.9495,19.0397,1.95131,1.55665,2.24574,0.919796,8.89107,8.1891,2.80586,0.604062,4.86859,4.97351,0.742949,0.410093,8.34104,11.1067,5.40315,4.02307,4.3757,1.78255
14.6448,25.3209,16.2672,2.32215,1.57667,1.78355,1.40936,8.76378,17.7254,13.392,4.46093,1.89711,2.68777,2.51872,0.0517572,0.796114,2.19932,4.28169,2.62729,0.39464,1.61971,1.31552
6.26272,5.57081,7.80697,13.1824,9.67699,4.45144,4.34736,5.01994,10.9056,12.5474,6.68112,3.22618,5.29725,5.10065,0.585548,1.91223,2.88896,4.48667,0.928434,0.87038,0.250199,0.528172
3.80616,6.135,12.94,10.4942,3.4198,10.3563,8.74521,0.520151,7.52165,1.61221,6.26394,2.80527,1.4791,1.56591,1.93172,3.61445,4.55385,8.72057,3.30674,0.23968,0.845424,0.661218
3.24867,2.30972,1.62133,0.176095,1.0694,2.37812,4.09504,2.53439,11.1746,6.02829,6.14119,1.90626,5.33988,5.19851,4.5968,4.95672,0.834559,2.78827,2.47965,2.98519,2.70208,0.585213
4.36073,0.181583,7.66725,9.1727,13.1479,17.5425,10.7169,1.08708,4.37032,0.382524,5.42387,2.00908,1.19665,0.226756,1.89342,1.66842,1.31219,1.48733,0.69815,1.278,1.89081,1.2372
3.47944,5.41014,9.6405,7.91864,4.53889,11.5196,3.98609,0.346638,2.17582,0.567606,2.36981,2.11924,3.01125,2.35106,0.859604,0.0605291,2.6464,3.16721,1.18708,1.07169,1.09338,0.301762
1.76701,1.90495,2.33925,1.86717,7.67889,14.573,5.95611,0.547503,0.427764,1.598,1.92863,0.184422,3.17383,2.10312,1.73688,2.23218,1.2796,3.34766,1.58359,0.200493,0.100376,0.559163
1.66418,1.10936,7.90333,10.364,14.2494,17.9023,10.6185,2.78563,0.323214,1.75061,3.44678,0.687528,0.370067,0.607068,0.5925,3.5449,2.01998,1.60767,1.00784,0.144505,0.86958,0.253946
0.792015,0.249154,2.29814,5.24906,2.74422,2.57958,1.65255,2.16011,3.69349,0.892198,2.70954,1.48373,1.46205,1.17038,0.435953,1.3181,0.493359,1.72336,1.20232,0.733321,0.89904,0.141956
0.578094,1.4405,6.81417,1.92257,10.4484,11.3208,7.13115,0.576351,7.41224,4.97407,0.914857,1.201,0.62965,0.193766,0.356174,1.50536,3.59793,2.8728,0.642624,0.68191,0.582829,0.372301
0.17773,1.74715,6.14046,0.176105,11.9276,8.58654,2.983,0.926164,6.55497,3.68145,1.21433,0.746586,0.721992,0.325776,1.47454,2.39303,0.905554,0.741468,0.383054,0.153744,0.520415,0.201965
0.427643,0.44298,2.4654,6.94902,9.58722,4.80099,1.13206,0.32225,2.12839,2.10415,0.156385,0.393891,1.39455,0.847347,1.1136,2.90894,3.38105,1.33669,0.39488,0.103396,0.522218,0.0787552
0.39493,1.71227,5.99052,9.09626,10.3606,5.87661,0.493591,0.81946,5.52845,4.1912,0.201679,0.726142,0.203833,0.509621,1.02428,0.030215,1.65424,0.482166,0.353183,0.0040996,0.0211115,0.25057
0.374438,0.594699,1.94673,4.04186,6.09075,3.18381,1.72295,0.1641,6.8552,6.44848,0.440882,0.190834,0.959691,0.559973,1.44377,4.11206,3.25826,0.44202,0.215312,0.148881,0.346448,0.540153
0.00119783,0.607769,2.41111,0.920549,2.01727,0.324291,1.18603,0.116306,0.733976,0.438427,1.01532,0.264239,0.0261354,0.155382,1.18306,1.66626,1.37428,2.11431,0.0543439,0.162894,0.0524123,0.188149
0.0410076,0.932112,2.53941,1.44837,1.3548,1.6202,0.796708,1.28414,5.82448,5.71978,1.44171,0.244458,0.12931,0.439502,0.96274,1.75597,0.19339,1.02384,0.0691116,0.194107,0.115131,0.274088
0.0355975,0.404279,0.711534,0.978148,2.46332,2.12652,0.480939,1.11122,4.75093,3.63968,0.96925,0.059915,0.405428,0.192749,0.660183,2.06125,1.46352,0.292147,0.455572,0.642143,0.525661,0.240631
0.157394,0.0347121,0.55899,0.46028,2.70515,0.883368,1.84808,0.426137,0.825793,2.3387,0.314331,0.494343,0.749677,0.788774,0.062192,0.107691,0.620833,1.46125,0.758438,0.0966806,0.549165,1.31322
0.061335,0.146836,0.58207,0.77042,3.03028,1.30333,1.82645,0.591793,2.32715,2.56958,1.2251,0.183509,0.0641818,0.140818,0.660498,0.861076,1.23571,2.22431,0.393609,0.48311,0.00745102,0.0740305
0.0264315,0.0171302,0.122871,0.843608,2.63465,1.78972,0.153092,1.07168,3.5805,3.17723,0.926619,0.0867715,3.54415e-05,0.247985,0.242701,0.102373,1.5533,1.38792,0.0480424,0.108171,0.346416,0.803783
0.0825878,0.0730036,0.0185437,0.328374,0.134046,0.230714,0.721886,0.347613,2.76334,3.02501,0.266107,0.605841,0.473714,0.587756,1.21001,3.00077,3.39804,1.46554,0.189306,0.272722,0.152572,0.020669
0.0658652,0.0784102,0.0488152,0.196597,0.271031,0.777192,2.16563,0.410936,4.47137,2.68601,0.365666,0.467703,0.468216,0.51922,0.242569,0.58287,0.157544,0.0804665,0.157837,0.303514,0.413712,0.122229
0.244775,0.14939,0.0262839,0.697726,2.22699,1.04047,1.17143,0.780427,2.76934,1.00744,0.450185,0.173755,0.299296,0.494655,0.0729914,0.678808,1.56722,1.53382,0.385171,0.0727278,0.262248,0.3999
0.00287086,0.0109,0.100132,0.604422,1.86693,1.09357,0.72315,1.70413,2.21632,1.32148,0.335673,0.190407,0.0305684,0.172242,0.507366,0.549202,0.677726,0.946758,0.432896,0.0562631,0.0554556,0.0353163
0.0580024,0.842591,1.11299,5.30044,2.46355,11.8637,5.86448,4.94876,5.81095,0.379904,2.71613,5.88496,1.9807,3.41727,3.87282,3.60807,3.67513,0.524228,3.5024,2.88602,0.313597,1.47169
0.190281,2.08023,8.95008,8.49877,9.33751,17.5445,1.9347,0.175295,16.6733,20.771,12.9781,6.80914,9.69449,9.30607,0.384216,3.04291,7.78856,10.479,5.68523,5.20583,5.91069,2.84461
0.542962,0.585208,1.09564,1.2653,4.54857,15.4785,10.3749,2.81105,0.927107,9.65248,12.7937,5.33398,0.0151715,0.402282,0.95262,2.97441,10.6485,13.9779,7.01738,0.668715,3.65939,0.843201
0.996903,1.98073,9.87,13.8036,20.8079,25.7038,15.4407,0.611834,12.7332,3.97631,12.2819,3.91909,10.3628,9.90301,1.97514,0.431476,2.4634,4.28732,2.34279,4.02788,6.88816,3.66281
0.328562,0.510679,2.16085,5.29479,0.788476,6.43774,3.9175,4.14716,13.4488,5.50409,11.5039,6.26947,0.973285,1.35445,2.26597,3.83752,7.35342,7.67483,4.4491,5.64633,4.98503,0.809681
0.616101,2.06362,9.90213,6.12935,12.6029,21.1961,15.2103,3.99614,3.2543,3.71786,9.58989,6.54088,10.7495,11.2406,5.3593,5.90925,10.4574,11.0789,5.52477,1.03379,1.81119,2.19053
0.371824,0.858503,4.25219,2.25959,1.53176,4.27292,0.199898,5.60557,12.2702,14.3499,8.13179,3.43333,3.3789,2.69903,3.00226,5.03961,2.25469,2.07346,2.08116,0.132596,1.00421,0.574458
0.523024,2.03341,8.70705,8.07079,3.84205,4.57881,1.69437,6.77785,18.445,13.6923,4.05612,1.01786,9.04462,8.52057,0.647736,2.89772,3.38669,6.13877,2.88343,1.39815,4.29384,3.0261
0.207178,1.63389,6.68188,4.29265,3.87441,6.74636,8.2841,3.3185,4.40485,1.02835,2.85646,3.58707,8.25298,6.97572,2.24263,1.02408,2.99471,4.74819,2.6274,3.40276,2.69726,0.186458
0.235665,1.94996,7.0972,10.135,11.0138,11.5991,10.8934,9.07665,8.8644,9.73572,6.80823,1.00183,3.39667,3.01204,0.302318,1.24297,3.23795,1.44396,0.511715,0.0733616,1.1802,1.14405
0.623931,1.99905,8.46744,11.3232,4.18631,0.545123,4.21057,7.20052,10.8957,13.0021,8.49739,0.679429,6.95629,5.79261,1.74035,1.28113,0.0930592,1.10625,0.778889,0.885153,0.531489,0.223587
0.107106,0.762751,4.10355,0.232552,15.2076,19.4958,10.2725,6.37019,8.60364,7.59127,5.04956,1.18683,2.18131,1.06686,0.80354,1.3628,1.15213,0.381792,0.308781,0.0533296,0.367771,0.0507538
0.549413,2.28249,8.99632,5.17641,1.63823,6.59242,1.78991,4.56476,5.78468,4.29858,2.04084,0.978596,1.168,1.39936,0.466145,1.60688,1.14408,0.492545,0.309847,0.32938,0.171972,0.00735064
0.157248,0.276292,0.220856,3.72874,11.6373,11.7578,3.39112,0.219058,0.22539,1.11096,0.38581,0.566321,0.872895,0.515684,0.553769,1.27012,0.412924,0.317056,0.0442735,0.0899944,0.281697,0.114947
0.48902,1.91052,7.49455,9.18709,4.70849,0.509642,1.74202,0.515342,2.04851,3.31354,1.25821,0.123192,0.267349,0.223311,0.378476,0.378209,0.508188,0.277031,0.300974,0.0149369,0.494651,0.145848
0.408092,1.33123,4.81046,5.07877,2.34328,0.608258,0.122617,0.139076,0.713096,1.03752,0.279307,0.357989,0.732005,0.898156,0.0242855,1.4374,2.20421,1.57387,0.199752,1.78466,2.12032,1.40564
0.0549443,0.44651,2.34524,1.44169,2.76152,2.96518,0.283814,1.32541,1.46336,0.291641,0.0704544,0.129887,0.053991,0.152687,0.0507125,0.503148,0.68016,0.563826,0.277701,0.0378386,0.080811,0.0948931
0.267592,1.36602,4.63618,3.17005,0.0548211,0.636226,0.434023,0.501036,2.89643,3.0125,1.15837,0.533029,0.584404,0.367884,0.0941566,0.0375754,0.0619396,0.317585,0.36206,0.43996,0.257767,0.0608822
0.0542836,0.8282,2.08194,0.617002,1.89773,1.82343,0.648296,0.0137126,0.318562,0.445627,0.330141,0.0068265,0.041259,0.0887165,0.14462,0.157255,0.00844216,0.122142,0.113041,0.0412074,0.0184546,0.101066
0.103034,0.0721944,0.409348,1.18426,1.02737,0.281885,0.0119919,0.735495,2.72763,2.68578,0.514724,0.247052,0.0380456,0.43585,0.637385,0.373625,0.126234,0.363338,0.410394,0.258537,0.0784676,0.158727
0.0309455,0.262299,0.897442,0.913565,0.60476,0.560742,0.369339,1.16959,2.32098,1.28655,0.0567804,0.0692884,0.172837,0.125595,0.261764,0.0789991,0.00559842,0.286658,0.303363,0.319101,0.265314,0.0496445
0.0619671,0.128312,0.360475,0.219475,0.343962,0.465239,0.449163,0.38554,0.757513,0.458588,0.133351,0.10075,0.0204772,0.312671,0.407775,0.467194,0.528808,0.243389,0.0752095,0.073006,0.0885481,0.00377001
0.0217902,0.0261582,0.0385336,0.104489,2.62717,5.64492,3.66177,0.0770307,6.39908,13.1872,6.5732,2.21636,3.30964,1.31408,0.338331,0.542051,0.380468,0.342808,0.306677,0.801876,0.916308,0.0341657
0.0865644,0.0278443,0.151702,0.164079,3.47447,9.8918,5.7043,3.20898,13.075,12.6919,5.22531,3.84238,1.14722,0.431586,0.3601,0.564013,2.45611,2.25345,0.416035,0.149186,0.468709,0.361105
0.116926,0.0465847,0.0061352,0.153204,2.05632,6.63981,6.61666,3.15171,17.1607,12.0906,8.08355,11.3242,2.32307,0.213723,0.262445,0.637283,2.28596,2.35064,0.666171,0.159131,0.63544,1.26237
0.0856871,0.0365851,0.0342784,0.0165658,2.42592,6.01025,4.24415,3.13946,10.5168,8.54215,3.52546,2.58457,1.0819,0.471902,0.118428,0.31898,2.75563,4.08724,1.01645,0.535936,0.842979,1.61393
0.159935,0.0364424,0.227578,0.499666,3.74884,14.0505,11.9424,0.685004,8.25968,5.34792,6.41924,10.6957,4.11506,0.0147799,0.235247,0.486565,3.28649,3.35019,0.444243,0.366728,0.0433987,0.0284129
0.00125536,0.1454,0.0315336,0.246734,1.48485,5.77387,4.14557,7.62393,21.2967,16.1741,10.6636,15.9208,7.37864,0.247586,0.0177117,0.668744,3.07606,3.31441,1.10618,0.423671,0.193474,1.22371
0.241921,9.39208,27.232,24.083,53.2346,30.2723,53.8291,14.0384,5.13075,0.0712558,8.01045,7.49771,9.20359,9.19913,2.59222,6.75768,4.63403,13.4007,9.41279,1.30382,4.28582,1.36161
0.38043,3.60248,39.7407,121.731,138.297,75.0887,5.23067,3.55202,8.07978,3.75532,10.5098,11.1844,2.81383,11.7468,3.95903,8.87705,7.36771,4.99066,12.6019,10.4427,1.73397,1.37221
1.33128,18.8283,77.9688,114.3,58.383,0.423082,5.43855,7.63231,15.2065,10.5907,2.81939,12.9296,9.72681,0.258029,0.856641,0.825856,6.60543,7.51349,1.33907,0.942201,0.216137,0.308982
2.13889,46.8158,90.8262,43.4298,0.505527,2.66303,6.26146,10.204,28.1578,24.9861,6.77834,21.0095,32.1779,15.2708,3.74335,2.15276,2.52994,5.23752,2.75489,0.0737162,0.0398692,1.58161
11.2227,32.9598,42.8135,9.92228,11.8703,12.077,7.01552,0.50717,1.27369,1.20498,0.521336,31.1891,50.3211,17.901,2.4579,2.5475,10.094,9.4617,0.192592,2.37827,1.26226,3.18037
21.4131,19.5236,2.2536,9.03697,2.74211,2.05495,1.53443,9.80315,30.0351,24.8572,4.28532,32.754,36.8471,13.8215,1.07476,1.2616,12.8924,20.0169,7.75319,0.431183,0.952113,1.72442
24.9755,27.4972,18.2679,4.59208,6.22439,13.1046,10.9915,9.35155,24.5486,20.688,10.6698,31.2516,28.9768,4.69731,1.01008,0.639305,12.8236,22.1273,10.5153,1.19117,1.07838,0.916451
28.6382,27.2972,5.76148,9.60065,6.43718,11.842,10.2824,2.23823,14.2889,13.9036,3.75587,25.5899,23.2814,4.59408,0.878032,0.0299954,7.39571,13.9542,6.38825,0.761644,0.894674,1.05808
28.9467,31.6748,16.5428,4.22116,7.50969,8.42514,5.99858,9.0017,28.7053,27.1567,21.7173,41.3142,29.9219,5.3798,1.67402,0.782814,2.81594,1.73776,0.559497,0.20783,0.72373,1.62342
24.5039,38.0104,36.9862,16.4301,19.864,30.7878,20.5167,1.86208,9.33335,11.1175,22.4478,35.0326,14.9256,0.968153,0.363926,0.430104,17.9197,25.9,9.4407,0.200544,0.992015,2.86401
20.4192,18.6686,3.33267,14.2672,5.09275,8.45116,10.3021,1.4673,18.2429,10.4156,21.3226,33.4351,13.5266,0.432911,0.0209576,6.70141,25.387,26.4276,6.46246,1.17298,1.21022,4.84655
7.82927,17.8204,24.3317,4.74324,21.7709,23.759,7.8809,2.97392,10.191,11.7902,6.55091,2.82485,0.368416,1.36711,0.742912,4.71433,7.56776,1.5138,1.9396,0.452694,0.642788,3.25456
11.9269,8.36125,2.84415,3.778,20.2941,29.2949,19.0586,5.56239,10.6394,14.5018,12.7062,25.0853,4.5434,4.86363,1.40903,0.733699,5.74666,11.4499,5.031,0.290914,2.97217,6.37706
31.096,38.4938,34.8227,8.33373,10.7735,2.9797,15.3781,1.07716,1.99223,2.18904,14.2667,21.2096,3.55334,4.09538,0.713131,5.15156,19.1432,22.1923,7.82837,0.60867,1.06428,5.13782
52.2504,49.8486,10.3359,2.72504,34.6775,30.6714,6.27852,0.514729,2.00037,2.22152,5.09364,3.49061,3.4067,2.79391,0.150446,2.37073,2.19112,4.39406,3.88194,0.557372,0.602051,1.19215
67.5927,85.8516,65.9893,8.74099,19.1933,36.0828,31.5639,12.2438,8.32748,1.35833,20.9755,23.7664,1.46642,7.6885,2.67338,2.67891,5.06824,2.4417,0.90469,0.739201,2.26803,6.29924
77.9945,89.0329,47.5421,6.01661,6.55315,5.06775,12.9029,11.0223,24.9652,27.8675,29.1693,34.9393,12.2999,4.17459,3.4421,0.0954142,7.58935,7.26036,0.920207,1.13365,0.742254,1.56976
77.4451,84.9512,41.7242,10.2352,8.13379,10.66,20.8093,6.76639,3.65608,6.33844,8.56291,28.6388,21.5067,6.3108,1.32674,2.92852,7.5635,5.18695,0.715225,0.551356,2.36536,3.24862
66.4368,91.7908,81.4957,31.2113,17.3379,7.05649,23.8181,17.4097,35.7911,32.7692,0.356175,17.2234,16.9836,10.0211,3.69758,3.23084,2.48925,0.0324775,1.16142,0.603587,1.03452,0.365506
46.7023,40.0434,2.74746,10.9155,24.5666,21.1403,3.57813,9.01241,35.4655,29.0636,6.4809,11.0278,11.2443,5.54476,3.5891,1.57848,1.43234,7.21011,2.42236,0.101526,4.3536,6.35518
15.8618,26.8303,34.9731,1.69625,50.4762,21.117,21.2591,10.1658,4.39526,2.27844,0.547619,3.57142,13.2118,9.22601,0.204935,0.0177557,8.21655,17.6784,8.59068,2.2709,1.038,2.9166
11.3729,12.1881,7.33746,8.26603,24.3791,0.704455,23.3796,21.5711,47.2937,43.9085,11.578,7.43337,7.01669,5.38419,4.68456,0.845017,12.199,15.3801,2.93081,0.585344,5.88491,6.87578
38.0749,54.4861,56.3917,19.1999,16.8697,16.2579,2.24316,4.84373,22.1105,16.8539,0.145068,5.20854,1.24878,2.90653,2.56107,2.83254,16.3229,17.0809,5.10253,0.90861,0.930085,5.5474
64.8624,60.5518,6.96501,10.6365,31.6405,10.1492,17.689,13.9978,22.5567,17.2301,4.46679,4.1676,3.66575,4.40098,0.317298,7.00253,5.9946,2.00545,4.49808,2.86438,5.08852,4.23325
77.691,106.518,89.2454,16.0365,7.64027,1.03046,2.09983,7.47407,44.8288,40.2485,3.2335,23.0029,13.8314,3.0858,1.03637,2.32735,11.5775,18.4363,11.0726,3.05765,0.254205,4.36769
93.6069,101.258,48.4163,9.02394,3.06155,13.8054,22.8903,6.86433,5.35544,4.2112,8.96012,14.2376,1.0544,4.50411,3.70648,3.1151,15.7701,24.0882,5.3017,2.81131,2.93795,5.69066
90.0971,98.8576,48.4768,18.1397,30.4116,30.2723,13.0187,12.0153,41.9117,37.124,12.1743,17.3466,15.425,6.26587,5.48923,1.70828,12.8811,18.1842,3.69698,3.33059,4.64067,5.46182
73.3987,101.763,87.5672,39.4473,41.7963,21.0836,9.72575,9.45448,37.1992,27.5447,4.58536,27.4227,24.0576,5.96868,3.28822,6.15696,5.46026,4.12665,3.78976,0.717486,1.50268,3.2272
62.4119,51.7622,0.126023,21.6908,3.31648,19.3973,23.0049,7.7827,2.28345,1.29369,16.2202,23.3464,9.0715,6.29614,7.16858,2.8559,13.7154,28.7506,17.5004,4.35374,2.76671,1.17104
23.9519,35.2659,39.8739,2.24034,46.0193,37.3999,3.24117,10.6963,42.04,39.1335,14.5896,5.39194,10.0119,14.5983,1.03608,12.7383,35.4716,35.7075,8.59214,2.30352,3.68413,2.77049
3.24237,3.05786,5.89042,7.5618,35.4963,13.0121,21.2608,4.95904,15.0986,12.3116,6.00066,6.67487,7.1298,5.96628,2.3154,3.76758,16.9296,18.8245,4.50477,2.57128,3.70369,4.49372
29.5437,45.1991,47.0467,19.7736,7.16766,22.3188,12.2122,6.23376,17.4418,12.4198,10.2894,13.5997,5.89422,14.6193,2.85249,6.58351,10.4253,3.91594,3.45513,1.06478,7.12713,1.75844
67.4344,59.3975,1.75201,18.8991,21.8458,8.43935,18.8572,3.46287,41.646,34.0033,5.71104,26.8517,15.6536,2.85502,3.74577,5.34644,27.9747,37.254,15.1968,1.80725,2.71889,4.39233
78.3642,108.24,95.4219,27.2597,8.29315,23.8158,22.7471,1.57716,24.7834,21.9802,10.7405,16.1707,11.8948,1.13545,3.83438,5.48323,14.1706,27.4539,10.5114,2.99712,8.94551,7.62026
91.802,96.3881,40.9808,20.7894,30.3566,21.5079,2.46085,4.90733,32.2429,28.401,10.9859,19.2143,19.4061,9.19876,4.88733,2.06736,5.84272,4.14579,2.83488,4.9829,2.1091,0.713916
92.8436,104.131,56.6225,5.4982,9.99099,19.03,20.2849,9.90811,43.2312,31.6832,5.74962,20.5523,10.5808,2.85125,4.75152,2.78555,10.9469,13.9643,0.0546876,5.34126,7.37873,10.451
73.8547,97.7352,77.6034,35.9102,52.2182,38.985,4.95692,7.17964,19.5452,15.3201,10.675,13.2683,2.7175,0.0208612,2.41492,3.14217,22.3855,29.5327,10.178,2.03203,2.6039,0.627061
60.088,52.7865,5.667,34.9328,42.7816,15.5882,18.5181,1.19886,18.4857,13.9476,7.56161,10.9813,11.5813,6.56446,0.463837,5.20283,14.2998,17.7012,7.78015,0.637501,2.74636,2.54252
34.4561,53.1761,57.5542,28.253,2.74654,14.195,15.9815,7.5444,39.1381,30.8788,3.38861,0.343724,2.99277,2.61109,2.53094,0.948309,6.53818,11.7684,5.66253,0.170011,1.5369,1.8412
10.4432,6.18619,9.06765,3.41325,20.8771,6.42071,9.95995,8.96515,22.9037,17.2961,2.83632,9.20597,10.9893,9.94779,4.9857,3.87676,19.6639,21.2619,4.66372,1.88048,1.49228,1.61627
18.247,25.0841,21.7064,13.2908,12.9549,0.367041,8.70645,1.42543,8.33151,4.65865,2.51129,7.74416,7.32424,5.51971,2.81768,2.98593,11.3525,11.7785,2.7787,0.785071,1.098,0.850986
49.2696,45.711,7.20538,14.3175,4.3642,3.78748,8.65272,10.778,39.0172,35.4593,10.2456,5.37671,1.51513,4.93562,1.48562,1.13083,3.3436,0.514989,2.77448,0.0754189,3.51882,3.18034
66.1741,90.4632,79.2717,30.4096,15.2165,13.3186,8.85459,13.6929,31.3943,22.9995,2.29251,2.80514,2.50135,0.369173,0.106828,3.7192,10.8035,11.7498,3.50128,1.87916,1.6671,0.249607
85.8458,85.8605,30.5608,34.4218,44.7613,15.0846,10.8944,1.03419,5.90698,2.66013,2.83749,3.30395,4.39902,3.22435,1.21752,1.09179,7.11267,9.0543,3.52577,1.21231,2.8857,2.21782
83.0202,101.176,64.7441,19.4267,40.5156,21.4688,9.67207,14.3905,26.5752,18.5099,5.53605,15.3105,12.5403,5.27213,1.51042,1.729,2.37254,1.1694,0.571249,1.22544,1.20065,0.379589
81.1203,95.1318,60.4239,0.494595,17.9835,23.4988,17.861,7.46958,38.8467,29.3117,4.54747,6.57137,8.87925,4.47831,1.25925,0.643071,3.11552,3.33567,0.717419,1.04666,1.6472,0.798602
70.6302,71.2783,27.3308,14.4921,15.9433,6.68124,9.6512,0.528911,15.3,9.92595,1.09749,5.33864,2.00637,1.55005,0.60635,0.198443,1.19211,2.08824,0.00912376,0.455065,0.190845,0.983341
53.5816,70.1615,60.1667,26.5529,27.1925,30.0925,16.7614,1.40293,10.5494,10.1046,2.16958,8.25756,2.04497,3.26059,1.49218,0.181503,1.81951,2.4937,0.884957,0.295025,0.573533,0.00143211
34.046,29.5072,1.54332,14.4,5.82756,4.2392,5.83891,3.06027,21.1376,16.3695,5.32458,7.03687,4.70033,1.33031,0.587681,0.425117,0.71304,0.385456,0.974179,0.554179,0.442852,0.200465
10.7681,17.6354,19.1121,9.26208,2.73086,16.0352,13.3708,8.30415,16.5127,12.2356,1.69831,6.10928,5.23487,3.79623,1.8049,1.31415,1.39853,0.223349,1.13665,0.526696,0.173492,0.415356
5.9812,8.30205,6.6313,6.4754,9.6937,5.32371,0.458533,0.278966,4.05307,6.24101,2.63506,1.94273,1.89961,0.0208353,0.394331,0.654805,1.99561,1.32441,0.428719,0.358318,0.17903,0.206578
22.2657,29.5447,25.8078,3.60818,16.6398,24.1658,14.3417,6.55162,10.4889,7.49857,3.52509,7.76979,4.96358,1.93031,1.02933,0.846027,1.58687,1.58581,0.42579,0.0333,0.383024,0.370764
39.0519,38.5578,12.6344,1.23288,16.5073,7.38474,2.70963,1.08581,7.13702,5.63147,5.40766,10.8369,7.50485,1.76095,0.716946,0.446022,0.275808,0.355626,0.50072,0.0613178,0.107184,0.389101
46.6153,59.6582,46.6563,4.43315,9.98185,4.06856,10.9783,2.69674,1.253,0.766287,3.64048,8.76832,4.3863,0.175596,0.814528,0.492264,1.29649,2.08671,0.638024,0.210144,0.760294,1.18353
54.7956,56.4053,23.8558,2.17503,8.79764,6.91013,2.42473,1.21183,9.06616,8.30321,1.94357,6.56413,2.22954,0.659976,0.0307866,0.903136,2.71737,2.50318,0.59167,0.142277,0.262995,0.653261
60.7757,68.0372,41.2933,0.558733,9.67846,11.866,8.73179,0.563707,4.80983,3.65802,2.77835,6.14424,4.8065,0.967533,0.348851,0.454279,0.315972,0.256545,0.417324,0.179268,1.06933,1.75856
56.7768,56.8921,40.9535,0.134719,10.5802,15.4984,0.418399,8.9896,11.5498,4.82178,0.983847,4.01947,0.748963,0.37825,1.33405,0.697622,0.92548,3.44908,1.60316,0.416991,0.0190993,1.08621
32.8322,38.3147,74.7363,150.771,159.984,89.4288,27.6413,20.8832,41.2339,21.2753,6.78279,13.9854,8.59474,3.62532,0.438399,2.89101,3.20834,2.03171,2.65897,2.28931,1.57029,3.41114
21.2077,28.098,100.918,141.594,38.2243,17.3938,5.56603,8.92394,18.4037,13.9561,4.75864,7.86361,4.88451,1.77626,3.8253,1.06756,1.80029,3.17367,3.69774,2.17192,0.217999,1.26649
29.5524,29.3818,32.5264,30.6319,5.85674,9.99965,4.18389,0.90748,8.35942,9.46464,5.48314,6.26479,1.90381,3.59051,1.99764,0.510833,4.85574,5.89507,2.01052,0.641443,0.801443,0.650286
18.5419,24.0154,2.38635,16.6157,2.49179,0.146025,0.487685,2.31339,9.72053,6.59353,2.77867,7.20741,4.72944,0.175419,1.15291,0.0315912,1.94115,0.861216,1.56045,0.649305,0.0813379,0.63212
3.6243,3.46434,3.40773,4.99534,6.27948,4.58106,1.79659,4.13175,8.75156,6.14768,2.55873,2.00095,1.03099,1.32549,0.951036,0.341699,1.05388,0.730337,1.72799,1.18415,0.0394936,2.11382
0.607103,2.54143,2.25805,2.05635,10.1252,8.93869,0.62348,1.62879,1.37961,3.90513,2.50326,0.0538301,1.47981,2.67361,1.63522,1.50227,6.9828,7.15931,1.32131,0.864765,0.543598,2.56021
2.00841,2.13711,0.0589114,2.01583,0.751838,0.225636,4.36877,8.08113,17.1278,16.2586,4.76742,0.150284,0.117675,0.985608,0.95834,0.398484,1.65599,3.399,2.79312,0.577569,0.157472,2.45972
1.62696,2.4835,1.30753,2.18972,15.8958,11.8666,0.182777,2.52553,8.0943,3.66421,2.3168,3.23716,0.567547,1.8642,0.275056,0.307781,3.80835,5.80723,2.40152,0.409227,0.85274,0.794252
2.63186,1.2101,0.736518,7.40639,19.0768,13.634,1.60857,2.31835,3.90013,3.88763,3.04595,7.57762,4.74712,1.74782,1.01525,0.607225,4.52558,6.03956,2.61816,0.13586,0.129024,0.726757
2.39203,5.29196,10.187,11.2767,9.96447,7.06922,4.55839,1.57331,3.20984,2.93345,2.39143,3.58397,0.870537,0.963754,0.30278,0.848687,2.27298,1.85984,0.697952,0.0787479,0.0781125,0.0948012
3.96019,0.293298,6.62881,6.64372,0.168775,3.43528,0.736885,0.0627255,9.89275,9.99169,1.3613,2.32309,2.59354,1.99694,0.459109,0.0485533,1.24015,1.63363,0.2665,0.0227966,0.50228,0.504241
2.53626,3.29859,3.82886,3.43806,1.1212,3.51698,5.83942,4.94828,2.38192,0.0818085,1.64947,4.2788,2.93945,1.19095,0.42133,0.27155,0.271111,0.679956,0.103649,0.249276,0.00385823,0.0695651
1.0873,1.81486,2.55602,1.2923,7.56717,7.3423,2.1715,0.678818,1.00166,2.09602,2.02228,3.02519,1.07349,0.041239,0.732263,0.0507305,0.549654,0.236475,0.15887,0.463442,0.48746,0.185701
0.792099,1.46058,5.26822,0.323637,8.2803,7.54665,5.192,2.56268,2.72433,2.81049,1.91267,4.16446,3.2241,0.765792,0.275582,0.065895,0.759392,0.734521,0.0285632,0.0881874,0.228152,0.161286
0.0411444,2.96965,7.09907,2.00463,4.80338,1.4168,2.36666,3.22823,5.12176,3.56017,0.734184,2.749,1.94677,0.59216,0.154708,0.302772,0.136607,0.174677,0.0464003,0.35891,0.186247,0.206825
0.47836,2.593,6.7139,3.67917,0.738636,0.0696737,1.75599,1.79593,1.72043,1.93401,2.02704,1.80764,0.373611,0.30075,0.219786,0.210858,0.117571,0.110813,0.0608029,0.18128,0.155769,0.110852
0.191101,2.43258,5.29983,4.02549,2.90696,0.538063,2.67921,3.99676,6.11451,4.54196,1.74017,2.55267,1.59005,0.472695,0.410875,0.487078,1.14771,0.623844,0.172105,0.283686,0.263358,0.649746
0.0830714,2.0418,3.71768,4.60935,7.59342,5.20267,0.646371,2.15548,7.00144,5.40465,0.284487,1.02028,0.734471,1.27696,0.472167,0.446825,1.52658,1.15597,0.133192,0.181546,0.147928,0.228642
0.12099,1.18557,1.97729,4.09905,8.88781,7.43159,3.96997,2.13539,1.41187,1.70833,0.296329,0.150545,0.0636236,0.386487,0.290649,0.247669,0.0270349,0.928232,0.760468,0.244194,0.0971772,0.179098
0.10539,0.733738,0.837031,2.27163,5.52331,4.77048,1.09048,1.2761,5.46142,4.71255,0.569267,0.0178879,0.165132,0.0524438,0.0483329,0.688658,1.3152,0.91731,0.314991,0.136595,0.19334,0.453773
0.169615,0.0882183,0.187341,0.380791,0.48174,0.264199,1.68774,0.426532,5.86177,4.88305,0.0666939,1.38149,0.819468,0.170462,0.0392927,0.0360439,0.972492,1.5519,0.378314,0.433384,0.336734,0.517637
0.19478,0.286224,0.1838,0.623413,2.62836,3.41007,0.832379,1.94283,2.09001,0.65043,0.267975,0.749999,0.542038,0.118194,0.0337585,0.116004,1.0341,1.6866,0.78504,0.103574,0.169465,0.134764
0.032185,0.00947048,0.0111424,0.803654,2.37522,1.83596,0.325046,0.191808,1.32845,0.792117,0.391487,0.94951,1.25185,0.56855,0.01096,0.346738,0.683213,0.441844,0.0670524,0.143814,0.291416,0.510756
0.025439,0.083371,0.0821371,0.728712,0.618724,1.66224,1.54607,1.37444,3.49804,2.9834,0.0262187,2.29943,2.25779,0.97497,0.360044,0.0237955,0.811557,0.644955,0.0283847,0.289368,0.14579,0.0471352
0.105463,0.101955,0.171931,0.701289,1.01101,0.0844751,0.805708,0.162236,0.706007,0.0643962,0.970598,2.12002,1.03047,0.337745,0.46169,0.421895,0.0767453,0.335873,0.171503,0.140129,0.541923,0.708592
0.127688,0.112934,0.0876997,0.319541,1.57248,2.46209,0.504849,1.52424,1.34434,0.653575,1.0145,2.03921,1.55201,0.436211,0.0344782,0.126546,0.176229,0.478028,0.199694,0.102631,0.468788,0.607923
0.164616,0.107661,0.0335587,0.234148,0.769394,0.960388,0.95746,0.266195,1.41934,1.3258,0.0817344,0.288558,0.847151,0.426169,0.0945947,0.196857,1.07705,1.4781,0.546632,0.215248,0.0381797,0.524925
0.101345,0.134063,0.12176,0.280405,0.846701,2.30582,1.00908,0.350673,0.229032,0.559257,0.414043,1.24524,1.47673,0.0951217,0.290421,0.305156,0.024225,1.04543,0.15559,0.251091,0.190098,0.482837
0.420289,0.000949711,1.83102,0.631988,7.04727,8.0146,1.11169,4.41327,8.30085,4.26052,1.52681,2.10112,0.626052,3.22438,4.26992,3.51194,5.61786,8.01934,6.39714,1.64152,1.89265,7.51388
0.213256,0.345505,1.55262,3.85049,5.28215,10.3427,7.89847,1.14026,9.8392,14.4974,0.930012,8.59154,7.93497,7.05481,4.072,2.91706,8.95479,6.64103,2.13727,1.30268,0.740377,5.13081
0.191909,1.72275,5.41445,1.84496,19.465,20.2344,9.60965,0.328938,18.2602,22.5779,1.09103,13.4362,9.8085,4.39595,1.92753,0.256397,1.56729,6.12889,5.48285,0.873124,0.671356,1.54017
0.186793,3.31474,9.88196,3.97104,8.40683,1.15088,6.59302,4.44613,6.356,1.10491,4.8492,16.2256,7.72745,2.49695,1.62566,1.97789,6.83959,6.88034,1.11474,0.421811,0.488427,3.17596
0.131463,3.79783,9.07255,10.3338,15.2797,17.3526,10.4393,4.77249,4.69278,5.8969,4.83382,16.5644,7.4402,4.0775,2.04138,0.226364,7.34769,12.9665,7.4689,0.97878,1.29874,2.0238
0.174266,2.47165,4.83815,11.1143,23.7218,12.5273,5.89609,7.38079,10.196,6.50832,6.95087,15.6959,8.73365,2.38815,2.38836,0.968476,0.981274,2.07441,3.29718,0.926437,1.2316,4.74884
0.149643,0.260679,1.05809,3.75402,9.32347,1.75328,9.80227,9.151,20.6903,20.0025,10.1156,11.6229,5.2713,2.82197,1.54815,1.27578,6.10787,7.91806,3.31897,0.37097,0.319811,0.172964
0.42846,2.58363,6.225,4.8107,6.04787,2.88522,5.23388,2.54894,2.72661,7.32556,8.13904,9.24892,2.94267,2.72658,0.978675,0.664844,3.15024,1.02407,2.98892,1.57456,0.341565,0.100923
0.636105,3.85221,9.72747,7.48622,4.46911,2.07057,7.93075,4.593,1.1994,2.14027,5.53609,6.7355,3.29435,0.271976,0.165266,1.41617,4.04851,3.30777,0.269445,0.51594,0.767275,0.708584
0.544291,3.22212,9.47556,2.82552,8.97127,4.32298,4.92367,0.313081,9.62109,8.00484,4.40488,5.61399,3.91697,2.47834,1.39862,0.357243,2.24418,1.50426,0.987666,0.52481,0.31512,1.11773
0.0424957,2.26824,6.52543,1.54669,14.447,5.15499,6.17602,2.31664,13.115,9.7375,1.58062,4.03876,0.644549,0.401065,0.645443,0.190851,0.335816,0.519812,1.04579,0.287614,0.0143473,0.978335
1.03829,0.358508,1.0791,1.4315,8.18583,9.70033,5.77292,3.86395,1.16067,2.1363,0.428544,2.61557,0.879291,0.475289,0.51784,0.598981,1.41516,1.09912,0.243188,0.156648,0.165806,0.450493
0.192538,1.23734,3.96911,1.14092,4.87626,0.747337,3.94634,1.37819,0.396438,1.09662,0.0488682,1.3395,0.685602,0.249638,0.558175,0.595088,0.694789,0.473316,0.113051,0.134145,0.305069,0.299854
0.611608,3.06134,6.97695,0.588969,12.2853,12.8038,5.37213,1.79383,0.921624,0.667046,0.015464,1.03479,0.909497,0.0458878,0.192889,0.348257,1.02899,0.631511,0.146008,0.0318098,0.109429,0.0874368
0.159022,3.25015,8.03246,2.50837,6.99951,6.43683,2.33829,1.0971,2.136,2.27443,1.13556,0.584346,0.0322369,0.0415732,0.136771,0.163046,0.240604,0.461333,0.00605871,0.275888,0.233192,0.0635488
0.305436,2.724,6.62468,2.91111,1.26547,0.595195,1.3795,0.0783411,0.871718,0.297589,0.667635,1.05399,0.573341,0.123483,0.101907,0.0979448,0.177475,0.184914,0.252008,0.171953,0.0321545,0.0503589
0.355314,2.71578,5.12758,2.73938,0.966325,1.59217,0.957721,0.160118,0.918187,0.930843,0.923222,1.02713,0.596951,0.159522,0.108262,0.154968,0.349786,0.670553,0.480989,0.321829,0.282478,0.317104
0.477538,0.952981,2.74397,1.5814,0.233013,0.218397,0.195483,0.713146,1.05755,0.725215,0.408668,0.653146,0.582967,0.146647,0.00642685,0.0169929,0.173705,0.166807,0.0497489,0.0128262,0.168966,0.226467
1.28787,2.67968,3.00826,0.610211,1.19384,1.42828,0.603828,0.0668656,0.276609,0.255395,0.271916,0.46929,0.10609,0.00999747,0.112054,0.105493,0.00625315,0.0106946,0.0261691,0.0359047,0.180221,0.152499
1.06396,1.45524,0.799918,0.430899,1.4329,1.11755,0.224436,0.26235,0.731926,0.508848,0.381456,0.444261,0.0926329,0.0521925,0.146501,0.131151,0.190735,0.0988796,0.0593611,0.0927271,0.0976391,0.187437
0.340929,1.16195,1.80653,0.0557835,0.874214,0.265571,0.15719,0.216166,0.37031,0.385491,0.0736159,0.264678,0.363567,0.160806,0.00103691,0.00649565,0.134207,0.1879,0.196147,0.233468,0.113697,0.00562139
3.49184,3.118,1.09617,0.482563,0.437851,0.34111,0.17625,0.132235,0.223035,0.0158412,0.637572,0.84056,0.248494,0.13229,0.0305297,0.0570187,0.0822417,0.182717,0.113053,0.0359845,0.00438083,0.0292323
8.68244,10.3913,6.32517,0.386057,0.371523,0.45125,0.17662,0.143869,0.610398,0.465678,0.161107,0.234486,0.031563,0.183664,0.0943269,0.190519,0.698335,0.621673,0.0579155,0.00410208,0.154187,0.0578066
13.2554,18.2871,12.7591,0.538138,0.777802,0.384545,0.20585,0.16959,0.213133,0.0118371,0.114278,0.145677,0.0562913,0.248997,0.268025,0.0595794,0.101035,0.149367,0.197559,0.16142,0.27977,0.116929
12.135,19.505,15.3752,1.66344,0.0578562,0.017219,0.363156,0.268259,0.510923,0.492861,0.447766,0.213302,0.243769,0.230432,0.0170682,0.000310622,0.0663754,0.0123654,0.00656656,0.060388,0.0591206,0.129797
1.61688,7.72122,9.01873,1.66091,0.188232,0.368258,0.25144,0.263328,0.56649,0.41746,0.21022,0.0715554,0.197785,0.15239,0.0539012,0.181232,0.145944,0.0997589,0.0650645,0.0442356,0.119402,0.118277
19.4046,20.4621,11.8433,1.594,0.913529,0.542953,0.175204,0.00393719,0.0242684,0.0351433,0.165567,0.1577,0.120346,0.198376,0.104324,0.0677421,0.409199,0.52771,0.0945262,0.2224,0.101381,0.456619
39.0905,53.4633,29.9985,2.15982,0.408382,1.90447,1.51058,0.634487,0.62189,1.78223,1.31285,0.0133248,0.432022,0.393236,0.436029,0.642957,0.0771789,0.125861,0.643035,0.937503,0.187338,0.0817306
37.9485,48.7773,17.4273,153.317,158.624,73.3988,46.1973,48.6799,41.2815,19.6806,1.97017,5.95223,15.12,18.0545,12.6696,5.83422,1.71775,3.76028,9.16589,9.82896,7.7546,4.93493
29.1233,48.8839,8.36051,79.771,10.4099,28.7871,1.87139,3.1356,10.6923,6.02163,7.10943,6.65341,3.58756,6.29647,2.80678,1.25728,1.94245,4.43795,2.09149,0.1344,0.543929,1.79166
18.8033,17.4045,99.0244,86.1679,10.9309,0.0356239,1.66168,3.94815,12.002,12.8971,0.721357,5.43841,2.38743,0.0233959,0.02043,0.169295,2.80543,5.88824,4.16622,0.749526,0.788779,0.593494
7.80537,42.6365,60.9939,21.2734,6.51349,7.28835,0.987894,2.8472,3.91365,0.508858,0.265482,4.41336,3.58057,0.466326,0.313188,0.741606,2.55893,2.44363,0.493905,0.337098,0.232042,1.41022
16.9136,21.4761,14.5912,3.65453,3.54782,1.90045,4.64531,1.46928,0.975859,1.59084,0.706946,2.95272,0.798119,1.81499,1.2216,0.614969,3.75956,6.09564,3.42184,0.575188,0.250617,1.4664
43.0751,57.0664,49.3652,17.4044,4.15461,1.12315,2.92144,3.53306,6.30789,4.11992,1.1743,1.78173,1.209,3.32562,1.56369,0.472575,0.378837,0.310996,0.656347,0.511161,0.628578,2.1718
50.5023,60.0396,34.6285,0.60422,4.74616,10.2612,8.8021,5.73819,11.479,10.7758,2.626,0.398221,0.736711,2.04273,1.06939,0.733637,2.61441,3.01229,1.18212,0.187799,0.171102,0.722576
53.5925,60.1244,29.1771,10.3601,13.1321,7.77876,0.0463914,0.146104,1.70479,4.21253,1.78284,0.215957,0.635103,0.669408,0.391557,0.1703,0.239354,0.665488,0.898834,0.603014,0.167438,0.655248
43.4559,61.5248,52.0273,18.1771,13.3688,0.722485,12.3414,5.07905,2.0863,3.79562,0.163159,0.69184,0.872645,0.62798,0.126398,0.449727,1.4809,1.78106,0.708137,0.0955786,0.096001,0.104227
30.378,30.659,4.52823,10.4682,6.96293,14.6842,12.4178,0.919412,10.3796,10.3791,1.6759,1.93949,0.529492,0.777609,0.498116,0.0179275,0.823328,0.245593,0.504672,0.504984,0.372182,0.139559
6.17416,15.0167,22.8927,5.75805,23.7316,24.5688,5.21033,0.324258,0.947756,1.69779,2.45604,4.86923,2.54332,0.349371,0.0177015,0.410914,0.446929,0.365338,0.0529005,0.397392,0.476256,0.115565
17.8361,18.5314,9.08805,1.19092,2.31599,9.02196,15.3606,0.812886,15.4331,9.95535,1.64528,5.70355,6.48422,1.31914,1.20441,0.122402,2.12023,2.47062,0.605899,0.659949,0.339054,0.071859
38.1579,52.0725,48.7138,7.32778,36.4642,49.1482,28.5001,2.30653,19.0595,19.2484,3.20786,4.43251,4.12144,1.71215,0.877187,1.46865,1.6317,4.22115,1.8406,0.125468,0.392772,1.04038
57.8501,57.4143,12.0164,9.76921,26.8998,26.0951,4.82536,2.00862,14.4161,16.252,6.28797,3.89509,3.44818,0.145298,1.92234,0.932324,2.33603,2.96159,0.0983769,0.94357,0.815562,0.997246
69.0495,90.0964,70.1487,13.6923,8.4215,27.0473,24.756,1.11635,24.4017,21.037,0.536828,9.56589,7.67307,1.17887,2.42467,3.37061,3.77112,2.54893,0.829026,0.284252,0.889515,1.24026
74.545,88.1332,52.9501,4.70942,23.3047,36.582,27.582,10.0611,4.26135,0.545367,5.89015,12.6758,10.4249,3.13829,1.53424,1.67297,3.40178,5.01286,2.85697,1.03311,1.87224,2.78666
72.997,76.9936,30.8224,7.79947,1.30274,6.14108,8.8666,6.97423,38.3826,36.7742,11.5166,8.69428,4.65213,0.499877,3.43989,4.11383,9.3946,12.0579,5.40807,0.0680517,0.784723,2.09886
57.1866,80.6985,76.6984,22.1428,1.80056,29.4682,37.3625,8.69939,11.2053,10.1169,0.176396,2.50915,3.61586,3.34987,0.274543,1.78699,7.27453,12.5135,2.35179,0.721029,2.20072,2.66103
34.3947,29.3659,6.80448,7.32182,33.7638,13.7904,11.8278,12.8106,33.6954,29.4605,5.88375,3.5182,2.26793,0.924099,3.36041,3.17159,5.7549,14.4932,9.0847,1.40427,0.47858,1.07198
7.75794,12.5915,16.2188,3.1814,41.0238,51.6364,28.7079,4.53632,36.9259,31.3193,0.446403,9.46397,0.778421,1.59511,1.71958,3.87478,6.68976,1.32372,1.63829,0.0676071,1.26162,2.21185
25.1282,22.2507,0.838335,1.81793,13.2678,11.8074,24.3643,7.52142,8.92861,9.58204,1.32276,9.38719,6.93147,1.57699,0.742087,0.755678,5.62468,11.4146,4.87324,0.840732,1.7887,1.10081
54.0655,74.7125,72.6534,10.2971,52.0046,46.4659,9.35826,15.9086,51.492,44.7174,8.95989,3.51904,7.21064,3.83101,0.929772,6.88809,21.2553,20.8154,3.02244,3.06584,0.786895,0.629031
74.4566,72.0292,12.3442,15.9206,32.6765,49.629,32.7427,0.716967,19.9045,11.6583,1.67205,2.80807,1.73854,1.33352,2.67598,1.5438,16.4999,25.5072,12.2455,1.10802,0.24947,4.80516
88.4178,114.507,88.5428,17.537,4.64158,1.09231,11.7488,15.0574,30.1946,23.1294,7.16952,13.2597,14.5561,9.82418,6.31477,4.53342,2.46478,6.46645,0.964092,0.331423,0.528061,1.19862
95.1599,110.727,65.3356,0.749338,11.9915,28.288,27.33,4.29139,47.4638,43.0878,1.5034,18.6028,17.0595,6.14234,1.6048,1.36987,5.87772,10.3117,3.07839,1.48811,0.270394,0.878494
92.3621,95.1712,39.1437,17.3712,15.2524,6.07285,22.3641,7.42103,1.67416,4.39163,2.94419,12.6026,4.21628,9.09864,8.10437,3.7373,14.364,22.5405,2.8924,5.60249,3.31917,0.211237
66.284,94.9898,90.1822,34.1514,17.5512,21.5923,15.4211,6.5612,41.6684,35.9766,7.84061,4.3609,5.82237,13.9412,4.03786,4.73991,22.1808,33.2012,15.6871,2.52499,1.70716,3.69799
47.348,40.0237,4.77107,6.65658,33.3989,1.78145,27.488,2.485,35.3122,28.8075,7.3421,4.86925,5.2716,3.29826,1.04116,6.27213,14.7978,11.0523,0.281851,3.14869,6.33201,5.47067
23.93,27.8269,29.8203,5.54425,58.7085,41.5165,1.55371,7.66872,14.7763,12.0758,7.83737,15.7327,3.19126,11.1953,5.60711,0.37786,8.5349,14.8485,7.24914,2.92659,3.05085,1.51718
20.227,19.4527,7.10455,5.99072,18.1642,32.7277,26.2684,7.00022,45.8771,41.4297,0.372845,20.7833,7.88997,6.31272,3.65969,7.08602,31.0174,31.6327,3.23732,1.02787,8.32651,8.47665
49.0789,65.7904,65.624,16.7647,30.963,17.0628,15.0605,3.85351,9.0798,3.1469,7.83321,24.2265,22.0131,7.96423,1.66653,1.09135,23.5076,38.7063,17.9024,1.47343,1.88833,3.52436
64.1323,59.8653,2.73259,19.202,31.2537,39.3276,17.7385,4.2044,19.6814,11.7252,7.40927,18.7598,15.63,8.2223,3.32297,4.34658,2.03516,2.88872,0.18208,1.20997,8.39383,6.09917
83.1329,113.118,93.7403,23.6284,6.73395,6.27311,22.4381,3.89941,40.4017,32.5529,0.344227,12.3396,3.99248,0.00541107,3.51445,0.552979,18.9487,30.2549,14.7297,5.32101,3.565,4.06323
88.4699,98.9964,51.1123,8.31233,16.6353,16.9901,2.67533,3.78687,17.3473,13.6747,4.43823,3.26718,1.46293,3.32082,1.65687,1.55561,21.0206,28.7468,4.44916,5.1777,4.87603,4.93493
91.9048,96.8317,45.0241,19.5864,26.6166,1.98959,19.165,1.75416,27.8554,23.8254,3.04493,3.49649,2.20466,3.26143,0.364218,1.48139,10.901,16.4609,7.23487,1.32247,1.33136,2.45943
70.5545,98.6988,85.4156,39.5296,46.9834,29.6451,7.10846,7.25256,37.6091,26.5881,8.39306,11.8893,7.37368,2.1463,2.86883,1.54209,6.11489,9.05845,1.51958,0.276191,1.03495,3.413
52.5222,42.5696,4.98144,24.4918,11.9774,20.3975,13.317,7.93307,20.792,20.2326,1.80097,17.4378,15.6882,9.74812,4.83315,2.21002,19.0008,28.001,13.378,1.98505,0.775448,4.22524
23.8146,36.6117,44.081,8.78578,33.9063,19.7829,10.1055,1.85191,23.697,19.2596,6.32142,21.8512,15.2751,4.95514,0.729294,6.1281,17.6861,16.3522,2.84025,0.964715,2.15844,3.78185
4.71538,7.98832,10.5952,9.46622,43.6024,41.4175,13.776,16.9876,39.994,26.2857,7.19347,14.5467,5.80097,4.86436,2.36464,0.924612,1.78781,3.23187,0.178777,3.1645,0.7835,3.05216
32.995,43.4899,38.6817,21.7392,18.3544,17.3625,11.4346,10.625,26.4407,21.0151,4.80849,14.0946,5.01088,2.79277,0.437419,7.04291,16.6135,15.1007,1.3299,1.58977,2.52862,2.44109
57.8964,54.892,9.32371,20.978,2.69271,14.3005,8.71658,5.93607,11.4845,9.19378,0.447339,8.38263,9.61882,2.61233,1.53233,3.51938,13.6742,17.5104,8.08663,0.383907,0.84222,1.91495
70.8989,97.0434,82.0772,27.4467,12.3612,5.3078,10.9137,12.087,38.1034,31.6905,6.01633,0.561211,1.30826,1.07647,0.11916,1.85772,0.716141,3.76193,3.37564,1.22291,0.498142,0.0585356
85.8522,88.185,34.3175,25.7005,38.1118,32.4449,9.86766,12.2396,33.1287,21.2634,0.710792,2.57855,6.57863,4.30475,0.429316,1.18314,5.44414,8.0091,4.66762,0.521988,0.255194,0.94483
88.0361,102.291,61.0897,1.43876,8.80774,24.0302,16.8487,1.28997,10.388,8.62876,0.0208326,5.91995,3.53765,0.648497,0.331182,1.19134,4.86162,7.31509,3.99976,2.14146,2.50427,1.06347
77.8443,95.1072,67.4575,22.9136,32.6809,27.4903,5.56378,12.5493,31.8697,25.9138,3.34758,3.79702,2.50285,6.33832,2.60094,0.883629,0.952041,3.58884,4.23009,1.69734,2.32993,1.57209
61.162,59.9264,18.5656,25.5094,44.7168,45.5917,19.3281,9.36546,35.921,27.2888,4.71362,2.21499,2.37314,0.247873,1.54956,1.21286,0.504529,0.475854,0.377642,1.82877,3.55583,2.04627
44.9672,59.1968,52.4314,30.6235,27.0532,8.57565,2.30816,3.18784,12.0134,7.40223,1.16958,1.4239,2.7725,4.44533,2.30425,0.512213,0.806789,6.66752,8.7922,1.97343,2.06657,1.2227
21.5381,17.497,2.26177,15.6723,4.22252,14.0106,15.3799,1.60776,5.81225,3.15099,1.12424,4.83659,3.56532,0.113362,0.227352,0.720705,0.359346,4.94123,4.8308,1.28226,3.13315,1.11954
1.70564,2.7713,3.53291,3.89155,6.40244,9.30084,4.57887,5.64134,21.219,18.4658,0.969309,9.98671,8.14165,3.03574,0.44879,0.323423,2.55699,5.13364,3.42291,1.64722,2.5743,1.35554
20.3587,20.5699,7.49948,4.21956,18.2092,18.1095,8.96666,7.13936,13.7809,9.57831,5.12044,9.73888,5.97501,0.475324,0.336039,0.433555,1.68195,6.85432,7.40774,3.74727,3.33784,1.32
37.5379,48.9343,41.6223,6.40427,11.0349,1.27542,10.3327,2.05354,0.356551,2.0402,5.04899,9.43566,4.53791,0.927668,0.593999,0.789602,2.40551,0.968807,2.9645,3.23111,2.10141,0.0670333
53.5042,52.9757,17.8228,5.20447,6.78226,0.881059,5.92912,4.30377,8.20435,5.81071,3.884,8.06693,3.25778,0.371917,0.115901,1.03688,2.53924,1.80262,0.401817,0.136914,1.11202,0.45566
61.1858,75.2604,53.1318,6.25082,5.82602,11.3439,11.4657,1.26773,7.9575,7.42338,3.698,5.11891,4.27265,0.679058,1.20276,1.61509,1.23987,2.79076,2.9453,0.125927,1.00672,0.838605
66.1103,67.9752,30.0359,6.57346,0.671457,4.01812,4.4143,1.62874,1.73545,2.17063,1.40258,0.972789,0.0956562,0.366973,0.0949389,0.703114,3.16608,4.39342,1.32761,0.619631,2.2509,0.338452
67.7579,74.8956,43.3555,0.0996678,0.148555,9.08515,10.3943,1.36878,8.51052,9.02805,2.62446,0.845211,1.06199,0.401168,0.237743,1.13182,3.54701,6.11525,6.73882,2.00831,3.17649,2.41887
61.6063,66.0157,34.8963,2.69746,5.92353,7.91839,6.39341,0.642182,2.21166,2.5182,5.66839,3.49639,1.3925,0.0477307,0.437701,0.314921,1.07371,3.29487,2.2357,4.43638,7.90069,3.8803
44.8713,36.1827,17.6705,72.3141,103.339,16.7232,30.0982,23.1395,19.2675,14.4058,12.8948,9.04145,0.387665,5.42407,4.04786,1.25348,0.759879,2.11351,4.52794,15.3123,14.6531,5.71454
11.6552,3.06686,9.76917,29.8389,65.7023,46.007,2.0706,1.04451,2.12194,2.15769,3.69424,2.04053,1.51967,3.7899,2.14012,2.7317,6.86734,8.66454,0.836579,1.5446,6.28662,3.98286
6.55119,4.86536,35.3494,14.4839,23.4967,8.859,1.97301,3.88718,13.2146,15.0446,5.69228,1.01762,3.14923,4.43301,3.14319,1.73211,1.19724,4.86468,5.65022,10.9632,13.223,2.88309
3.93028,3.8433,17.6035,21.2167,4.50797,0.0412127,0.568955,1.49697,6.30509,4.96001,2.77244,4.65267,0.169284,3.20025,2.02898,0.138498,4.841,7.29682,1.82846,4.43936,5.5189,0.596249
13.7617,27.9979,23.8901,5.9906,10.3851,8.43555,2.8028,2.26329,10.3793,6.22508,1.32706,5.35826,4.13555,0.269382,0.957476,1.51175,5.02998,4.09169,1.03746,6.46034,7.15054,2.27524
7.85498,2.36813,0.810898,5.19392,1.27588,4.09179,1.16419,3.59494,12.382,10.6304,1.23085,7.31055,5.15081,1.24279,0.557846,0.298616,1.51359,1.63072,2.42409,9.12271,9.23801,0.77053
1.78324,0.144092,2.89031,2.4056,7.0225,5.78067,1.26393,1.27894,0.440094,2.86381,10.0462,11.5554,4.8445,0.0869132,0.312075,1.29199,5.37122,5.72588,1.76623,1.47917,4.24943,1.89114
4.28684,5.94906,8.50921,11.9003,19.6298,14.9714,1.27301,6.99727,17.4423,10.2191,1.01402,5.3652,4.91164,0.985825,1.35985,0.399538,0.284004,1.01,0.802985,0.452274,1.7845,0.194795
2.71421,2.78464,11.7693,11.8369,10.2575,8.7057,3.05522,4.05517,7.53155,1.18569,10.3283,10.9367,7.31005,3.93778,1.59822,1.48608,4.39649,2.87685,2.05058,4.88332,4.4513,0.949841
3.56538,5.32912,7.51545,2.19528,7.38433,7.36757,1.64887,2.39027,7.87071,7.81865,2.35241,5.28608,4.96585,2.44978,1.21007,0.382512,2.49383,2.38634,2.2329,6.07489,6.79503,2.55041
1.83004,0.446706,2.71506,1.92136,12.1943,10.4795,3.43956,0.404128,6.84883,13.4692,12.3786,7.1814,1.55321,0.474746,1.45837,0.525431,2.6736,0.798266,1.81077,0.703157,2.21442,0.0494653
0.723066,0.328452,0.208498,2.98615,4.84561,0.360023,0.459572,0.0593267,7.35975,5.5686,1.26251,3.84805,2.61631,0.390559,0.255874,0.566455,1.90763,3.9853,2.24629,2.17626,2.63884,1.5961
0.273627,1.92545,5.31141,4.7021,0.770029,1.91949,2.78675,2.88877,0.371166,2.93702,1.2112,2.53349,2.36161,0.512665,0.0886901,0.432985,1.11175,3.0109,5.23134,2.06102,8.07166,1.91099
0.0302058,3.29033,8.13231,7.13552,4.41751,3.51574,0.507911,1.51031,0.815738,5.61029,7.2308,3.38819,0.350195,0.464311,0.2939,0.114051,2.40348,6.82207,2.23223,15.0504,18.3309,5.19812
1.09895,2.76459,7.43132,7.49269,6.66029,2.79838,1.46182,1.28065,2.79911,3.27673,8.67059,1.81332,1.40082,0.883084,1.78219,1.33287,0.551097,1.55708,2.14395,0.534336,3.10115,2.61723
1.26876,2.48921,7.07585,8.90119,10,3.78442,1.98743,2.56803,3.52749,3.69904,9.41483,3.43067,1.46762,1.28372,0.0979328,0.723631,0.416303,2.89146,2.00946,10.8611,14.45,3.34519
0.461814,2.83314,4.97235,7.1961,12.0051,8.188,0.429191,2.19285,3.87648,3.54442,1.84252,2.11601,0.163301,0.325397,0.521622,0.753255,0.736884,3.91259,4.5447,9.48476,16.7678,7.2544
0.594574,0.566302,1.50679,4.65491,9.67485,6.87554,1.59984,2.12525,5.75194,6.04294,1.89468,0.55535,0.54804,0.150474,0.156415,0.0935472,0.960971,2.58267,2.99176,1.71762,1.63175,2.19038
0.0489752,0.584605,0.563587,2.39965,5.37057,2.65121,0.0705573,3.49703,8.91683,6.1272,0.688932,0.142885,1.24293,0.0966011,0.148483,0.727386,1.05833,3.60678,0.665987,10.2464,8.12345,0.184275
0.228996,0.182499,0.30277,0.169369,0.00242734,1.38564,3.39985,2.09448,0.252968,5.351,8.79751,3.08847,0.365374,0.00746647,0.807042,0.368842,2.41489,6.8643,7.64085,6.42019,6.35238,2.13606
0.0469135,0.371117,0.821827,1.95009,4.7429,3.89098,0.202493,0.105311,5.24086,11.1393,9.84294,2.30563,0.526122,0.651634,0.472702,0.432489,1.44075,1.41063,4.25764,21.6597,27.8868,9.10751
0.0502036,0.290253,0.624214,2.26879,4.59836,1.21094,3.71419,0.753569,4.67432,5.16119,2.85102,0.186385,1.19627,0.222252,0.333793,0.0253225,1.19401,4.82601,1.60584,19.0081,26.2428,7.28953
0.0680876,0.184587,0.504628,1.61422,2.37033,0.35413,0.563605,0.845361,0.585664,1.08538,0.762376,0.619518,0.526065,0.24713,0.785401,0.872674,0.0148627,0.0727501,3.49784,5.08899,2.05846,4.46981
0.223506,0.0282134,0.267536,0.54251,0.95307,2.06919,3.07129,1.15351,0.5233,0.64464,1.92478,1.42449,0.489991,1.01947,0.554166,0.183767,0.146701,1.44175,3.86079,4.84365,1.93455,0.837357
0.0862751,0.0301296,0.177295,0.214185,0.287577,0.787842,0.136968,2.21773,6.88113,12.1688,8.30606,0.651196,1.25007,1.14085,1.26425,0.806418,1.4658,3.78111,3.35548,3.57244,7.24696,2.57295
0.0561486,0.129705,0.121826,0.0476819,0.405576,1.64575,2.36651,1.83962,0.506167,2.76321,0.976715,0.293189,0.76984,1.26891,0.968015,0.0481805,0.493436,0.888747,3.8371,10.4874,12.119,4.81693
0.0689768,0.0244226,0.0665821,0.381266,1.23702,2.18282,0.905404,0.959179,0.380084,0.927937,1.17398,0.371074,0.297115,0.220144,0.426253,0.667511,2.85875,7.45382,7.96074,8.21246,5.98227,0.826241
0.0513199,0.018284,0.101547,0.692266,1.0815,0.256313,0.644464,0.00384177,0.217226,0.465614,0.923659,0.3531,0.0142403,0.201111,0.0599413,0.429511,1.63146,0.342362,1.4009,5.35027,2.57782,1.76608
0.26807,0.218739,0.701474,0.0950941,1.18194,0.452575,1.4219,4.96246,1.50627,2.5021,4.37498,4.57511,1.22538,3.6465,0.150927,3.42379,6.01543,1.13047,3.17256,6.82394,12.5949,7.38158
0.202044,0.831429,0.291522,3.42801,4.48722,3.96113,6.83728,5.58119,14.9535,12.605,8.29127,14.7958,5.58078,6.53828,4.21842,2.86317,7.69615,5.12454,1.97379,6.1901,14.0569,13.4823
0.156553,2.55671,7.04501,2.17091,9.4123,4.57931,3.5452,1.6684,5.71526,7.85608,2.70269,13.0393,5.64722,5.26721,2.84184,0.110984,7.46429,11.4273,4.71801,0.068007,0.642861,2.79204
0.466863,3.2658,8.72401,8.51199,5.16882,1.34199,2.56024,3.59305,19.6861,20.739,0.011883,10.0889,5.08013,1.36492,0.792459,1.62811,2.13949,6.20146,3.64037,1.68068,1.29998,5.06059
0.232204,3.19749,6.84405,12.1928,22.085,10.5699,4.44732,3.64361,2.20022,7.51931,7.54184,3.77248,4.0631,0.323555,0.0844132,2.5915,7.23386,11.9842,5.6651,7.48094,9.07425,3.98255
0.0612792,1.1789,1.76907,6.44778,17.1432,13.521,0.0212427,3.77869,7.82885,10.1412,2.00207,1.89101,1.01976,0.618136,0.346955,0.542195,3.93614,3.75134,6.38957,12.1679,6.8151,3.42974
0.0325083,1.50631,3.19469,2.74416,2.66745,4.00988,7.96774,5.81221,11.8678,9.34247,1.13461,2.51385,1.6676,3.06463,2.40035,0.733327,0.261484,4.42251,12.3102,7.4415,2.62927,1.77746
0.301715,3.51689,7.59529,8.76249,14.0685,10.536,1.58908,8.24279,17.5304,14.0194,2.48395,6.50562,0.296967,3.87916,2.25102,0.376838,3.19929,2.34192,9.08698,3.42414,1.70947,2.11325
0.19519,3.72158,9.28969,7.32031,6.84761,12.3256,10.8696,2.68755,4.60529,15.8933,11.455,1.82895,1.64996,1.53705,0.731397,0.649715,1.42403,2.21234,0.767958,3.91506,9.51497,5.99174
0.582557,2.49673,8.03236,4.74289,6.02614,6.14366,1.58234,2.65086,4.12622,6.53927,2.78473,8.95733,5.94808,0.848943,1.86142,1.79863,0.616636,0.280438,0.171046,6.9249,12.0662,4.06048
0.0704075,1.25832,3.67973,2.76327,5.28207,12.8852,11.1811,0.782285,11.3729,10.7412,0.800578,2.74343,0.417554,1.87637,0.350664,1.93151,1.69293,7.11281,6.39991,11.6883,17.1946,5.92957
0.000398591,0.474047,2.38143,1.01307,8.2404,5.0703,1.79191,2.49456,10.7474,8.7922,3.16697,2.37045,0.34062,2.07409,0.919228,1.63401,2.514,0.336921,2.27275,1.19256,4.46877,1.07026
0.413211,2.59629,6.14352,2.58175,18.9327,18.9888,9.21019,4.76913,1.78075,0.338487,1.05536,0.176085,0.721414,0.0595578,0.271273,0.345588,1.1392,8.25564,11.7321,2.74456,2.94133,0.678995
0.589074,2.85482,8.3984,0.365079,13.744,9.15648,1.46302,1.14976,2.06961,1.50034,4.86137,1.78305,0.0407263,1.43169,2.63482,1.30934,1.94306,7.79275,8.66053,1.35817,5.95123,1.64528
1.25585,7.95394,43.1422,10.5367,73.9733,33.8436,34.825,30.9173,16.2381,10.0904,0.207808,5.98325,4.85441,5.19091,6.08588,7.45749,0.846407,4.57992,5.45453,4.10025,1.29648,1.84673
2.95078,5.23314,55.8548,197.588,202.751,64.1355,4.48397,3.8187,3.98242,2.05255,1.35505,13.1068,11.2596,0.471529,1.47706,4.08243,2.13853,2.86053,4.62821,0.732824,2.97921,4.49323
1.13985,23.4633,109.682,129.44,36.604,6.51598,5.82599,8.15988,0.159996,1.7918,1.17129,1.0893,0.0290974,0.507078,1.0976,0.0428244,0.00251685,4.52121,5.15254,5.50585,9.05631,4.07563
1.16919,40.8908,71.9643,24.8764,8.51245,5.5113,4.8233,0.142359,0.652043,2.66847,3.71533,1.47979,0.585943,0.170823,0.95839,0.0711876,0.681564,0.571463,3.99507,12.9273,16.1835,6.41011
13.8622,37.0968,40.7426,3.03747,9.69229,2.09571,0.374742,0.179547,1.14843,4.50256,4.73577,0.66713,0.263775,0.66019,0.662835,0.553553,1.84285,6.28952,5.19859,9.41797,16.6445,6.63261
12.9584,13.5374,5.89308,0.473258,1.06528,0.160595,0.646956,0.906642,3.91943,3.10504,2.50264,2.3897,0.485015,0.262324,1.56934,0.772592,0.364489,3.97486,3.00931,8.11774,11.8076,4.18153
8.75328,7.23897,2.74037,0.55108,0.0677344,1.37032,0.888561,0.0219174,2.37839,7.2358,6.47425,1.41515,0.704142,0.54427,0.222876,0.24323,1.65144,5.86162,6.54063,0.752806,2.55816,1.60651
7.80146,5.29898,3.18767,6.38713,1.60725,0.372447,0.533275,0.795735,0.564421,0.510557,0.841063,0.471771,0.566237,1.43722,1.09556,0.624748,0.568506,7.92981,8.47078,7.80056,14.6058,4.81643
6.4499,4.99946,0.810783,3.80883,0.804919,0.227075,0.0279028,0.553387,0.96864,2.33267,4.10475,1.4234,0.0220828,0.625899,0.716983,0.00218569,1.77335,0.0776094,2.57179,9.54986,17.4285,5.25889
3.47204,3.72253,4.00225,2.33722,0.463205,1.28408,0.326647,0.827122,0.00525771,3.35126,3.45956,0.11232,0.931025,0.487494,0.411982,0.729297,0.600108,0.595416,3.13876,10.5393,14.3555,4.86095
1.38474,1.00556,0.0138189,0.129974,0.067606,0.130782,0.0279236,0.266659,0.648336,0.555629,1.15681,1.45496,0.91432,1.88896,1.85277,0.274698,1.23129,7.87317,9.01802,5.78337,9.09259,5.03049
0.361998,0.555889,0.296504,0.412299,0.669759,0.628739,0.985599,0.315172,1.93972,0.412761,2.11965,0.512706,1.36369,1.47691,0.521516,0.203065,2.20277,8.27276,9.64123,10.3463,10.6573,2.70494
0.248403,0.125525,0.0644081,0.261114,0.93102,1.44072,1.18342,0.402087,0.603104,3.63444,1.76039,1.87346,1.11501,0.509114,0.207138,0.834082,0.138589,2.77732,1.64756,6.55661,8.60972,2.97675
0.133664,0.110427,0.082935,0.110893,0.680327,1.10008,1.56094,1.46562,2.4582,8.95235,7.01198,0.674544,0.781841,1.73552,0.374579,0.615656,2.01181,11.5189,14.8125,6.36592,0.69593,3.20151
1.41198,8.14048,22.7868,24.5948,43.5086,26.9406,30.115,9.6769,8.61721,2.35941,0.99373,2.10877,3.77239,3.16881,8.34289,4.93333,3.62828,1.44283,8.00743,7.58614,5.47048,3.64805
1.77274,3.65681,37.5095,121.246,143.52,84.4791,4.42527,21.3015,0.643579,11.5987,17.1725,17.9788,8.10431,2.50768,1.03409,9.6605,16.5602,16.4188,10.638,3.40966,0.106961,2.21639
0.114392,20.9334,89.0719,115.002,35.271,12.5632,2.32341,9.38212,10.8787,2.81104,1.15293,2.4936,2.07498,1.08535,0.584599,0.709301,1.31275,1.96497,5.72541,2.14211,0.261426,2.18614
2.74347,51.1205,97.7379,40.6642,9.28493,1.22947,2.11937,7.51488,9.61014,6.21146,4.03373,5.85225,4.23337,2.08542,1.18061,4.80263,6.47275,6.66805,3.54574,3.58492,3.95236,2.57794
11.9505,35.2639,44.4323,10.8331,1.12097,1.98572,1.0071,8.5655,10.6375,5.75583,4.72986,7.44579,5.05067,0.627611,5.40101,7.40947,6.14625,0.991373,3.3858,6.90246,10.5466,6.97915
23.2858,22.9213,6.13418,12.0436,12.0481,5.85478,0.402095,0.135622,0.790635,2.06299,4.96776,7.92668,3.05982,1.2374,2.15459,3.84765,1.34385,1.83617,1.79815,3.98715,7.99455,1.86858
24.1616,23.8218,10.9427,1.32354,3.65747,6.42401,3.97516,5.44761,1.65606,3.83175,4.85936,8.43726,3.67042,1.75283,1.5378,0.570042,0.108096,2.48565,2.11082,5.29987,8.44617,1.84819
32.2424,33.5955,12.5546,6.76719,0.463284,0.710241,8.79558,13.005,12.3533,7.37237,0.905664,7.60788,3.89416,1.80341,0.421433,3.35029,2.12011,3.79108,3.55384,4.56141,8.36466,2.06243
36.0687,37.1391,16.5637,5.56596,9.90178,15.4453,12.24,4.70798,8.06279,11.5654,1.9714,4.98563,1.45243,1.68188,0.0780167,0.564357,4.65363,5.15986,2.11648,2.4235,5.20565,1.90536
30.4826,45.8559,44.9704,13.4142,1.21356,13.0518,20.4783,17.3851,8.13725,1.49426,0.160031,3.13173,0.919017,0.231434,0.178037,0.225121,0.631247,1.03178,1.29337,4.91651,4.50556,1.01253
24.3677,21.6901,3.71671,6.2195,21.3879,14.1101,2.96699,7.72196,6.1575,5.20628,4.65658,0.449603,1.24389,0.589962,0.617681,0.997129,1.29087,1.06391,2.09309,0.826431,3.78732,2.11483
7.3496,17.438,21.7014,2.48456,16.6581,18.2311,6.73782,1.07685,2.28215,0.282814,0.494791,1.36564,0.309918,0.812108,1.28172,1.43308,0.612715,1.21544,0.739123,2.57754,2.17642,0.272531
11.7034,7.44916,2.09275,4.01353,15.1399,4.88039,21.0181,8.5395,2.62418,4.77554,0.777742,3.00152,2.0699,0.449965,0.651716,1.13251,4.52667,7.79539,1.54062,2.7632,7.45253,2.85922
28.8464,39.5587,37.2568,0.0482043,27.9058,9.34566,15.5627,7.26758,3.97347,1.46536,2.97479,7.05198,2.34851,2.18437,0.70252,1.64127,4.94119,10.3102,5.10597,9.65898,14.6865,5.56062
50.2104,44.8729,6.63647,7.58784,10.3052,14.7123,26.7255,25.0699,7.23788,2.0619,5.18564,11.7479,8.4791,1.01172,1.85617,3.51133,5.7678,11.4836,10.8945,1.47888,9.68384,5.58647
63.912,82.8774,64.6639,15.4223,6.71066,9.22123,18.6686,6.53331,11.3905,1.2503,6.50387,12.3188,9.48569,3.46947,2.96859,2.62914,5.33988,5.14513,0.57011,0.915008,4.88393,1.80306
75.8801,86.6012,44.9086,10.1835,4.17891,6.81389,2.37215,16.3216,14.5148,7.97014,4.03711,3.67041,2.27356,0.29125,2.11785,2.47498,1.62053,7.64013,7.4794,4.85267,5.14842,1.38279
75.5411,82.5555,41.75,2.55509,1.43784,9.86989,6.50452,22.9053,26.1121,14.3889,3.56026,4.45995,2.07625,0.571007,2.74232,5.79443,1.61994,2.35191,4.24457,3.91774,3.60189,1.76576
59.2429,85.4595,76.4219,15.8194,10.9404,21.429,24.4918,2.43281,4.37566,7.58207,2.79335,18.1175,13.006,4.04972,0.792507,1.30372,8.09532,13.0938,9.01248,5.4771,2.82879,1.7151
47.3588,41.2546,1.74301,11.5918,22.8465,13.749,6.56311,19.1491,4.61292,14.0557,1.7108,21.7039,14.5815,2.63606,2.10262,2.34487,3.51221,5.83618,2.82365,0.993222,0.166026,0.388154
17.8457,30.8723,38.2294,19.9205,4.33029,20.9703,38.9225,16.3987,11.2467,14.6606,2.05542,18.2036,10.9786,0.918318,0.391057,2.62685,3.60018,9.40009,9.43101,8.66672,5.62464,2.7297
12.5234,12.9061,7.86077,16.8284,35.6126,28.2294,10.796,10.7122,15.7697,10.3738,0.496846,8.51328,5.03206,1.57682,2.04768,4.60372,5.52488,11.8366,8.10629,2.24101,1.96746,2.33313
38.4382,56.8359,55.4543,7.00835,24.2937,0.477691,27.558,14.5851,4.46208,6.09419,3.74251,4.58274,5.42379,3.59329,3.44392,11.0708,3.45283,3.16525,1.40166,0.0790727,4.23638,1.82957
70.4606,65.4539,9.23489,22.1893,10.3353,24.555,12.7188,3.2931,12.033,5.65073,5.24838,13.1294,8.16241,1.11588,10.0073,17.6929,7.02789,2.35426,4.33535,10.6794,8.61462,0.0117905
92.872,119.886,97.48,36.6684,30.2544,19.2566,4.51931,6.79978,0.0135154,7.41573,3.66191,18.3912,12.7717,0.906543,12.9671,18.7413,5.06422,5.88919,1.87534,0.7032,3.87517,1.33193
91.6137,104.199,51.9795,22.7769,14.3518,21.2706,21.123,8.57061,8.16196,4.80054,0.262527,14.8691,10.405,1.29701,11.9266,20.0071,6.52701,3.07617,2.49505,0.877823,3.06583,3.36711
91.7705,99.7319,51.2839,0.193551,6.45901,24.6589,30.3459,23.8041,18.9942,18.0688,5.61735,3.67513,1.72055,0.76567,13.5568,26.1586,12.3654,1.74002,0.463058,3.30115,1.10935,0.811951
70.4399,98.7217,86.754,27.3057,1.43062,19.636,30.7775,25.1189,24.5015,18.195,7.5998,7.36473,2.92237,3.16016,11.2618,24.5815,16.679,3.98184,4.55968,8.41003,9.58032,0.982191
58.0675,49.3041,3.51625,29.2708,7.76578,36.2144,38.7876,13.309,10.5383,13.8138,15.9598,21.7582,11.7965,1.156,6.67898,16.0129,16.7554,16.1946,12.1492,15.3492,16.3645,3.83895
22.351,36.0641,44.1521,31.0125,13.0603,9.65918,29.5734,35.4359,13.0153,0.130345,4.58938,18.9315,13.1886,1.36044,9.70102,11.3584,2.08635,4.79165,10.9231,1.76885,13.5051,8.35728
5.4037,6.84589,5.69765,15.8975,38.7587,49.535,29.9045,8.5131,16.102,2.88563,8.03716,18.4163,10.3927,0.66262,4.10667,7.95857,4.77092,15.6722,9.77411,5.03513,12.3228,8.90456
33.6868,50.7233,52.9465,16.6566,17.119,16.7216,13.0119,23.5536,0.600547,14.8198,2.46924,12.0401,9.03104,0.148024,2.32257,1.78519,3.49481,2.78174,1.03144,8.43213,13.3334,6.47916
63.4609,57.3836,2.54096,34.7334,27.1097,36.2696,14.5051,22.212,7.94561,15.26,6.4025,0.552031,1.95746,4.25899,10.7309,15.0391,2.82852,8.90145,3.51833,2.91077,10.2487,2.47966
76.2823,105.025,92.5722,42.8676,42.8898,38.9697,11.9415,4.06958,9.6518,12.6708,12.4764,13.9519,6.71085,0.20439,12.1809,19.331,0.686764,10.8479,3.42173,4.90399,9.30045,2.60346
89.6403,94.8691,39.2834,22.9706,14.1223,7.00992,3.75289,30.1253,25.2487,11.3927,14.6252,26.4097,16.5988,2.63181,13.6517,20.2226,1.97186,10.755,7.9361,7.71095,6.51426,2.9178
93.7905,103.942,55.6864,12.9124,34.2044,43.2691,32.4135,17.5736,8.604,4.10217,16.3132,33.765,19.6434,1.80658,12.1063,17.3236,3.03283,0.788794,3.37548,0.384679,0.892596,3.19975
76.9028,102.755,87.5082,41.6164,33.6602,15.0043,11.0231,25.865,16.9868,1.48958,17.7457,36.9523,21.0901,1.25017,10.8628,19.4448,11.3027,8.51412,11.3483,8.37715,4.97386,1.27035
58.5802,52.3961,0.505782,28.6435,3.5195,29.1708,39.6706,30.4072,10.9792,2.33841,12.2548,33.4726,21.288,0.166812,3.44643,11.3638,8.59884,0.00663106,4.11338,5.16794,7.1731,2.37506
36.5747,56.2315,61.3309,19.2385,21.731,22.1236,7.28293,10.6722,6.05645,7.25723,4.91424,22.9369,11.7042,1.39039,0.254931,0.840259,3.85357,3.11288,2.99537,2.93586,8.54358,2.45183
12.9402,5.71064,9.07322,1.67561,11.4287,15.7905,37.8044,34.2107,9.88531,7.62352,3.81493,14.8691,8.14105,0.00584543,6.25141,8.76771,1.21405,8.69565,2.39077,6.5901,7.98001,3.66062
15.6278,21.7774,22.4494,16.0924,0.701237,8.76774,7.51273,8.82415,7.65054,10.3558,0.925385,2.67497,0.540545,0.561687,6.63458,12.956,5.17388,4.02216,4.37423,3.27159,4.48145,2.49752
45.7568,42.2074,3.48318,15.7147,2.49894,11.4288,29.0693,27.4467,20.5236,10.8308,3.84297,5.46955,4.00164,0.0326485,9.99581,17.7103,11.2132,3.67036,3.03729,3.68529,0.39016,0.595874
61.9728,89.2541,79.0029,16.4433,1.07939,7.88766,10.4908,21.6472,11.1377,3.80218,5.17332,10.4047,6.36628,0.28462,9.68103,16.9313,11.4537,10.6384,6.41282,0.518773,1.21343,0.219146
77.2121,75.6459,21.6359,18.0927,1.76046,12.7045,18.9907,13.7513,12.4001,6.50177,3.23198,10.9253,7.77288,0.504908,4.6383,9.32839,5.26669,4.29963,4.87917,0.0230648,2.08442,0.128686
83.8161,100.675,66.1161,1.4791,10.1393,4.55531,11.8668,24.4316,16.7352,6.99361,0.230106,7.12564,5.1364,0.8002,1.65448,2.30684,3.82981,9.28319,4.72385,1.11736,1.49673,0.149328
80.1387,93.1251,57.8478,6.57366,3.64335,9.1153,10.3536,2.64616,3.29663,4.12181,1.55042,2.10809,1.39206,0.98276,0.77146,0.51199,3.35032,9.11746,6.1887,0.0811702,0.676935,0.200985
67.8091,69.0837,27.622,3.65315,4.11764,0.376673,4.85831,11.416,2.03053,7.25285,4.20088,4.14049,2.86643,0.081793,2.28892,4.01164,1.17338,3.14849,4.01158,0.792289,0.305742,1.07782
50.1065,67.9419,60.0818,15.0973,1.54984,10.4107,5.42718,9.08032,2.29094,4.08159,6.63776,9.30346,3.36839,1.54124,2.49798,5.04911,2.32726,10.5968,6.66206,0.367788,0.107213,1.02705
34.4974,30.5108,1.32143,13.3761,4.30003,8.79346,4.78055,2.01376,2.92703,5.47876,2.25588,11.2675,7.55469,1.20141,4.82132,6.53186,0.175447,2.62449,0.104924,0.0333952,0.313332,0.0777599
16.1613,21.5504,21.3901,12.1721,0.191653,13.907,7.11385,4.55809,1.53106,5.50495,2.86271,10.2564,5.83809,0.153696,4.00838,6.83408,6.98769,11.6118,8.53654,1.16809,3.79167,1.93631
3.55969,6.55639,6.11194,2.48972,5.24931,9.27684,5.44519,1.07857,0.582569,2.41007,0.73837,6.10309,3.14085,1.23366,2.48976,5.82859,9.38108,15.4699,10.5257,5.80839,7.07987,3.42403
20.6213,27.9958,25.642,13.3312,1.6173,11.5901,8.38754,0.820378,2.54019,2.81481,1.33028,2.45356,1.05152,2.2113,0.124774,3.42372,2.75762,1.87657,0.043505,4.23615,5.44689,1.75365
40.549,39.8161,13.3837,6.54644,1.05697,6.42219,6.67638,0.659135,1.53818,2.74969,0.448961,3.27003,2.8843,1.96925,0.352439,1.88024,3.18565,8.39468,5.35024,0.814162,2.70355,0.855798
47.1927,59.4797,44.5339,6.84903,1.14042,7.12602,9.2944,3.58237,3.5724,3.38787,3.21029,6.85651,5.20366,0.8162,0.870023,1.01798,1.07359,2.79621,0.949093,1.49445,1.22574,1.53487
57.0439,56.6169,23.6374,4.4842,0.650467,3.24565,2.04015,0.417719,3.63391,4.14145,4.49449,8.80905,4.37121,0.525639,1.69263,3.64192,0.628304,5.59222,4.54745,0.772803,1.53886,1.1624
54.9614,64.7091,41.5323,3.08721,1.95502,6.24019,8.93575,6.08819,6.59188,4.95032,3.84729,10.9217,6.12595,1.10686,0.64122,2.21974,3.91175,8.2732,4.19747,0.487442,0.85545,0.733948
55.6321,54.6083,38.534,3.3528,17.545,11.6873,1.29704,13.508,1.6493,1.38894,0.608044,9.32091,4.10324,1.68428,4.96045,0.729872,0.325302,5.16837,3.95816,1.14457,3.54283,1.81144
32.7627,39.9319,78.8863,153.108,155.271,82.1774,20.241,25.9329,33.5959,12.8216,6.66724,14.1976,7.84905,0.628015,6.84756,8.5916,1.60174,5.75931,5.85345,1.863,5.83102,0.539087
26.0105,30.9894,97.9191,140.148,50.386,4.74712,8.95341,10.407,15.2229,8.53559,3.14803,7.39771,3.93569,1.82713,4.70707,3.5566,2.60443,8.40479,8.71818,1.06181,6.01875,1.96393
29.3975,30.4755,34.0066,32.7419,12.3109,4.25834,0.568248,6.70652,3.78654,2.86351,2.02168,6.89655,4.12859,0.667473,0.31844,1.6205,7.40354,6.80952,1.63674,0.985378,6.01396,3.78097
21.762,27.5403,7.04829,15.533,13.177,11.0924,3.22611,2.16922,10.2017,11.465,0.263594,7.42952,5.40565,2.9759,1.33365,0.848036,6.9318,11.4241,4.91442,4.1074,4.97625,2.08144
7.79167,2.83969,9.04031,5.5181,4.27732,0.214476,3.80286,7.21845,1.59844,0.0511307,2.00172,6.5867,4.499,2.64129,3.55911,3.00673,0.372397,3.81257,1.95356,0.737912,2.56446,3.41806
1.11717,1.77882,6.24136,10.516,14.4685,10.2223,0.398586,6.25771,7.75353,6.24982,1.01125,4.78578,3.54332,1.87921,4.35416,5.80554,8.19772,9.84339,4.809,1.72318,2.29892,0.0424157
3.60474,0.0970004,6.66906,5.25055,4.1272,5.86256,1.42546,2.17236,9.37364,10.7559,0.270014,4.11653,2.083,1.61582,4.91721,6.6673,7.84323,8.26488,2.54498,2.85315,3.68001,0.114636
1.05919,3.63658,2.47404,9.14699,16.0966,8.978,3.45351,14.2191,14.698,6.60741,2.76968,2.62585,1.26719,0.0156471,1.04389,1.2414,2.30691,3.87328,1.37259,3.00897,5.49345,1.76274
3.79883,3.41538,1.76817,8.97926,19.7841,11.1245,0.803978,2.33341,9.36579,9.44297,3.34944,1.05112,0.982407,0.488733,1.49959,1.73471,5.61843,8.00768,1.30145,1.62268,0.628364,0.752183
2.77612,2.1448,2.98181,2.9606,0.969911,0.562803,2.58999,7.98332,0.27411,8.98761,5.27565,0.611349,1.82493,3.60525,5.45435,5.91537,9.00776,13.7626,7.46943,1.2063,1.91049,1.82309
4.34306,4.88532,3.23287,7.12232,14.5567,5.29198,0.129704,5.63756,2.47318,1.36027,0.31107,0.190454,1.43936,2.99419,4.93313,5.58342,6.15517,8.38494,3.21034,2.83246,2.68112,2.18326
2.04839,1.00927,6.24948,2.3113,14.3278,7.83674,0.94003,1.87666,8.4516,7.23605,1.33741,0.00776981,0.124146,0.0206758,2.10604,4.91037,6.39797,3.87355,1.30052,2.88942,2.47037,1.2185
0.649868,4.28092,10.1618,7.73708,1.00859,4.87713,1.62701,3.58851,2.57234,1.2882,1.26727,1.22509,0.4723,0.204825,2.63622,3.96087,5.37992,8.0199,4.97314,0.900217,0.386262,0.922968
0.649475,2.54818,7.94451,9.74485,7.45675,3.3701,1.28295,0.297907,0.0794476,1.80845,1.4045,1.61505,0.825702,1.09671,0.28568,1.95723,3.79976,7.62401,4.81778,0.467638,0.227416,0.812353
0.128719,2.31874,4.32236,3.37912,4.86459,4.81168,0.433255,2.95683,5.24502,3.70159,0.839951,1.07031,0.227922,0.815819,0.255231,1.5362,4.40724,3.93005,1.08629,2.857,3.31391,3.26364
0.0830047,0.888839,1.12494,0.129618,1.36405,1.3089,0.794858,1.42735,5.09097,4.88035,0.619459,1.7793,0.134968,0.84771,0.624652,1.44543,7.38461,6.80263,0.284502,1.11103,3.77172,0.431618
0.0105547,0.0130915,0.514532,0.362656,2.14519,1.24565,1.16649,3.82022,6.74887,6.26981,1.61826,1.60866,1.52521,0.989234,0.617428,0.825528,3.97179,6.16904,3.36503,3.08252,5.16009,0.903145
0.0628104,0.757364,2.08952,0.949246,0.612406,0.57671,1.08398,0.528527,6.24696,6.7344,1.48008,1.3628,1.96441,0.918882,0.587481,2.13568,4.49997,5.7655,3.16936,0.288763,2.41006,2.64391
0.0584444,1.04457,2.2895,2.36519,2.50433,1.01758,0.300077,0.839535,2.19427,1.80619,0.365026,0.0133315,0.266026,0.785493,1.52601,2.91477,9.02236,11.1393,3.12793,2.0312,1.99437,0.706001
0.169624,0.683924,1.83407,2.27777,3.20328,2.2762,1.89907,1.36962,6.32322,7.32427,1.46971,0.0759106,0.419092,0.114245,0.057572,1.72182,8.45463,9.80659,1.79342,0.447734,0.298641,0.766461
0.0632524,0.658483,1.52241,0.738163,0.280754,0.557956,1.56643,2.34536,2.56635,0.977462,0.434377,0.823851,0.116822,0.144202,0.988499,1.52057,3.83324,6.34342,3.96187,0.915907,0.499887,1.3766
0.0458086,0.417424,1.05948,0.264834,2.13459,0.0208994,3.1168,1.28208,2.35128,1.4023,1.03159,1.0282,0.0297216,0.297733,0.832967,1.39272,0.800619,0.79447,1.753,0.661993,0.348894,0.214245
0.194541,0.108337,0.678455,0.144667,2.12156,2.87036,2.27199,3.76128,8.42453,7.34187,1.7287,0.953796,0.945518,0.695665,0.282596,0.559667,0.66995,2.11028,1.97246,1.94436,2.31709,0.440928
0.286629,0.0168764,0.127598,0.02993,0.342113,2.73493,4.3661,1.36095,3.0699,3.70905,2.48711,2.36887,1.05517,0.834084,0.166706,0.339837,0.703512,6.65582,9.45465,4.6753,3.99881,2.79334
0.0514218,0.0709524,0.102133,0.626991,2.21009,2.56632,1.66581,4.2559,8.96775,6.84293,0.318198,1.49103,0.131479,1.16684,0.941636,1.35436,2.11151,1.03811,2.36688,1.63177,1.4344,0.922118
0.0256895,0.00156682,0.075071,0.273125,1.46407,2.8791,2.83733,0.542601,3.42202,4.91929,1.57717,1.02246,0.681398,0.879109,0.764145,0.497491,1.37414,9.45365,9.73963,0.757059,2.31047,1.74196
0.031822,0.010302,0.191596,0.586709,0.481521,0.438343,1.81004,3.06832,1.82278,0.4374,0.345424,0.339823,0.939974,0.0855154,0.393556,1.08937,0.356995,0.0152243,0.327242,0.456807,0.283577,0.519608
0.233117,0.0537882,0.351439,0.369129,0.758552,3.27513,1.02464,0.841728,0.378033,2.12189,1.96558,0.870729,1.95887,0.148165,0.102227,1.06239,3.8762,9.38014,4.83434,1.80233,1.12118,2.08638
0.0338918,0.0757039,3.7801,10.2714,9.49632,7.47383,6.81651,0.310925,6.91806,11.9044,11.4026,8.41295,4.76879,1.49414,0.252121,10.0233,17.9477,15.2244,5.20015,1.89578,2.7677,2.41009
0.690458,1.45518,8.29039,11.5565,2.0346,17.4039,13.9135,10.4396,25.7884,26.9807,8.07838,3.50947,2.85013,0.436788,6.06311,12.4316,10.4992,2.38964,4.95511,5.76181,3.43693,4.00069
0.779237,2.95356,8.93481,12.4339,14.3215,9.48653,3.30899,11.308,21.4964,14.1722,2.93708,0.0884575,0.645695,2.855,9.62012,11.5837,2.12398,5.08083,4.37499,3.95679,1.07242,6.34201
0.223442,2.22393,5.02107,6.33701,14.1156,17.8347,10.3912,28.2844,57.9334,38.4619,6.69148,4.34121,2.01044,3.7029,7.71974,6.74172,10.794,19.864,7.0169,1.16939,0.684442,4.30859
0.0460491,0.14701,0.9423,4.94775,4.7923,2.79509,0.943594,9.39012,3.08818,10.2466,0.859774,6.84456,3.006,2.81591,5.66075,3.48385,10.775,17.6332,6.95188,1.21015,2.25117,0.285961
0.15093,1.80262,5.86907,12.9521,23.0908,20.6352,14.407,33.9603,35.942,4.9248,8.90837,9.84478,6.58191,0.0492749,1.07628,0.657353,0.500606,0.734753,0.185168,0.134763,1.11699,1.91054
0.404149,2.75375,7.57931,10.0156,12.1692,12.9061,1.52937,0.949912,31.5646,35.6538,9.83204,8.21538,6.74025,1.83029,4.57842,4.01315,7.35494,9.5395,0.4338,0.8053,0.866534,0.994452
0.443313,2.78527,6.74478,0.128006,12.7205,11.8607,8.96597,18.0177,4.03828,12.7954,1.73239,10.4658,6.01763,4.31574,7.30825,5.31594,9.23614,14.1313,5.0289,1.91322,1.80532,3.4784
0.222089,2.16832,4.03869,7.28861,21.8594,17.9747,5.96167,14.8752,32.6017,19.586,3.54795,8.45789,4.62479,3.3354,5.42099,4.75748,3.20577,11.1689,7.52532,0.866115,0.00891982,0.440302
0.476456,0.178492,0.238632,4.87268,6.96456,0.0793683,2.23255,18.2489,43.5872,28.4019,4.81355,5.45595,3.74396,1.12572,1.73069,0.440546,2.40026,2.18652,1.17507,0.753222,1.47283,1.7598
0.405254,1.71336,4.27126,2.08589,13.0691,12.2414,7.25447,6.15158,10.6356,19.7331,2.7565,5.62796,2.71727,1.04088,1.05717,4.44005,6.1156,2.76213,0.932309,2.35569,2.7583,1.51923
0.286411,2.86348,6.4985,5.13195,17.1702,5.50056,1.63849,39.0945,61.1195,27.5926,1.08632,4.45427,2.47573,0.825917,1.98116,0.593429,1.57646,1.87619,4.94771,2.64408,1.28818,0.361139
0.242895,2.76844,6.9082,0.707788,5.65135,1.06235,5.79618,29.9836,83.3294,53.8637,5.07999,1.81521,0.913958,0.596274,0.26135,2.99609,4.66128,1.35073,1.45791,0.751089,0.865865,0.507727
0.176468,2.27222,6.22374,8.68393,8.36805,1.60689,0.0179512,24.646,67.5155,45.8346,3.28368,2.03159,0.641804,0.205112,0.189859,2.73544,5.55554,4.54279,2.07987,1.19805,0.641271,0.70081
0.0551802,1.05939,2.53662,5.66855,8.75508,4.26468,0.814043,14.6492,26.5226,10.9453,1.02159,0.56959,0.493568,1.08737,0.54055,3.19252,3.89951,1.01843,2.09957,1.74855,1.75655,0.410796
0.221155,0.221292,0.111252,0.0441026,1.5108,2.26853,0.28238,8.26924,1.66891,10.3256,4.23739,0.185806,0.258667,0.15987,0.659571,1.91515,12.3583,14.096,4.375,1.27664,2.60819,2.85066
0.336413,0.0564235,1.13963,1.86359,1.19246,0.885462,0.0234479,16.9624,21.4878,1.04588,4.36171,0.14296,0.485393,0.0185891,0.291177,0.0552544,0.931815,1.08902,1.43653,2.18603,1.39459,0.0507623
0.11532,1.21801,1.88805,0.87784,0.785988,1.38851,0.758067,25.7048,60.9328,40.606,4.30356,0.666211,0.272097,0.0392416,0.694342,2.58375,14.0325,21.3163,11.2531,1.51762,0.710735,0.297509
1.53785,0.767896,0.898915,1.13854,0.0935112,1.05878,1.4544,10.9549,45.5734,38.6533,5.07365,0.832164,0.481077,0.1063,0.102484,1.30915,2.35462,10.8415,5.39514,1.91359,1.29228,1.08592
0.244172,1.88995,2.83382,1.02342,0.753606,0.682826,1.51579,14.4845,21.1575,5.77472,2.25193,0.0456829,0.460595,0.689182,0.753538,2.87462,15.1164,20.7138,7.1248,0.762711,0.0936098,0.00778503
0.171421,0.663097,0.271354,0.0275434,0.256318,0.369089,1.58191,29.3931,84.9066,62.4015,6.89195,1.72306,0.116218,0.367335,0.490929,2.96237,15.9576,21.1437,7.53885,0.163438,0.5186,0.530884
2.80421,2.45417,0.34492,0.446981,0.620674,0.236548,2.63675,22.5559,74.3586,55.9438,6.31949,0.617848,0.554795,0.0747647,0.53972,0.632776,1.63555,5.1006,3.13115,0.0787121,0.0298384,0.0612699
6.45567,7.89696,4.80015,0.0646142,0.0713775,0.25782,0.271762,0.818824,0.697721,1.29899,6.82545,2.18559,2.15718,0.104538,1.44979,1.02125,3.24831,0.788753,1.69802,1.3436,2.03502,0.597152
10.6918,14.2808,9.80418,0.271421,0.0111497,0.00895132,0.649674,12.0361,44.8925,38.4381,1.82497,4.05476,0.575953,1.32617,1.98257,0.911019,17.5152,23.7778,5.06969,1.59262,2.4249,1.61408
9.66959,15.4889,12.353,1.45324,0.00925415,0.249675,0.916538,3.85036,6.53613,2.23888,3.72449,0.504831,0.275945,0.286358,0.305273,2.94382,43.4876,69.1256,27.1633,0.989488,1.06861,0.598306
2.38562,5.96829,5.88135,0.603655,0.283294,0.195536,0.603105,0.868302,6.13607,4.55289,0.108778,0.419254,0.34396,1.52663,0.330836,2.57832,54.0088,95.1062,44.4155,0.048521,0.287309,0.183762
11.3049,13.0931,8.24841,0.680232,0.261831,0.162788,1.07359,2.10729,16.3998,17.3478,3.52374,0.717447,1.15384,1.10068,0.293185,1.36243,40.27,78.4145,41.3008,1.18354,0.400314,0.0756253
25.8648,35.0932,18.9968,2.04666,0.042277,1.80639,2.45746,1.01528,7.90985,6.32179,1.67667,0.055879,1.55356,2.15389,0.296763,1.12949,10.5059,35.4533,26.0577,5.2117,1.70279,0.630141
28.8327,36.7221,14.0784,124.828,135.359,64.3592,37.718,28.4743,0.505929,14.1151,4.4269,2.59463,5.26162,7.55473,6.48421,16.3215,24.9892,1.13802,15.6474,6.35929,1.18892,0.0164574
24.8974,44.8056,4.84915,70.0956,8.05951,28.1086,4.34757,6.95957,16.2596,10.4531,5.34088,7.41208,1.43868,0.722279,4.16079,6.46068,5.44017,15.1989,5.61783,2.44964,0.742466,2.85044
16.7415,17.8348,95.715,77.2979,4.62635,11.9866,3.43243,9.70015,37.8397,30.203,9.54469,9.0154,4.35969,2.18573,3.78856,8.89324,14.7919,37.4272,19.9222,0.00383903,1.86634,3.73817
5.29809,41.9333,63.8868,15.9152,13.7801,7.88951,3.21452,5.3137,13.6074,9.86023,2.27287,9.32235,6.15169,0.17456,4.85794,5.73281,25.0137,37.743,10.5602,1.02195,0.821891,1.33535
15.8455,23.5088,20.8061,6.19941,2.38525,0.643845,3.33022,17.3232,38.1133,26.2417,0.149559,7.87866,2.44614,1.83393,1.46617,3.89843,2.40163,7.43863,1.9596,1.56199,0.702662,0.958442
40.5427,51.5507,40.355,7.86576,10.207,12.8722,8.25371,7.31933,40.2463,35.3255,8.49673,5.59078,3.12689,0.620339,0.73582,4.46628,9.93526,0.840561,4.56054,0.579999,0.650763,1.80165
50.3766,60.704,39.496,9.36691,12.7639,10.9379,5.45658,0.901097,5.71765,2.21861,3.45873,4.78856,2.65692,0.00429329,0.482831,7.76707,28.1671,24.1829,4.8149,0.508445,0.655535,0.773417
46.5016,52.5876,24.451,10.3046,7.76445,1.45105,4.2968,3.05551,10.8779,14.2974,1.0866,4.09124,1.74784,0.479103,1.97475,3.47079,15.5251,30.6502,13.3766,0.188587,0.543536,0.385461
35.3591,50.2627,42.5184,11.883,0.536396,8.41011,10.6832,5.48792,20.5324,13.3761,3.20362,2.60755,0.457071,1.32618,1.68826,12.3587,74.8553,82.6915,20.074,3.68749,1.40749,1.26233
21.5953,24.4844,6.50288,6.52222,8.92621,15.7648,12.022,0.340847,12.1946,10.8298,1.31911,2.6092,0.56665,0.580782,1.60359,1.6991,3.52597,8.91859,5.5488,1.11076,2.55506,2.1316
5.33788,11.0379,14.6353,8.79033,0.0924954,1.78355,7.49101,4.71233,12.4774,14.7948,0.45572,6.03119,3.26815,0.490704,1.99175,10.3246,58.5296,57.358,7.48771,3.64216,0.762926,0.527034
14.6772,12.5511,2.40032,3.80237,19.1281,25.8141,14.154,6.47928,8.02002,1.63019,0.644667,5.10675,4.47561,0.712761,0.351314,2.6591,17.3794,23.5395,7.84427,1.06009,1.2309,0.90626
39.0071,52.9485,49.8512,21.0314,2.94805,21.991,16.0878,0.267044,4.71922,8.34317,2.18207,3.3541,2.43505,1.96893,3.85302,3.2934,23.3062,25.9063,8.04989,0.572469,0.867054,0.65598
58.6723,57.318,10.9963,31.4699,27.5665,18.3062,2.25237,13.1658,8.61383,6.66994,4.52167,1.91699,3.15898,2.74449,0.051048,5.99289,26.6083,33.7263,10.9173,0.519548,0.920596,0.567503
68.3275,89.4703,69.4966,21.6902,21.9324,35.6202,34.6544,26.0438,36.8675,30.8583,7.75371,5.41188,4.66297,1.03348,0.242361,0.681673,7.63332,15.0257,6.1157,1.48352,1.4426,2.18005
79.4461,89.9611,50.8964,0.595897,3.4315,5.5742,14.4206,19.6088,34.4225,23.1438,1.31996,10.1848,6.98554,0.665577,2.22084,3.29025,2.66948,5.48888,4.53082,0.785979,0.804425,0.546235
72.1863,75.7419,31.6049,17.0277,23.944,29.4797,24.5063,13.5095,7.52461,6.40907,1.40293,8.68419,6.10033,3.14789,1.88158,0.159664,0.738608,4.85264,2.70617,1.64664,0.043679,0.6592
52.4167,75.1339,73.3811,35.2406,16.8586,21.1371,14.8805,9.48318,31.3428,23.9127,3.80553,2.96326,0.108699,2.32112,4.15715,7.78553,11.9094,13.4059,4.77606,2.12498,1.38551,0.828311
37.9097,31.5694,5.31203,22.5101,3.13587,8.1571,3.47312,11.1476,19.2425,15.9514,4.02526,0.124692,0.135306,1.07464,6.67723,9.76571,9.86031,11.0618,5.96293,0.904129,0.0141181,0.436586
6.36851,14.3505,18.3667,10.5707,0.215194,20.4856,20.6708,11.0722,24.1903,20.5743,5.26454,3.62517,3.24378,1.34735,6.46369,12.7307,18.3265,21.0395,11.6583,3.98782,2.40016,0.501977
23.2945,20.2701,1.54143,4.37689,9.72618,9.39353,36.0177,32.6005,19.6017,2.13732,6.79023,5.71424,4.79135,2.00711,8.24156,15.99,21.047,24.3381,13.7405,2.25553,0.000921354,0.0999556
46.1809,67.3687,68.1653,36.6949,10.7196,12.1075,19.669,13.5288,15.9289,30.5689,10.5961,1.37964,0.0861223,1.94119,9.2557,17.5313,8.90429,0.0722172,4.87176,5.17283,0.524773,3.08334
68.4775,66.0518,11.3946,37.1786,27.5105,8.15862,35.9327,17.5298,6.81356,12.2518,5.8259,0.632085,1.48223,3.10787,8.46894,20.7065,6.35616,6.72975,6.28583,7.01437,4.51465,3.26143
83.3328,108.109,83.3393,18.9997,7.73017,6.20675,15.794,25.2711,1.04675,13.8801,5.27717,5.8049,4.16113,0.767035,11.5713,20.3675,4.46205,6.35291,2.38766,1.26203,3.95886,5.04687
96.603,111.192,65.0199,12.4197,18.5255,10.293,25.4855,3.1897,22.7141,18.5836,3.03461,6.63284,4.19422,1.59257,12.986,18.3056,1.9931,11.5128,5.50894,0.172122,1.92823,1.29922
88.7519,92.0741,34.6807,33.5595,35.7104,5.24547,0.993518,24.89,7.68843,14.3254,3.69115,4.00426,2.18533,0.112423,11.6895,17.7166,3.08717,0.411509,9.47545,10.5429,7.22596,2.7429
65.208,93.1818,90.3433,40.3288,16.8984,17.1834,4.96065,18.3333,15.2396,2.60955,1.0123,1.00376,4.60297,4.56158,7.09805,18.1505,13.6492,8.26803,4.88875,0.229705,2.97063,1.54146
47.5238,37.9154,7.2952,15.1984,15.1311,10.1069,21.8653,10.0372,7.74594,11.268,5.12756,3.2657,2.45839,1.83633,2.14662,12.1351,23.8432,21.1651,0.424674,2.81093,3.90105,0.282543
9.88496,20.4313,25.4608,3.76332,13.9303,11.1013,13.5119,29.2263,2.71632,23.5251,3.00221,12.2349,6.97722,3.16965,6.38526,7.00359,24.5556,35.0957,11.3894,5.77953,4.82727,1.5332
17.7507,18.0673,2.07652,8.13718,5.95026,10.5073,35.9856,23.8169,4.06226,8.49189,0.891387,15.2755,9.44545,0.97066,6.38087,11.9716,9.28135,0.497177,1.4433,1.34755,3.43822,2.40915
44.2878,65.7566,67.8578,32.6277,10.1922,7.89665,21.2263,33.7645,29.2458,14.0648,3.28034,13.2791,5.67769,3.69003,11.8558,17.1755,20.6774,19.8959,4.57775,2.05846,1.72252,1.29703
67.5821,64.3184,10.2779,29.4586,20.3278,2.48652,34.9941,30.705,20.0029,16.1231,0.519156,9.2529,2.82156,3.17356,12.4365,20.3527,13.4667,1.76776,6.9112,5.98858,3.1864,3.292
85.749,110.222,84.9644,15.9412,1.35752,5.44152,12.9525,13.3669,20.6314,13.7281,6.43961,10.0281,6.42662,1.74803,16.7013,24.552,8.69573,0.568873,4.41991,5.79289,2.88188,0.848689
90.9378,104.016,56.5746,6.93821,20.7417,4.52882,17.6964,19.5147,23.5657,20.1266,6.2647,3.78431,2.46069,2.09843,12.9667,21.9626,9.27014,0.872768,3.46494,3.46113,0.546324,1.07143
93.824,98.0842,42.1082,24.8244,31.0114,9.69719,2.51063,0.78157,7.15,3.19954,7.20665,1.74324,0.841382,1.42818,9.62024,11.9268,2.67594,10.1417,4.91548,1.00062,0.265272,1.49801
72.3711,101.147,90.8998,23.2112,5.71031,5.06211,2.87629,3.75271,1.78209,12.1628,4.61725,1.90489,1.09391,0.334546,5.9361,9.48112,1.96504,0.576712,0.780638,1.9041,0.76134,0.087915
57.0314,46.9218,4.4771,5.21559,37.7939,13.605,3.58727,1.45194,17.1399,17.9459,4.31444,3.17819,1.69173,0.684563,2.76314,5.81535,5.94015,5.59196,0.868021,4.44559,3.56272,0.798658
26.7128,39.4931,41.0574,4.172,25.3958,6.91974,17.7472,6.21352,5.06712,0.789487,3.97239,7.71554,3.5799,2.11569,6.68991,8.40277,1.09658,2.68717,1.62971,3.8015,3.89479,0.238638
5.26918,7.67421,5.90967,7.746,13.3564,1.68517,6.51627,5.26181,6.85747,1.85065,1.41185,7.63261,4.43423,3.09146,12.8741,16.3836,0.983454,9.40661,6.79597,1.86604,3.04131,1.9989
35.2731,49.9015,46.7676,1.53023,29.9921,8.28413,19.5981,6.3265,7.22062,3.73549,5.99448,8.50745,2.27743,2.80742,11.0315,16.9965,4.24801,4.52551,1.43053,2.47847,4.22675,1.57216
59.0046,52.2715,4.79908,11.6531,14.7976,17.6019,18.1726,9.04696,6.27445,10.1946,7.02709,7.1959,4.26281,2.14079,13.0552,17.5929,9.59961,7.13615,6.33099,4.27999,3.93206,1.52983
71.0652,97.4561,83.5764,27.0833,14.9684,1.7365,16.0157,4.01365,3.15072,12.7606,6.96829,4.9256,3.56607,0.446998,5.33752,11.7032,11.9357,9.024,2.52663,1.68405,1.52868,0.348585
89.6185,91.4098,33.5366,27.7091,24.927,22.4929,22.9804,7.21347,3.1669,5.19012,7.52199,5.74066,3.81037,1.52316,1.41171,5.0619,5.12246,2.98949,0.16578,0.778694,0.850099,1.68374
81.0236,96.5851,61.1426,6.63079,2.32033,9.19253,11.5888,2.30005,6.09816,0.103769,0.334412,2.37374,0.86692,0.144021,1.14378,2.04454,5.24674,5.24886,1.41591,0.0692923,0.691447,0.737402
74.8874,92.3033,65.8355,14.7086,14.4031,25.4857,23.3139,4.61367,3.23319,2.3514,0.161602,2.96632,1.24415,0.375431,3.84247,6.82273,8.11806,7.63613,2.06551,0.149227,0.794792,0.240648
64.9396,62.833,16.3879,18.34,7.79131,11.8352,9.3555,0.534102,0.841124,2.24733,0.863532,1.68502,0.417526,0.132493,5.4866,9.31716,6.1436,5.84726,4.23576,0.313205,0.956089,0.274356
41.3546,57.3896,57.0936,27.0152,0.69707,19.0612,17.9886,2.47477,9.22291,6.05186,1.00469,2.95073,1.4088,0.942414,6.08073,8.12816,1.34104,2.02311,0.973801,0.291431,0.412827,0.116234
22.3305,15.3194,5.1761,7.10262,10.195,14.4638,4.40176,2.98955,1.48282,3.72552,0.0864817,3.49084,2.73193,1.22827,4.57863,6.54139,0.602504,4.45584,3.03525,0.857761,0.90799,1.43656
1.2831,0.761253,2.59523,4.64238,3.47625,13.3365,16.4107,4.33947,3.91638,3.39462,2.69635,4.54781,2.69835,0.489333,2.84559,5.80166,3.53464,0.658391,0.741134,0.436656,0.280547,0.714024
20.9785,22.1979,8.80551,3.29564,4.55124,8.05566,0.13585,5.86497,1.4399,2.1684,3.04435,4.59605,3.2513,1.70527,3.51665,4.01426,2.07456,2.43059,2.4686,0.8478,0.779907,0.914792
34.4146,46.5836,38.6865,6.29379,3.55555,8.75006,12.1343,2.31028,2.18455,3.70314,3.04485,4.88814,3.38849,1.28533,2.56362,2.47186,0.350422,0.222004,0.612627,0.203027,0.182344,0.100666
56.4187,54.1486,18.7289,4.12404,5.98192,3.52063,3.38595,4.77727,4.72196,3.81747,3.04905,4.34885,2.33834,1.28977,1.65686,0.100656,0.556375,0.895056,0.71127,0.129209,0.0710896,0.833751
58.6565,72.7077,50.9649,6.35873,3.07366,9.51365,8.98068,0.638726,1.57743,0.146852,1.98259,3.70285,1.55216,1.27325,2.09673,2.22184,1.24187,4.3032,1.93422,0.0835709,0.0210258,0.250828
64.9232,66.6304,28.6628,11.2784,9.50493,5.3848,1.95724,1.20623,4.33465,5.30501,0.618393,2.6385,1.26538,0.372713,2.25756,2.47025,5.87801,9.26478,2.34124,0.29789,0.0787083,0.445431
65.0818,71.5602,41.3695,3.04697,4.10272,9.55416,8.74417,0.116684,5.23263,3.22142,0.882285,1.70904,0.336883,0.450196,2.26226,3.79281,5.61253,10.7997,4.44342,0.968049,1.09081,0.817441
60.4068,64.9557,34.6026,0.584515,1.0466,3.27306,4.27367,2.1803,9.15549,5.66588,0.463592,1.24412,1.96953,1.16492,3.33031,6.57276,1.72561,2.45198,1.73585,0.439103,0.0768067,0.648515
50.1391,39.5862,23.0907,78.3778,95.7217,3.44634,32.7184,24.2772,23.5679,11.3743,3.12222,0.660801,7.57523,9.40816,3.92822,3.57231,9.98561,12.2204,12.2264,10.5507,6.43696,5.88095
9.74802,2.97615,6.71791,23.7383,59.6285,43.0468,3.04713,12.0129,15.1445,11.3617,7.07839,3.57991,0.987599,6.13209,7.19934,4.64225,1.169,1.46997,1.75754,1.90813,1.6016,3.02664
7.54713,4.41599,35.1673,15.8097,12.5713,4.24373,7.89222,6.57627,10.2121,9.02909,5.83789,7.7413,6.58213,3.00336,1.71423,0.323699,1.34009,2.14584,0.996597,0.961579,0.827029,3.14509
3.84493,4.15129,20.7811,21.913,6.18453,11.2718,4.17524,4.61109,2.79143,7.73689,4.22938,4.70231,3.92516,1.03234,1.09569,1.45691,2.05232,0.531425,2.59044,1.17071,0.570448,0.625831
13.9433,25.1605,18.9861,4.93717,5.82008,0.534877,2.6755,8.45038,13.2872,7.82817,1.12579,0.443323,0.694749,2.02178,3.11785,1.82154,3.36063,5.0098,2.01977,0.820504,0.603048,0.809925
5.85731,4.19382,4.72788,7.37616,9.97371,7.18983,0.513232,0.499337,0.546514,3.24087,2.46704,2.18591,2.58969,3.60524,5.13925,4.2007,1.33458,1.25025,1.53001,0.395229,1.12403,2.20964
1.37328,2.43891,2.6693,3.93895,3.49248,0.00799221,3.03441,11.5118,11.0481,0.70217,4.16844,5.48364,4.7839,3.76459,4.35773,4.20866,5.858,6.51532,3.10733,0.415311,0.164809,1.01932
4.67681,6.78177,12.4729,9.54519,4.32507,6.11866,4.55199,3.6364,11.0184,13.392,6.46424,7.13639,5.25687,2.20432,1.07281,0.802096,2.76681,2.22338,0.0476882,0.657401,0.641244,0.310184
4.51474,0.657194,8.73483,9.83482,1.68448,6.62861,0.621976,5.01159,5.49636,2.65797,4.70942,8.43793,5.1082,0.947778,2.56722,5.85262,7.9897,8.19018,3.36149,0.0369405,0.145589,0.705148
4.18539,3.10582,0.332855,2.13333,5.70082,1.64507,6.79713,9.8863,0.175034,7.04759,1.82271,8.30976,4.37835,0.0485728,4.26954,7.64932,7.41561,6.33294,2.41945,0.385408,0.633312,0.312775
2.24634,3.82772,7.86994,5.72149,5.34806,8.17217,4.52604,3.33413,1.14352,3.27489,2.49235,7.39211,3.71517,0.817315,4.33146,5.70664,1.52476,0.726316,1.10761,1.17771,0.323917,0.956901
0.46209,2.76544,9.50879,10.2424,0.0515085,8.40298,8.26023,6.83345,2.34317,0.902584,2.63475,5.8827,3.16531,0.670815,2.79098,3.38858,1.61265,2.61483,2.35142,0.0472522,0.18649,0.618412
0.157367,3.8381,8.94612,7.08156,5.41352,5.25871,5.43474,7.15211,4.37168,1.62012,0.749412,3.57479,1.55236,0.685676,1.17125,2.72732,5.74987,7.18902,2.84963,1.29951,1.29954,1.03143
0.924622,2.25797,5.04056,1.12409,2.83404,6.94211,2.787,1.34852,3.83582,2.97203,1.30698,3.26794,1.77534,0.182918,0.806067,1.09543,3.74839,5.69478,2.47596,0.219067,0.334382,0.00881986
0.513205,1.0923,1.6381,0.429421,0.201414,0.494026,3.91269,5.88444,5.95968,2.80275,0.952035,1.35149,0.439994,0.146998,0.389668,1.01628,1.04173,3.92937,2.50608,0.349814,0.38758,0.779663
0.811394,1.00088,0.895291,1.8381,3.71343,1.60587,1.26574,1.62605,0.400211,0.419512,0.811982,1.23654,1.22837,0.740968,0.976221,1.19327,1.62589,4.87718,3.05894,0.501723,0.332553,0.0405118
0.170153,1.44066,3.03789,0.253105,2.23127,1.80165,2.55117,2.70218,1.56226,0.415957,0.233704,0.417348,0.0577862,0.112824,0.871764,0.564064,3.28386,5.32537,2.00646,0.192246,0.352688,0.34176
0.0374235,1.90623,4.354,3.23026,1.36081,0.543409,1.56168,2.18929,0.299864,1.06781,0.830169,1.02558,0.414665,0.0231335,0.604581,1.25374,1.51901,4.52101,2.47344,0.167966,0.221387,0.40845
0.103199,1.95509,4.66039,3.87564,3.48756,3.83625,2.04706,0.0590937,1.70203,1.2535,0.264208,0.497802,0.15183,0.230377,1.08783,0.812312,2.09227,3.60637,1.95881,0.103988,0.532414,0.344103
0.347664,1.37767,3.21605,1.08846,1.09647,1.51899,3.12377,4.03147,3.00304,0.894144,0.517312,0.181071,0.227189,0.34351,1.23309,2.27208,1.82653,1.30205,1.00253,0.669139,1.36803,0.483338
0.0193925,1.11627,2.53391,0.400168,2.7582,2.13958,0.20841,1.55381,1.32234,0.586174,0.229885,0.0175581,0.0437509,0.056855,0.635908,1.66804,1.175,0.630021,0.774863,0.247405,0.37852,0.0219487
0.0947791,0.740407,1.49901,0.24136,3.23787,2.95315,0.388299,1.31116,2.44926,1.92565,0.375827,0.151275,0.539784,0.537999,0.821738,1.33006,1.65948,5.49799,3.95284,0.734675,0.213841,0.543953
0.0379799,0.41577,0.707734,0.00147481,0.681511,0.857629,1.23513,1.08112,1.01776,1.21321,0.399721,0.108542,0.399532,0.015685,0.794281,0.863715,2.00044,4.29352,2.31943,0.816377,0.737011,0.0460785
0.130971,0.0982083,0.258948,0.299464,1.82365,3.8688,2.48994,1.52664,2.53382,0.464749,0.237064,0.226453,0.144932,0.309183,0.568588,0.388634,0.135121,2.11324,1.20731,0.168502,0.325539,0.427604
0.126763,0.0526425,0.0231518,0.41163,1.43277,2.13192,2.64502,1.59088,1.23168,2.03205,0.719711,0.028666,0.0637887,0.089101,0.0318454,0.124093,2.77931,5.64572,3.45172,0.607448,0.0575935,0.329002
0.234279,0.17811,0.0763361,0.350488,0.151783,2.30874,2.15373,0.325537,1.47559,0.942906,0.0929892,0.268741,0.431153,0.117163,0.0525656,0.826999,4.552,5.35757,1.04889,0.491505,0.11001,0.214291
0.0101955,0.00947324,0.134579,0.441606,1.53196,2.33415,7.1674,16.2887,5.86345,10.995,3.82686,4.86247,1.75062,0.962743,1.2559,0.537538,4.64062,3.61472,0.224709,0.124974,0.214305,1.9419
0.045972,0.0741246,0.195059,0.816471,0.404574,0.821729,6.47125,13.1519,6.05303,22.7014,9.10609,2.43772,2.09096,1.6639,4.18813,0.220568,8.15562,6.8484,0.884351,0.533168,0.534625,0.820953
0.307491,0.109174,1.65586,4.19674,4.14736,11.114,11.7073,9.1993,10.5349,17.5534,1.95358,2.9141,2.85169,2.9919,6.23962,9.52481,7.06047,9.19603,8.70517,6.0434,3.93151,0.511691
0.753669,0.948576,2.64106,7.63011,6.04286,2.77704,17.5954,36.003,18.4976,10.3192,4.52213,7.25389,4.05446,2.2049,9.20332,19.6059,11.8519,3.16762,0.538438,0.0865089,0.592606,1.14733
0.393875,1.03911,3.37737,0.378932,3.2905,11.2699,2.91134,25.4964,41.1223,19.0623,4.41917,10.6825,6.14971,1.0463,8.05649,17.2964,10.5321,5.04244,3.22395,0.2259,0.390826,4.9395
0.113871,1.24037,1.76234,0.351163,1.68126,0.483065,10.4388,31.0685,49.1281,30.2581,1.98617,13.0576,7.15272,1.84979,8.99367,13.7705,2.02303,6.24056,3.61117,2.30384,0.434135,5.60063
0.0498949,1.3175,2.7861,2.53287,5.71235,10.6584,3.59043,21.0737,34.6175,19.311,1.63984,10.4781,7.37337,4.19708,7.59467,7.43906,6.33492,14.8132,7.25564,1.18111,0.556368,3.44085
0.917822,2.72408,5.70843,1.65145,4.65928,5.58887,5.48686,32.8172,57.9228,33.4753,4.29179,5.66419,6.41399,4.26305,4.7701,5.4688,1.47831,0.178397,3.18072,1.79968,0.42139,0.388138
0.65138,3.11923,7.57635,0.00314669,7.91992,8.88987,2.98509,6.35429,0.944301,3.1381,2.35113,3.41943,2.06119,1.45101,0.493266,3.98097,13.4305,15.1422,6.11365,0.305788,0.493854,1.11662
0.368665,2.81885,7.49551,0.542325,13.4906,10.2649,3.61614,25.7869,37.3915,15.2382,2.59955,2.41891,1.01093,0.999402,3.72771,2.14795,18.1523,18.3702,3.32575,0.788231,1.10749,4.11529
4.20958e-05,0.48505,2.62099,3.06693,0.485247,3.51957,5.21586,9.32123,32.1506,30.0578,5.84377,0.725376,0.0160471,1.31539,1.18971,2.01186,7.19207,8.12852,3.12755,0.392603,0.222232,2.68934
0.367158,1.18845,2.43137,6.92107,14.1704,6.40853,4.84295,21.099,25.2454,11.065,1.96493,0.840564,1.35173,0.510804,3.89103,3.32448,7.11365,7.2495,0.302829,1.39923,0.328668,2.2337
0.609095,2.36951,7.40865,0.86524,14.0258,4.42582,5.30301,10.7787,26.7958,19.8355,2.38102,1.1459,1.52754,0.291712,3.7851,3.86729,4.00599,7.26044,2.22469,0.972849,0.235897,3.04487
0.15979,3.25678,9.41163,8.74424,0.0445405,4.96967,7.01621,3.89432,7.1747,7.55716,1.5893,0.333107,1.69709,2.64895,1.4656,1.15246,0.969012,3.61077,2.0373,0.951136,1.63605,0.740409
0.423088,2.77429,8.3206,13.1921,13.2122,1.95621,2.81848,11.1802,16.144,4.33204,1.1997,0.711964,0.406515,1.32891,0.370767,4.08471,3.63976,1.11089,0.416895,0.91332,0.556791,0.476846
0.414976,2.00155,4.16694,5.75006,11.899,12.8482,8.04867,11.6052,19.9026,14.8373,3.26971,0.0357181,1.16213,1.19243,1.30048,1.24027,0.898687,0.5366,1.69356,0.43446,1.99476,1.92507
0.0351238,0.696724,0.0265005,1.98793,1.23969,5.12822,1.38555,5.77026,5.69678,0.836631,0.0858299,0.244302,0.343118,0.274684,1.21954,3.11226,1.68281,0.829941,1.252,0.943213,0.727424,0.603906
0.198768,0.756454,2.20766,2.08389,2.4449,2.83843,3.54081,15.1556,26.937,16.974,2.68048,0.435235,0.160348,1.01256,2.99736,3.95626,1.87203,0.166759,0.100208,1.15958,1.60157,0.676999
0.216213,1.76539,3.57726,2.51217,2.35007,3.03385,2.72022,4.99838,5.62632,8.24648,1.28704,0.155182,0.421615,0.679156,2.71814,4.54964,4.02744,4.07602,3.19116,0.990823,0.63857,1.82821
0.301364,1.95112,4.04201,3.02086,2.02941,1.39728,0.767788,1.05209,6.06046,5.61398,1.21979,0.246869,0.774226,0.0442207,2.8178,5.48621,5.79375,3.94539,1.62652,0.355251,0.480792,0.443698
0.152828,1.44988,3.53201,2.39002,0.247115,0.881321,0.9667,3.19628,7.56641,5.02074,0.110511,0.853625,1.45112,0.967275,1.29657,2.54396,1.98959,0.323828,0.799661,0.0844908,0.414352,0.219144
0.000954477,1.12076,2.60895,1.66336,0.0246091,1.04768,1.29408,1.66481,2.59312,0.00717352,0.320732,0.620322,0.624785,0.834391,1.55936,0.759574,1.03589,1.79895,1.21619,0.452317,0.167356,0.427443
0.0645118,0.746198,1.47169,0.713963,0.296846,0.282207,1.19314,8.45153,13.4192,6.64917,0.0439648,0.0363747,0.748213,0.800504,0.649335,1.00074,1.40552,0.123286,0.238117,0.5592,0.831812,0.293459
0.160234,0.362714,0.861782,0.53672,0.216387,1.13835,0.30636,0.586405,4.02725,3.8119,0.719219,0.131656,0.887414,0.0689072,0.662527,1.49742,1.69755,1.51984,0.0116652,1.00463,0.171806,0.719979
0.170134,0.109345,0.318292,0.0967457,0.2394,0.207545,0.502848,1.91584,2.25879,0.085953,0.26387,0.609678,0.334583,0.913163,1.47914,4.81765,5.69188,4.11498,1.53861,0.114768,0.00538578,0.0264481
0.00858254,0.077177,0.14201,0.0134009,0.179264,0.0911741,0.0586832,4.30441,8.81433,5.2558,0.285655,0.346494,1.61095,2.40085,0.293386,1.42196,0.117053,0.389479,1.28023,0.65091,0.123074,0.47521
0.032384,0.0214834,0.0517654,0.142852,0.343893,0.210736,0.520992,0.785908,6.16031,5.87321,0.187252,0.80872,0.348548,0.527673,1.40993,2.59683,2.83827,3.11667,2.52599,1.13723,0.686044,0.0641264
0.0505804,0.0544962,0.113976,0.035371,0.277258,0.402742,1.94385,6.44116,6.75873,2.44555,0.026669,0.206684,0.624053,0.464805,0.0992857,0.896191,1.2375,0.986262,0.695191,0.724508,0.603172,0.251937
0.0434028,0.0053088,0.0208815,0.0868004,0.0106933,0.22006,0.743165,0.446358,2.60882,1.87558,1.52236,0.865392,0.445295,0.313704,0.8745,1.26678,0.326253,0.591622,0.35024,1.40259,1.74957,0.660717
0.0597503,0.0213466,0.131069,0.0946053,0.376274,0.470026,2.67812,8.28686,5.95372,0.144175,0.921371,0.743279,0.53411,0.180108,0.0914784,0.355127,0.995517,2.32532,2.32866,0.580593,0.909656,0.615339
2.18292,8.15337,26.2136,25.763,56.8747,20.2515,39.4452,2.65172,13.9948,11.3351,3.88181,6.01311,1.21691,4.33974,3.13863,5.46483,1.80357,2.17767,3.55246,1.69009,4.4264,0.499003
7.94843,2.01441,43.3359,128.202,148.751,78.774,4.43697,17.5079,4.43024,10.7033,18.4714,17.5053,0.555662,7.71952,0.11488,4.4676,1.36957,8.54884,1.9807,9.02074,2.26847,5.50122
1.97558,21.7983,84.9457,117.604,54.2024,8.16948,11.276,4.62994,11.3682,13.096,4.10693,6.44835,11.3374,8.59173,0.0974291,1.46335,7.92576,13.9253,2.3289,12.6757,4.79915,0.496886
4.16803,50.6671,95.6523,46.0875,4.42023,14.8224,13.621,7.99027,11.5305,9.13422,4.2986,12.3784,9.64987,2.9162,2.22375,8.22385,21.1917,30.4773,23.9579,10.3538,1.96831,0.120306
6.57626,27.4044,35.9693,8.48856,1.19168,5.84533,12.6266,11.0878,0.584917,3.9186,2.2561,4.36438,1.30814,2.80444,4.44202,6.99181,11.7051,6.76036,10.6644,8.9038,0.09471,1.60345
10.6092,10.7999,3.35535,9.35902,11.7272,9.1102,11.562,3.21337,25.709,18.0529,5.34236,11.901,13.8898,3.83042,3.67466,5.37823,3.02141,3.36379,8.84371,6.70839,0.0298141,1.54304
9.82585,5.53918,2.31181,1.11456,9.31327,14.6325,17.1681,0.562432,18.9311,12.3291,2.71374,1.69799,17.4899,11.8165,1.41558,1.57101,8.90218,14.6966,3.02848,2.17569,0.00857864,0.369228
10.5497,3.51016,8.53807,10.2906,7.22821,13.1606,18.5287,15.5347,12.1926,6.22219,1.66132,20.3872,36.4401,20.8866,2.35521,2.79899,25.0611,43.4926,30.6815,10.9545,1.47329,0.785335
14.8811,14.4234,9.28847,1.35504,2.43051,0.494998,3.96781,7.15857,17.3899,16.2774,6.7276,12.7691,37.1493,22.2931,1.27472,3.70199,28.5577,22.8387,19.9812,18.9403,0.413253,0.853119
19.4749,14.7902,3.3428,3.5839,12.038,11.3765,7.17959,3.33428,0.960989,1.79482,1.19159,20.1691,38.5412,19.7654,0.395278,0.135764,0.0777821,16.5138,37.1632,20.5905,0.26709,0.94993
25.7533,31.3571,24.9648,1.95282,14.8771,15.8494,3.50431,2.63616,5.85166,8.71648,0.816805,15.2311,35.8093,20.8486,0.49279,3.30901,31.1625,56.3555,50.0529,22.7307,2.42149,0.351529
31.4075,25.7311,1.66568,7.20255,15.7201,8.79603,5.59542,2.74947,11.7956,6.40152,1.34113,8.78503,26.4818,17.0421,2.01347,4.45122,36.8183,41.1435,3.61062,14.9956,3.13306,1.27761
41.0046,52.7906,45.4259,6.30907,12.7205,7.31585,20.631,3.0467,4.52158,1.01697,3.28233,0.902945,8.33951,5.69868,0.276433,1.50058,13.294,11.6756,7.30586,8.39179,0.973849,1.83849
55.7179,47.5197,7.73607,7.48032,3.39388,12.46,16.8904,9.27715,6.11647,2.16492,3.40093,3.11223,4.33395,3.14059,1.54915,5.54796,28.4945,23.3193,23.0038,26.5417,2.8491,0.835793
63.2361,77.0229,53.5962,6.43252,4.30633,1.33205,10.8521,0.436409,8.52527,1.00407,2.10412,11.2462,31.9354,23.2101,1.15335,4.41309,35.0067,52.143,40.6787,22.8697,4.63947,1.09931
78.2701,77.1767,34.3123,12.0936,16.0655,11.1185,35.776,17.8496,3.06691,7.05392,2.68078,11.1225,34.5472,28.5337,4.4726,0.557909,8.67161,17.3632,20.8058,20.0198,6.93074,0.397864
81.0311,86.668,48.4472,11.2305,17.4005,2.19378,21.1665,13.9317,0.569247,5.25971,0.280682,0.0609326,2.00819,4.04375,3.22415,5.85781,3.59263,6.65617,4.11076,4.83997,1.31961,0.482233
81.5769,92.6168,54.209,4.89264,14.5473,18.9122,20.7243,9.78361,1.84891,5.08174,1.69022,1.35743,22.6576,28.3812,11.3088,1.81683,17.7939,26.1184,26.6209,25.226,6.03419,3.60942
91.0336,87.8018,37.9304,3.67507,1.1199,19.5091,35.1056,10.4032,23.1268,22.0682,8.15566,5.84817,9.63273,15.4347,5.50847,5.35335,2.33095,1.18133,9.23112,17.4182,6.54258,4.05656
80.1894,98.1356,72.6473,22.9774,23.0809,12.7137,5.34872,9.32103,26.1584,14.8296,3.60064,12.6783,26.3427,28.2455,10.648,0.790627,9.09339,16.0339,4.66587,9.76167,6.99663,0.360753
75.2295,65.4984,11.6081,30.2912,37.3064,42.8268,29.4475,8.35106,13.4705,15.6606,4.48673,3.69899,34.6955,47.4036,19.8902,3.32984,12.0404,17.1191,3.94957,16.4755,7.65597,3.02142
67.5952,89.0507,78.8172,42.2592,38.5917,37.983,27.4851,9.01145,42.3392,28.313,4.19164,11.1669,16.255,32.2195,14.7537,4.18537,0.361137,5.85136,0.618588,10.3501,5.28903,3.17487
56.4082,44.6773,2.69871,28.3786,10.9883,6.4154,8.51416,2.0327,2.86328,0.0764076,3.24298,9.92644,7.58681,2.21344,0.711047,1.39989,7.97174,6.07469,2.0047,5.33212,0.390814,2.91649
48.6694,65.9623,63.3966,19.8933,17.455,37.8186,29.7406,11.8988,44.5456,29.5736,2.72066,15.8234,45.7073,35.9469,7.09178,0.455668,4.70217,11.5444,19.1338,17.8387,2.50394,4.07852
32.2058,22.3775,9.10941,4.0796,42.5781,26.9812,7.73151,4.5448,21.0693,13.7483,6.80926,12.7285,2.19806,2.02441,0.662021,2.03701,5.22506,5.94169,11.9215,15.9354,5.98017,3.60945
25.46,31.0609,28.4343,14.0552,47.359,11.0405,12.268,17.4363,30.4442,15.0096,1.96773,0.784386,10.0874,8.95869,7.6225,8.72941,0.89086,7.4159,7.89878,3.01402,0.89649,1.57106
4.99788,1.94254,4.49224,14.7979,32.1248,2.23519,15.8444,8.10217,34.1594,25.9536,1.46057,3.83993,16.9157,11.5061,4.18372,6.95592,10.1436,18.679,10.8585,5.40051,1.38268,0.136185
13.7662,11.421,5.87583,6.73233,13.2735,20.5946,8.72178,12.4242,1.69718,16.4837,13.4734,26.7548,34.0251,14.3457,4.3116,5.02604,12.3224,18.1107,2.91519,1.00766,1.74035,2.23721
23.6705,22.4234,6.06363,8.05274,17.3543,13.0895,28.5973,9.60311,16.5651,19.4725,6.43451,2.41244,25.5337,26.2151,5.0928,0.355741,1.79417,3.38932,3.02291,1.08627,0.337659,0.962934
38.1445,51.4594,43.7138,10.0089,43.7497,28.4329,3.52611,4.00139,12.2806,18.7192,2.84174,11.6,21.6116,17.3362,6.89503,6.34486,21.063,24.2753,4.87256,3.94506,0.815744,0.416723
59.5003,43.9904,2.81436,6.59263,57.7809,53.2853,23.8772,6.64633,2.8144,1.21616,6.12341,12.2892,22.0571,24.1885,8.08645,2.81949,18.8326,26.322,11.0319,0.402599,2.43347,2.61364
62.9794,85.4197,78.712,11.1613,39.0194,31.8099,12.2087,8.60341,9.86434,17.131,5.01355,4.94716,9.01259,8.65976,5.95363,4.27157,7.81752,7.53351,0.0923167,2.00868,1.5521,5.68711
72.649,58.4046,2.35329,19.9457,11.8437,3.70036,17.3016,22.9096,34.0507,20.5051,8.87067,17.5688,25.5145,17.2833,4.25278,5.06356,14.5172,17.1959,9.47269,3.31993,1.43074,1.99762
88.9041,113.424,97.0323,35.0398,14.4143,17.1055,13.3581,10.3882,8.71376,1.26135,5.6534,7.03419,4.28552,5.32839,7.14125,15.0284,27.2958,24.9391,1.66529,11.6371,6.46871,4.82273
87.1119,78.1062,14.5516,32.0491,19.8617,4.61973,27.4397,36.4108,38.9256,21.3128,2.20011,11.2612,15.4529,9.30759,12.6905,15.0322,12.7036,12.1342,0.703245,6.51446,2.84379,3.81535
91.0427,112.687,83.4065,24.5825,19.2179,9.16779,34.5033,21.4728,20.9922,16.9282,12.2815,23.0896,20.3828,9.06304,7.07451,7.19667,4.18331,12.25,6.63821,1.91082,3.01407,2.74611
98.8615,91.8827,31.4473,18.8493,24.2338,12.7737,6.29303,8.99684,12.1627,0.775139,9.49559,13.0515,4.93406,7.48781,0.599389,0.184098,16.2402,21.5725,0.674115,6.31714,0.148606,0.806925
94.9233,109.206,65.8109,5.63552,18.7862,31.5969,13.3656,2.60398,7.55184,13.2276,3.40628,11.3516,22.6722,12.4568,0.633721,3.41117,14.8293,19.7626,8.25863,1.78823,0.0340727,0.651772
106.015,106.879,52.8618,11.4056,22.5802,20.831,8.61575,1.01459,11.2706,14.8138,0.733111,10.4442,11.8129,1.95854,4.46299,2.76608,0.375171,3.78583,8.32063,7.3665,1.94128,0.217441
97.4335,101.089,49.8029,7.09113,11.6269,10.4937,7.97717,20.1829,24.8911,7.25537,3.16926,6.08732,13.9526,11.6948,4.01169,4.61523,12.2603,15.7507,8.9688,2.61749,1.21702,2.60532
92.168,103.939,64.96,0.683528,3.60119,8.63489,2.28344,5.2816,2.94071,5.09864,3.69934,14.7492,22.7606,13.8802,4.7588,2.52972,10.1231,16.078,4.27043,1.92021,0.318072,1.23609
83.8667,78.5745,26.9051,16.713,14.3766,5.03768,15.3363,17.2336,35.7338,15.8316,10.1669,21.653,18.8835,12.755,12.1747,11.7017,1.48776,4.66427,0.533652,3.09194,0.427843,1.00234
76.8099,94.5268,73.3937,36.7348,36.097,9.51385,15.6484,6.17869,12.3285,10.947,6.19507,13.2243,3.70695,6.41659,1.88585,7.30216,5.55352,1.08165,4.70178,4.38415,1.3355,1.59539
75.8085,64.2248,11.6036,31.995,38.1497,33.3384,11.3184,12.1088,14.0984,1.70012,3.77555,11.0255,2.90638,14.5452,5.64254,0.651578,4.59893,6.23608,2.94391,2.00526,1.70217,1.11455
62.3542,77.5407,63.8036,29.4579,26.054,25.1725,24.6617,13.8186,12.0248,13.8129,4.25632,7.3845,2.20129,6.42652,4.26062,1.09221,5.2411,9.59324,9.22643,5.2385,0.731946,0.250926
52.2603,41.8622,3.17224,11.7216,3.92565,11.242,3.94146,1.56894,23.1562,20.5921,3.10709,4.86827,11.4553,7.7485,1.47318,0.776297,2.41024,1.68236,3.59989,4.26656,0.250709,0.325747
50.1775,62.3315,51.4053,9.09863,12.4722,13.0858,9.23079,10.7701,12.9363,5.43299,0.106587,4.75983,8.11806,2.9431,2.24836,1.20229,1.54346,1.82023,2.15647,2.50553,0.715939,0.288635
37.0726,27.136,2.42699,2.41108,12.354,3.22523,5.03904,3.11738,16.9134,13.7313,2.95916,2.18332,0.291624,0.661371,2.07184,2.82535,2.90441,2.03827,0.483243,0.174977,0.0281402,0.0283636
28.3356,38.3282,36.0292,10.2583,5.55228,4.35077,5.7495,2.84385,24.1438,18.3373,0.868897,7.95533,7.41671,3.57479,3.46815,4.26619,1.4597,1.56838,3.14944,1.6688,0.57068,0.839154
20.9054,13.7725,5.83657,9.11489,9.40911,23.2414,21.6576,5.61258,6.77448,4.77443,1.66327,3.86613,1.45777,0.918934,2.16898,3.42127,0.304728,0.903414,0.927747,0.962313,0.0416948,0.383367
15.9721,20.4437,17.1291,3.0423,14.4076,7.71925,1.65027,4.08998,11.3634,9.61107,1.76147,0.456039,1.82824,0.538924,1.9312,1.85662,0.483153,1.61821,0.690345,1.92299,0.898564,0.0575821
9.3617,3.73534,5.65923,4.55141,13.7433,3.59344,11.4054,1.42313,14.1284,11.1654,1.85653,2.32341,9.05844,8.38261,1.91358,0.117396,0.800708,1.61221,2.40069,1.57767,0.0492357,0.273565
6.54957,8.52408,7.11545,4.33695,12.0141,7.99271,2.49586,0.0276138,1.59952,3.07982,0.572159,7.88697,8.60318,1.64514,0.607994,0.262174,1.06456,1.92848,2.54538,1.59047,0.637499,0.320239
5.53663,1.90219,3.22845,1.62339,5.10732,11.6227,10.1527,2.4201,12.0941,8.24818,2.13597,3.18851,3.67222,3.237,0.0181286,0.341069,0.443906,1.50032,0.783328,0.0743732,0.229058,0.209106
5.39659,5.05841,2.50485,0.712636,1.95109,1.06901,1.03158,4.11959,12.6147,7.98343,3.5478,12.3546,17.5206,9.72573,1.87297,0.00846458,2.38334,1.97606,1.53156,2.08309,0.746029,0.379844
5.42241,2.48821,2.6361,2.28758,0.807376,5.9095,7.76604,7.94617,14.9029,13.2329,0.457228,2.67766,2.9513,2.92454,0.651175,0.175,0.584817,1.40982,2.87845,1.59676,0.516438,0.0709605
9.60813,4.47777,13.8764,3.52661,21.4131,9.60732,9.96712,36.9467,15.1959,5.44379,2.31389,6.01318,3.71786,1.53873,2.98737,1.17023,1.40683,2.08364,0.7482,1.56626,0.970349,0.226984
16.9101,6.05487,50.3706,158.961,172.967,97.9083,22.0431,26.8312,13.6172,5.36398,5.65615,8.76283,6.45569,4.39168,1.66332,9.35825,7.17417,1.71153,1.1029,3.7408,4.19064,4.38898
9.15512,10.8401,85.1793,131.246,29.9971,23.6007,2.39847,5.16803,10.4638,9.34882,0.858834,7.7156,8.50249,5.57052,3.71522,5.87014,0.394668,1.33536,0.239694,1.32009,1.07606,2.73362
17.43,15.3658,24.2757,35.4746,18.4754,0.918851,1.29505,9.1613,5.69422,1.91756,2.16443,8.26142,7.40267,2.64093,2.41466,3.28301,1.89543,3.59752,0.291575,0.452046,0.168984,2.09769
18.8365,23.1616,6.26854,11.0541,6.23138,4.88736,0.878798,6.71774,13.048,9.28653,4.6769,4.57472,1.98541,4.34318,1.13221,0.283595,2.15422,3.471,1.52976,0.506403,1.55222,1.67567
1.48649,13.3636,16.6594,8.49292,8.57178,2.00335,1.42599,7.29061,12.3569,6.36991,0.689807,3.2133,0.143512,3.17699,0.590098,2.8183,0.893041,2.61376,0.325255,1.43701,1.23448,2.64753
1.86436,1.06668,4.49842,11.9048,13.6438,4.98168,7.85059,15.7853,11.764,2.27912,0.140316,0.710749,2.07174,2.2395,3.07046,5.68295,1.943,5.82467,0.884468,0.705352,0.119688,1.65285
3.42275,0.396517,6.34222,7.37834,8.15012,4.02968,3.62875,7.86869,12.236,8.99513,1.53229,0.845536,0.0914588,0.434225,3.83836,5.71621,1.07729,6.05383,4.59309,1.45037,0.920467,2.87689
5.23133,6.15491,1.22856,3.32955,4.12579,3.49019,2.21511,9.59381,0.92281,6.57061,3.41865,4.62017,4.1234,1.0289,2.02455,3.64672,1.79558,0.216737,1.42724,2.14332,1.35131,0.308162
3.56943,2.04395,1.05033,0.282425,5.68744,5.39981,4.85172,11.9348,9.51868,3.02498,1.62874,3.01901,2.46474,5.1887,1.42535,0.177941,1.21694,2.12082,2.13108,2.06186,1.48791,1.13682
4.22647,6.40877,9.62707,12.4479,13.7141,9.40343,2.2011,1.74893,2.13041,5.14765,0.502835,3.22506,0.674336,1.54024,2.07023,3.38392,0.143714,0.959665,0.219558,0.297627,0.469123,1.10193
3.37099,0.37044,7.64327,13.7022,13.0984,5.56202,6.05963,14.9845,14.8261,5.68932,2.22497,4.46134,3.53484,1.05363,1.7935,3.05803,0.77254,1.98842,1.73129,0.63561,1.40204,0.471348
2.35315,4.98127,7.88443,7.80346,3.57249,0.48041,0.347132,1.27308,0.502641,1.83266,1.88373,3.02277,0.868959,0.338037,1.54264,1.13037,1.46087,0.288778,4.11834,3.20964,0.149758,0.337409
0.469534,2.27746,5.0288,1.39794,6.83119,0.0310795,5.71022,3.35828,1.81574,1.50099,0.713871,3.3755,7.15271,6.27466,2.87557,1.67617,1.46651,0.79705,3.39859,1.83025,0.200709,0.0482283
1.00928,3.48062,4.82045,3.95005,10.2871,2.86273,4.62586,6.20297,3.27731,0.739713,1.5048,0.124895,1.17846,0.327896,0.828892,0.0991238,1.58944,3.31281,2.75564,0.835767,0.175512,0.101942
0.470901,1.51223,3.93838,0.819194,4.67979,3.94039,0.0894277,0.932294,2.74449,0.819694,1.32165,4.10391,6.05202,3.76249,0.429784,0.0796671,2.80998,3.24347,0.197146,0.53244,0.142073,0.590147
0.170011,1.87847,4.00265,3.66147,1.34117,0.299219,0.637997,0.861194,1.87407,1.00976,1.65623,1.3395,1.99739,2.11615,0.443469,0.384293,0.67679,1.58808,1.62579,1.66418,0.898097,0.34358
0.0588648,1.44569,3.11396,2.49092,1.79743,2.65181,3.54894,2.04843,0.423716,1.01186,0.134115,1.88278,1.19489,0.462946,0.115677,0.0451837,0.714851,0.589164,1.59532,2.59872,1.28007,0.131767
0.0281505,1.46904,2.28124,0.893263,0.522348,1.17023,0.452982,2.42942,3.26801,1.1031,0.62561,0.71023,1.12351,1.88252,0.719724,0.777416,1.88308,1.62952,0.184132,0.842942,0.649972,0.337948
0.115619,1.05542,1.95471,1.44709,1.60595,1.10121,0.713866,1.97855,1.77266,0.0281846,0.446437,0.00651215,0.147795,0.0603256,0.293385,0.24557,0.195998,0.482182,0.953047,1.17182,0.681437,0.207075
0.345166,1.2082,1.64779,1.19118,0.941747,0.14285,0.520681,1.72065,4.07246,2.65205,0.588875,0.0220241,1.74012,1.92701,0.119304,0.832635,0.651229,0.876,0.736268,0.603007,0.0770258,0.135386
0.00177298,0.604561,1.03224,0.694941,0.682985,1.15287,1.99308,2.8527,2.96904,1.49153,0.190938,1.34208,1.51207,0.232902,0.560698,1.11057,0.691276,2.23994,1.89227,0.461623,0.166705,0.00796474
0.0330654,0.31808,0.780462,0.618341,0.620886,1.7896,0.218566,3.77685,1.61665,0.745734,0.297688,0.11301,1.90161,2.22404,0.457308,0.0441148,0.418365,0.571481,0.120589,0.607821,0.0488744,0.679677
0.147898,0.357954,0.492358,0.0580355,0.146362,0.714619,2.41053,3.20598,0.585283,1.89897,1.17729,0.676107,0.737828,0.308716,0.248504,0.206965,0.759745,0.841767,0.162285,0.00222553,0.11686,0.170914
0.0781559,0.103881,0.208981,0.366919,1.89139,1.96915,1.56261,3.78802,2.27793,0.599332,0.08646,0.302091,1.57532,1.69878,0.198047,0.522569,0.211795,0.623853,0.231285,0.929771,0.504288,0.31801
0.070552,0.100211,0.117212,0.596666,1.60097,0.210443,1.15132,0.288916,0.225506,0.730381,0.00601977,0.721593,1.19617,1.04149,0.197008,0.574865,0.764598,0.121663,0.36823,0.632166,0.65456,0.0111871
0.0230831,0.00454129,0.0502483,0.502409,0.41338,2.20404,2.84213,0.45556,0.965887,1.36174,0.270333,0.350361,1.18047,1.6446,0.475806,0.21281,0.70021,0.865862,0.0672795,0.209202,1.14933,0.634677
0.0426777,0.110173,0.252473,0.359213,0.00188571,0.117216,1.31069,3.65345,4.37614,2.58461,0.88474,0.984587,1.62244,0.9943,0.249958,0.553351,0.789037,1.18556,0.732539,0.0652876,0.164414,0.615896
0.0216639,0.0247291,0.0681861,0.974617,1.04562,1.99415,1.46393,0.942424,0.388713,3.8658,1.00595,2.16109,3.78648,2.32059,1.1125,1.67584,1.54805,1.96765,0.108796,1.1205,0.788297,0.403061
0.202155,0.638755,1.11301,3.73945,5.25412,1.01508,5.22502,12.586,17.0039,12.9132,3.98017,0.973334,3.44061,2.43351,3.5362,7.51479,1.60372,6.54803,4.51858,1.08884,1.14449,0.586384
0.196568,1.95281,2.61141,0.523178,9.70263,18.2424,13.5683,13.4732,9.51474,0.0600109,1.69467,4.73417,7.82235,4.56921,5.5381,9.66504,1.97322,8.51269,5.23165,2.71801,0.0426676,1.88748
0.0160141,3.51893,7.21297,3.5964,4.23527,8.349,6.42834,9.42342,13.9192,7.8036,5.86374,10.6168,7.00575,1.03647,8.4233,13.543,3.08009,3.21869,0.568569,0.208163,0.418079,0.841035
0.387733,3.27477,6.97694,4.94387,0.519662,7.16776,11.5862,13.1279,2.78177,6.71323,4.19554,13.2564,5.4703,2.61426,8.6972,12.7235,7.47238,2.975,1.28917,0.243195,1.07082,4.05965
0.0932843,2.77698,7.46633,7.38456,0.5074,8.12635,4.4167,2.99705,4.25683,0.866903,3.92499,10.8197,5.26687,1.58278,4.67258,8.04545,8.06714,5.87159,1.4886,0.271265,2.29734,0.298726
0.104919,1.73177,6.06395,4.49942,3.87393,0.872425,12.0445,16.6915,5.53973,3.52526,5.73211,12.6564,11.8139,4.82863,0.992092,0.852292,1.55034,1.41872,0.0111081,0.369679,1.39137,5.04222
0.172885,0.942655,3.74632,2.56588,12.5321,1.986,3.51108,13.7211,19.4953,7.93206,5.02058,10.0026,3.78938,0.860721,2.20965,3.9496,3.53227,2.84855,0.429897,0.83002,1.19395,0.301313
0.811355,0.303585,0.309675,11.6475,24.1639,17.6536,9.08451,9.90143,9.55654,4.02738,2.89753,5.94302,0.579879,2.59105,4.9656,8.85373,5.95929,2.29788,1.82942,2.33501,0.356342,0.0976694
1.15116,1.41807,2.84888,14.4523,25.7494,22.067,7.91717,12.3922,15.8757,4.96313,3.6591,4.98268,1.52733,0.360073,5.87817,8.18565,2.0782,0.438252,1.43206,0.985571,0.959937,0.475432
0.382317,1.71709,3.96399,9.9016,12.2398,3.06362,2.53572,5.56347,3.22371,5.06985,1.8992,5.31512,5.00059,2.11899,1.58544,2.51776,1.15014,2.91673,1.13836,0.424923,0.08938,0.97612
0.146159,2.62459,4.91429,0.37388,4.44254,6.77414,1.79952,4.22236,2.57709,5.55153,2.44551,1.7387,1.30722,2.64225,1.67263,0.470723,0.538407,0.25796,0.123266,0.102017,0.0986256,0.683697
0.491731,2.94302,5.38917,5.52988,12.1114,0.696637,1.49888,10.1413,11.2001,3.10592,1.13817,1.21174,0.999258,1.7132,1.28764,0.776622,1.11276,1.79625,1.04578,0.422317,0.214433,0.162686
0.497273,2.83523,6.61304,1.21793,8.38047,0.152832,7.0056,4.94631,2.77085,1.21009,0.643497,2.34396,3.10796,1.88334,0.0863395,0.233675,0.999469,1.63449,0.252865,0.423053,0.00372712,0.0561036
0.0903073,2.9506,7.61446,5.8381,2.206,5.42903,1.49537,2.24749,3.7601,1.95014,0.0859735,0.571716,2.2578,1.58757,0.150001,0.151074,0.076124,0.0556581,0.347356,0.212195,0.124309,0.100982
0.426718,3.02473,6.82976,5.11762,0.955615,3.44733,2.47071,1.46144,1.23595,1.88238,0.374445,1.78673,1.5773,0.0749335,0.614845,0.39774,0.981491,1.02574,0.10066,0.429844,0.364551,0.163421
0.130939,2.69573,5.12414,0.360027,4.71274,1.46904,0.81349,0.836512,0.697634,0.0587739,0.0731896,0.961782,2.4219,1.39975,0.21264,0.289714,0.862931,0.787716,0.262167,0.129949,0.241043,0.0950144
0.15331,2.02131,4.19615,0.0135709,3.77773,1.00432,0.859571,0.566773,1.94016,1.57779,0.300832,1.22213,3.01853,1.88146,0.0176229,0.174818,0.0331669,0.557859,1.31851,1.23067,0.184156,0.542307
0.487651,1.21947,3.39731,1.85506,0.657992,0.557993,0.240882,0.0229558,0.105824,0.569734,0.629444,0.701703,1.63431,0.686408,0.262695,0.543985,0.0909243,0.469678,0.0180394,0.62723,0.351982,0.259339
1.20122,2.06798,2.69445,1.71925,0.404178,0.808431,1.24243,0.683672,0.186278,0.120412,0.333707,0.433408,1.51962,1.01212,0.321193,0.7895,0.216406,0.459395,0.498296,0.191626,0.117528,0.0156566
2.6602,2.29,0.259691,0.855002,0.342807,0.196083,0.868756,0.768759,0.642697,0.317341,0.140248,0.360034,1.04995,0.791932,0.598859,0.779204,0.343099,0.161578,0.659756,0.780453,0.46414,0.0422356
5.06515,6.07132,3.99116,0.494189,0.375406,0.276508,0.241153,0.0255553,0.0941317,0.22522,0.0260472,0.629748,1.32,1.11614,0.576074,0.621561,0.465158,0.314873,0.372699,0.1056,0.376667,0.32893
6.90968,8.74709,5.49409,0.183939,0.708574,0.178286,0.717823,0.418243,0.439913,0.116289,0.408032,0.115433,0.582886,0.731221,0.190878,0.231701,0.438703,0.277343,0.442972,0.474385,0.0595718,0.199478
7.02053,10.3852,7.59904,0.699315,0.179489,0.135744,0.454149,0.0961419,0.984797,1.06149,0.236584,0.205073,1.00405,1.23247,0.268504,0.123742,0.0933377,0.213912,0.327012,0.27595,0.0801783,0.0847876
4.28917,8.1417,6.90082,0.74041,0.0478721,0.406679,0.205356,0.0055843,0.285444,0.357186,0.0673072,0.241793,0.240369,0.241784,0.0787478,0.147401,0.0174592,0.0712326,0.594599,0.831389,0.363832,0.193809
5.32549,0.750102,3.54964,1.59094,0.0238118,0.0929109,0.280537,0.63743,1.47641,1.21367,0.433058,0.225505,0.443014,0.605806,0.0907815,0.060672,0.378346,0.975363,1.08691,0.407296,0.251181,0.277686
17.062,16.7743,8.14535,0.19455,0.157137,0.37893,0.78282,0.930369,0.906764,0.467035,0.1453,0.314123,0.0827115,0.0395941,0.0959049,0.174616,0.384394,0.210993,0.170172,0.127288,0.279406,0.088239
36.7715,39.4471,20.2398,1.28389,0.0193412,0.761123,0.601193,0.0396923,0.599104,0.273234,0.206751,0.372588,0.712757,0.739434,0.329894,0.150604,0.0736257,0.113576,0.156482,0.00496435,0.0111466,0.119881
55.5782,60.0616,38.4823,1.48605,3.58565,1.66242,1.50619,0.710842,1.488,0.192707,1.02796,0.223176,0.183706,1.11288,0.4302,0.265944,0.250813,0.652482,1.19318,0.142176,0.392382,0.115073
43.3095,50.6551,74.6192,144.946,142.703,47.5112,14.1796,14.6861,2.18988,9.99922,9.30618,3.74274,13.6098,14.2174,9.19193,4.98559,0.239613,9.98845,16.2242,13.4148,7.7807,2.66831
31.5578,23.5881,57.4267,91.2979,13.3999,28.873,3.71403,4.5521,3.50925,4.36034,6.54821,7.37712,0.269919,0.898242,2.02271,1.7151,0.136941,1.82608,3.58431,0.187443,1.42018,2.98457
23.0152,67.0891,132.022,84.2204,3.78524,10.4634,0.220367,5.94338,12.977,6.35063,3.07828,5.46366,2.02929,1.31212,2.49702,5.11335,3.27884,1.7503,0.25788,0.896025,1.16528,0.0353045
6.07217,28.3255,58.9272,21.66,5.18457,0.156266,1.5786,1.40356,5.62611,3.88572,1.33922,5.48381,5.43289,2.938,4.80606,6.30025,1.62485,0.709081,0.726321,0.919595,0.306647,1.06022
4.28541,16.4108,24.5091,12.6756,4.44716,0.236607,4.24668,8.80341,9.12051,2.45797,1.74675,3.12789,2.20767,1.14037,3.27594,4.08206,0.198559,1.55032,0.161132,0.706075,0.913967,1.05861
1.68697,10.8726,14.4979,0.0660144,10.4945,8.96141,6.53121,4.42076,2.13718,3.41703,0.7987,0.534243,1.38798,2.27588,0.621254,0.302878,0.633685,0.312389,0.370547,0.196435,0.62872,2.88733
13.605,13.8033,7.46482,11.6044,25.5314,20.9386,12.8884,7.43925,0.146124,2.79711,0.221102,0.0809613,1.44583,1.71821,3.16421,3.24863,0.125466,1.63275,0.66296,0.106957,0.354419,0.825623
29.9806,23.9041,3.36432,8.63327,28.2548,15.5543,0.0907172,6.80478,6.31065,0.595904,0.38632,0.114537,1.06045,1.51383,1.58012,2.8333,0.4603,0.732226,0.150746,0.0196445,0.0832203,0.993464
45.9661,60.4679,55.836,8.5159,23.3581,6.9354,9.04699,1.82545,0.742121,0.959175,0.767992,0.0787379,0.456347,0.124169,0.421704,1.33749,0.958322,0.43303,0.159434,0.147712,0.176106,0.292917
56.0241,46.2841,1.91045,6.66639,21.4495,4.60798,11.7816,6.08079,4.24704,3.68381,3.44822,4.97082,2.85296,0.705133,0.209094,0.409825,0.86615,0.650473,0.0318982,0.224469,0.220001,0.0563254
63.5005,79.6516,61.967,6.63299,12.6518,3.97373,3.10692,2.00523,1.4065,1.21021,1.51372,3.64342,0.801473,1.74816,1.11563,0.550974,0.216282,0.0392659,0.196605,0.128578,0.128782,0.0344963
73.101,66.2939,17.9773,15.5978,6.88409,6.04972,16.5391,15.7504,18.1399,11.349,2.29651,0.276808,0.16592,1.74345,1.35464,0.396219,0.615386,1.38718,0.97698,0.88289,0.986829,0.712482
76.0841,90.7754,62.7589,21.8188,24.428,0.274931,20.8845,9.3374,4.32713,4.01605,2.37928,4.41234,1.21435,0.744922,1.46146,2.10244,3.36982,3.93033,2.44396,1.33073,0.657687,0.175228
81.1164,83.3838,36.7102,25.0538,36.0518,16.5561,0.560198,11.2471,23.3838,14.736,0.453195,6.07366,3.32472,1.91702,2.14155,2.40502,4.37545,4.89232,2.89032,1.76822,1.32885,1.05365
87.342,91.2676,48.6673,9.19701,20.9279,28.4055,24.9384,14.1585,14.8993,10.9509,1.50315,5.53467,3.85458,2.55782,2.2947,1.96833,3.2907,3.60111,1.92499,0.888818,0.720641,0.741194
81.9084,94.5148,59.4347,8.59654,4.13348,15.0368,23.6341,5.35016,23.3668,12.3361,4.64762,7.79677,5.3922,0.4713,0.679058,1.32835,1.60014,0.733619,0.0260661,0.0279815,1.07333,1.57795
83.5487,80.346,29.689,23.6137,31.7367,21.9555,6.76275,11.3035,25.9602,19.1135,0.470631,3.71268,3.3451,4.74346,3.71256,3.03044,5.0604,7.01372,4.79809,3.00341,1.2826,0.574357
75.7416,93.9709,74.8217,40.9113,50.6895,53.6479,33.8239,2.06968,14.2077,2.16923,4.40018,12.0663,5.99021,1.60743,2.1204,1.49757,7.33658,11.4215,5.09205,0.904525,0.966158,2.21466
68.2919,57.906,6.48204,32.7523,35.4115,32.9613,20.2221,4.38917,30.7465,23.1978,6.73907,22.0509,15.3459,5.33405,3.28072,2.87387,7.05318,13.4602,5.33971,0.738806,0.398755,1.17649
61.0097,83.6973,77.6837,32.4094,9.6775,12.2133,15.1125,7.17542,0.623652,10.8236,6.64139,13.2,13.378,4.39156,5.50945,7.11847,3.51995,7.7562,0.0515937,2.80662,2.12699,1.31754
50.4321,36.7085,5.0972,3.9968,30.4298,40.784,34.9812,2.82621,23.1765,16.6451,0.276265,0.869439,0.0438074,1.37483,6.95084,12.4047,7.79197,4.05366,1.2696,1.63901,1.55187,0.31714
35.1611,52.2589,52.6522,2.89898,45.7189,26.9247,11.9079,14.1477,13.0826,22.7015,4.00631,3.30789,8.0933,3.7316,3.66862,7.45623,13.1899,15.3313,1.49827,5.31616,0.394918,1.29493
23.0464,13.4613,10.9596,9.79687,41.2792,1.82605,28.0372,8.09438,1.86174,2.03431,1.31966,8.78617,6.95042,0.231828,0.278309,3.24049,17.1566,21.5135,2.34185,8.28862,2.41241,1.54925
5.42688,11.1124,16.2916,4.20026,24.8196,4.54177,20.0528,14.4294,13.0029,20.2193,8.96299,24.2396,8.25761,3.7386,0.710031,3.59132,13.892,13.2494,0.515838,4.45696,0.117774,0.479516
10.6157,10.2305,7.75206,9.80583,1.75124,19.8025,17.2396,13.6861,29.3816,21.69,12.6712,20.9918,11.5713,1.05083,4.35456,5.67524,0.438228,1.15915,4.13154,4.39003,0.208782,2.23706
23.7432,29.9256,24.1174,9.48254,23.7389,6.09549,21.7721,13.1045,0.981729,6.52384,0.772332,4.06122,8.77397,4.29168,6.55803,9.44151,10.9377,19.3418,0.491742,8.71289,0.154897,3.01657
47.6347,37.084,3.13874,8.4815,38.4515,24.8689,9.49646,21.3602,38.9472,25.7531,5.17984,3.31266,0.522202,2.92191,5.44315,7.65426,15.1343,26.6034,5.28136,7.39868,1.47864,1.67528
48.7795,69.7791,66.5277,13.7925,31.4969,46.5804,30.2214,17.5533,21.1996,15.6085,4.1174,5.53327,9.10424,5.28157,2.79122,0.539354,12.301,16.2524,5.07658,0.241175,2.38704,5.62021
68.5633,53.4102,2.98873,16.1844,24.7052,25.6868,4.86807,14.3623,28.6641,21.1114,1.44359,17.4184,17.3112,8.25231,0.0640178,4.99588,1.01926,2.26782,2.33435,4.11945,3.76136,5.9564
74.5513,101.122,91.9921,28.4495,3.06037,15.42,33.3911,31.6433,38.0201,26.0956,16.1718,21.5585,9.38374,3.07743,7.57017,4.99334,18.0266,26.932,9.459,1.07589,1.32226,1.543
90.4302,74.8139,5.41219,30.1142,9.55761,17.2562,16.8473,4.90228,9.665,0.658613,2.82853,10.6189,5.94507,1.89595,4.46786,3.06256,20.356,31.6175,13.1377,2.50634,1.86085,4.53882
85.7123,111.382,89.7346,27.0068,15.2028,4.15527,11.6194,19.9203,30.6005,21.272,6.95978,4.40918,3.15858,2.94992,5.66263,7.1693,3.56547,10.9015,3.70719,0.151735,1.10613,1.33818
92.3789,84.0387,23.2833,23.6612,18.9091,10.4552,27.5821,2.17401,6.65373,15.3385,1.48566,3.50689,0.0654334,1.34816,4.4867,9.55289,13.2624,13.7123,10.2156,8.37432,4.17974,1.92662
95.6096,113.395,76.1898,16.2619,22.7009,16.3958,3.94756,1.16812,1.47672,0.798236,0.31293,7.40902,7.43166,2.46875,7.69226,15.5701,27.1511,28.9952,16.1209,9.76136,5.06536,3.66761
95.0859,94.1692,39.4072,20.013,33.925,41.7381,19.4012,9.72049,4.19762,18.6575,16.5072,22.9387,14.1899,3.16707,6.24696,10.7975,18.1596,20.5315,8.60729,1.14817,0.224181,0.0453249
103.546,109.524,59.1788,13.9205,29.1832,27.5725,21.8414,26.7205,33.2725,20.1246,8.5801,23.1189,12.3038,1.19824,1.14617,0.510443,0.966739,3.07647,6.89077,8.03007,4.38292,4.56416
94.2013,106.206,63.018,11.2149,21.989,0.556277,1.61367,21.073,16.8513,1.50581,1.84156,11.0819,5.42007,3.83764,4.24641,5.64786,16.7006,21.3867,10.0438,1.86033,0.527355,1.56667
94.1673,90.0044,34.8802,5.34813,4.04838,17.6785,17.4433,26.7178,39.1357,21.3482,7.27329,12.0729,9.23284,2.33472,0.888367,4.40044,16.6606,21.2086,5.87401,1.64083,1.66842,3.29586
87.2368,104.863,76.7473,29.0922,26.6175,8.9134,5.26498,9.98984,27.8979,18.9841,4.76917,11.5299,7.34044,4.62307,2.14199,1.49134,4.68219,2.86539,2.03551,1.56733,2.01988,3.40169
81.68,72.3184,16.1117,37.7818,38.5824,8.44524,13.6886,16.2243,14.1678,6.12869,4.583,2.98416,2.01491,1.32376,1.89345,1.52388,8.87947,12.4054,2.99629,0.286434,0.279041,0.0719678
74.1472,92.7712,76.7524,41.4519,41.9167,30.8085,17.4708,7.00135,7.57691,4.68736,6.90532,10.2533,8.41321,4.48973,6.31733,5.88996,8.72899,11.7531,0.271101,2.82682,0.517775,0.88189
66.1402,52.5215,2.48011,21.0063,15.9612,24.5916,23.3351,11.6838,14.3302,19.7061,4.15704,3.53946,2.48095,0.74746,5.76917,8.72745,0.487635,6.42634,4.23333,0.930227,0.809639,1.28209
55.0486,73.6054,64.6732,14.611,8.01312,7.69504,8.86435,16.9682,19.8291,7.86298,2.84652,6.25257,2.25422,1.548,0.272779,2.13991,4.89991,2.85248,1.86535,1.22683,0.306561,0.0266046
45.4216,31.6698,3.33623,0.234018,27.7089,29.7417,22.9412,9.94819,0.195328,2.09361,5.09647,10.3801,6.8009,1.51951,3.87941,5.40085,1.11104,6.40673,5.17155,1.51464,0.810734,0.757455
34.4705,46.3379,44.6056,7.71296,17.482,7.16188,4.496,15.4977,28.8496,16.3929,1.32581,3.70921,5.449,2.11263,1.88276,2.93114,0.138957,0.0396153,1.50203,0.617747,1.02053,0.274071
18.9107,11.0168,10.96,7.69757,10.3678,5.31607,12.4576,5.58455,14.2467,10.6218,0.351684,0.416839,1.52526,1.88148,0.763257,0.343639,0.347068,2.95854,4.35443,2.22824,0.161709,0.211052
10.2,16.694,20.9743,7.31278,12.8955,17.3651,9.37308,5.51455,3.26139,0.168055,0.120022,2.32091,3.47997,1.36664,0.0836202,0.531351,1.05248,2.11246,2.87619,1.82102,0.476588,0.122078
3.02507,2.50597,8.55713,1.86239,18.0606,21.8238,10.7855,0.0810433,3.30728,3.61536,3.26538,6.09033,2.23648,1.10989,1.78576,3.21127,1.71535,1.2868,1.21354,0.0975008,1.5707,1.54071
3.07704,3.25047,2.36529,12.7158,18.286,0.0962264,9.61684,0.348321,11.6223,11.6366,5.20119,5.87448,2.64757,1.66447,0.773732,2.922,2.71878,1.38981,0.617852,0.777386,0.0790898,0.419548
7.86568,9.85958,6.22034,5.5582,8.28178,4.34841,8.70626,1.27401,4.40714,0.247436,3.49742,4.52573,2.54595,0.0566012,0.248651,0.357812,0.356198,1.01238,1.32485,1.23428,0.591052,0.183496
15.3022,18.2141,14.5003,5.63183,5.78057,12.7051,11.9603,2.43203,1.10465,0.602913,2.30396,3.24511,2.62115,0.849306,0.435541,0.784539,0.845231,1.59397,2.36583,1.95816,0.87096,0.428501
20.3856,19.476,8.66496,3.51182,5.07313,2.77649,7.31663,2.40517,6.03133,6.56656,2.03918,0.634564,0.440673,0.224724,1.18512,1.41704,1.74598,1.60622,0.937001,0.905273,0.435501,0.299197
21.3821,24.8357,18.5004,5.37407,2.64703,10.658,9.09898,3.29145,3.42456,2.75715,1.38045,2.16161,2.22427,1.13911,0.470529,0.864787,2.021,0.549533,3.8651,3.9524,0.888656,0.283833
21.8787,21.5497,9.5532,1.50276,0.588491,4.55857,4.6649,0.23629,4.05429,5.88016,4.06716,2.95365,2.34425,1.11683,0.74704,0.560996,0.78764,0.28165,4.89029,4.59808,0.398894,0.152433
20.0026,23.0905,18.0573,8.33001,6.09787,8.15619,5.95819,1.33789,1.33262,1.94817,3.7817,3.35218,2.71643,0.957633,1.32786,1.31447,2.38933,3.78256,2.00473,5.33116,2.68788,0.572432
18.5353,17.9909,7.64607,0.187984,0.238562,3.42948,2.93953,0.554469,3.52896,6.18066,5.86902,4.37749,0.753937,0.888056,1.22531,1.58606,1.37507,2.64071,1.30322,0.644944,0.667246,0.751228
18.0063,5.33395,14.1332,78.0442,97.4258,8.19199,35.383,31.4043,29.6122,14.7776,6.88852,3.87849,5.28626,9.59969,8.59799,5.57163,1.68678,1.23514,0.732774,4.57107,2.47615,1.3851
2.22105,1.08696,3.40125,28.6045,66.6909,47.0198,0.357904,13.8017,25.5763,19.1503,7.69117,2.72577,0.335262,3.27901,5.45164,6.00312,3.42479,1.19717,2.86096,6.17852,1.64605,0.38993
1.28789,5.23128,27.8917,5.81535,24.2101,4.81865,5.63751,3.91061,4.26447,10.245,5.942,0.116509,2.41778,1.54209,0.931603,1.16056,0.354669,0.964057,1.78916,5.04072,4.04441,0.337487
0.747772,6.58341,27.0669,28.4572,8.76307,1.1506,3.65675,9.77969,11.7855,6.73978,2.86809,2.47996,0.960197,1.94917,0.742452,2.01012,3.19174,3.2969,2.14923,4.55782,4.35726,1.80448
16.9818,24.8632,15.2441,0.352321,2.0837,2.76294,0.916798,3.67447,1.45714,5.56667,0.266972,5.01087,4.78599,2.28435,3.45461,4.71198,3.4559,2.42057,0.100015,3.3898,3.34432,2.14701
3.90161,3.84097,5.86153,9.84454,10.9965,4.2585,1.67629,0.68053,3.82936,6.66793,7.19721,9.08519,6.10933,2.01147,3.07006,4.63548,1.04258,1.41136,2.38358,6.70068,7.22451,3.01736
3.89303,0.702876,0.91367,1.07109,5.77783,5.07999,5.04759,11.83,7.59016,3.69208,0.225948,9.03079,5.12901,0.465425,3.68048,4.51877,1.50115,4.05172,1.20089,2.23166,1.6291,0.455882
3.32507,6.19098,10.946,13.2627,11.2125,5.18464,2.6658,8.83686,13.3118,6.13766,5.83904,10.8588,4.47425,0.992986,1.47507,2.78799,0.550255,0.78403,5.69448,10.0555,7.49681,0.101324
3.67572,2.31457,12.117,13.022,7.54088,3.62303,4.48559,12.3171,18.2158,13.208,9.40316,11.2262,7.69384,2.52612,0.611744,1.30358,1.7823,0.808457,4.19542,6.87003,5.42617,0.588515
2.02081,4.6381,6.95383,2.08566,5.38464,5.3124,4.05972,8.33207,7.18107,1.45908,3.22137,8.1536,5.21194,0.364144,3.30849,4.64921,0.262451,3.24046,0.981706,7.10695,5.17343,0.767094
2.86984,0.0703832,3.00543,7.29491,17.8316,9.62943,1.09816,1.11556,1.46995,2.31986,8.64988,8.52387,2.46142,1.21824,2.58345,3.94375,1.7955,0.148359,0.72993,2.65483,4.9749,2.20222
0.252438,1.91393,2.39145,11.0618,20.6334,5.84708,7.16093,6.25279,0.257427,1.54391,0.0668062,4.42233,3.47048,0.382848,1.04324,1.84368,3.00167,2.52935,1.49192,4.97522,4.05466,1.20482
0.803468,0.268063,2.01433,5.03947,13.7449,6.50889,0.331986,5.85363,5.87455,1.18994,5.5719,4.56545,0.837545,0.924237,0.986883,1.07295,2.026,2.16198,2.03081,9.17668,11.6332,3.43242
0.846344,0.240517,2.4152,1.06688,5.06521,6.67356,1.2152,2.13993,1.54158,1.98991,1.22295,0.69399,0.0372168,0.043616,0.339323,0.313902,0.233713,0.369002,0.150674,0.881496,2.08145,1.35247
0.602027,0.341223,0.560152,0.260666,1.37072,0.506537,0.844095,0.161259,1.79995,3.89901,3.96969,0.826622,0.939835,0.488038,0.468807,1.15648,1.78079,0.0534305,1.25824,9.85121,10.3994,1.73882
0.839957,0.663528,0.525815,3.40316,3.49241,0.396922,0.328522,3.18579,5.65146,10.9813,11.7896,4.25263,0.790274,1.16411,1.4071,1.51768,0.701801,1.00225,1.20928,2.68917,5.64149,2.36096
0.0401053,0.051205,1.01938,3.63551,4.08422,2.24227,0.630434,2.15068,2.57177,4.18969,8.44055,3.78828,0.825819,0.815094,0.0523408,0.833415,0.488017,0.28297,0.181402,0.992353,2.02338,0.833038
0.44442,0.341824,0.315211,0.39302,0.247851,0.327811,1.1126,0.129142,2.90868,0.424814,4.67671,2.10214,0.0381929,0.0457023,0.114243,0.776321,2.20645,2.74922,1.41361,5.33858,8.11026,2.13981
0.280546,0.540223,0.241384,0.16388,0.529733,0.891505,0.354016,0.495909,1.54222,0.596892,2.33074,1.19777,0.194643,0.178568,0.0418018,0.241747,0.994924,2.66333,0.113627,8.02453,8.04722,1.53643
0.528165,0.102437,0.198899,0.275274,0.0145932,1.76273,2.96661,2.65023,0.233288,1.17027,0.282429,0.121202,0.212344,0.332007,0.252309,0.0297594,0.767784,0.323587,2.92111,6.61076,4.98878,0.750274
0.22852,0.441651,0.432237,0.506982,1.2308,0.525924,0.637972,0.267525,0.345969,6.8702,10.1598,4.1496,0.922839,1.03728,1.0451,1.51189,1.94341,0.906175,0.398067,4.68363,8.44948,3.58747
0.569585,0.616784,0.476504,0.327796,1.8216,2.76424,1.49801,1.90053,3.0847,5.96199,11.9861,4.53311,0.176811,0.120308,0.971847,0.418249,0.548572,0.282547,0.318769,8.01564,11.2031,3.99424
0.09979,0.031177,0.0669035,0.760757,1.91655,1.93772,0.955678,0.238057,0.853352,2.56523,7.46406,4.53892,0.942284,0.67146,0.58162,0.495839,0.0524263,0.38845,2.77262,6.77693,6.61418,1.51335
0.308738,0.105901,0.138376,0.679097,1.14589,0.814286,1.86848,2.2254,4.79833,8.24341,7.73203,2.8958,0.756221,1.1445,0.908176,0.757968,0.279671,0.515152,1.01656,6.54434,6.30218,1.62087
0.161798,0.0740255,0.00115597,0.130364,0.172918,1.29237,0.966919,0.25457,1.04151,0.00817567,2.45592,1.75417,0.167187,0.699884,1.58908,1.02774,0.2839,1.08525,1.16682,0.6818,2.87616,1.97657
0.189167,0.135072,0.0760401,0.453303,0.578027,1.38891,2.92654,2.37748,0.527038,3.04622,1.87689,0.101979,0.441593,0.511598,0.827645,1.3714,1.74728,0.841009,5.79422,5.01844,0.129632,0.434004
0.0721887,0.193944,0.159104,0.396193,0.46454,1.55469,2.10907,0.28763,2.71327,6.39579,4.24194,1.20083,1.30693,1.01482,0.0394526,0.284541,0.423175,2.75088,5.14467,5.45942,12.1988,4.37055
0.101505,0.115023,0.244474,0.121569,1.15891,2.15811,1.58472,1.04825,0.98375,0.657001,2.69898,2.13456,0.859581,0.206403,0.203259,0.0383409,1.15481,2.88163,0.399527,9.33909,11.6121,3.6089
0.428181,0.655382,1.67116,4.98901,6.23855,15.6394,3.58465,8.92098,8.84517,9.10519,4.48925,4.56225,0.0797255,6.60508,2.22661,4.78295,3.74776,0.0539749,5.67271,11.3803,6.8472,4.83468
0.131946,2.24084,7.02589,10.1864,6.04263,4.95257,7.72877,1.10737,6.73298,6.31339,9.16572,18.4998,7.09274,2.25568,7.20157,13.3194,5.19833,1.25534,4.18296,10.8544,5.65345,5.37747
0.335481,1.68505,6.00147,7.56069,0.142973,9.46737,0.994823,17.0269,16.8289,6.13341,6.45015,12.0622,6.05338,0.982832,6.78385,11.4107,2.16037,2.35227,3.09867,8.09505,4.1358,3.62168
0.140873,1.32233,5.51419,2.00625,8.36413,2.98874,6.31136,1.60915,12.4765,11.5959,8.578,11.5931,9.85705,4.38766,6.38055,8.64824,1.95638,1.10081,3.31541,0.693594,7.98414,8.19672
0.656968,1.34781,2.46776,8.42487,19.6842,3.43031,4.87102,15.4994,24.2547,14.6037,2.76201,5.03322,5.00964,2.27805,2.38273,3.47811,3.47379,1.44162,1.78762,2.98598,6.34164,1.0719
0.534381,0.540335,1.06564,14.1257,26.5834,16.8302,3.50693,5.41633,8.13859,4.27116,1.0098,0.205442,3.5082,4.12197,3.95218,3.7426,0.459349,0.914193,3.2503,6.28677,6.70593,0.68528
0.2391,0.902464,2.58917,11.6078,20.6261,19.0975,10.3945,8.14348,16.6994,4.54259,4.37287,4.98728,4.09573,2.92909,6.91351,8.39577,1.28467,5.15125,6.4211,0.140741,2.64564,4.60751
0.0692871,1.6754,4.30015,4.6304,4.42422,3.0781,6.17803,10.1147,2.20489,10.6118,6.22548,4.79664,0.24249,3.00126,4.35991,8.86124,4.20156,4.30758,7.49192,2.15976,8.557,6.07474
0.171336,2.98675,5.02654,5.0905,16.3258,16.0952,8.82374,2.58649,1.97097,4.79552,3.23214,5.02125,4.49788,0.153498,4.27899,6.75298,3.30999,3.36649,8.8021,3.99749,1.02821,0.0124837
0.335665,3.25548,6.25181,9.30082,23.6633,12.4627,5.99537,10.8907,6.74536,7.0509,13.6462,12.1828,7.01722,2.4569,1.09092,1.85275,0.345999,2.24035,6.35218,5.15221,1.7356,0.0966713
0.108542,3.67852,8.3138,5.10015,17.7577,3.32515,8.84829,12.4046,16.1573,8.29933,1.11373,2.52362,1.02835,1.28109,1.89295,2.3636,1.54975,4.07964,6.63885,5.85689,4.8932,3.23981
0.442629,3.30361,9.30207,2.65583,10.2668,7.972,2.36945,0.644091,4.23039,0.495636,4.95697,4.7206,2.0802,0.837378,2.01386,1.87631,0.323223,3.30435,9.01726,11.0566,7.219,2.23842
0.208288,3.59631,9.3678,4.56983,8.71663,14.3498,10.8161,6.79748,1.09867,4.96411,5.76787,4.40098,2.20945,0.0888349,0.781095,1.16081,0.474412,4.45147,8.74714,2.51876,1.79339,0.34676
0.274352,4.15246,8.1514,2.09138,11.8935,6.90902,0.829168,2.77649,0.462919,0.309438,3.24318,0.0330009,1.87169,0.699295,0.3,0.0745706,0.191036,4.71799,10.7613,4.43507,3.60225,1.31338
4.06421,9.02723,40.2905,2.43951,84.0762,39.6493,32.6908,27.4117,9.8449,4.49228,3.03538,8.60917,5.01182,7.64386,5.61124,7.404,0.941645,3.46275,2.1971,4.07163,1.77707,2.0811
2.31919,3.76726,59.9246,201.951,205.192,61.4741,9.07386,3.96071,6.29992,0.940289,9.1462,20.9997,15.7819,0.965139,2.64782,6.51154,4.88938,2.05579,0.000549514,3.36007,2.69178,3.18632
2.33065,22.905,110.702,131.669,36.3198,8.04965,4.49807,6.28268,0.0288753,3.52506,3.92356,1.71895,0.171781,0.54837,0.406187,0.492978,0.116549,1.81772,6.80284,7.26977,3.38345,0.354758
0.743802,41.3897,73.4928,24.895,9.45436,5.16732,4.62465,1.47826,0.498291,1.39242,3.22301,1.48014,0.112632,0.0185174,0.71261,0.999243,0.4275,2.71116,7.28486,8.64562,5.81194,1.51443
13.9516,37.3874,40.8525,2.43343,10.2514,2.60963,0.0311652,0.00456683,0.279238,1.01523,1.83111,1.30564,0.524947,0.343499,0.851328,0.680366,0.198801,3.85105,7.08475,3.0486,0.314718,0.450221
14.4598,14.6425,6.34051,0.0237988,1.2136,0.643088,1.09374,0.520557,0.171739,0.578755,0.100606,0.230344,0.652174,0.372352,0.160294,0.143118,0.494831,5.2102,10.9244,3.72113,2.39599,0.159281
8.10152,7.25893,3.42532,0.789676,0.177587,1.47778,1.35941,0.893674,1.09799,1.06055,1.59866,1.07669,0.450531,0.270992,0.0651366,0.0910729,0.256333,6.09165,14.3008,7.11246,2.0128,1.63793
8.87721,5.83353,3.8138,7.1743,1.57888,0.732882,0.744794,0.0187279,1.90469,7.91586,8.06576,2.2903,0.231587,0.223738,0.0285178,0.113997,0.753545,6.6571,14.5249,6.64693,1.14534,0.543404
7.15148,5.54025,0.650925,4.06043,0.962807,0.623781,0.111852,0.167168,2.61699,2.26084,2.08075,1.86906,0.437221,1.0287,0.999892,0.240183,0.93145,7.90011,15.6614,9.3713,3.12268,1.74388
3.46589,3.62037,3.893,2.50384,0.237771,0.107484,0.256344,0.333816,3.06092,6.75357,5.40949,1.5202,0.206281,0.269037,0.442929,0.172583,0.0800688,9.13972,17.6264,10.8538,2.38854,0.40546
1.03281,0.850066,0.0979503,0.0774172,0.011339,0.425983,0.359684,0.309586,2.27174,1.60235,1.52788,1.08866,0.00513539,0.495346,0.180448,0.74304,0.313864,6.60142,10.3038,2.30405,2.25915,0.756216
0.312688,0.471942,0.256938,0.0309131,0.0941225,0.0579954,0.0425805,0.482046,2.78029,4.39964,1.36646,1.03104,0.814332,0.419241,0.201821,0.30854,0.184274,2.47705,4.3238,0.0373993,2.25217,0.622327
0.32295,0.118487,0.141713,0.110932,0.255212,0.67022,0.747296,0.239488,3.01036,9.07682,7.85377,1.67238,0.0431048,0.248843,0.214009,0.0122762,0.511936,1.13261,2.42642,0.307135,3.85067,1.53686
0.0613291,0.000861391,0.121919,0.0730371,0.223478,0.405761,0.327345,1.03592,0.352568,0.119471,3.14277,2.13778,0.119695,0.596981,0.868516,0.593134,0.0687933,2.00062,4.73991,5.22861,3.0954,0.376805
4.65737,6.80345,25.065,22.7224,45.4398,24.2805,31.1874,7.09094,11.1372,2.47626,5.31551,4.867,4.51389,4.0354,4.54878,3.43926,0.337174,0.480585,4.4691,7.24973,2.15962,0.459479
8.08447,2.15287,43.3249,123.717,143.124,89.7674,19.0328,1.78171,13.1566,12.2509,10.0428,13.0871,5.42023,4.39169,3.73625,2.10169,3.25969,0.692923,2.68262,5.79054,3.0037,1.93453
3.53676,21.7883,84.2701,119.729,57.8921,5.63783,8.3983,7.36027,4.419,3.21415,3.7484,6.97494,5.91286,0.721099,0.159387,1.73336,0.311264,2.00335,4.08081,1.8432,4.38227,2.18297
4.34413,50.11,95.1413,49.836,9.71984,9.97134,1.46929,0.364261,5.71737,7.1531,0.894193,7.3997,2.87046,3.52893,1.79726,1.08199,0.564198,4.58299,10.6195,6.21178,0.477124,0.893457
8.89299,29.7424,35.8564,5.04474,2.91416,0.741653,9.08653,7.95437,3.21146,3.07285,1.43324,7.45539,0.594753,7.79433,4.94617,0.0610711,1.80372,6.84505,9.95495,3.18909,2.73926,3.35758
12.3616,12.9004,4.28203,8.06684,9.3223,4.38058,5.90699,5.78824,0.526738,0.074616,2.88661,7.79776,1.24907,5.58553,3.64109,0.433513,0.326442,4.13528,3.3355,4.73939,5.44728,2.11898
12.0421,7.01896,0.698438,1.30205,5.53851,7.56541,11.907,5.18717,11.1919,15.0321,2.62432,7.33828,4.69092,0.720575,0.790863,0.243942,1.07698,3.72596,0.98343,5.16148,4.58013,0.450114
13.738,4.01563,8.35641,1.72138,2.83504,5.76456,1.87329,6.48437,0.110974,6.80233,0.00749614,6.42231,2.40672,1.73043,1.20328,0.905282,1.16721,9.01515,9.99719,1.01764,2.38413,0.227173
19.8925,18.7471,12.807,0.590246,7.15403,8.05409,8.74824,3.04207,1.06929,3.21175,1.02498,3.7968,0.212446,2.06143,0.0288465,0.614557,3.87665,8.7077,6.10554,1.42799,1.13353,1.75391
22.7204,17.2005,3.66592,7.58749,21.46,23.1256,18.2764,7.43205,0.555718,1.94089,6.05381,5.67053,1.7057,0.0542374,0.153116,0.0826312,0.216101,0.880973,1.68358,0.605,2.17902,0.731431
31.5966,37.9305,29.3476,1.65949,24.6545,24.6529,7.8003,3.94931,0.681792,4.17301,2.55466,1.18337,1.05573,0.684013,2.04325,1.03166,1.01883,1.90297,0.858712,2.98712,1.82889,1.08236
34.1039,28.6589,2.36674,8.35005,18.5668,12.9763,0.587967,0.364005,4.43009,3.89993,0.0649167,0.965344,1.3739,2.09342,2.06772,1.29048,0.763668,0.973741,0.719071,1.19877,2.32153,1.08424
46.0068,60.6485,50.9339,4.20711,13.5744,8.40255,14.8937,0.645026,5.86937,7.00289,0.539643,4.88418,5.95823,2.36105,0.339639,0.895579,0.810293,3.92398,1.58287,0.703735,0.877873,0.385045
56.8486,49.5105,4.85466,23.2777,13.2281,20.0956,27.5299,16.5334,2.3113,1.72457,7.24148,10.9329,4.70562,1.49876,2.76905,1.79681,4.11919,7.8825,2.03517,1.76516,0.315501,0.315102
68.9897,82.4711,58.6007,18.1486,19.6769,7.57031,12.3519,13.7279,15.2626,14.1242,6.23224,0.839467,1.02692,4.57645,5.34406,3.41373,5.89911,12.6751,5.0614,1.03092,0.00864894,1.05931
79.6738,76.9925,33.2793,11.0309,15.9102,9.15407,32.1335,17.6094,9.64746,10.2276,2.37119,6.46782,6.81724,1.31868,0.395058,0.00119992,8.00711,12.6104,6.6378,4.60752,4.70555,2.86989
77.9808,85.4903,49.4465,11.1986,13.9728,1.84677,3.37058,12.9636,14.885,3.82921,11.7063,14.1052,2.02266,7.30272,6.45669,3.78422,9.9025,12.6757,3.98664,0.953928,0.379301,1.78618
85.0625,94.2173,53.3552,0.260528,5.5049,17.1936,14.95,3.33475,16.1115,11.1348,6.61531,2.9418,4.53269,5.5293,5.61728,3.60313,7.12265,13.9625,11.8913,4.32445,1.42069,1.92663
88.3803,87.511,35.3561,22.0801,21.4965,11.2999,27.2803,5.52173,4.36564,7.18203,13.9426,13.5176,7.0722,3.33899,0.634088,2.06692,2.33906,0.941884,1.45507,0.00819783,2.41187,3.05568
81.8591,99.6333,71.687,22.8264,26.0267,13.8108,13.3155,7.8966,18.9315,24.121,10.6203,2.59749,4.04357,9.2387,6.47009,1.81182,3.7178,3.95288,3.00754,4.20445,2.0293,1.69372
77.4134,67.0835,13.8883,23.1697,29.2049,45.9361,41.9768,22.4391,13.9228,15.6768,7.05392,7.13096,4.49876,6.43617,7.68172,6.47545,10.2017,13.3983,7.18024,0.447486,1.55359,3.3283
66.3347,88.9951,80.4117,37.8551,28.935,35.7871,34.6135,11.4979,13.2142,6.17546,20.7928,26.948,14.1142,5.10396,0.125177,2.82098,8.01752,8.25405,1.29172,3.65203,2.01667,2.5241
63.1357,48.761,0.360886,15.708,5.35516,16.9354,26.981,24.8462,26.7361,10.2919,7.796,7.69952,17.7816,15.0076,11.1356,3.17204,2.58986,3.13369,1.88228,0.185454,4.08952,4.15366
44.5263,66.3958,64.9628,15.2519,21.2251,37.5256,26.6359,1.10444,1.00497,0.32546,8.97399,10.4189,5.44972,3.82456,6.60973,4.8533,9.66001,17.1325,6.31947,5.76458,2.78416,3.55988
35.7278,23.1458,13.9178,11.6099,25.0842,20.1778,1.42999,11.8247,29.0548,28.5154,13.3474,3.22739,4.13155,6.19944,0.323933,6.91912,26.5252,36.5581,11.3112,2.84804,4.57481,6.97231
20.9782,28.7748,29.924,2.88792,29.4807,2.17212,8.19732,3.04206,18.2214,28.2407,18.6445,3.33414,9.27635,10.8461,8.03476,0.527667,23.3319,30.8167,6.87131,8.21222,5.89438,1.02836
0.760035,0.850134,6.06477,5.81671,18.5153,6.19359,22.9319,5.2825,9.88914,1.82457,18.543,21.1673,7.73899,5.74802,9.65542,3.66059,6.01456,7.28424,2.06224,4.74804,8.9725,5.7122
5.74374,7.28459,3.44503,1.90032,6.24434,18.7971,3.58559,4.42106,26.4408,23.9624,6.40697,16.989,11.621,2.49747,4.13359,3.63086,14.8178,20.8236,9.0278,3.66661,3.92176,0.0696115
24.6442,21.6247,2.66272,1.95218,4.54322,19.0676,32.5489,22.9656,15.7493,2.45201,11.2869,16.1653,11.1336,0.6715,7.18792,2.08818,23.5195,30.8013,5.40561,3.6216,1.40866,0.871626
41.7894,53.4978,46.848,5.07271,27.322,29.3957,18.7341,15.8113,21.8926,23.1812,14.4003,3.43794,2.11973,12.8693,16.0272,5.63256,15.9535,25.8637,11.5182,0.744414,1.60609,0.870686
52.8991,43.6773,2.09204,4.4183,50.3611,54.043,35.4012,22.5112,25.6176,23.5512,12.5174,2.55799,7.57366,12.8638,8.06758,2.73628,5.10271,7.59257,8.79975,4.52558,2.41815,1.26194
62.8179,85.1924,78.9482,14.144,35.0511,27.0865,10.3198,19.8354,6.84391,0.0730032,7.25146,14.987,12.0256,5.10507,2.57261,2.67411,16.9184,21.6751,3.75145,0.327107,2.97016,2.4686
74.2481,59.9946,0.117883,14.8245,17.9942,5.35955,23.399,14.7873,21.6152,18.5406,14.827,22.2487,8.74051,6.33343,7.63036,3.01422,16.6132,28.0356,15.2792,5.21627,0.57058,1.47568
83.2326,107.857,88.6634,16.955,2.0087,16.6506,5.58806,9.53132,8.12243,12.2002,4.69344,17.1305,6.0502,11.0676,7.06996,2.8946,13.1584,14.328,2.00587,2.54347,2.83469,5.15548
93.7149,80.8763,11.822,34.4247,18.2548,1.80264,5.42288,3.65175,2.04599,3.47752,3.65174,13.4389,8.64334,4.3837,0.102145,3.05816,5.47286,5.46868,0.256049,1.86029,3.58649,4.51589
104.116,123.968,88.9315,29.9643,26.8086,0.961432,17.524,5.01652,16.8292,15.5527,7.28351,16.1219,13.3919,4.91138,2.71053,0.64163,17.706,27.87,15.0577,2.0335,1.44169,0.633797
99.1021,95.4989,36.574,21.5094,32.3403,15.6479,22.5029,30.1143,21.7943,6.72117,13.2972,13.5994,5.99897,5.91779,1.6547,4.53385,18.4614,24.0512,8.70953,6.12588,9.72129,5.17579
99.6223,111.975,70.7469,22.847,36.772,38.0496,22.0686,6.16665,0.401607,7.29663,14.9316,13.9047,6.35446,1.98295,1.35582,3.32446,7.88588,11.7974,5.91306,2.75412,5.598,2.02525
99.2028,101.169,49.7856,12.4212,23.4323,26.4326,33.0122,30.4833,18.4387,12.5177,0.87803,10.7421,4.38999,5.11383,3.85666,3.29816,9.00991,8.06601,1.04323,1.83394,3.17685,0.717981
94.3872,97.9058,45.3077,6.86624,3.70392,13.7825,20.9496,5.86035,17.2266,17.3823,9.25522,11.7171,4.06448,4.42513,5.03574,7.55749,15.0101,16.0244,7.97756,5.60059,5.71272,2.87602
93.6494,106.161,65.2702,4.65375,5.89182,14.1558,13.8415,4.65054,10.9916,16.3635,4.42559,12.4902,13.0611,6.06126,2.10745,0.947411,0.418716,2.98166,3.34468,0.0931355,0.866254,1.3152
92.6054,86.2591,27.9049,25.8691,24.5213,1.43269,28.1077,15.6015,9.6457,6.59488,16.7937,25.3485,17.5542,12.3018,9.26726,6.9738,14.7775,15.1433,1.26904,2.13695,0.236774,1.73872
80.879,98.5884,74.526,31.7048,29.1983,10.6156,3.0325,10.896,26.1329,14.4711,0.188388,7.8121,6.7384,2.81324,4.01714,2.72421,11.8203,19.1666,9.71762,0.240364,2.04573,2.28248
75.8977,65.0195,16.1805,16.5369,21.1773,33.7159,34.5331,25.0119,17.866,11.7931,0.46652,2.88398,1.07267,3.94984,4.9068,4.83059,3.17371,8.19368,1.16605,1.08326,1.05907,0.4288
63.649,80.1265,68.0038,32.946,27.6101,23.939,9.63457,3.67753,8.37243,4.71018,1.81589,1.41793,0.979931,0.626143,3.16894,3.56411,1.04964,7.23764,7.9793,2.67615,1.14197,1.03361
56.242,44.7532,4.62189,13.4518,0.923822,15.0904,24.523,17.4733,17.2511,10.6603,1.50345,4.5473,1.44711,0.514235,0.458854,0.222477,1.02457,1.02596,0.967541,0.574846,0.86421,0.408733
48.2915,61.5691,52.2381,15.6855,2.5192,9.15211,2.47227,1.80161,10.0712,9.67538,3.89682,7.28474,6.1516,0.813627,2.70239,2.64218,2.69558,3.72011,1.80373,0.938088,1.5803,0.461692
39.0215,30.159,2.37356,11.0228,3.59811,7.64377,13.9324,3.28163,2.03637,0.040847,2.48355,5.32979,4.42711,0.830168,0.0805265,0.24171,1.39441,2.79474,0.266377,0.0574217,1.83114,0.587662
31.1728,40.5503,35.0588,2.50169,13.971,5.34293,5.02156,7.91793,1.73987,4.02396,1.13531,3.24653,0.968432,1.23752,0.111751,0.0241918,0.672275,0.671121,1.09476,0.234771,1.04035,1.17125
23.5855,14.0401,6.70678,3.95362,16.6863,22.4524,13.8575,0.56679,6.48686,1.30537,2.86613,1.20428,0.30801,0.286342,0.98187,2.66367,5.78103,5.85871,0.89412,1.66868,1.11486,0.915238
14.9616,20.0194,18.3687,0.396282,13.2322,7.13752,4.33799,5.84071,4.74705,2.41583,0.514735,2.92811,1.63466,0.75897,0.179002,0.58032,0.124389,1.33205,1.27604,0.560944,1.11284,0.556412
8.66623,4.48875,3.46003,4.03508,10.579,6.83481,12.8991,2.29651,1.61273,2.88968,5.84775,7.22216,2.55473,2.31262,1.52995,0.81684,4.0978,4.66911,0.992959,0.870575,0.059273,0.624029
7.13278,8.3724,7.10516,1.97965,10.4213,9.11709,4.00918,2.13986,3.01578,4.46243,1.71022,4.32294,3.22142,1.19068,0.728682,0.824938,1.57872,1.16299,1.49904,3.55353,2.73476,0.6075
3.13793,0.858717,5.34509,0.437822,8.11902,13.1575,9.5295,1.44913,0.308172,2.08511,5.64279,7.92584,4.277,0.79937,0.664814,0.427151,5.82416,6.32563,0.613302,1.49422,0.658901,0.472187
5.57629,5.2324,2.22141,5.16664,7.46584,2.99994,3.31721,3.35835,0.23838,0.476123,0.0833783,4.09986,3.66946,1.42827,0.585808,0.0761629,4.32155,7.68927,3.92846,1.21372,1.04416,0.928969
5.26298,2.26382,3.20106,2.41616,0.0414841,6.09184,6.10911,0.683984,1.72935,0.727448,2.95805,4.33676,2.78489,1.4269,0.875742,0.326378,1.7138,3.64964,1.3147,0.671273,1.81377,0.396502
8.29232,3.76275,13.7043,2.38546,17.5979,15.307,4.60658,8.591,11.297,5.5218,1.49106,3.23536,0.369487,0.942783,2.2426,1.868,0.134402,0.11888,3.4143,1.65876,1.60244,1.22219
17.3817,7.10346,54.7054,163.396,174.169,99.0697,34.0203,11.4174,25.126,14.2847,4.689,13.9193,9.76784,5.1585,0.374043,4.66784,3.47216,1.65287,3.55413,5.09389,3.77181,3.34576
13.4164,13.5688,89.861,139.952,35.0607,21.9677,2.52704,3.48441,6.97302,13.244,0.684704,8.29809,3.97859,2.74712,4.67305,0.524572,2.27549,1.85461,1.35458,0.429975,1.49014,1.18756
18.7924,16.4912,26.0964,39.8726,21.8362,1.66704,1.94276,2.96409,2.20216,1.3119,0.97353,6.18963,0.840811,8.08398,5.5963,0.969755,0.878518,4.86982,5.7146,4.77082,4.30191,0.455187
19.2691,23.1571,6.78618,9.02477,6.36857,4.11534,5.76507,10.4247,11.9896,10.8996,7.56083,7.20462,0.0590205,5.89754,2.69515,0.154648,1.68219,3.91037,3.16885,1.90161,5.5951,2.78321
0.258324,11.2163,12.9244,0.780652,0.570501,2.18435,1.5689,3.58491,6.90749,6.29619,1.04211,3.6086,4.15261,2.30925,0.409159,0.699383,0.576071,2.26051,2.82858,1.30831,2.84374,1.15672
1.33156,0.842742,2.685,5.5268,7.65795,4.21449,5.68207,7.2107,0.87235,1.51919,1.25916,1.86941,4.21168,6.06271,2.55415,0.633984,2.44348,5.19141,3.10565,0.76757,0.818106,2.51949
4.7099,0.959926,8.11003,16.959,17.5049,8.26808,2.99937,0.704364,4.75633,3.95937,1.28509,0.230293,0.655378,4.68702,3.89471,0.943923,0.0556564,4.12325,6.16194,3.70425,0.269436,3.84467
5.14425,5.96438,0.446158,2.77353,8.57425,7.7991,3.26267,0.907404,14.1743,13.4793,4.63231,3.0081,0.150806,4.59748,3.07399,0.231523,0.391552,2.81088,5.10961,3.02305,2.27877,1.20799
3.13596,1.86284,0.232172,4.39311,12.0115,6.43936,5.16103,7.48955,9.8337,9.99364,2.80685,2.24372,1.29546,5.00475,2.40886,0.461271,0.485115,2.55042,5.58347,3.03456,0.0373878,0.185113
4.39899,6.26465,11.3101,16.2135,14.8949,5.8231,4.79097,2.89263,10.7279,10.7844,0.395199,3.61033,0.599651,1.43089,0.0804343,0.632814,1.16641,5.51651,6.59513,1.81626,0.399812,0.527316
3.45639,1.06111,3.98686,2.0879,2.25957,1.36128,1.47469,4.95556,10.6024,8.87608,3.16677,3.66846,3.12529,0.596104,0.125495,0.453399,1.90119,3.13052,1.35728,3.82367,2.51098,1.46292
2.7837,5.27421,9.79368,9.53957,2.33731,2.79877,1.63232,2.51622,6.13941,5.78304,0.640913,2.06281,1.21769,0.409146,0.233824,0.522241,3.56114,8.98792,6.88311,3.44799,2.28186,0.783935
0.0559287,2.34627,5.38892,1.70602,3.10779,0.950573,1.29216,1.62293,9.113,9.75142,0.865595,3.09459,1.68602,0.888488,0.939733,0.329685,5.31605,9.69383,5.16686,2.09461,1.94114,0.363495
0.189649,2.90818,4.08895,3.46183,7.72097,2.58071,2.2312,0.170668,10.6761,11.5849,2.93764,1.51078,2.02221,1.60252,0.843533,0.881327,5.34566,7.20793,3.84971,1.0197,0.337657,0.164815
0.146318,2.11872,6.95801,6.64379,1.11721,4.17566,1.54394,4.55908,15.7137,14.4776,4.85227,2.71221,2.40899,1.28268,0.388383,0.798206,0.305091,0.592898,1.48302,0.174858,1.50337,1.47161
0.0918763,2.24597,2.16123,3.3221,4.9376,0.621356,4.83613,5.4412,0.290314,1.37987,0.0402752,0.443081,0.558657,1.04168,0.794088,0.614223,5.46858,8.87449,5.52511,1.47044,0.0887302,0.276319
0.0488576,1.57635,4.4512,4.41566,2.0679,1.45528,1.2271,2.88703,10.4234,9.79175,1.93765,0.991703,0.886692,1.0681,0.74704,0.395944,4.33593,7.79633,4.3112,1.36681,0.498275,0.176977
0.0981732,1.45287,1.82386,0.280329,0.852325,0.260773,3.03225,4.71329,4.19467,2.16954,0.604429,0.384869,0.50426,0.592795,0.177095,0.492393,3.01232,3.28384,0.841102,0.583222,0.423092,0.142005
0.146384,1.40815,2.31795,1.7868,1.55779,0.433,0.00957514,0.828574,3.10451,4.19906,1.42476,0.263669,0.416277,0.468044,0.141937,0.14971,0.153383,0.474373,0.233828,0.140129,0.290665,0.326287
0.0571686,0.966892,1.88388,1.89945,1.59598,0.0837814,0.586822,0.619633,3.09761,3.39979,0.539803,0.417994,0.834989,1.31729,0.733312,1.08519,1.11082,1.45251,2.4037,2.01586,1.72416,0.341931
0.104215,0.80089,0.965702,0.194772,0.0199155,0.203738,1.42069,2.68305,4.34986,4.74255,2.14121,0.508048,0.606411,1.05171,1.15717,1.05821,1.7095,5.52971,3.29613,1.01743,1.54346,0.367462
0.127301,0.463012,1.11686,1.15557,0.841917,1.91165,1.35858,0.580402,5.02114,5.53566,0.628547,0.0661024,0.948977,0.333483,0.514979,0.153473,3.3372,5.43639,2.4518,0.244382,0.111447,0.956082
0.1678,0.456774,0.495425,0.3642,1.0604,0.254166,2.88425,3.2516,1.87736,0.090867,1.62678,0.642937,0.295156,0.0147118,0.149318,0.270613,1.82637,2.01154,0.0971963,0.119938,1.4037,0.75178
0.0320376,0.247207,0.355629,0.648333,2.45216,3.38672,1.73863,1.03001,3.72,3.96991,1.95187,1.19338,0.0764925,0.661329,0.17504,0.57626,0.866481,1.88665,1.68751,2.27256,2.69783,1.49485
0.0450686,0.069265,0.379966,0.126291,1.24641,1.3378,1.76446,2.46128,2.72678,1.94238,0.240168,0.233201,0.330924,0.566198,0.110391,0.38557,2.2804,3.53803,3.38059,2.92814,2.02848,1.87273
0.142179,0.0821082,0.145358,0.833923,0.616087,1.88851,3.14434,2.24146,1.7348,1.06442,0.1477,0.476067,0.0557439,0.5787,0.353134,0.193338,1.02605,3.12149,2.82412,0.734693,0.0760053,0.534104
0.0504746,0.0246751,0.219849,0.490571,0.483895,0.943479,1.72322,3.23646,5.8082,6.08351,3.19747,0.940857,0.953275,0.240958,1.40541,0.426032,4.73972,7.00727,2.89315,1.13564,1.12522,0.286704
0.0133705,0.0351804,0.204985,0.167822,0.592145,3.73302,2.49864,5.34155,8.87428,1.8807,3.96782,3.66675,2.4645,0.309983,5.09378,16.0945,14.6758,1.81377,5.98455,0.996788,2.32918,0.263892
0.100808,0.884316,1.07176,1.81704,4.98875,8.1737,3.08308,0.667062,3.55943,0.00251107,2.74698,1.94936,1.12403,4.6158,9.84558,6.65638,16.9374,21.1605,5.04318,4.75996,13.8069,14.7193
0.0933861,1.55764,5.52007,13.9655,20.6769,18.693,17.4052,15.518,9.51778,4.14785,2.48253,4.78418,12.3352,38.0072,37.8451,6.94005,15.4468,19.6042,8.32058,3.68374,10.6999,11.0792
0.352688,2.77248,7.01582,10.5903,13.2255,7.31645,10.9321,17.3094,4.16664,0.505581,1.76087,8.94393,10.3567,5.5734,2.43317,3.12539,0.506972,0.796446,2.27224,4.5269,5.81756,1.54461
0.374963,3.10351,3.6146,4.507,6.84416,5.69241,2.48181,0.062704,6.36079,7.75528,9.1433,13.2542,1.21613,16.119,14.4342,1.68431,12.5524,15.6517,4.91215,1.3916,6.774,11.1736
0.0867777,2.17033,7.58086,7.42983,3.5337,6.85022,13.4164,19.7555,0.0688067,7.12818,1.66206,10.8117,5.81643,2.97423,1.60658,0.690868,9.03782,17.1784,10.9388,8.27187,11.4797,7.49864
0.0817855,1.5075,4.63,1.88675,11.2406,5.9883,11.6201,24.1975,14.0843,0.556331,5.66661,14.7757,11.5664,10.3196,9.48767,0.363957,1.12549,3.32692,0.0122364,9.52857,14.2516,10.1006
0.0814497,1.1277,0.0564098,14.193,22.666,7.7271,1.26591,6.01217,14.9369,12.8133,3.22201,11.8546,3.23216,3.57971,2.78994,1.32137,1.97121,3.77314,1.68603,1.98696,3.37583,1.73328
0.139106,0.366951,3.03969,2.43392,10.7206,12.182,3.588,7.54754,1.41786,2.36786,2.59631,7.47423,1.84396,15.8902,11.8946,1.81695,0.464137,0.787391,2.53618,2.71331,1.19007,0.142231
0.131965,0.618528,2.05413,7.87034,15.5985,16.8928,12.768,2.78758,6.64535,6.54387,5.76615,6.63157,0.718036,7.4654,4.14316,1.75228,4.43912,5.0627,2.46707,1.79444,2.26223,2.38501
0.224934,1.23273,5.03746,11.6272,11.0909,3.67658,8.03691,6.54969,5.95339,6.51552,0.0371775,4.2929,2.07112,0.685277,0.832042,0.848457,0.31508,0.499901,0.206271,2.12373,3.05677,2.66753
0.243269,2.26654,1.07017,6.38712,6.70783,6.59259,7.79501,7.19767,10.122,7.3257,4.06174,2.95126,3.3159,7.43303,4.71493,2.1465,0.398928,5.96877,6.66156,2.80062,1.50788,1.04035
0.476222,2.53833,8.29306,8.78585,1.84894,0.863777,3.90751,9.34949,12.1303,10.9411,3.961,1.0728,2.2439,7.37358,4.9329,0.0765613,6.5103,9.85765,3.09518,0.873566,0.105358,0.663843
0.162636,2.9521,6.33877,0.0474788,5.81052,1.31953,7.91924,5.6745,5.03534,4.46256,1.21751,3.35533,0.0342694,3.61101,3.16682,0.0768776,6.33845,10.7084,5.52659,0.201054,3.04373,3.49269
0.110999,3.28375,5.2486,3.13785,10.7381,7.18385,0.521779,1.65147,3.39732,3.08106,0.106425,0.329436,0.829966,5.35134,6.7234,2.07652,2.90506,6.25748,2.44046,1.35687,0.153018,1.9699
0.110891,2.56849,8.38878,7.50708,0.829059,3.99277,1.0742,0.266478,3.96441,4.77565,1.92131,0.675494,1.43276,4.41043,4.61953,1.90825,2.01572,3.83792,2.52257,0.275821,1.85663,2.49913
0.258739,2.79522,4.0601,3.56581,6.91935,2.435,2.77972,5.55512,6.25466,4.0739,0.087551,0.958798,0.579319,4.7631,6.32629,2.77362,1.62338,1.66185,0.0102074,1.1625,0.785215,0.524525
0.252432,2.35114,6.08944,4.56535,0.792622,1.70451,0.433341,2.26817,4.22195,4.32382,1.82782,0.0867005,0.101515,1.23975,2.45911,0.709155,1.7774,3.38106,3.92697,2.40409,1.46415,2.11715
0.531079,1.27461,2.62964,0.252914,1.11988,0.189472,0.312794,1.33395,5.54774,4.93612,1.05532,0.353115,0.512959,2.82905,2.24519,0.00462293,0.414754,1.30312,0.477718,1.76526,0.807359,3.61437
1.08994,2.14587,3.10842,1.77819,0.0511108,0.626115,1.25215,1.07471,0.549826,1.24936,0.769754,0.655249,0.94283,1.71685,1.7197,0.0132731,4.27867,5.9866,1.58243,1.3557,1.37448,0.925645
2.57788,2.18882,0.0286522,1.38062,0.78321,0.724536,2.13122,1.13461,4.80897,5.91728,1.46724,0.238676,1.23083,4.13741,3.13329,0.00920516,3.49987,7.77031,4.66868,0.138268,0.294087,0.206695
5.60648,6.47292,4.05326,0.325602,0.434987,1.57126,1.34513,0.34014,0.142261,1.67475,1.24397,0.372036,0.814588,2.32601,1.62303,0.466026,0.298717,2.78405,1.83285,1.00322,1.21679,0.708799
6.91789,9.0842,5.79368,0.119481,0.301544,0.720357,1.95503,1.94969,1.14174,0.458325,0.505712,0.813371,1.56167,3.208,1.82667,0.241663,1.09472,0.717096,1.75818,1.69502,1.70208,1.49181
7.98869,11.4808,8.17602,0.37863,0.426699,0.190146,0.408912,1.48001,2.2986,1.2383,0.307746,0.0249321,0.839635,5.82137,6.94686,3.12791,3.29725,3.62977,2.23293,0.835248,0.542223,1.26039
5.0698,9.57681,8.14766,0.708485,0.443499,0.244671,0.037209,0.100754,0.446283,0.12548,0.465363,0.0769741,0.660528,2.97885,4.88558,0.768888,0.636803,3.48965,4.83835,0.984353,1.39394,1.32853
3.87129,0.279574,3.50658,1.0763,0.0570118,0.778818,1.04741,1.80969,4.58334,4.23741,0.387469,0.49737,0.553133,1.43396,0.13467,0.875216,2.37751,3.23731,0.324306,1.50034,0.303845,0.151159
18.2645,17.9126,8.97649,0.183559,0.20764,0.197516,0.350059,0.45266,2.90547,3.43083,1.09655,0.173338,0.366139,2.24213,2.45361,0.831215,0.00870182,0.324283,0.306517,0.109557,0.0604566,1.44829
37.3044,40.546,21.1547,1.21445,0.164453,0.363423,0.0582595,1.3057,4.61833,4.23495,1.34223,0.00641752,0.646748,0.835525,2.02077,0.599374,0.676214,3.1267,2.66472,0.233982,0.545342,0.139485
57.8659,62.0588,39.7698,2.24029,2.99963,1.5534,1.39337,0.615044,0.670146,0.48362,0.703834,0.329896,0.0138952,3.67292,3.53467,0.210746,0.703703,1.41253,0.542253,2.77225,3.19122,1.34517
44.9743,50.7998,70.9372,137.905,138.468,49.5804,16.9358,16.7394,6.22024,4.63442,6.06641,3.56633,8.07797,2.28422,1.3758,2.72269,0.978408,4.3514,9.78727,11.0298,2.38633,2.62666
31.1431,23.2118,55.0958,88.5002,15.1523,25.7547,0.739163,6.7108,8.80821,3.35934,6.5482,6.21811,12.2137,19.647,9.27566,3.29158,2.70958,1.87848,0.358625,7.76509,5.5424,1.76138
18.1823,63.3164,129.822,85.968,2.03306,6.79198,6.28828,7.1837,6.83749,7.13863,3.71072,1.71733,9.724,10.9436,2.33423,1.62841,10.1178,11.1295,1.14222,4.42819,1.44749,2.31298
5.06633,28.2359,59.052,28.7422,2.94582,3.39212,2.65417,4.23972,8.89045,7.31742,0.405927,8.1541,29.7904,32.5326,9.55509,1.94316,11.2866,13.3156,3.6269,2.52119,2.67578,0.34846
2.57427,14.0635,21.0431,8.23485,0.613658,2.61969,12.1343,13.5341,2.93198,0.358388,0.57821,4.21399,23.0844,24.6993,6.08127,0.171523,0.910077,2.111,2.23643,0.926947,3.04586,0.607723
1.2698,8.57716,12.2742,4.27458,3.68371,5.72051,1.19677,6.99213,16.3403,12.4732,1.89033,3.78614,20.1218,25.7523,7.62848,0.312647,13.5887,21.813,9.17238,0.574397,0.0895663,2.72047
8.24088,10.1465,6.319,7.45442,17.131,11.3287,2.80439,12.1511,17.0312,13.9399,2.62764,9.1653,47.263,52.7362,12.3245,0.595532,26.6183,35.5948,12.2395,0.157079,0.769646,0.0948322
26.3475,19.8538,0.738885,2.09591,17.8933,8.87191,3.48284,1.03685,4.68172,4.09798,0.372526,4.43295,16.3741,15.4507,1.98943,0.430228,19.3977,28.4607,10.7659,0.156899,1.54448,0.74931
36.0341,48.8878,45.4685,6.08266,19.4524,7.56587,5.31322,4.7704,18.4029,16.0998,1.00733,4.8343,41.1168,45.6245,9.55088,1.55498,0.936574,5.01399,1.969,1.27668,0.303662,1.89324
50.0667,40.4921,0.785484,11.4164,13.1883,4.07272,3.08708,5.26429,8.14919,3.62277,0.0909879,9.61366,39.605,40.7302,8.7142,1.13109,16.2466,18.8532,7.69346,3.16557,1.24149,0.170104
59.3767,74.2445,57.5897,8.41055,8.2288,4.40452,0.0857588,6.35192,12.0939,8.88903,1.41042,9.74023,45.866,38.7462,5.87047,1.36107,16.4776,24.2114,9.54799,2.4963,2.34336,1.62712
69.8635,63.9395,18.7018,14.7992,9.14548,6.04292,21.8137,6.54468,13.7779,11.8517,3.92503,2.0024,5.3136,10.2205,6.01699,1.8455,5.63429,7.54099,0.443428,1.37655,0.0667348,0.600274
72.3092,85.3853,60.1411,22.1948,21.55,2.8134,25.5914,11.6234,2.98866,3.1529,5.08765,11.4977,46.0403,37.996,6.83672,1.50471,6.61315,8.50489,3.17961,1.12808,0.919372,0.626065
78.2794,79.2804,38.508,6.37069,14.6859,12.7719,9.93287,9.76108,0.0504244,1.73343,4.7554,7.36422,29.2514,19.898,0.224739,0.128161,10.2894,12.4979,2.62222,0.838492,0.324988,1.02566
81.5626,87.5283,48.1031,1.24704,6.04978,23.5498,27.662,7.54413,1.29047,5.06091,7.17252,8.83525,9.36619,3.39789,2.55067,1.41548,6.87009,11.0083,4.49804,0.622411,0.692261,0.258051
78.3754,88.9913,53.3095,4.94281,2.79018,17.4682,28.8929,4.47139,10.4237,0.716807,1.63417,1.028,17.4202,18.1223,0.374717,0.474566,1.8417,6.46318,3.03127,0.886664,2.06051,2.41595
73.4158,74.1477,29.0054,20.3722,27.2298,19.132,4.19652,6.96776,14.3593,11.3613,10.7065,17.822,23.2166,21.8058,9.36814,4.10521,8.08052,9.70431,3.58854,0.359996,0.0474441,0.61421
76.9712,95.0386,75.0715,32.4275,35.9394,51.2126,50.7241,24.4017,4.90365,1.32437,12.2871,10.6886,11.1844,23.5452,12.4024,3.49975,5.52763,5.51212,1.1107,1.10198,3.13757,4.76036
72.8083,59.2682,8.1726,17.6837,15.3936,29.4206,35.652,14.7715,19.1667,22.6259,4.19302,10.6082,4.28378,6.73483,3.44055,0.213774,0.827829,0.282655,2.48156,3.99418,0.612626,2.13588
57.5969,80.6984,76.288,32.1158,10.1867,11.0838,28.1884,26.1776,28.731,27.1347,18.9464,19.2768,11.2269,1.70321,3.91889,4.11658,5.10507,7.96553,1.97963,2.80136,1.52547,3.46251
51.6715,37.3877,6.79966,14.5913,17.955,38.4304,34.7517,6.628,8.05517,1.1849,9.02894,0.334307,4.71145,9.09667,2.95742,5.90736,9.86313,13.985,3.37291,6.86753,5.55731,0.0794876
32.5062,49.8315,50.5141,2.38834,33.3437,21.1331,2.73486,10.4168,28.8407,14.4175,15.6312,17.6715,3.16065,6.62294,4.02937,2.4376,13.2364,14.9416,1.33676,6.21203,0.899112,2.26148
22.5462,12.482,14.8633,4.41703,24.6816,6.58143,18.5562,0.531503,15.7202,12.4066,7.9677,6.70897,0.107199,0.0575901,5.0851,3.57161,4.34528,8.55551,2.98617,3.96852,3.31257,1.38963
4.29139,12.5107,19.4865,0.649422,23.8443,1.94657,27.1143,15.1244,4.88696,12.9254,3.70297,5.03344,18.2667,22.0631,1.86805,5.58498,5.71582,8.21232,3.14101,2.27868,2.76762,1.93221
8.09394,8.96498,4.31772,7.39668,18.3053,21.3459,0.930787,6.20203,21.1769,28.1977,25.3521,31.2191,18.5443,2.55451,0.18619,2.2536,12.309,17.5696,5.61498,0.305464,3.41994,3.35687
18.9573,27.9537,26.6557,3.51646,7.13132,14.6609,30.6434,20.3202,15.2428,18.3194,12.2051,11.7433,26.5408,12.2718,4.55622,4.07352,11.4825,17.5481,2.76689,5.92837,2.6989,2.3138
42.3775,31.7399,0.49829,4.01848,28.9771,19.7037,9.75425,14.5943,24.6037,14.6798,7.87989,9.52475,0.22068,5.46163,7.76804,3.99664,10.361,16.9503,4.0216,2.14549,4.24253,4.6334
47.4279,67.4119,66.8291,17.8102,29.9998,49.849,36.9866,20.8969,24.8237,16.8782,0.194188,5.10527,6.77126,3.07844,4.01267,2.73859,7.08083,4.63587,2.87971,7.5829,3.75028,2.59446
64.0543,51.5954,1.10474,1.76684,42.7597,28.1009,14.5683,26.9003,16.7796,15.308,12.0008,7.12858,22.0408,12.5927,2.0778,2.96428,11.6299,18.0366,7.49833,2.67173,1.2916,7.42723
71.362,95.791,84.468,12.5524,21.4307,13.6051,33.4586,12.476,14.6242,18.2029,17.7863,20.666,0.198245,20.4529,17.0001,2.2436,25.57,35.3667,12.9459,0.731431,1.5187,1.06013
85.2817,70.1141,2.1547,28.8847,5.47153,16.0788,16.7122,2.20217,6.07437,10.8093,0.0072459,9.85289,10.9188,26.8014,9.53028,3.50235,17.1506,22.3719,5.42294,3.7662,3.05721,3.78532
92.5651,116.438,90.5887,26.6187,13.739,2.42711,1.72064,9.59332,3.98154,9.57665,1.98231,7.57346,9.01405,0.862188,0.758182,2.24763,6.19494,10.2367,7.11061,4.96239,2.31161,3.73332
93.8491,85.6438,24.2599,29.0118,29.2445,4.4992,32.072,17.2512,15.6598,15.1245,8.93332,14.6785,26.0019,24.412,9.72051,0.629933,22.3205,31.2315,14.415,7.26279,5.83127,0.819997
97.0179,113.659,78.7524,31.6298,42.2819,16.6052,29.6326,29.8794,10.2211,3.13314,2.05653,2.97916,4.80264,9.71737,3.24899,8.02663,24.3103,27.5973,11.0093,5.60926,5.17609,3.04942
96.8652,96.4333,42.1445,19.5931,37.3274,43.1612,30.1862,15.8606,11.4303,6.86004,5.86769,14.8004,16.9503,7.25662,0.196808,1.49979,5.24201,1.58131,3.99398,1.52971,3.68294,2.70763
100.948,107.891,57.9911,7.60146,19.2841,27.2403,35.267,30.9672,20.1299,6.93636,15.8703,24.5645,21.2068,13.3916,1.49103,4.84486,14.0632,17.2862,5.45953,4.05628,5.20002,1.39829
90.4195,103.413,61.8648,4.08575,7.98141,8.36543,15.6585,6.43594,7.41175,0.935684,5.01254,10.0666,13.4164,9.8017,3.87747,5.55674,14.5828,16.4064,6.20977,4.29926,6.14156,2.30931
96.505,91.4056,31.8475,21.2879,21.4383,23.0702,18.1285,9.55652,8.23104,11.1501,19.1493,23.6903,14.6867,10.3988,5.94392,1.33277,2.94933,4.56067,4.51539,2.81386,2.0009,2.49271
91.5263,107.482,75.3972,23.0654,22.2222,9.12401,11.694,5.9207,11.3728,14.4765,1.56441,19.8533,22.9632,16.2708,8.59368,5.96947,11.5062,9.52263,0.752739,4.73556,4.21216,3.08177
83.4868,73.27,18.221,22.7659,19.3981,3.99334,0.515727,16.2948,16.4273,12.1598,13.1827,15.789,10.0544,2.06034,2.78028,4.91899,7.60412,10.2075,4.87234,1.09301,2.12519,1.31697
74.0715,94.2069,80.5176,39.2748,31.3374,24.2979,18.0966,16.3821,12.4348,12.5448,11.3957,6.95263,16.8162,22.8001,9.60341,0.513793,1.87192,1.83817,0.688776,1.49818,0.611638,1.14377
64.2471,50.5004,3.60569,14.3484,10.9,20.4629,3.04719,20.5892,6.66427,7.05389,11.4529,7.24785,9.46349,22.7255,14.9454,5.2545,7.29692,8.33447,1.66807,2.92168,0.632676,0.837973
53.2693,69.8155,62.2164,22.0934,2.05176,6.00202,6.62524,5.66114,14.5964,11.5935,2.28157,6.981,15.0779,20.2798,8.05686,0.262106,7.2211,10.2571,1.94063,3.78274,3.20922,0.676447
48.4289,35.5716,3.55076,12.775,12.5259,20.5177,2.00114,12.9885,2.48684,8.21349,4.35828,8.59717,9.00991,6.71088,0.526895,3.23529,1.79697,4.83501,1.54131,0.983725,0.166897,0.475549
33.6173,46.9642,43.2473,2.78758,20.5923,9.25877,4.10945,3.89766,8.57358,6.7641,2.57454,8.8003,3.90943,4.08681,2.68012,1.22912,0.908741,1.23388,1.39364,0.757724,1.25806,0.307397
23.7676,15.9515,7.43273,2.2345,17.674,0.00127738,3.72949,2.1752,12.9756,11.1122,1.90452,4.14256,2.75934,6.36988,0.101536,3.08262,1.72225,0.390913,0.774374,0.264658,1.41655,0.457765
15.3536,21.559,21.4752,1.6072,24.5624,20.2501,1.69658,9.07258,11.4621,6.58197,1.47707,2.55178,4.30644,3.23855,2.11389,1.3162,0.380203,0.463391,1.17217,1.65538,2.7656,1.10867
6.38675,0.736159,6.10652,5.8454,23.7678,21.7491,4.58526,5.64061,3.34775,1.47476,2.45369,4.28535,0.618752,4.89221,2.34864,1.00773,0.518936,0.0261368,0.905031,0.47726,1.54699,1.53569
2.75326,2.9707,0.38319,3.33518,9.25953,1.53554,5.1195,4.6577,9.82562,6.65729,3.02301,4.41748,1.91967,7.58105,2.53551,1.15015,0.145426,1.21463,1.23011,0.80058,0.330104,0.102547
10.9586,13.1141,8.30755,4.22964,6.73387,2.49106,3.18246,6.5579,10.4827,4.74586,4.13088,7.41799,3.81473,0.61803,1.53741,0.987805,0.965604,0.584682,0.536617,0.231134,1.0636,2.15858
16.3523,17.6856,13.796,9.4285,10.8497,14.6121,10.8198,2.00782,3.09114,2.28115,1.23187,6.69905,8.01525,4.35557,0.409898,0.977882,0.918182,2.08623,3.25296,2.59298,0.214179,0.688836
16.8964,17.2144,8.99188,2.97287,2.34225,3.46321,4.80197,1.15572,2.78062,4.37726,5.90391,6.32689,2.73186,0.76978,0.0863918,0.976555,0.683311,0.0582166,0.9577,0.418224,0.526286,0.085486
20.1474,23.3422,18.5509,8.46547,0.421423,12.0867,10.1885,1.25887,2.34601,5.09321,2.6607,0.744886,1.55985,1.14143,0.671256,0.377102,0.808709,1.13091,1.07947,0.443683,0.911937,1.46614
19.733,19.5385,8.96201,1.56132,4.28242,5.93854,7.1765,3.00019,0.459192,0.959901,2.1074,0.175125,1.54736,0.453011,1.15114,1.16422,0.594274,1.84574,1.12321,1.26388,1.89391,1.8688
21.3996,23.3118,16.4551,3.59679,0.0865058,5.79539,7.01199,1.60796,2.31728,2.64984,0.720242,1.82125,1.44189,1.47964,0.177452,0.83431,1.11276,3.02474,1.61939,1.53579,2.77016,2.02645
17.168,16.6243,6.08891,0.937389,1.05484,4.21424,5.49535,3.41874,6.22171,2.29318,1.9523,3.45777,3.52905,1.00707,0.660311,0.832737,0.800923,3.09781,1.10753,4.3267,3.22058,2.38959
22.9541,6.39423,16.763,78.5582,96.4061,5.97748,36.5447,23.115,13.5615,5.05157,7.38924,4.21833,11.1722,14.1087,5.52163,1.44956,8.55954,9.03328,5.35882,5.58649,2.7855,1.7708
3.79148,0.845994,6.87355,36.5095,74.5725,46.1515,7.65049,21.2618,37.5725,30.7291,7.89053,0.279059,2.83966,7.90701,5.94993,9.26395,13.5349,8.06927,0.89727,1.99946,0.100888,0.495869
0.38709,4.02644,25.5006,6.5743,21.1446,2.3957,7.42192,9.23491,32.5839,20.8751,1.03487,1.30549,0.271517,5.34751,4.0264,1.64811,2.61181,8.02889,3.62876,0.765331,0.283942,1.14848
0.57384,5.40982,27.1592,32.6613,14.7557,3.42123,6.41112,1.65526,22.5766,16.7461,0.0803457,1.61501,4.27067,7.5472,3.23337,0.793293,1.54533,2.52829,0.37205,3.02108,2.45435,2.63591
19.6441,27.0003,17.3712,0.191194,3.82033,5.16496,6.43613,8.61952,1.12545,8.81745,2.77945,4.08834,4.21626,0.692873,2.34284,0.0557503,2.37531,2.64599,1.00524,1.5656,4.25537,3.50101
4.76726,4.34393,7.45279,18.0419,21.7727,10.0852,3.85989,4.05616,10.3225,16.6382,7.92984,7.21658,7.30012,4.13277,0.520386,0.342805,3.43109,4.54831,1.48647,0.83254,1.14807,1.19484
4.51496,0.454095,2.50973,2.70404,9.10046,3.22738,7.23768,3.34075,10.2069,0.598415,1.18027,9.23697,6.90604,4.11574,1.73531,1.45482,1.28175,3.81072,0.388855,1.69923,1.10773,0.352056
1.51507,5.54111,8.04254,1.83259,0.190499,3.08886,2.74789,20.2607,44.1691,25.8517,6.70397,9.75442,0.278659,0.564512,2.88406,4.67159,2.31938,4.82126,3.69629,2.51106,3.87627,3.84533
4.60846,1.0655,11.7715,12.0941,2.36828,2.45563,6.70984,20.0912,49.7218,36.8328,5.19799,7.65772,8.62712,3.25401,2.48116,3.76366,27.8134,35.8665,12.8758,0.583558,1.09055,0.58796
2.84196,4.57907,5.16227,1.42452,7.71113,5.24321,3.02217,1.08973,5.96631,6.36875,2.47726,8.31468,7.73172,4.51375,2.46462,6.62566,29.0916,29.2416,7.74418,0.0161256,1.03177,0.648269
1.08441,0.63259,1.25952,7.08459,12.7428,8.15908,2.87213,15.9344,44.1482,33.3313,0.932454,5.82202,3.74359,3.76085,0.308955,7.35662,37.8891,41.2425,11.116,0.351341,2.3064,0.842184
0.790376,1.47288,5.22301,3.69884,4.18889,2.19167,6.55968,14.1445,55.035,42.9255,7.01151,2.87258,2.99008,2.74064,1.00027,0.0115677,35.0427,55.6254,20.9027,0.432615,0.82551,1.30009
0.124465,0.644557,0.240725,7.59731,12.0343,3.83728,5.01073,0.381053,9.84312,8.61838,0.667078,2.69917,2.40304,1.88301,0.0662563,4.70411,30.5921,39.6374,13.7594,0.338671,0.809564,1.44329
0.359932,0.248389,0.992731,1.83478,7.21122,4.84754,1.15224,15.53,51.0224,42.0026,5.14585,2.21359,0.610625,0.222256,2.42209,4.69831,6.39237,3.9827,1.2169,0.187021,1.01167,2.677
0.419681,0.173075,0.533709,0.248281,2.39994,0.605331,3.01105,9.60601,45.6555,39.1157,5.4677,1.78915,2.09805,2.58393,0.918346,1.11608,25.5689,37.0012,13.1833,0.882133,0.766359,0.816568
0.875584,0.361576,1.32031,4.56204,3.74343,0.0356768,0.0299282,3.29467,12.3217,14.8707,5.03716,0.130349,0.394433,1.19416,0.583459,4.63978,31.193,38.6548,12.0481,0.174924,0.308705,2.12153
0.683952,0.405839,0.816191,1.87198,1.00971,0.476385,1.27947,9.77457,31.4752,23.5771,3.1212,0.637893,2.01997,1.88643,1.68838,7.79358,5.25228,12.8011,9.04295,0.130745,0.369634,1.07826
0.599367,0.335013,1.18525,2.38367,1.28852,0.651284,0.999445,8.23361,17.8991,11.4352,1.51022,0.816218,0.865871,0.00980726,0.164219,18.7211,47.1874,34.2204,5.21056,1.39274,0.345769,1.90609
0.130328,0.0431113,0.503364,0.98885,0.992216,0.887215,0.908122,1.41984,8.13809,5.51744,0.143646,0.809221,0.394725,0.135623,0.450289,19.6132,41.1651,24.159,1.50605,1.78066,1.90639,0.756053
0.00750248,0.214508,0.133671,0.631447,0.542949,1.15699,2.20675,13.5079,33.7794,24.4156,1.79039,2.31774,2.07099,2.61788,0.267601,8.48643,1.92542,19.1207,7.66271,1.31143,0.836851,1.53724
0.0761135,0.295311,0.183792,0.545388,1.14239,0.036805,1.44138,11.7053,25.721,17.153,1.86175,0.559734,0.384006,1.10273,0.96936,8.66253,29.5388,28.4666,7.70911,0.187532,0.536392,0.319146
0.0881344,0.19475,0.497921,0.14592,0.73846,1.76533,1.46909,1.7449,7.83682,7.53292,0.409181,0.350864,1.53907,1.32249,1.47942,4.61638,17.0778,13.6575,3.3509,2.19337,2.13992,1.67984
0.0899964,0.19393,0.111335,1.05054,1.72933,2.02946,0.406195,10.2164,32.6708,25.8813,3.23489,0.839352,0.854344,2.05699,1.25016,4.49185,1.07125,9.74148,6.77398,1.27194,2.44395,1.53394
0.0711191,0.0400416,0.344338,0.0640838,0.440307,0.454109,2.69661,7.61867,25.4765,17.4589,1.31625,0.140109,1.11194,1.06069,0.552741,5.89008,29.3579,35.109,10.7947,1.29777,1.36335,1.74583
0.129286,0.0470508,0.111112,0.101955,0.0355526,0.489819,0.185226,5.13165,8.30877,1.83567,1.90155,0.361272,0.273504,0.279058,0.697613,1.20495,23.4386,30.7681,7.79693,1.19367,0.418444,0.449026
0.0474567,0.145733,0.114419,0.0636472,0.122447,1.65043,3.10177,5.57595,8.80211,4.87138,0.52287,0.988445,0.0333614,1.10553,0.528726,3.06495,2.72929,3.07515,3.426,0.138539,1.19723,2.32473
0.152458,0.0543442,0.129348,0.468989,0.508641,0.797594,0.0309508,1.57989,10.4558,9.74945,1.32211,0.150695,2.20548,1.92234,1.71518,8.57804,41.0673,42.5643,9.92568,0.707022,0.208269,1.78427
0.0661995,0.0405586,0.172661,0.140646,1.08744,1.83257,2.26224,3.76892,3.20666,0.614821,0.255755,0.215639,1.20801,0.472804,0.19681,4.53619,2.52103,16.7627,7.50687,2.70787,0.888093,2.27017
0.633467,0.241322,1.304,2.8097,6.49114,12.0016,1.78262,2.36293,11.6415,5.84685,0.390463,3.19474,0.150403,0.213499,0.337084,7.63308,27.3454,22.8402,3.07904,1.56228,0.634155,2.71252
0.468347,1.1362,6.6897,11.4138,4.93587,4.26985,1.23198,22.2816,39.4901,26.6695,0.109791,10.1385,4.9165,1.40543,1.93583,7.51792,17.2724,10.8548,0.0131684,4.66439,5.21954,2.06087
0.386863,1.60626,2.56953,4.0965,10.9208,7.71168,0.0935373,16.9365,38.3254,27.2606,8.75322,10.5211,4.70398,3.08999,1.1517,2.41588,7.9756,18.3078,8.29957,1.64141,6.29723,2.04226
0.0062869,1.20667,3.48386,4.40765,13.5346,4.50267,0.510395,3.61319,11.6124,5.92676,3.48529,10.9008,10.7528,1.21618,2.35222,0.375029,11.7732,21.6536,9.34953,0.940253,0.925498,4.31142
0.195718,0.385265,2.30318,3.23276,12.2199,2.96124,9.31126,8.86429,2.4785,8.83416,2.62057,9.62276,5.77632,0.489195,0.373895,3.72168,19.0029,21.2728,5.81098,0.324248,2.53515,4.40739
0.59928,0.342174,0.0304923,6.25156,14.8583,11.076,5.04227,5.06134,1.02613,7.43674,3.7601,1.09792,6.5915,7.29258,3.28402,2.83024,9.22157,3.56035,1.12669,0.874713,0.767392,3.52329
0.154228,0.767021,1.21939,3.63439,10.1278,14.792,13.8251,12.0421,7.63138,0.730112,0.759082,3.33879,4.21921,2.96388,0.891417,6.46514,11.7639,10.5995,5.61995,1.7649,5.18955,0.209924
0.100398,1.74317,3.87311,3.24832,1.81611,1.69334,1.41004,3.54728,11.341,11.0231,0.2813,4.02345,0.884629,2.52306,0.734719,2.7874,9.17774,7.89986,5.12058,3.53065,0.217236,1.26553
0.275302,2.42275,5.28953,0.684071,6.90855,10.4856,7.43831,1.3855,0.348021,0.982448,1.95099,5.37832,1.0605,1.86523,0.820046,2.09746,5.78349,12.468,6.97962,1.59675,0.226931,1.25009
0.380932,3.67541,7.90079,0.177719,11.5977,8.80741,2.71736,3.97243,7.38581,5.25028,3.82578,8.2155,8.09074,3.11024,1.21839,1.12828,5.907,2.82888,2.0358,0.418894,2.96214,2.12278
0.288554,3.25913,7.98305,1.91612,11.9918,0.0957714,7.3144,1.54569,1.54318,3.13169,0.17498,3.70454,1.19324,0.479405,0.0819316,5.19832,14.306,10.8478,1.48017,0.0565751,1.41959,2.38084
0.42079,3.41008,7.87999,2.30476,15.0228,8.18368,0.356611,5.94777,19.7199,15.9399,0.605098,4.35382,3.11634,1.10803,0.505115,0.988859,3.06776,2.9372,1.15852,2.07612,2.90129,0.827377
0.347888,3.53452,7.96089,1.74449,15.0263,13.7191,7.44394,6.48272,23.6462,17.0148,2.96697,1.88586,1.38411,0.826307,1.3835,3.538,7.22515,2.47509,2.77194,2.07822,1.6273,0.105323
0.0588802,3.64851,7.66461,1.63907,11.5333,6.26603,0.790888,9.57954,9.94589,2.94685,5.36353,1.5205,0.119536,1.27088,1.21958,3.78984,8.43678,7.41328,3.17624,1.02135,0.342822,1.17813
0.034666,3.38391,6.76571,1.33067,7.84335,1.04618,1.78552,0.518266,4.31086,5.04118,1.41809,0.238764,0.49083,0.461901,1.70288,0.298955,1.42162,1.0303,0.452269,0.0669054,0.79344,1.48887
0.0672223,3.1097,6.27979,1.3264,3.78959,1.96142,0.641104,2.80684,8.52552,5.32172,0.0265487,0.303815,0.0393919,0.128226,0.339858,2.03792,7.92734,6.99918,0.911404,0.464849,0.279447,0.994734
0.134061,1.91705,3.90349,1.59362,0.431387,0.607306,1.04943,6.81283,14.8394,9.49143,0.0455488,1.05675,0.396714,0.20449,0.0186935,2.2802,2.97679,1.05204,1.28636,2.18986,3.28112,2.21456
0.155399,1.14664,1.58678,0.429566,0.233737,0.0343175,0.0572955,1.83824,4.72743,2.25426,0.189866,0.59239,0.596854,0.357283,0.397862,1.98753,8.1609,8.13711,1.71762,0.0854744,0.418768,0.950573
0.0353639,0.438015,0.772853,0.672585,0.870981,0.832673,1.05197,2.38512,3.06193,1.91953,1.04871,1.21702,1.25359,1.27896,1.03305,0.88619,0.0994824,0.948841,0.143211,0.0387763,0.249235,0.956188
0.00321789,0.152043,0.194415,0.127844,0.393745,0.332232,0.206097,0.937175,2.56281,1.68895,0.561718,0.0731003,0.729497,0.736802,0.65419,0.848112,5.07203,6.22292,0.40218,0.938562,0.794419,0.165645
0.0854416,0.0326165,0.153789,0.202901,0.227205,0.241666,0.886582,0.354158,0.00613876,0.140261,0.126556,0.203826,1.10376,0.951005,0.142399,1.11758,2.15244,1.30242,0.392516,0.0609122,0.59115,0.940589
0.0486926,0.21848,0.958924,1.79373,1.29334,0.207353,0.169343,1.42695,0.0521686,1.34418,0.671726,0.271846,0.767622,2.12487,1.94771,2.98445,6.58806,5.49181,0.936287,0.582883,0.876729,0.259323
0.0556815,0.157387,0.0290305,0.434746,0.0881552,0.515347,0.22577,0.566035,1.28012,1.84642,0.842363,0.646983,1.74865,2.4192,2.00798,1.20046,1.36126,1.96666,1.08194,0.51209,1.34882,1.3724
0.0491695,0.0473405,0.0181384,0.0855555,0.179678,0.0249418,0.559692,2.38015,2.19023,0.221987,0.166231,0.323204,0.788318,0.0366151,0.221066,1.12894,1.89774,1.16274,0.922421,2.46427,0.938424,2.1032
0.0619374,0.0582281,0.0291036,0.0345046,0.149575,0.266099,0.111917,4.91854,11.1122,6.99166,0.00162579,1.42161,0.983081,0.662375,0.273595,0.0196302,1.53494,1.13114,0.116459,0.0209101,1.36115,0.785809
0.0687327,0.00181376,0.0425841,0.159157,0.922728,2.63653,0.371988,2.31011,14.7951,10.0414,1.48869,0.479399,4.64099,1.07086,4.41907,2.03106,5.11471,5.93543,5.31461,4.85869,2.26003,7.23344
0.0884793,0.041639,0.0396278,0.199433,0.789045,0.628574,3.01674,4.45498,7.18117,7.38134,4.63749,6.88053,1.8421,2.06567,0.300189,5.26486,13.7973,12.8917,1.78314,7.56153,0.578153,9.66037
0.293397,0.00367736,0.0391352,0.0272726,0.283819,0.43059,1.77436,5.93778,25.1517,27.0641,26.7506,26.5481,8.17701,1.78981,0.0267059,0.753635,9.06004,15.7219,5.81416,3.0204,10.5799,33.4795
2.01769,5.72018,22.0737,19.1563,46.1693,16.5469,35.8311,3.55502,27.9922,19.325,2.87894,8.22852,1.74248,0.588274,1.31625,3.04182,4.41691,4.66612,4.37552,4.48679,30.8839,37.8793
5.50839,2.09206,45.0614,121.125,130.874,71.5333,12.0102,4.49733,16.2035,6.28864,8.21349,5.31938,5.58553,5.06862,1.57718,0.316663,1.55943,4.60821,5.82822,7.48506,2.99098,6.56446
2.06844,19.2459,77.344,111.511,55.8263,0.694777,8.5575,4.72326,11.3049,12.1437,0.494519,1.54012,2.39741,3.60565,0.177169,3.23528,5.0314,6.14814,2.19382,1.6067,5.81309,10.2077
3.81168,47.0398,88.8608,45.0136,5.95571,3.30569,2.94434,1.49597,12.4031,8.39923,17.0699,20.5923,2.45023,2.48486,1.22761,0.653165,1.08767,0.35432,4.18277,2.50679,5.51976,15.8447
8.24546,27.7595,35.3909,8.79043,1.94394,10.2781,9.1505,0.377792,13.4071,14.3259,2.50296,5.73378,4.62134,2.72297,2.4839,2.83402,3.89708,0.28372,9.01492,5.72953,11.4861,31.7243
10.1091,10.4312,1.35192,11.0818,9.62089,4.8823,10.1695,2.56694,17.4441,7.13266,21.1119,21.498,6.57542,4.50381,4.75751,5.12787,6.0815,5.19672,12.998,3.73348,17.7921,31.8437
9.3581,5.53438,4.74414,8.84342,2.99955,3.19058,8.79721,0.0340608,17.5114,14.4959,5.96915,5.80501,3.82628,1.53201,0.68849,0.811148,2.70991,5.39277,3.2634,0.920212,16.4708,31.4416
10.7384,4.00874,9.21735,10.0676,5.4154,11.2777,11.4303,5.72901,7.04749,2.12879,22.426,20.904,6.43241,1.6704,0.182363,1.18311,5.27206,3.66493,2.01848,5.9098,21.0753,28.0708
14.3382,14.1616,7.81972,2.64692,10.0664,13.2529,9.17726,6.62306,27.6428,20.5454,2.66438,5.28943,0.690364,0.202367,0.560954,0.477313,2.36946,0.609598,4.90694,3.39771,2.21212,5.08358
19.532,13.8117,0.0377107,2.47056,15.5171,8.57448,0.761304,5.54469,16.2433,19.1517,17.0745,12.0426,3.60203,1.16869,0.564692,0.288106,4.12858,3.63493,0.632987,2.02275,5.9401,8.33978
26.377,30.7563,21.625,7.98282,19.961,1.62245,13.0697,0.906965,16.0851,12.3204,8.26034,10.3805,1.61228,1.02844,1.47736,3.73405,5.91346,3.12177,0.616321,0.00188522,10.4826,15.5315
36.7107,29.0692,2.72884,8.7662,20.6077,29.4601,18.2888,9.73658,19.7721,24.41,13.0349,2.96226,0.245242,3.29935,2.58583,1.94633,0.70965,3.30696,0.717541,0.815426,14.0112,24.1029
45.764,59.6386,48.5817,5.64316,15.8148,20.5722,18.4396,7.50364,6.44837,3.16853,18.0535,16.6796,2.74867,4.94577,1.0424,0.972147,2.29181,2.85544,0.0401637,0.0773204,15.9307,26.8161
57.656,51.0405,5.48801,23.0025,19.97,31.7473,16.7225,1.90248,18.9525,24.0202,6.79313,4.84074,5.45475,2.82037,1.01989,0.6277,1.89703,3.79458,2.76323,2.82232,8.09848,20.0425
67.2667,81.0219,54.13,10.989,9.24775,4.2024,10.5033,1.17095,0.471039,0.135307,22.1361,27.6361,1.23208,8.40378,2.79126,3.96527,6.44348,2.79009,0.819506,3.75852,1.1935,10.2552
78.173,77.7412,31.8841,19.976,22.739,8.58487,5.48561,3.21773,14.7924,20.0548,19.5874,14.1845,2.65964,8.65319,3.89838,2.94935,11.7565,9.32743,0.971464,4.31503,3.34336,1.50448
87.4946,94.9831,53.6152,4.5909,23.1806,48.3018,40.3532,10.499,6.66437,4.31531,11.1733,16.9085,4.04088,3.3606,2.35558,1.14851,2.45406,8.52992,3.68648,1.42782,0.167925,8.37455
89.9213,97.7171,56.0085,1.27414,8.1868,27.2084,20.2103,2.22175,4.84342,14.0078,30.1538,26.6419,1.8848,10.5595,4.38094,6.85779,7.9067,3.26898,0.682157,0.585592,3.76826,8.84708
86.804,84.1676,35.7512,10.9217,16.7491,17.4928,15.2117,11.5527,4.06976,7.93186,11.3963,4.48353,2.59033,3.84565,2.87002,1.36991,6.07736,9.03858,2.96838,1.72838,1.42561,3.47607
80.2394,98.4882,74.2117,32.7087,24.1924,3.07431,4.82188,14.3201,18.8107,23.1609,37.7858,32.857,0.8918,8.62962,1.2588,3.42644,13.9889,14.3663,1.57582,4.12459,1.54622,1.15091
76.622,66.3629,14.2384,21.5813,34.5047,52.7322,31.4824,7.53948,8.25211,0.211761,13.9858,6.81152,7.71836,10.795,5.59019,0.87739,2.78892,5.16282,1.77063,3.88706,2.00441,3.87235
65.8194,86.9106,77.6395,34.6315,17.2506,3.64947,15.3679,12.9804,18.0955,18.7688,35.7105,39.0542,6.08281,6.30882,0.370095,2.75261,2.60233,6.8401,5.04673,4.114,1.00403,1.02864
55.0688,42.2354,1.70759,12.6755,11.8416,28.3091,32.4743,21.4551,27.4004,14.8983,24.7969,27.3382,4.73847,14.6323,3.18438,2.11944,16.7014,22.9719,12.6668,5.91274,3.60392,5.29822
44.6255,63.455,65.9229,20.2635,2.79567,18.0231,9.95627,8.95797,6.6097,8.89856,2.16945,7.52543,0.485326,1.26701,3.46144,0.462883,8.62955,17.5295,9.79573,3.18863,3.03857,5.05967
32.6002,21.9441,9.8146,4.33701,38.3312,44.1424,19.3542,11.5226,34.5126,8.44047,38.7861,27.4626,8.78943,11.0498,2.3429,11.9904,14.3294,6.61115,0.133569,0.289871,7.27039,10.541
20.7489,29.5278,30.2693,1.1149,31.0318,14.732,13.9919,29.7417,56.9492,44.7333,10.2664,25.556,9.08561,2.85024,1.49179,7.17232,18.886,15.2499,4.75519,2.60135,7.42634,18.6915
0.18164,3.26018,10.1158,0.548081,9.18677,20.9008,38.5221,19.4195,9.58896,11.4065,39.428,50.9135,11.0511,7.16458,1.91921,7.37879,15.3834,15.8361,8.88339,5.91487,2.96637,7.72427
9.12587,12.4388,12.9148,9.33535,20.3621,35.0689,13.8923,8.33698,45.7243,46.4713,27.9552,21.4642,3.80446,2.51017,2.27787,8.26662,14.0705,1.98848,5.91819,4.48692,0.546058,3.44846
30.586,24.3939,5.25311,4.0958,25.9247,30.0467,12.4958,17.5414,47.1569,37.9434,19.5703,13.747,4.40666,9.04439,1.49812,8.84806,12.4031,1.38936,0.159251,3.84445,6.67182,7.47907
39.1305,52.4741,46.2958,2.45703,29.9168,15.3483,18.9228,21.0247,5.79368,7.19502,9.15975,7.68336,13.9748,3.5346,4.55536,12.4427,19.5817,15.6611,7.16571,4.06459,3.39088,7.24763
47.3644,39.3596,2.55497,2.47226,28.3617,9.32063,37.8889,6.98861,30.564,25.7488,26.3462,47.3552,22.8955,4.6231,3.02279,3.55265,9.81658,11.1239,6.95459,4.17894,4.82589,11.4171
62.4942,82.681,71.9244,6.88249,47.9151,61.3234,31.4611,10.1484,18.343,11.9664,12.8273,15.3134,0.631851,2.97202,5.45817,11.1035,6.4268,2.67219,5.88306,7.13371,1.51321,5.30311
70.4672,57.9865,1.28432,17.975,10.9709,1.52404,8.71667,8.47141,10.4132,7.43759,21.7493,34.9048,10.2627,4.41412,2.64616,0.848347,1.19641,3.66852,3.01887,6.67938,0.36488,5.29912
82.9006,104.477,83.2084,15.867,0.0123565,0.624293,20.432,9.07722,28.0023,22.5949,13.7016,22.3756,3.57992,2.44019,1.15584,0.801061,8.94889,10.8196,1.16807,4.33531,0.151588,5.86903
82.7708,73.359,11.8934,33.3453,12.1495,27.8848,42.4573,11.7739,17.1052,13.6004,16.9808,22.7307,1.02596,4.12923,2.20644,3.63528,4.26746,7.47019,1.69809,1.92586,8.17003,8.98274
92.1461,109.652,77.0462,21.2371,37.4226,54.1627,27.3343,0.319139,12.4424,11.4743,15.584,24.1439,2.66963,5.72567,4.66509,0.758961,4.72194,3.92566,4.39632,4.70755,5.83624,11.4979
90.5523,86.9796,30.9223,26.8169,27.5706,10.9163,11.6656,9.65001,16.2625,9.18129,20.1464,20.196,0.369889,4.60895,0.535555,3.26749,9.78706,7.38379,3.93605,7.51998,6.81661,6.20801
98.0157,110.64,67.498,15.9205,18.2708,9.78907,17.7524,13.5186,10.099,7.94222,16.7421,27.5076,9.35675,3.65846,4.03366,0.0750113,10.8232,12.1302,0.393627,5.71727,5.29854,6.17676
96.8644,101.003,51.1919,7.3232,26.8795,53.9278,48.4818,17.9858,2.78691,8.1766,16.0964,7.81856,2.96982,3.41839,2.6102,9.7987,8.06932,0.855298,1.1897,0.459928,0.594431,1.3398
95.5525,97.6503,47.9961,0.333386,9.72527,29.6974,18.3479,9.68843,25.7181,20.5298,14.7823,14.9419,0.590252,7.23161,7.92215,13.9944,10.5663,0.869803,2.01846,5.02355,1.83636,1.73028
91.7693,103.727,68.8708,18.9608,12.0458,1.74676,3.31054,0.784202,25.2664,26.8522,1.76847,12.8423,9.2775,3.20986,1.37263,0.290637,8.92833,8.73747,1.38516,5.78615,4.44614,2.57576
79.6245,74.7187,27.1872,15.4876,12.6716,0.953016,5.60588,10.0678,0.0882334,6.7681,3.81024,13.9205,15.8307,7.08735,5.68236,11.3549,12.7735,6.72026,0.384482,2.72991,2.61031,2.65062
70.7048,86.1944,66.7965,27.8735,39.0748,58.1568,42.9293,17.7359,16.4352,13.0303,5.98924,6.21706,1.78876,4.50125,2.41251,2.11077,9.36355,5.23276,0.00819946,0.851168,0.188436,0.0624256
67.5766,57.5345,12.5928,19.4263,5.71331,18.4569,14.9499,12.5539,25.5253,11.8708,3.97193,0.747195,5.73455,5.22291,3.05974,1.23042,2.48674,3.96794,0.0313103,2.63453,0.956143,0.36638
65.2155,79.7618,66.6255,27.6295,20.8412,22.939,10.3051,4.01631,15.5219,16.9712,5.29223,2.60654,7.82652,5.45434,1.99011,1.90754,0.940782,1.70439,1.52114,2.87785,1.9422,0.0286597
51.1615,40.1559,1.29115,10.2537,0.0793109,5.48517,2.85088,11.4879,13.2263,8.60739,4.47479,6.50102,5.71863,3.453,0.983583,1.18686,0.938796,0.949599,1.88373,1.98402,1.13278,0.2897
45.171,58.1005,52.0382,16.7233,13.7368,36.4829,31.6669,18.0703,28.4784,28.2365,8.68981,0.00391708,3.6043,4.58746,0.736779,1.69195,0.82572,1.23499,1.64329,2.77178,0.998598,1.16704
35.1469,25.5779,2.91223,1.59995,6.79674,14.0501,7.85347,11.9502,16.4957,5.84517,4.9537,3.46111,3.01377,2.92346,0.0586411,1.46954,2.09479,2.63071,0.0291299,2.49689,3.40076,3.08032
27.4551,34.8905,30.958,3.06052,26.2213,34.3344,17.7799,3.8605,1.99047,1.30728,2.44572,3.88261,0.16009,1.51146,0.85693,0.0963458,2.45522,2.09959,0.614299,0.190317,1.85463,2.73483
14.9593,9.06091,5.87423,0.781842,11.7055,0.519125,5.41757,4.45641,9.78581,5.80206,0.652531,4.24888,2.11864,1.46701,0.334526,1.91574,1.69102,0.381835,2.10744,1.67191,0.251446,0.738741
8.23112,12.131,11.2838,5.14984,16.7947,5.67934,5.06083,5.70955,11.3784,10.5321,2.21525,8.21047,3.69201,0.190555,0.216695,0.157705,0.447413,0.167792,1.49575,2.42463,2.91224,3.55499
3.588,0.676025,6.52427,0.259081,12.9225,14.6188,6.22551,0.652816,2.30353,1.15337,4.709,8.00899,4.46496,1.02822,0.794827,1.05491,0.244793,0.671248,1.80955,2.39805,3.3767,3.65398
1.40635,0.771993,0.377022,6.87365,8.30445,2.7902,4.94912,0.651981,4.54203,3.07354,3.62297,2.19806,1.86067,1.19653,0.44639,0.694842,1.96285,1.60296,0.652896,0.718463,1.33473,1.93438
3.50787,6.6092,7.30724,1.34592,5.01836,5.82907,1.6594,2.15471,6.59213,5.87819,2.88804,1.14751,0.950667,2.13459,1.74825,1.38152,2.286,2.16725,0.209385,0.700419,0.587599,0.262208
7.16488,7.41838,6.67141,7.86007,7.38821,2.87218,0.352103,0.132253,0.135549,1.27738,10.7079,13.8002,3.78438,0.558551,1.79959,3.05501,1.54982,0.707525,0.385648,1.75884,1.6945,1.10239
7.49892,8.34163,5.44174,0.36135,0.817937,2.63586,3.82299,1.76065,2.6292,2.99494,9.9601,14.3041,5.62864,0.521687,0.520762,0.227814,0.525276,0.0159975,0.910663,1.68704,1.88989,1.53959
3.31835,9.69774,4.85239,2.46599,15.4341,12.8432,0.716876,9.64967,9.20618,7.47041,1.74873,2.08488,2.34548,2.06606,1.1567,1.4931,0.374284,2.267,1.74929,2.89216,2.23366,2.82976
0.520894,7.7495,45.6199,156.569,168.01,97.2406,42.6464,3.18373,12.1398,2.20819,14.2232,15.8838,5.96896,1.81032,3.54807,11.0332,11.2674,5.28202,4.62405,7.92704,4.008,0.884434
3.55052,2.60609,77.0262,128.113,31.3894,22.6353,3.38925,0.338709,3.50386,6.20961,1.84857,6.83161,10.9291,9.612,1.03076,2.69255,6.13536,2.36375,0.453101,0.575853,1.26447,2.90184
11.5752,8.25609,15.8138,27.1161,16.7246,7.64956,7.3532,3.5477,1.36478,1.48315,7.91464,9.56225,6.36823,3.71474,1.04707,1.29971,0.14389,2.65111,1.68558,0.8621,1.58334,2.34327
14.4646,19.7037,1.91809,20.8664,12.2836,2.05781,6.45734,4.12602,6.10184,2.17965,8.55538,11.1718,10.1141,6.98776,1.62266,0.113454,2.07537,3.3093,2.77264,2.37346,1.80629,2.19563
0.386172,10.6413,15.6902,8.5549,5.37984,4.58731,7.57745,7.21027,7.91395,5.17909,3.75431,5.91086,6.0048,4.86906,1.09578,0.775606,0.715785,0.0397058,2.02231,2.75189,2.32319,3.62617
1.18965,1.74661,2.87528,4.42476,4.03849,1.92783,6.11138,7.87777,4.25473,5.09769,8.79206,10.651,10.5726,7.62681,1.58032,1.87321,3.79899,3.07867,0.334327,0.137386,0.520443,1.75846
5.95335,1.56487,7.32265,13.0683,16.9105,18.8547,14.7098,4.95708,4.76203,3.50315,2.5929,4.45377,7.32284,5.92683,0.806928,1.02613,1.28543,0.207933,1.11342,1.51502,0.479326,2.60543
8.03887,8.22796,1.98641,1.79119,8.10099,0.697561,4.46085,3.18697,10.1213,9.39069,4.6077,1.8834,1.9783,3.08929,1.55892,1.97804,2.04158,0.794561,1.9753,2.20889,1.32735,2.80931
7.69188,5.25531,1.54016,3.15492,13.1148,11.9294,1.10621,5.55775,4.45114,5.43681,9.34093,10.8945,9.55445,5.97737,0.848366,0.364714,0.290706,0.503516,0.41048,0.248297,1.87578,3.78013
7.10047,8.86405,11.8294,13.3995,12.0214,1.41675,10.0855,5.47415,4.15858,3.53339,0.255841,2.15478,2.8854,0.986181,0.501909,1.0528,0.691865,0.497935,0.148638,0.847496,1.37202,1.89292
6.2881,1.53421,3.43951,0.800591,1.50221,7.35299,12.7409,2.9687,8.20672,7.72074,6.09832,6.08301,3.83346,1.75405,0.00693851,1.02558,2.57104,1.68314,0.102635,0.321803,0.577894,0.738916
3.35056,6.23883,11.8253,11.2716,7.56013,6.00943,0.887168,2.30051,3.05428,1.80872,0.763703,2.73629,3.35452,2.06295,0.723261,1.55604,2.26518,0.546285,0.336288,0.181591,1.58033,2.29772
2.44655,0.603351,0.961737,5.92779,11.8931,15.4821,10.5924,2.54443,2.49437,2.19049,1.67083,2.68232,1.7623,0.433742,0.362378,0.193603,0.108508,0.691274,0.668086,0.532221,0.940641,1.0143
1.15468,3.41892,9.32178,9.10416,3.8701,5.29176,4.73972,0.242356,3.36855,4.11809,2.63807,1.97032,1.60748,0.517973,0.185072,0.750639,2.26413,2.04525,1.00481,0.598612,0.266224,0.131984
0.821324,1.20077,0.197769,5.76294,7.83907,5.46511,1.22238,1.49867,1.61519,0.594407,2.84013,0.708341,0.708878,0.129823,0.057585,1.02588,1.08667,0.157521,0.169466,0.12011,0.194149,0.188589
0.317499,2.30179,6.69298,7.51026,2.23592,1.23976,0.0287679,2.82742,7.01222,6.16737,1.28266,0.0629541,0.248776,0.273208,0.651012,0.201974,1.06373,0.243319,0.397496,0.525407,0.891621,0.840791
0.193837,1.49982,1.16465,2.2438,0.201686,4.99255,3.38899,1.26867,3.17249,2.64736,0.408487,1.10523,0.308044,0.0282131,0.133622,0.18817,0.503261,0.666161,0.0526285,0.1788,0.469583,0.636012
0.121577,1.47877,3.66576,4.76786,1.49978,4.25547,3.35967,1.66754,5.23456,5.25611,1.53586,0.495286,0.885623,0.489335,0.0780498,0.0245141,0.597863,0.592862,0.239221,0.0143617,0.110929,0.157073
0.0378013,1.07252,1.12414,0.00949384,3.35764,5.93746,3.03397,2.26407,7.59056,5.47693,0.0780735,0.65833,0.0733809,0.638198,0.336295,0.467737,0.202731,0.638403,0.945465,0.836402,0.17975,0.184308
0.105517,0.810231,1.97691,2.70402,1.81424,1.08944,1.37793,1.75577,4.24209,2.31898,1.19246,1.0721,0.103939,0.07633,0.0989752,0.573936,1.08202,0.255167,0.162457,0.0516763,1.04172,1.58009
0.0599154,0.810849,0.909352,0.271757,0.815791,0.605458,0.0111117,0.384601,1.08078,0.708971,0.873543,1.26908,0.421874,0.170804,0.310876,0.807473,0.160663,1.25058,0.592891,0.140022,0.87547,1.19122
0.100126,0.465224,0.938653,0.708275,0.504468,1.51612,1.41513,1.41593,4.23072,3.06618,1.12507,1.35948,0.438228,0.292805,0.300223,0.334018,1.44624,2.2678,0.695484,0.33967,0.294391,0.331152
0.0418515,0.308575,0.358906,0.301904,1.61229,2.2894,1.25701,1.06861,3.24067,2.53001,1.3111,0.747095,0.362468,0.419738,0.302963,0.257605,1.28543,2.53921,1.45953,0.368858,0.337898,1.35127
0.172282,0.0335727,0.434298,0.320661,1.30756,0.384149,0.283078,0.218662,0.245247,0.285907,0.0186322,0.331911,0.238541,0.146943,0.430019,0.757341,1.43626,1.51919,0.664385,0.23983,0.745573,1.26115
0.095103,0.151131,0.249205,0.460514,1.241,0.823621,0.461333,1.49646,3.60473,3.35273,1.1957,0.488567,0.47703,0.33735,0.124479,0.0755006,0.446564,0.139424,0.517767,0.604472,0.200004,0.481492
0.0137741,0.0343981,0.070967,0.264944,1.20954,2.07984,1.64858,1.07303,2.15619,2.12928,0.685056,0.611293,0.595502,0.000400648,0.0120206,0.0598558,0.465039,0.609575,0.145426,0.0928822,0.107416,0.285072
0.0206412,0.0367556,0.0779634,0.0213854,0.517501,1.61067,0.935212,0.21766,1.98101,3.60418,4.27309,3.3762,0.713906,0.367533,0.17169,0.0362924,0.395908,0.470685,0.308995,0.0672318,0.561229,1.05952
0.0290351,0.101155,0.236137,0.611391,0.591035,0.485175,0.829504,0.0372644,0.680146,3.00472,0.906098,3.22788,1.01013,0.346985,1.25715,2.70392,0.70005,2.37336,1.32744,0.865177,2.04388,0.180933
0.203815,0.693634,0.00624803,1.18574,9.54922,12.5243,11.6306,8.6687,3.81626,10.9392,4.97385,3.93618,9.22726,8.30685,0.729515,3.80714,2.08595,7.9693,5.64765,1.56055,4.66589,7.43997
0.157568,1.27832,3.18626,11.7996,18.8104,3.99692,7.66222,3.326,1.56729,5.14665,11.2072,12.424,14.3309,12.5004,2.83902,2.49014,7.36534,6.76961,6.59421,7.20615,3.61192,13.9347
0.0693979,2.98365,7.97001,12.1979,14.0998,1.95012,13.9721,7.71015,7.95891,8.08415,1.07429,1.55399,5.36379,4.9037,0.0404406,0.678117,0.544802,0.139874,4.39239,5.83155,6.36697,15.2188
0.489553,2.45697,3.56936,2.33942,1.42326,5.26722,7.79131,6.2643,8.72726,12.4152,14.0201,13.4601,13.0198,11.3235,3.54161,2.05484,6.12362,5.9174,0.552888,1.67515,7.52148,15.416
1.15622,3.29029,10.1598,9.714,5.56119,17.8478,16.7948,7.96901,2.47554,1.81298,0.797125,2.84404,5.65219,5.68729,1.95283,0.764161,2.91049,5.9985,4.14539,2.01732,7.66471,14.5191
0.544578,2.44309,0.4457,15.2227,21.4724,4.61809,5.96424,1.255,9.78176,10.2199,12.4789,14.093,12.2079,9.13843,2.96304,0.0792469,1.26403,1.84412,3.46133,4.30253,8.41951,13.3361
0.486805,1.01042,7.64229,4.80461,12.9318,7.30402,11.4773,4.69729,9.38668,7.63102,2.73511,2.71948,6.2863,6.53345,1.46474,1.60413,4.79545,3.6683,1.9125,2.97625,5.84606,10.61
0.0396517,0.204951,3.99423,17.7546,28.5517,14.7631,8.18147,7.77662,3.89838,2.36142,7.40029,8.43884,5.19068,4.34602,2.06446,1.13139,0.295007,1.71833,1.54772,0.655815,3.02388,5.38383
0.149831,1.20022,1.90859,0.979198,6.87228,6.48882,19.011,10.059,5.10325,6.17064,8.32373,9.08119,9.36337,6.88841,0.80395,1.93424,2.86402,1.16635,2.21388,2.79565,0.339481,2.22146
0.0493572,1.48432,5.86734,10.4052,14.4964,11.2731,0.0234277,6.50086,9.3808,5.85023,3.65847,3.80565,0.681668,0.134195,1.07281,1.13579,0.375092,0.357837,0.694631,1.40858,0.27364,1.00126
0.0104646,2.16277,3.80624,1.78591,2.02868,5.12939,1.86382,0.950235,5.91774,0.133521,9.76901,8.30319,5.02178,3.76201,0.887838,0.431259,1.24478,0.722368,0.742845,0.578121,0.269761,0.498763
0.210474,3.05186,6.10287,1.55468,3.77486,0.648403,4.43714,1.74837,3.788,2.36063,1.65122,3.4654,3.85226,1.87075,0.0464446,0.216955,0.0705551,0.223687,0.282699,0.515267,0.0406319,0.0935915
0.0874161,2.74174,7.23806,2.99481,4.56647,0.369997,7.12058,2.84839,0.806677,0.621488,4.15366,4.63913,0.960687,0.245567,0.541397,0.00272981,1.1456,1.30608,0.381577,0.139577,0.272254,0.591914
0.266356,3.3974,5.98766,0.911385,8.8467,5.53893,1.91184,2.39401,1.07245,1.01902,0.377186,0.503433,0.532248,0.605701,0.117432,0.0238425,0.332422,0.661537,0.365124,0.0210532,0.527145,0.517948
0.416849,3.01486,7.10412,3.48584,3.1137,0.00795338,4.1076,2.09245,0.524405,0.0825853,0.0386626,0.462281,1.04232,0.478703,0.0449933,0.0349181,0.0608695,0.150983,0.211981,0.0200822,0.178843,0.0160705
0.279075,2.70482,5.49943,0.436021,4.75225,2.29791,1.06864,0.841732,0.152272,0.0427767,0.56162,0.614905,0.204959,0.00240768,0.238952,0.141849,0.519704,0.741451,0.527731,0.259117,0.0120406,0.0203602
0.705338,2.53361,4.28406,1.80015,1.52601,1.30139,0.219186,0.412065,0.157184,0.0875681,0.396549,0.0148848,0.532705,0.156891,0.00711282,0.0780493,0.186679,0.254838,0.0892384,0.135261,0.236124,0.20587
2.46755,0.674372,2.71566,1.84022,0.586451,0.185174,0.395986,0.289402,1.06242,1.18098,1.04329,0.839406,0.536112,0.371544,0.0691857,0.142469,0.282532,0.138345,0.131283,0.108054,0.0170311,0.225944
4.90215,6.24529,4.65967,0.961758,0.0579165,0.245512,0.320661,0.166496,0.748232,0.849077,1.26026,1.30255,0.464369,0.0306042,0.058179,0.19898,0.201367,0.113666,0.00321697,0.123285,0.381407,0.416635
7.16957,8.07458,3.84141,0.980926,0.528399,0.243985,0.00113707,0.073622,0.183132,0.381086,1.17416,1.56384,0.640191,0.169488,0.26143,0.210209,0.0960095,0.325018,0.0942975,0.206323,0.173724,0.645795
9.211,12.3392,8.57193,0.782821,0.367315,0.537556,0.229275,0.0368132,0.334502,0.342488,0.19035,1.16524,1.07753,0.353619,0.235064,0.237081,0.256159,0.702666,0.223276,0.0855462,0.59306,0.956829
7.95029,12.3945,9.10724,0.0663831,0.692096,0.0509164,0.0806673,0.131901,0.354176,0.261643,0.129976,0.550594,0.428647,0.132317,0.380865,0.585117,0.782405,0.614576,0.196469,0.0157106,0.321443,0.619438
2.60643,7.34698,7.29462,1.11785,0.226511,0.302543,0.0363757,0.333505,0.436518,0.136928,0.219359,0.406566,0.128243,0.393176,0.253548,0.146944,0.129243,0.383357,0.293721,0.151009,0.620942,0.651595
9.70624,6.98673,1.74554,0.168104,0.725273,0.219043,0.0367205,0.291019,1.22569,0.902014,0.577963,0.745409,0.160339,0.290833,0.0329086,0.206524,0.427784,0.320185,0.0331405,0.0704017,0.314627,0.133963
25.9937,26.4137,12.6235,0.939931,0.191634,0.105339,0.0477869,0.199171,1.1122,1.16271,0.705881,0.926145,0.80361,0.190199,0.0972728,0.122884,0.181662,0.212555,0.206161,0.0258625,0.202783,0.15798
43.9134,50.2861,30.5005,1.7257,0.132682,0.478884,0.351246,0.00556206,0.718749,0.847628,0.508415,0.520712,0.400716,0.0579848,0.0852235,0.271764,0.0572631,0.210242,0.160337,0.312087,0.705633,0.771061
59.0155,68.5224,39.8676,0.852959,1.48165,0.162708,0.0664727,0.481931,1.66119,1.35566,0.190733,0.445813,0.83103,0.382268,0.0504583,0.201824,0.302656,0.254109,0.131979,0.0739016,0.650228,1.31141
66.0231,72.0804,44.006,0.194355,4.24136,0.384681,1.54924,0.611781,0.847317,1.41911,0.678442,0.510927,0.595799,0.266536,0.148217,0.744434,0.25255,0.166995,0.373858,0.559495,0.947336,0.143811
52.2202,53.3035,68.8557,138.686,144.381,54.832,18.2975,19.1407,7.85645,8.0106,12.7445,8.58851,3.35907,4.06652,9.96454,9.11884,3.32036,2.11386,5.15031,6.19184,9.26711,10.8096
29.1772,17.0523,45.7541,77.8224,7.44213,26.8643,1.1067,5.52387,9.76848,9.30266,5.51727,5.82492,2.97742,0.116502,2.10348,0.958226,3.0046,2.33394,3.53526,3.04106,3.29988,8.11677
15.1969,60.3021,129.512,85.6197,0.146176,3.80034,5.81744,3.49904,6.58487,5.32684,1.73117,1.25422,3.72589,3.45283,0.233199,1.56149,0.58399,2.51978,3.16724,2.65341,2.72633,6.32913
4.75324,39.7415,66.8482,27.7042,2.63638,3.8252,2.72946,2.60711,6.39572,2.41318,6.86399,6.92993,2.00839,0.722093,0.702123,0.537312,0.411809,1.02132,0.26779,1.19019,1.56372,4.04564
10.3591,0.247436,14.5745,11.1725,4.49186,4.3278,0.749707,2.51093,0.18335,1.46155,1.61573,3.66102,3.99196,2.82377,0.176936,0.579639,2.05027,2.83718,1.47472,0.870244,1.53724,2.6901
7.82291,1.20373,13.7892,9.45096,4.90567,6.79559,2.41789,7.48811,9.73155,5.32264,5.26404,5.42991,0.463356,0.894375,0.289573,0.302367,0.866419,1.3217,1.855,1.62371,0.516603,0.598989
23.8391,26.875,19.0587,6.96988,16.6687,7.96509,17.8023,6.03845,10.298,8.80133,4.32539,6.01938,1.81561,0.644463,0.227326,0.724579,1.71248,1.24502,0.318553,0.646961,0.277017,0.260783
35.1117,30.4504,4.76753,3.83033,31.9799,25.1454,4.72386,0.755374,3.95487,5.83511,2.29465,0.664659,2.37566,2.71619,0.0893979,0.393206,0.720702,1.39691,0.988348,0.169384,0.121629,0.320918
50.8431,66.0469,57.2101,7.08257,29.6381,26.4502,0.110764,5.65291,8.15163,7.90653,2.55789,2.33134,1.3885,1.5054,0.949677,0.338442,1.103,0.115064,0.425245,0.254321,0.436645,0.480468
62.3412,50.9567,0.814317,15.3797,5.56822,17.0251,30.8736,14.0071,5.34373,7.86929,9.42154,6.66162,4.74164,4.67687,1.51661,0.806721,2.8248,2.14841,0.167781,0.358323,0.130611,0.11058
67.3022,82.8947,60.4082,9.51652,1.00684,2.88209,0.421599,4.20308,13.8005,11.551,1.29873,3.76155,2.21647,1.28366,1.97233,4.22819,2.64452,0.785121,0.82281,0.121362,0.382964,0.306422
76.2872,72.1289,20.3532,27.0185,16.7607,15.0707,30.4409,14.9845,6.85716,9.06132,11.9922,9.20705,4.44709,3.66241,2.33487,1.20386,4.79798,2.86828,0.0650142,0.121333,0.0996358,0.709352
79.1734,92.7358,58.4893,6.95795,25.7332,38.6998,7.95394,14.6931,21.9599,14.5564,7.0114,10.798,8.0633,6.79881,2.38244,2.60736,3.00008,0.641541,1.24868,2.25915,1.49111,0.226117
80.3579,83.5669,38.028,15.9103,19.8795,6.75834,6.39602,5.25303,4.1844,1.01652,10.2028,7.55187,0.0628058,1.0135,1.34069,2.30618,0.705071,3.12569,0.147216,2.97221,1.50409,0.713047
81.4796,86.4137,41.575,6.97537,13.3223,22.7078,7.78565,12.8427,23.2224,12.6853,15.7965,19.6316,12.4976,10.3061,6.60817,6.2034,1.62451,3.62164,1.12773,5.21435,3.0307,1.95068
84.7702,96.0895,60.2329,14.3051,8.28011,28.6786,45.6314,23.3334,17.2258,8.99005,5.25591,2.55877,6.11806,6.81735,2.47686,3.15348,10.5758,9.11459,1.16653,5.88358,4.11019,1.912
81.5746,75.3851,22.6241,25.3764,37.0397,33.074,4.74351,0.861268,13.2799,2.23851,23.5825,23.3446,11.4918,7.50768,3.3539,2.27441,2.87341,1.44303,2.1786,6.33087,5.0169,6.28932
70.3881,91.3017,74.4613,31.0661,36.1095,42.5962,26.3161,17.2232,28.0342,21.911,4.74173,4.49392,11.3145,12.1507,7.48426,7.68784,6.70815,1.04958,4.83708,6.11149,5.95939,6.43951
66.7912,54.2473,5.71181,21.8507,0.00724531,22.9013,6.89794,13.115,6.068,14.8055,28.5042,21.747,6.00759,0.930324,2.59255,2.62165,6.32993,7.99379,3.25543,2.10715,5.83432,11.5927
54.3525,75.954,72.8057,26.1945,11.3873,33.7794,40.0674,7.15917,27.18,26.2654,12.5918,10.4108,13.2201,11.7444,3.12985,1.99327,2.63226,8.29446,1.68129,4.10702,3.19147,8.32804
50.1804,36.0088,5.27369,5.809,21.117,11.0557,0.511895,5.69473,24.1182,32.6815,28.367,17.961,2.05347,4.54244,6.2081,11.3192,15.3525,11.2504,1.64337,7.60344,2.57833,13.124
33.9623,50.8841,54.3836,13.4708,35.7713,57.1385,43.0763,10.7478,16.0701,23.3754,21.1724,14.1686,10.5616,7.80755,1.30207,0.235193,2.0937,0.767831,6.10596,10.5488,0.809765,7.40391
22.4843,14.6174,7.14426,5.92118,21.2676,9.34133,2.05664,6.7594,29.6102,37.2291,23.5084,12.7799,3.65796,9.30139,4.65886,4.31352,8.10006,6.89188,7.15721,10.3241,1.18051,10.2088
4.5574,9.90101,14.7188,0.594972,24.8037,35.4015,27.143,9.05479,2.97861,8.61383,23.1952,17.045,9.77557,5.84148,3.1511,2.13379,4.14585,8.50515,11.8571,8.56867,1.51475,0.951097
8.77483,10.4367,6.56331,0.528009,6.08139,11.1978,1.62477,1.77909,21.7794,22.5341,9.61897,4.08453,6.40975,9.61311,0.187563,17.9864,31.0562,19.4624,4.69094,2.37535,1.79209,1.02541
24.9291,33.2106,29.7272,6.13432,23.6998,51.4941,49.1806,11.5629,21.1186,5.23881,22.2155,16.949,7.69933,6.81817,1.02226,15.5171,16.555,3.87419,2.35943,4.97662,1.08679,8.21753
38.4196,29.9107,1.09201,4.13996,19.1597,11.0997,5.5092,13.4461,3.50934,5.24404,6.49707,3.51036,8.21131,8.60466,2.68563,6.18015,5.80684,7.06264,8.39737,9.58753,0.289774,5.52307
50.0923,68.4816,65.6311,13.1836,32.7289,34.7079,11.0809,7.32422,22.0841,9.87367,16.2293,14.1692,5.37598,5.76138,3.48795,5.79894,2.95603,9.59022,12.9597,11.7816,0.151931,12.2318
66.4574,53.8335,2.64884,3.16201,42.7109,34.608,5.47264,10.2078,15.464,25.2598,21.4349,16.5216,15.2307,10.4439,0.698166,9.30473,22.2228,13.9307,7.60356,8.9394,3.97268,12.4771
76.7958,99.9454,87.3889,19.7081,5.19137,33.5408,53.8748,24.6906,7.55251,4.01361,1.73829,2.06059,3.45026,6.11128,8.06001,13.1401,11.8546,2.38057,5.47378,7.28731,4.42541,16.2738
87.6876,71.7849,6.08624,26.7131,6.04001,25.1084,9.57821,12.1859,22.5477,32.5581,31.1079,20.181,12.7833,8.62207,1.80517,0.903798,2.44059,6.05772,3.45057,0.370288,7.50911,14.5747
89.5318,114.285,89.6752,27.9375,23.3654,18.183,2.77016,2.26366,7.20342,0.969784,7.78222,2.21601,3.16674,5.81696,9.06574,8.22314,5.92696,13.0978,8.29788,6.51109,10.0604,14.3397
101.871,92.1766,22.427,37.5006,50.0881,39.4445,5.23922,18.9751,11.6011,18.065,29.5997,24.9304,12.3589,6.97407,3.94133,1.72471,6.59632,10.3684,10.7298,11.2109,10.8648,14.4942
101.195,118.75,76.7234,21.9243,23.6723,23.0636,54.3042,28.6547,17.1949,2.75386,12.7147,6.70935,0.316255,1.70802,3.78296,2.08284,4.95679,5.26826,5.12183,9.58196,8.43054,8.63957
99.4519,101.029,43.5176,24.5842,45.3728,40.5695,3.99729,11.4647,10.066,1.24942,24.9527,27.3958,12.534,7.26375,5.68211,8.21383,0.792005,10.7355,2.44221,3.74571,4.65219,8.55355
97.7213,105.918,54.1808,1.55493,10.3993,12.9825,5.77354,6.49198,8.95888,2.34293,11.6192,6.42634,2.51458,1.79376,0.708477,10.3302,23.3215,17.5629,6.41691,2.36923,1.78481,2.18794
100.249,111.386,66.908,1.56081,10.2844,27.7843,3.41434,19.1717,27.1962,21.433,14.0916,25.2468,12.9376,8.67718,4.97572,4.76657,11.8908,4.69701,3.65521,4.56665,0.066096,5.31087
100.459,94.7573,33.5838,21.4313,7.30888,36.5201,51.9504,21.8932,10.8889,12.3325,7.91243,5.64288,3.86322,2.94036,6.1347,5.84802,5.12293,8.59111,2.12706,7.238,3.28269,2.21417
88.8797,107.472,79.8425,27.3656,35.8153,35.7254,4.75439,2.69782,18.1603,19.4346,9.99775,22.4669,14.9987,11.0822,2.68248,8.38199,4.62314,6.93367,1.85891,3.84591,1.65994,0.579337
79.6623,67.2082,11.5773,25.7646,29.5461,31.4305,13.7557,11.1034,23.9851,13.7531,1.67728,0.935202,2.97237,4.04904,8.6954,19.081,21.2678,9.99574,2.4328,0.578032,1.50748,3.54386
68.1963,87.5624,73.5209,32.351,7.6052,19.921,8.26397,16.9219,15.4764,7.48863,14.0141,19.207,13.0301,8.53847,1.2963,3.91174,11.5886,7.92322,0.594075,2.89789,0.568049,1.79171
58.2148,45.2328,1.17357,11.6506,13.0397,49.2683,49.0408,13.9015,3.66975,6.67736,11.6266,3.23052,0.406892,1.59597,6.12755,11.3802,13.1943,8.54454,0.572527,3.97385,1.37641,0.0922439
48.6564,63.4689,58.6316,20.2451,15.013,26.9436,5.2759,3.33107,26.5623,26.417,20.8357,18.1049,14.0232,9.92369,0.385582,2.12794,5.96325,0.0753612,0.0784209,1.24427,0.547951,0.0646295
36.8108,26.7933,3.34617,0.843726,24.51,19.2413,6.36435,7.04496,22.376,26.4783,14.9181,5.48997,0.731512,2.12976,4.26511,1.24858,0.968809,0.537848,0.574814,0.472094,2.18927,3.74253
25.507,35.6932,36.9385,3.89271,14.4671,7.24772,5.74679,7.87908,2.79336,13.6764,17.3403,12.4414,10.6976,7.93196,2.02286,4.50026,4.25447,4.57563,0.831402,0.921667,1.62616,2.62496
13.7923,6.83257,6.37931,5.43539,40.0737,57.2113,42.2844,5.1384,22.01,17.7567,8.42271,6.76995,3.2574,1.09681,0.208321,0.359849,1.56548,1.36222,0.399193,0.331495,1.53596,3.87462
5.25309,7.12571,9.38927,4.29437,10.1211,8.1023,2.07683,1.82486,23.9554,12.8814,5.90766,6.13116,8.27303,6.77531,2.13149,4.34053,2.313,1.65111,0.221282,1.38667,2.47651,3.03339
5.94997,8.15472,6.59358,2.79462,11.8641,12.7524,8.43426,0.258167,12.5234,12.8107,0.314178,4.78119,2.7614,1.15789,0.718994,1.18693,1.34434,1.13165,0.347414,0.875211,1.45644,3.10693
18.5656,20.4125,15.224,6.47567,8.32374,14.336,7.18872,0.277742,9.25989,11.3522,5.04837,0.508557,4.82315,4.571,1.01488,1.52459,0.802047,0.555265,0.0504731,0.184953,0.921967,1.72615
21.8667,21.6413,8.11107,0.427096,15.4374,27.3767,20.0706,2.18367,20.7182,15.5107,0.339898,2.0873,0.811565,0.421157,1.20274,2.29858,1.61771,0.518031,0.914352,1.41999,0.0300949,1.48828
33.4997,40.8706,33.7839,7.30205,0.94328,15.3464,11.951,5.55066,14.8355,7.15728,6.06274,4.26072,1.79032,2.31598,0.257788,1.09232,0.627803,0.0698842,1.09158,1.90927,0.173194,0.419117
38.0639,34.1602,9.80903,1.4998,20.4152,21.9103,8.04757,1.3097,2.39484,3.4132,2.74391,0.427253,0.845165,0.642156,0.663675,0.0067094,2.18254,1.98373,0.19952,1.401,0.669063,0.473999
42.505,51.3136,40.1419,6.74957,7.91453,3.5759,2.04386,1.37289,9.59834,7.84487,3.62845,5.20642,0.0472351,0.833737,0.190517,0.879419,0.262066,1.28959,0.329109,0.162023,0.343074,0.99847
48.5089,43.3688,13.3065,0.737043,11.83,4.39319,0.205387,4.72706,11.2877,10.3688,3.81894,0.854509,0.435553,0.604951,0.196715,0.198895,0.620797,0.0755071,0.813336,0.935402,0.0224251,0.51778
48.3563,56.2207,40.2298,6.16648,6.72704,9.7052,8.44758,4.42621,0.695513,0.734663,3.3443,5.49932,1.31606,0.225482,0.796233,2.94178,2.09137,0.43514,0.305309,1.00266,0.605035,1.63304
51.1991,47.7625,17.6968,0.664205,5.97993,2.71734,4.30588,2.06515,7.09924,6.8842,2.28738,1.33568,0.115249,0.7151,0.14876,1.91543,4.59086,3.31303,0.0766811,1.01855,0.363198,1.16729
17.559,29.0667,35.0305,81.2712,98.9115,16.1134,31.6968,30.5628,21.5556,11.0821,6.3569,1.18739,6.38282,6.43758,6.38491,4.60478,1.26725,0.0188831,2.41174,4.65874,1.83792,2.3828
5.17672,4.82459,4.12758,30.3237,66.3527,46.1111,7.16779,1.21108,18.2197,18.5497,13.187,6.62402,5.80731,5.79455,1.12054,5.28215,9.00992,6.68559,2.455,0.872048,2.48092,5.44881
3.58354,4.47895,32.0993,14.3312,17.1782,5.84178,21.6216,8.15629,9.34134,8.87418,3.53371,3.56413,3.2657,2.03668,0.131352,1.19225,2.38437,1.41915,0.877478,0.720282,1.9965,4.83177
1.07588,5.16843,26.73,33.187,14.4069,0.136443,10.8359,7.9773,0.976853,0.390189,9.97211,8.30005,6.87307,8.26119,1.30253,0.808076,0.198514,2.48978,3.24997,3.04936,1.92571,5.67206
15.9538,25.1554,18.4365,0.941613,6.14054,6.39852,1.81903,5.5775,9.91687,9.71099,4.92881,2.68489,1.00872,0.368076,0.0200503,1.27975,3.72792,3.97616,3.63438,3.32468,2.85973,7.56794
5.38759,4.15622,8.44524,21.3367,19.8812,4.22982,0.421943,1.99902,11.4833,6.46822,9.80222,8.88977,6.19876,8.2187,0.975014,0.720897,0.22293,0.477056,0.790208,1.06967,3.11352,6.52819
4.12761,0.921007,1.08038,7.49653,3.98641,17.0332,16.8784,7.18353,1.70482,0.26171,4.25197,3.26632,0.436797,0.931248,0.250054,1.04293,3.76083,3.20875,2.10114,2.20334,4.14018,6.34942
3.21151,6.76972,13.9956,15.3282,5.43229,0.655064,9.82658,12.895,10.0637,4.12984,8.3571,6.60245,6.85602,8.17653,0.922546,3.10345,2.58843,0.526659,2.57239,2.67392,3.18427,4.08789
5.24029,1.33769,9.04305,2.35912,4.49233,3.09511,9.40953,8.1869,11.1647,7.12809,4.94578,3.70715,3.66972,3.38751,0.167693,1.93313,2.1971,0.165879,0.233584,0.506941,1.35147,1.77134
2.87286,5.01138,6.93461,0.566879,4.22522,4.31058,8.68583,5.82335,6.76101,5.86765,6.36245,5.06756,2.04695,3.4287,0.30822,0.0801789,0.933445,0.763327,0.440631,0.643773,0.150942,1.27527
1.68446,0.442099,4.1147,0.682049,13.8304,17.276,7.82513,1.26287,1.88667,0.278305,6.11167,4.10822,2.72757,2.76258,0.306112,1.46894,1.05214,0.177217,0.507338,0.817736,0.18854,0.116142
0.807835,2.077,2.24413,6.83059,9.11177,3.16829,3.05332,5.46987,8.96878,7.62525,3.95751,3.04328,1.13929,0.310627,0.0116489,1.05841,1.97469,0.70056,0.0672986,0.10904,0.265153,0.854954
0.380702,0.174438,3.55947,1.13711,11.5068,17.2226,10.752,5.10106,5.20617,4.24188,2.99453,2.12326,0.36203,0.299194,0.567499,0.755961,2.11225,1.33172,0.162531,0.0242013,0.0207316,0.287982
0.371041,0.306543,2.06608,9.92171,10.0885,3.06975,2.87873,3.18379,0.180128,2.11996,1.90915,1.32329,1.21349,0.52473,0.0774973,0.205604,0.0831303,0.270337,0.258718,0.3799,0.0899971,0.029049
0.00983581,0.193512,2.90483,3.2385,1.03432,1.48588,1.61006,1.95461,0.689355,1.06171,0.43785,0.680305,0.711022,0.626706,0.297088,0.204974,0.540056,0.182484,0.098569,0.0441429,0.760903,1.55246
0.0171757,0.0364233,2.65275,6.33681,6.26251,6.5582,5.25815,1.84578,1.94313,1.95749,0.973344,0.801131,0.825716,0.676784,0.600317,0.907955,0.326884,0.357124,0.177759,0.27949,0.414452,1.23871
0.32821,0.148244,0.986282,2.54169,3.75708,5.49195,2.7316,1.49739,3.16039,1.60717,0.716924,0.186183,0.503889,0.378546,0.0261154,0.191604,0.652701,0.52253,0.383471,0.278372,0.492285,1.09301
0.0588537,0.0286909,1.79481,3.55756,3.7358,5.37193,4.39384,0.899682,0.681612,1.0315,0.248868,0.762203,0.359702,0.0393597,0.0305714,0.146218,0.325535,0.579709,0.205055,0.0779261,0.380027,1.08323
0.162791,0.236171,0.272754,0.868111,0.767336,0.970193,0.0682397,0.757436,3.43276,1.74461,0.830368,0.369534,0.318172,0.28496,0.419902,0.911863,0.163378,0.541703,0.212796,0.0440565,0.365647,0.470329
0.0811333,0.0640272,0.540673,2.20171,2.01556,0.346856,0.582091,1.34511,5.19746,4.49906,0.174756,0.838318,0.196181,0.0325313,0.497356,0.572392,0.0904003,0.0584541,0.285975,0.299504,0.0790082,0.693954
0.155214,0.373397,0.638085,0.114695,3.17574,4.64972,1.70071,0.774768,1.55487,1.66948,0.818411,0.233311,0.0790312,0.0246997,0.000293431,0.176318,0.0648316,0.452898,0.260855,0.164496,0.117644,0.173035
0.151791,0.432861,0.441618,1.54432,1.78861,2.24382,3.34855,0.32401,3.72838,2.68513,0.82678,1.31446,0.368296,0.0977594,0.389255,0.311614,0.478693,0.560311,0.160163,0.0195653,0.154741,0.475571
0.203091,0.399964,0.639778,0.519052,3.54884,4.53882,1.37116,0.956785,5.00174,4.40653,0.480252,0.255727,0.244317,0.238732,0.294272,1.10621,1.12154,0.446572,0.0515845,0.0446082,0.122021,0.13805
0.076398,0.055873,0.118548,0.857403,1.24242,0.218972,0.185896,1.05775,1.58107,1.02687,0.866982,1.01146,0.377819,0.199452,0.0251071,0.291333,0.0786592,0.375579,0.0975624,0.0412259,0.142198,0.473275
0.0231426,0.0872102,0.216672,0.0305271,0.00473576,0.0838358,1.32179,0.877619,2.13034,2.10817,0.276863,0.596091,0.393638,0.576929,0.198224,1.03553,0.99483,0.353147,0.14949,0.436773,0.671817,0.535444
0.0631804,0.122282,0.0262857,0.250662,0.339553,1.50534,2.9801,0.219005,3.4183,2.25352,0.140021,0.32752,0.155113,0.0646636,0.325294,0.261008,0.336833,0.453113,0.438622,0.285825,0.38252,0.480638
0.0358689,0.0298919,0.0568497,0.354634,1.31279,1.47524,0.16428,0.360243,1.84969,1.33002,0.556643,0.380889,0.27815,0.338385,0.198837,0.829499,1.33117,0.806925,0.15473,0.149271,0.296631,0.406046
7.90153e-05,0.000572474,0.124856,0.23081,1.0714,1.24986,1.17929,0.470584,0.612106,0.103111,0.331115,0.0997436,0.180611,0.42719,0.64055,0.184777,0.0876436,0.452799,0.199378,0.0340773,0.143265,0.433822
0.540653,0.0526335,1.15191,3.05388,0.517196,7.65597,7.54315,0.434459,5.81745,10.0563,9.53246,2.81135,7.16745,1.15989,3.09303,1.51825,3.39543,2.27242,1.56899,2.99254,2.35818,3.18642
1.21812,1.7528,4.68521,1.12215,5.13806,3.22857,15.3968,15.5444,11.1268,4.80991,13.3938,11.2513,12.9991,16.6635,4.03234,0.189524,2.94386,4.86365,4.96849,4.2551,7.15838,11.2475
0.737534,2.123,8.0189,4.33505,7.88616,5.45561,6.41311,6.3932,1.02731,0.0527061,3.38726,4.34789,0.955176,2.91792,0.34018,0.732886,5.80898,7.22843,4.97643,4.18158,7.49484,11.1033
0.282725,1.76408,4.92736,3.27326,13.5801,5.98965,1.69064,6.56587,9.49413,3.25616,12.6918,9.33985,12.3959,15.1509,4.33121,1.95041,0.280024,1.83148,0.932959,0.374736,5.31375,9.20762
0.194256,0.81475,0.0357775,11.4057,24.0239,25.9439,23.565,15.9556,10.9128,7.87732,4.76357,3.72725,0.858154,2.19648,0.156532,0.33478,1.97662,3.85565,3.87516,3.09562,3.85928,9.84891
0.001472,0.657723,3.57669,1.41007,10.5175,13.7655,16.6727,12.8434,2.98615,5.00891,12.6991,7.09201,12.1293,13.2859,2.49069,0.353672,3.72623,5.22229,4.30535,4.08434,2.38034,6.11181
0.187013,1.10873,7.34161,16.5251,14.457,5.88887,7.67094,3.5296,8.72517,9.52292,6.104,4.73701,2.60405,0.892376,0.156202,1.53946,3.28898,1.96731,1.55084,1.58977,2.83011,6.36292
0.383792,1.93843,0.554209,8.94296,2.23148,8.75029,4.43015,4.38797,10.4116,10.5566,11.7185,6.15243,10.648,11.6651,1.94096,2.82272,5.77059,4.29309,1.7586,1.21226,2.5404,4.05596
0.154042,2.6395,10.5861,11.3918,3.63665,18.4123,19.4966,10.652,4.09189,0.0763423,2.51056,3.44901,6.15222,4.17508,0.0345906,0.0788839,1.60145,2.25963,2.27092,2.15118,2.92346,3.62844
0.289152,2.98064,3.35212,10.1238,16.0801,8.42653,9.89988,6.53218,2.58822,3.87192,8.42321,7.36704,3.34009,5.99404,1.71022,1.35509,2.75205,1.78052,0.124078,0.666892,2.27912,3.40113
0.27139,3.69189,10.9426,1.22285,15.7403,13.313,7.33778,0.754081,8.68686,7.53278,3.76546,1.02856,3.11344,2.78111,0.33839,0.331966,0.357717,1.01699,0.339546,0.305043,1.70251,2.52322
0.128338,3.86744,7.69967,3.61732,17.9876,15.4281,7.32173,0.681958,7.4724,3.94442,3.2589,3.49815,0.250616,1.37662,0.584563,0.366239,0.0541595,0.145272,0.0118751,0.0435875,0.734616,1.26578
0.110037,3.65479,8.49529,2.28211,13.0323,3.77279,1.84316,1.27911,3.62408,0.599613,3.91909,2.81645,0.356872,0.591069,0.305256,0.20371,0.50406,0.715,0.456493,0.389248,0.646681,0.970393
0.418236,3.37947,7.44221,1.90904,13.8915,11.4156,3.87792,0.20878,0.0669358,0.77805,0.36021,0.339151,0.0247238,0.341102,0.150442,0.0867105,0.144505,0.0567828,0.171996,0.224601,0.167972,0.511865
1.85636,7.61876,41.1149,8.42392,76.0315,37.4528,31.7455,28.7867,8.89985,2.2001,8.92206,10.0381,3.83408,6.32971,4.55044,6.80623,1.08155,4.61038,5.98372,1.69967,3.26568,2.68585
5.01636,2.24701,60.2534,200.718,203.221,62.4853,5.89495,5.7577,5.95631,1.59378,2.62882,16.3937,14.513,0.0362926,1.38696,5.67469,4.00813,2.0397,4.83306,1.68535,0.637619,2.97472
1.47084,23.4044,110.205,131.065,36.7794,7.45872,4.46666,6.5382,0.0332864,0.895991,1.50172,1.12119,0.154243,0.503785,0.417053,0.510829,0.053459,0.62272,0.113152,0.653309,0.860194,0.881692
0.8939,40.7794,71.8217,23.8438,8.96141,4.18038,3.74784,0.481665,0.13793,0.532856,0.0571705,0.344155,0.199993,0.271737,0.508042,0.61104,0.0941347,0.69658,0.600027,0.0916716,0.154171,0.0631078
13.7263,37.061,40.7631,2.92432,9.70562,2.50816,0.287501,0.178097,0.237272,0.161911,0.130533,0.129475,0.12902,0.284168,0.0900382,0.249928,0.255807,0.0491006,0.0821355,0.013082,0.0430654,0.148598
14.066,14.5596,6.3644,0.404246,0.913675,0.301462,0.385545,0.0896168,0.237104,0.398674,0.470059,0.437599,0.0436387,0.0944207,0.0654264,0.203421,0.22712,0.0836245,0.00736068,0.0330541,0.0601785,0.0338745
8.87875,7.55727,3.23604,0.437665,0.639687,1.48332,0.741135,0.225166,0.0824781,0.06493,0.0154359,0.0503715,0.124111,0.117737,0.0269432,0.0448916,0.0482201,0.0230155,0.0481632,0.0843885,0.107875,0.164332
7.97842,5.01871,4.08119,6.72184,1.24902,0.540517,0.532078,0.268431,0.242305,0.30803,0.338535,0.250907,0.03552,0.148678,0.0403755,0.194034,0.298293,0.133468,0.0487573,0.0183477,0.0454284,0.0961942
6.45456,5.1409,0.387547,3.57203,0.914651,0.163214,0.379084,0.142635,0.189014,0.152699,0.0776436,0.180871,0.0977205,0.0134008,0.0279769,0.149486,0.224594,0.0937986,0.0420279,0.0112158,0.240306,0.446183
3.53007,3.62111,3.86789,2.72708,0.662216,0.0436226,0.0205934,0.0202463,0.0711776,0.0842424,0.187851,0.225686,0.263245,0.271323,0.133218,0.00863971,0.0210278,0.152626,0.246699,0.195769,0.095537,0.415774
1.29836,0.936753,0.176942,0.0516216,0.0304714,0.0587308,0.179296,0.00207648,0.346419,0.161567,0.241984,0.171684,0.0244736,0.0325099,0.0113875,0.0219681,0.107871,0.118133,0.0174271,0.0452662,0.306199,0.54692
0.214061,0.411815,0.241851,0.0182678,0.313395,0.221227,0.179363,0.141961,0.250066,0.201681,0.236503,0.378118,0.343639,0.211898,0.00463243,0.0914817,0.165926,0.0773216,0.107901,0.145609,0.342383,0.56281
0.301716,0.0903548,0.0797572,0.0539955,0.0758247,0.229151,0.376795,0.24917,0.250818,0.150983,0.102537,0.0989689,0.135818,0.127435,0.106031,0.278851,0.1562,0.114302,0.141858,0.0553197,0.193047,0.344462
0.0637046,0.0417389,0.013005,0.0131075,0.0842635,0.13782,0.00947593,0.311395,0.745508,0.545695,0.0332319,0.172613,0.247798,0.201496,0.00839471,0.00948279,0.10335,0.167574,0.118542,0.124683,0.0983692,0.108888
3.50848,5.91331,25.5582,21.0732,48.3357,23.3335,33.9629,6.73245,9.03924,1.54114,2.35854,1.18508,0.213159,2.58676,4.3907,3.91613,2.87478,3.61364,0.0625561,1.4585,0.505787,0.999022
0.675278,4.53645,43.7186,133.604,154.232,89.9141,10.3625,5.90441,16.0514,18.2233,12.9266,8.72483,2.03876,6.55406,5.83486,4.63068,6.45265,2.10933,3.58413,6.03035,5.26063,2.86987
1.77674,21.4031,86.8607,118.53,49.9365,2.58638,10.5836,1.73431,10.9586,8.13294,3.29258,5.26647,1.56765,1.60485,0.361789,0.198056,1.44439,1.80938,0.564179,0.111728,0.245853,0.346394
1.46268,44.145,86.8677,39.5334,0.722965,8.03206,4.95988,2.75873,7.08903,4.47759,3.08502,7.43732,1.60773,6.83995,5.17646,1.53866,2.31927,1.77972,0.0869294,0.162341,0.0203082,0.215264
6.11517,27.2707,35.3118,3.90277,8.17056,5.82223,9.42823,4.71412,1.43026,2.23599,1.75886,5.77582,0.233111,8.75387,5.7376,0.849894,1.90218,2.15839,0.270308,1.12166,1.80663,2.27332
10.0916,6.49946,6.90848,13.1468,2.77155,5.30957,3.10238,3.56128,8.06583,5.72721,3.7097,6.52533,0.530667,7.83984,4.7725,0.241041,0.334387,0.741482,0.290086,0.468288,0.292875,0.487272
14.8285,11.4467,3.34255,14.6221,11.721,1.50726,8.93384,12.114,10.3255,4.09337,3.53384,6.14322,0.926497,7.19771,4.19666,0.00865155,2.53949,2.75141,0.826793,0.352697,0.754327,0.0296094
24.9546,33.6176,13.9841,10.1719,3.3987,8.66686,15.4064,18.1663,0.691789,5.20769,4.80257,7.68027,3.87664,1.49054,2.22914,1.01638,0.733314,0.0398659,0.646238,0.297133,0.0809559,0.87137
12.2269,19.898,10.9967,6.47611,5.21807,10.5664,6.47459,5.79929,1.77363,0.903226,2.38124,7.70198,7.39756,2.9062,0.469908,0.234244,1.87693,2.93537,0.679008,0.030408,0.838471,0.662111
14.2982,26.5685,22.679,11.0363,18.3615,8.79166,1.93658,4.92251,3.60603,5.23803,0.904905,3.64129,1.62888,1.84698,0.388868,2.24178,1.76315,4.51792,2.76262,0.566395,0.803485,0.767609
20.9259,44.2554,48.1435,9.16508,21.017,24.4361,4.3308,26.9937,19.5383,6.83255,0.0108399,3.14389,5.71129,9.68292,8.12141,2.13638,2.62119,4.49421,1.63916,1.96567,3.45945,0.988605
2.46761,6.96423,4.66378,7.77928,12.3173,14.815,28.9305,26.1089,2.79278,2.41232,0.521868,7.11911,7.87615,2.33801,8.51869,3.60338,2.20839,4.00619,1.53661,3.32296,4.55079,0.291703
25.22,55.4076,56.3192,9.39835,8.01328,4.73666,3.78414,3.24975,3.17425,3.95512,2.94044,7.11819,1.05184,8.74749,3.47568,2.62115,2.46787,1.86372,0.234991,1.51773,4.92373,3.50012
11.6058,25.5906,29.897,24.515,28.1549,20.5914,22.9181,20.9645,0.452241,6.52837,0.173887,1.60443,6.95499,17.9407,14.1691,2.92593,0.253995,1.92291,1.22121,0.384246,0.892819,1.00474
28.18,48.9223,29.7038,3.36897,24.2401,27.4888,11.7269,25.9431,6.75894,1.54712,0.465703,1.98569,2.52475,6.50047,13.1979,5.12776,5.87227,8.6694,3.38038,1.13483,4.18496,5.02976
30.1184,58.7561,39.1744,25.543,33.133,16.1381,6.0686,5.85359,9.18641,6.63453,2.85818,8.89574,1.2445,12.7283,4.34356,3.54308,8.24012,11.6387,4.64805,5.11308,7.87869,1.56722
7.66897,12.3517,16.6604,8.82197,0.244238,4.6257,5.77259,20.4009,11.3385,2.75833,3.944,8.69637,2.44596,18.7371,16.2715,3.97493,8.16816,11.754,3.1632,8.82479,13.0597,4.45409
43.6472,83.2154,70.0555,4.28079,17.9012,17.065,33.889,32.8758,14.9623,4.68154,4.15666,7.97501,7.14184,13.3894,16.0968,5.19671,3.73515,5.81843,1.89566,3.56421,6.56255,1.43757
23.7558,40.9112,16.817,16.0192,12.4944,15.9125,4.15644,0.808959,11.0719,9.54286,1.69778,7.82574,18.3282,23.0385,6.5772,4.10495,4.57681,5.85125,1.1493,1.59185,1.39226,2.93769
32.985,68.0231,83.5622,54.592,36.4589,0.757885,35.7977,29.5835,5.37729,0.741505,1.58403,1.2375,7.12466,20.9396,18.995,4.18513,10.4129,15.3865,7.03027,0.621829,3.81928,4.92658
47.4526,89.4505,95.5634,25.3974,15.5181,11.7581,18.4355,24.332,2.32754,10.4037,0.971953,8.05187,12.88,17.5824,14.3747,5.80658,12.5724,16.3694,4.72205,5.67237,9.17382,2.29709
2.98223,9.80592,9.92885,3.16289,13.1582,18.3148,15.2303,2.94979,9.05195,9.07002,6.56094,11.2826,20.5211,24.325,8.0797,2.8336,5.2038,8.82176,2.17101,6.71005,9.60304,3.59564
52.0573,98.0866,102.75,34.2988,4.80656,6.41442,11.6941,26.6811,2.61305,7.96447,6.15133,10.0608,9.59573,18.6786,19.7956,4.73208,3.61676,4.47738,2.60663,3.02028,5.33038,7.19733
25.3545,54.1586,73.1604,52.0855,32.8765,12.1625,16.5253,28.3258,18.6614,9.8913,0.726167,6.50943,4.0117,13.1915,8.91027,3.67427,11.2646,15.757,3.52342,7.16933,3.76448,4.31344
29.9365,62.8785,37.6379,18.1419,13.4252,33.3165,11.093,5.35288,6.70629,4.86301,4.04214,4.20884,4.08025,15.119,7.07313,0.0566433,13.1089,19.0889,6.23875,0.114932,6.88186,7.02691
56.9129,96.3631,68.907,22.3008,35.0938,23.0052,34.6444,38.246,19.7454,7.52207,0.449602,1.16166,0.335337,15.3205,19.6289,7.14128,8.76695,11.1417,4.82213,1.16891,0.705548,5.72623
2.39319,1.85274,7.10783,0.917702,10.6508,7.03423,31.699,22.219,4.3721,7.93744,3.49589,7.13384,5.29134,4.41668,2.29319,2.57316,5.34809,5.69996,2.5365,5.0208,14.354,11.4975
52.6417,94.8767,70.3212,10.2841,12.4763,13.6149,27.9003,19.8713,4.30812,1.43775,3.89068,13.5587,12.3922,0.91312,3.71608,3.38784,13.0513,16.3466,6.15507,12.1774,13.8529,0.0173721
26.6683,53.9725,26.9553,26.4086,1.63201,0.354918,38.9155,34.5295,2.62868,10.8764,4.27154,15.0856,8.75852,12.8432,15.5244,5.83072,13.8674,17.6816,5.51521,9.5508,19.2351,14.7271
32.7926,65.536,82.1124,54.5228,25.5407,13.0167,19.5689,3.29755,9.88776,4.63717,5.46914,13.2781,1.4035,16.2712,10.1454,1.26654,1.57762,2.04025,0.103229,2.80594,6.20984,0.619427
49.3768,98.1919,101.788,22.4869,17.726,20.4785,28.4542,25.8465,2.73241,9.14105,4.4107,7.39348,1.10188,4.60413,0.771884,2.23838,9.91651,12.7465,4.08814,6.51954,15.3943,8.41348
0.53659,0.95116,6.47389,2.71652,20.6419,32.8134,3.33514,26.8696,22.0926,7.02979,2.22531,1.17254,8.41749,18.4221,8.36545,1.33634,11.0281,14.8262,3.70929,12.6451,17.5064,3.22196
44.7787,91.7654,100.438,39.2243,13.5523,10.207,2.86594,6.2418,6.78231,2.23463,5.7467,11.0067,6.33712,30.5204,21.9813,2.77049,4.17934,6.9467,2.3241,7.15481,11.1009,2.60166
31.7428,62.0634,79.2904,47.3523,23.571,18.9008,7.9219,33.0566,20.2824,7.90552,1.38917,11.5596,4.74712,5.98712,0.670125,3.48077,0.769701,1.01916,1.13257,2.23245,1.80281,5.57393
31.1745,53.3806,29.2739,16.0722,5.68435,28.3905,35.8803,20.2442,12.4749,13.5028,5.65965,12.7649,16.3691,8.29941,3.22166,2.26145,7.09016,8.5239,3.02104,2.81102,7.21769,5.08763
50.5506,94.4811,79.724,6.60881,25.8497,5.93181,5.81468,10.4138,4.83309,6.25861,4.87317,9.27421,12.925,26.0583,23.9823,8.04597,12.3037,15.9634,6.65343,2.50175,4.84472,7.52554
9.83566,14.9486,17.8954,21.1126,24.4805,4.94072,47.7438,43.0894,8.61245,4.40187,0.838238,4.12673,7.59816,14.1775,5.67836,2.61081,6.1874,8.94626,1.07746,0.632497,10.1456,13.0335
46.3668,86.8411,62.5453,7.58088,5.28797,14.7554,12.8559,16.7566,12.1178,6.94745,0.969679,2.70369,2.71951,18.5307,19.3454,4.31459,3.27148,2.95924,2.3376,11.9253,12.2678,0.780351
37.838,64.8903,36.9503,25.4194,19.214,18.4083,37.5968,31.3294,11.7003,3.49203,4.44548,6.0962,0.820765,2.53376,11.3879,6.8091,9.36585,12.1935,2.58863,13.2152,22.7714,15.2811
21.4854,44.6259,55.8679,35.9747,18.0453,4.88261,22.8497,36.0647,15.7147,3.26673,6.49016,12.3842,15.3339,13.3783,2.53301,1.47496,8.75233,11.2973,3.31457,4.12787,7.74766,0.574516
46.0373,91.2611,88.5434,10.1032,24.7603,21.5249,7.20704,3.49425,9.0439,8.01756,3.32334,12.3789,18.5882,30.7443,24.8485,5.02316,0.710608,1.72144,0.425234,3.14801,8.77918,4.59627
13.9154,17.8869,2.76658,4.70226,23.1131,20.9639,22.1821,32.6432,3.70188,4.25125,4.52229,12.8092,11.7765,6.88773,1.15561,6.71649,7.44198,5.75682,0.451027,9.62459,13.1487,4.07833
41.3738,81.3824,91.6111,50.3512,31.6901,13.6428,16.4582,23.6343,7.67816,0.560654,4.46241,6.40153,3.01669,3.35922,4.09301,1.47651,5.75693,7.02468,3.66946,5.51828,5.37126,0.487317
40.059,72.3394,82.2317,32.4606,3.85156,2.97489,6.00361,13.2587,1.3352,6.11575,0.695505,2.46333,0.0673735,10.5322,12.2479,3.71576,2.44873,2.8421,0.572602,3.61954,1.60248,4.03916
16.789,30.6277,17.8114,15.4735,14.8604,2.26716,29.8632,36.1149,14.4208,2.60204,1.87936,0.433245,0.663762,9.21945,10.993,3.60197,0.187866,0.0609462,0.886617,5.26993,10.3967,5.70319
48.8001,88.1825,80.3926,14.3338,0.524189,8.85123,11.4889,2.94485,4.33852,2.95481,0.418633,5.50484,13.6184,13.7844,5.85519,0.215453,3.5778,4.98448,2.73046,0.276369,1.36924,1.20868
15.5883,30.969,39.8462,30.5377,25.1663,4.27473,31.8105,34.1447,9.49933,2.17905,3.61481,4.02945,5.93881,7.33103,4.58279,0.29145,1.85332,2.01368,0.587629,1.19807,2.37775,1.19649
31.1471,60.3478,39.3178,6.10623,15.1315,23.3632,22.5096,17.8248,0.764217,5.0395,0.311104,3.47746,2.5667,11.939,8.92824,1.69079,1.36206,1.51346,1.20741,3.89314,4.7846,1.73627
36.3084,66.7425,47.9317,21.7099,32.4557,20.1007,26.4349,22.3137,1.40381,7.6151,3.97424,1.83491,5.62848,7.7544,2.26297,0.911591,3.04451,3.94563,2.29033,0.343478,1.3956,0.964958
4.18035,12.0163,13.8521,3.87378,19.218,5.41379,24.6261,25.4575,7.20029,0.922096,0.116361,1.43411,4.36264,5.044,0.785481,1.19277,0.216952,0.724182,0.199895,0.0961635,0.235956,0.099454
40.2972,73.565,55.5318,1.7135,11.3394,8.26737,11.0244,6.64686,5.63147,5.85249,1.49176,1.39385,7.07137,9.2696,3.6611,0.71921,0.185475,0.623034,0.424881,0.236532,0.13154,1.08563
23.7075,39.7129,21.2592,23.4399,22.1802,9.07873,17.3353,24.8759,15.9741,4.679,1.83085,5.33496,4.16972,3.59597,4.00402,1.28948,1.66715,1.41359,1.36392,1.44897,0.791934,0.580094
24.5747,45.5694,52.3232,22.8493,3.16397,0.824316,1.45731,4.87245,10.3581,5.64297,0.561976,0.403483,0.974989,0.403566,4.07452,4.28155,3.91337,3.59075,1.06946,0.49188,0.587701,0.382796
40.7034,72.5028,67.4691,15.9393,1.73849,0.600854,8.1311,9.38882,0.0220818,1.33266,0.535848,0.415137,1.52241,3.4372,1.78704,0.328037,0.134114,0.538885,0.749634,1.09661,2.72991,3.61328
9.22128,14.0778,7.10549,2.67197,2.14431,0.548661,7.79015,7.48674,2.36601,6.569,3.18541,2.02064,4.85227,3.53438,1.22863,0.546593,4.27487,5.69323,2.87558,0.867437,1.45277,1.08744
30.9662,57.4526,57.6688,17.1229,3.19099,1.36559,4.05456,5.26857,0.118455,1.24181,0.768617,1.23806,2.6376,0.876359,3.62528,4.64572,3.17298,1.09853,0.1072,0.311041,0.303221,1.8302
32.8126,53.7073,63.5447,14.497,12.8193,12.9499,3.70168,17.5912,10.0392,4.65136,10.5213,4.89098,1.46695,0.990597,4.51369,3.21421,2.0906,2.31211,1.7112,0.89415,0.777728,0.0021545
15.7962,9.79702,56.4328,157.404,165.211,86.6616,24.3687,16.0775,37.5224,22.1535,3.87604,4.83537,7.40465,12.77,8.21989,2.17733,3.20059,2.73995,0.994589,0.315366,2.22898,3.75962
18.4993,27.9243,56.0667,134.366,44.8159,8.51111,11.4099,10.4564,8.68127,2.14914,4.27323,8.2679,2.39552,5.26174,1.92201,1.48133,4.70797,3.57224,1.13634,1.78729,1.74216,1.04238
10.1086,19.4929,4.40042,25.2427,16.5145,4.54506,8.10814,11.517,12.3018,7.61917,0.930324,7.1967,3.41315,4.8367,4.69094,1.77226,7.32864,10.0448,4.14971,1.62689,1.97579,0.0833183
6.59228,12.4838,2.71681,22.9743,19.3242,16.2576,4.3793,0.0530994,14.0846,12.1943,4.44763,6.12398,2.66536,1.60961,0.0232061,0.00140059,6.11311,7.79718,2.07626,2.00841,1.9167,0.778984
3.04246,2.08332,0.821655,3.30558,3.34385,0.756123,5.26022,1.72783,12.8419,9.3359,1.02531,4.4912,2.2442,0.29953,0.17976,2.45748,4.27119,3.61439,1.81309,0.564163,2.7451,2.76168
3.06877,9.86345,16.0687,10.4844,4.78881,8.45809,3.26691,6.8361,2.14115,2.41101,0.0777216,1.63939,0.722867,3.59437,6.02037,5.57573,10.1601,9.93578,2.00846,0.429135,2.59674,2.63672
6.82813,4.59543,2.26959,5.45732,0.174234,4.16559,4.80905,6.78625,10.1547,6.69718,0.660574,1.04283,5.41879,7.40737,3.15021,0.862807,3.57859,4.18684,0.625189,1.83357,1.08649,0.0592056
11.2864,17.4893,13.5791,3.83688,4.7854,9.10968,5.79057,8.39992,10.5531,6.24689,1.34796,0.621623,2.44245,6.87393,3.65792,1.61746,4.77179,3.9685,0.314728,0.252645,1.36584,0.733443
11.454,14.2999,3.6409,4.49145,5.36123,0.902094,12.5285,12.3133,4.58708,1.21505,0.0220771,1.29029,2.53812,0.0350367,0.298839,2.28985,5.53444,6.14016,2.13281,0.344255,0.119129,1.37974
3.68835,6.92602,6.05211,2.74802,13.3433,18.7406,9.53806,4.61019,10.1005,5.81377,0.114976,0.490982,0.847726,1.72964,1.33744,0.0505285,1.23927,2.17319,1.61125,0.214824,0.738833,0.352676
3.09884,3.01994,3.54826,12.6785,12.4002,8.79857,13.7021,8.96975,7.79491,7.05622,0.326482,0.238318,0.818249,1.75181,2.84863,1.70324,0.452091,1.28146,0.55331,0.677161,1.81082,1.2808
4.02935,5.15647,2.44189,5.4068,2.91759,4.98033,13.106,9.97544,10.2428,6.50711,0.519252,1.44423,0.726064,0.251106,1.00403,0.228147,1.37261,1.98702,0.832893,0.779176,1.1493,0.17437
2.89996,3.665,1.04563,3.63065,5.04006,1.08776,7.0854,7.38265,0.150957,3.31718,1.78378,1.2139,2.04592,0.0667036,1.66953,1.43943,1.58256,1.29632,0.67455,1.77689,0.879127,0.501194
0.63632,1.05753,4.76616,5.62757,1.76272,5.9127,12.8914,11.5227,7.50267,4.22677,1.04166,0.00707345,0.375999,0.994054,0.889081,0.557225,0.232989,0.570293,0.756654,0.00422593,0.350025,1.71498
0.584282,0.122226,5.17313,10.0011,8.4686,4.32016,0.532048,0.862632,1.44968,0.659287,0.43287,0.401374,1.02499,2.10466,0.769737,0.0737154,0.223057,0.811021,0.399401,0.115776,0.181928,0.0473587
0.271774,0.25705,1.43964,0.625639,7.51183,8.45964,9.9275,8.50593,1.02755,0.701333,0.184029,0.646393,0.633393,1.07361,0.0787881,0.0050463,0.2988,0.737358,0.343213,0.433429,0.562709,0.0994792
0.587624,0.681047,2.62455,1.31495,9.55775,5.91224,3.11549,5.32421,3.19257,1.17442,0.32973,1.28865,1.09014,0.495454,0.213847,0.447112,0.0786288,0.197587,0.250561,0.0106168,0.158467,0.473458
0.558192,0.150229,2.69896,7.59558,11.1166,5.59678,3.61719,5.28583,2.63887,0.988751,0.855416,1.80863,2.59772,2.8998,1.77797,0.332252,0.00278606,0.086438,0.235627,0.802971,1.19029,0.554327
0.13958,0.304888,0.0356496,2.80084,7.2271,5.13502,6.3005,7.7234,2.08828,0.320463,0.812101,1.45867,1.4435,1.30147,0.476668,0.148455,0.265535,0.374583,0.00530319,0.312831,0.650958,0.137442
0.0243554,0.152487,1.05963,1.13962,4.71223,2.23447,0.938509,0.240077,2.32104,2.02997,0.205516,0.225693,0.0845608,0.702962,1.25507,0.67581,0.105389,0.203398,0.0118238,0.784736,1.07876,0.432597
0.187496,0.213694,0.274897,1.29126,2.10096,0.0324573,6.5826,6.50019,1.04488,2.27903,0.115776,0.0255925,0.395616,0.268755,0.256278,0.0790811,0.026719,0.525093,0.0663665,0.469672,0.404719,0.293271
0.0797335,0.158189,0.223047,0.563585,1.98291,0.325236,4.33111,5.00506,1.98182,0.424034,0.308256,0.636258,0.194033,0.898268,1.08159,0.460076,0.221725,0.524401,0.226837,0.243561,0.46524,0.0766516
0.0750041,0.0965633,0.228926,1.33992,4.02457,1.65272,4.21274,3.88594,0.808632,1.49308,0.435936,0.63467,0.527674,0.939255,1.24524,0.627512,0.417338,0.475271,0.247798,0.112751,0.357117,0.446687
0.102024,0.180815,0.124358,1.85063,5.02479,5.333,7.29441,7.54652,3.80342,1.58229,0.240489,0.309646,0.718067,0.833069,0.000262585,0.286877,0.268826,0.329471,0.046099,0.297976,0.117013,0.119572
0.0807014,0.0549797,0.0766023,1.64663,4.25072,3.72218,2.1474,1.43369,1.04718,0.738856,0.112112,0.260762,0.346808,1.4401,1.27284,0.419307,0.419946,1.00681,0.605078,0.225372,0.515115,0.967422
0.0744959,0.112819,0.161017,0.646531,1.9295,0.517819,6.59809,7.04361,2.47376,0.544536,0.093532,0.557364,0.246997,0.97501,0.370433,0.0701858,0.3975,0.734115,0.148369,0.188648,0.900225,0.724785
0.230404,0.134534,0.0489982,0.304177,0.173603,1.04304,0.645547,1.60111,0.822925,1.25635,0.118292,0.242365,0.170275,0.537737,0.70888,0.137082,0.233408,0.160983,0.105715,0.761806,0.697125,0.0316344
0.300539,0.479254,0.181218,0.42125,1.39733,0.103218,4.54975,4.42348,0.0939273,0.82571,0.379672,0.671881,0.185959,1.05532,0.233875,0.383092,0.22809,0.893134,0.29313,0.337153,0.0233069,1.05091
0.375575,1.20146,2.16777,2.77248,6.2509,7.0797,11.2102,9.58568,10.083,10.1166,3.45307,1.58238,0.615949,2.75409,7.12549,4.35289,4.91574,8.06124,4.20974,1.08425,3.56766,5.00515
0.420644,0.577882,2.76168,1.39692,9.02395,19.3052,15.1452,3.11467,0.43728,1.03657,1.48245,2.21911,1.66795,6.2138,7.61869,1.09386,9.0124,12.0945,4.84527,3.4752,4.0793,2.80502
0.0450514,0.685596,7.11444,12.1639,9.45038,6.10083,0.377954,7.37224,13.0829,9.39883,5.38144,8.29397,10.8016,14.6441,8.97261,0.0298079,3.41207,4.6426,1.5129,0.888447,1.73298,0.748149
0.214503,0.491773,7.89367,11.2478,6.60568,11.8363,8.54002,1.05629,9.98412,10.0765,4.09539,12.4998,14.8431,19.6064,13.3884,2.75294,5.82318,7.51707,2.53157,0.266409,0.294983,3.09489
0.221497,0.506699,5.07279,5.9377,3.5101,11.4091,6.59265,1.89764,2.26627,1.33277,4.3637,12.7126,11.3815,8.58587,4.39807,1.6112,10.1202,12.806,4.32315,1.39345,3.45079,0.757057
0.104632,0.140126,1.00308,2.41977,5.1606,4.65949,2.5168,3.11061,9.21514,9.71702,6.99218,12.3787,4.34745,4.69595,2.66537,0.51387,2.94486,2.89732,0.174904,0.0147595,1.7989,3.70181
0.761392,0.0521325,4.93293,12.2514,10.4306,6.38744,13.468,8.77052,12.5623,9.65424,3.42577,10.4184,1.4986,10.2049,6.31544,1.55449,7.46181,8.46275,2.37419,1.77258,1.96022,0.248229
0.386862,0.706503,8.35569,8.99601,5.47587,10.4859,0.173833,7.15376,4.95186,1.79725,3.38738,7.96815,1.61502,10.7898,8.71568,2.26982,6.48533,7.85251,1.89264,1.30747,1.57939,0.331306
0.0830295,0.738101,6.49679,10.8743,10.954,16.7994,17.0342,8.87453,6.99567,5.58952,4.08329,5.18598,1.96203,8.74435,3.88564,1.19071,1.86335,0.953858,0.0586341,0.154016,0.687759,0.35368
0.22748,0.15727,0.790674,0.397779,0.80572,3.56118,0.686195,10.9672,12.4981,0.662838,6.2085,3.29786,3.25631,8.11748,5.13676,0.138727,3.07467,5.89393,4.8489,0.831555,1.11803,1.51939
0.171324,0.135148,4.84193,6.66169,4.49538,11.8072,15.1617,0.178383,19.1305,16.5463,0.992994,2.94386,2.61569,2.81929,0.708085,2.29508,0.142844,4.53598,0.0822331,2.10102,0.2947,0.0850235
0.245315,1.06387,8.48946,10.1297,3.23711,4.14109,1.9366,9.4383,13.3352,7.16821,1.29526,0.95834,0.830087,0.731822,0.809294,2.28834,9.75431,12.0764,4.22035,0.651794,0.134631,1.37367
0.102758,1.07823,5.70447,8.62215,3.66553,5.29997,6.92733,17.184,40.495,23.1224,1.67412,1.58773,1.93046,0.591173,1.86527,6.89302,15.2099,13.4417,3.72203,0.273514,0.229925,0.307198
0.853279,1.37479,2.40591,2.80954,5.22001,7.94283,5.34397,16.3565,31.3989,17.7488,1.15289,0.37396,0.0780988,0.259367,2.65459,5.32141,1.73279,1.6386,1.04916,0.346385,0.128338,0.230748
0.455344,2.23077,7.04338,5.89116,0.626183,2.30875,0.187258,6.81972,7.77465,1.84549,0.786222,0.858601,0.0911606,0.21399,4.23963,12.985,18.5717,14.7451,4.19781,0.0199634,0.541322,0.581643
1.07141,0.0152095,3.9473,6.43015,3.35245,1.21216,5.20172,22.2566,35.1851,18.2152,1.59155,0.447639,0.397088,0.334299,6.0413,19.4606,25.015,16.1009,3.61017,0.0945767,0.645568,0.639693
1.46525,4.42537,5.38209,2.23458,2.17024,1.8005,1.14539,7.94818,22.5994,15.3796,1.25001,0.642974,1.14332,1.06161,3.64579,13.6351,7.07724,5.1699,2.96664,0.344864,0.571178,0.0238902
1.31794,0.171599,3.72332,3.0286,1.48115,2.13969,3.20228,10.225,8.99835,0.213439,0.148928,1.69908,0.246844,0.396649,1.17326,11.5787,28.1566,25.8601,6.95516,0.437147,0.0940295,0.0468842
4.53169,10.2421,9.82811,0.155733,2.52334,0.513555,0.120314,19.387,39.3977,21.3452,0.42199,0.848677,0.488901,0.250496,1.98931,16.3913,31.9337,22.486,4.50317,0.148448,0.520649,0.705102
0.172247,1.69252,3.21533,2.08021,1.45632,0.655555,1.60423,17.2208,43.0523,26.8157,1.46927,0.870008,0.0293395,0.691657,0.60781,18.1855,34.2428,20.3004,2.26195,0.660097,0.383075,1.78137
7.67063,17.6157,17.262,3.11614,0.537122,1.09215,0.518638,11.2492,22.9727,13.0457,1.20301,0.79441,0.0601402,0.580491,1.1165,10.1806,5.31657,25.2636,10.4598,0.969728,0.388154,0.424808
0.06267,4.04649,6.54059,1.84505,1.00671,0.216328,0.940707,4.8423,1.24936,5.43441,2.96257,0.953384,0.651192,0.071033,0.0579508,10.7578,29.6444,23.327,3.87673,0.74479,0.291664,0.709494
13.7188,30.0572,29.3783,4.80657,1.29979,0.248678,0.622877,1.81636,0.302096,4.3236,1.46762,1.24758,0.757973,0.651632,1.24877,7.93289,34.0959,29.83,4.39977,1.54775,0.437941,0.274025
1.7121,10.1856,13.5854,3.88824,0.347013,0.0232018,0.294167,11.1307,21.8751,10.9407,0.71471,1.16684,0.329027,0.722782,0.387289,6.27242,2.57723,11.8257,7.32757,1.1423,0.870391,0.709726
20.2003,43.2005,42.0006,6.63188,2.07957,0.881264,0.569567,16.8909,43.6448,30.7035,3.68591,0.947321,1.49466,0.00856396,1.43308,5.32836,26.16,26.0054,4.23737,2.81556,0.223322,0.0467477
10.3629,23.7854,22.5669,1.24247,2.22497,0.214163,0.647964,9.08502,29.07,22.2194,2.36265,0.697459,0.871034,0.562374,0.695849,4.4006,4.86142,0.242459,1.17947,0.934758,0.338871,0.0404193
21.2663,44.3237,45.1512,11.7471,0.0985648,0.0987026,1.08314,3.16615,9.16455,9.62884,2.96676,0.302032,0.357457,0.49565,0.308544,6.19427,14.948,10.9925,2.13855,1.03267,2.2012,1.70497
19.2862,43.0038,42.9053,14.3969,4.48787,1.64289,1.05808,6.85616,19.065,12.1311,0.217764,3.73761,0.0762788,0.738593,0.928602,3.50504,17.7672,14.8905,1.60469,0.42232,2.02721,3.55018
1.1102,16.0981,47.4075,102.185,108.262,47.0698,20.3821,13.5061,5.03172,6.48482,3.19241,2.22744,8.72451,11.0254,7.9636,2.37385,0.978234,5.55018,6.64695,5.3911,3.98795,3.86558
13.28,20.2332,53.2484,71.3848,18.0927,12.5812,1.65088,3.76575,5.70088,12.9049,7.35272,3.97558,7.59601,2.75725,2.15704,3.75546,49.3183,62.3096,19.1378,2.73019,2.47401,1.22321
1.58637,31.6302,101.031,79.4069,3.59276,1.73032,3.7274,3.00503,4.80482,4.96683,4.07163,5.35349,2.21483,2.15671,1.53796,5.29074,47.6436,57.6554,16.3538,1.17199,0.104769,1.95507
29.9118,82.4985,95.8945,25.0047,3.59344,5.55073,4.93529,4.35957,1.97961,3.92502,2.74959,3.18923,2.14458,2.7764,1.38156,3.13549,24.4164,30.4185,8.61497,0.632707,1.12826,0.396636
10.9535,9.1621,6.80563,20.8083,16.4991,3.56284,0.777894,8.97718,11.6576,8.38479,1.4222,1.02872,2.07444,6.83772,3.25379,14.3025,71.8035,81.4143,21.9983,2.93878,0.77672,0.120983
22.5547,43.9983,49.845,20.9057,2.00418,6.58994,2.18398,2.68599,2.25481,2.56238,0.929861,1.20841,4.11091,8.14361,4.75474,1.79439,16.8239,33.1081,13.3987,0.657591,0.234266,0.962108
22.7962,42.7107,46.693,19.1619,7.24279,7.63968,1.06828,12.1553,13.7821,9.28358,2.20453,0.955014,2.7455,2.65227,1.6213,1.46282,11.5742,13.745,3.66005,0.207112,0.462109,0.621985
11.7863,20.3843,17.0153,1.821,11.1602,9.12398,8.4364,17.3106,2.97491,5.18413,1.05898,0.0366424,0.928161,1.45925,0.308466,2.5335,30.014,41.0605,13.259,0.830701,0.114783,0.547649
31.4205,59.6507,57.0573,15.9504,13.4092,20.1354,19.849,7.80388,15.0129,15.6975,3.49911,2.79705,1.69724,0.447263,0.658594,2.31643,30.1473,42.6094,13.9482,0.99476,0.667515,1.90387
6.78909,12.4186,14.8778,8.01809,0.00613832,1.13162,1.56948,0.781366,11.5206,12.3862,0.0147757,5.99098,0.523505,9.13975,7.11357,0.0608309,14.8625,20.1524,5.87663,1.04954,2.95845,0.197952
24.1147,52.1478,40.8233,3.45686,4.27216,16.5156,24.9556,21.3338,3.96273,11.1758,0.102613,6.0069,0.169975,5.83688,1.15952,0.801635,10.2105,15.8865,6.14502,2.79963,4.75856,1.73819
22.8415,44.9882,31.0571,19.7949,29.493,13.7077,12.9572,28.5242,26.1438,15.9641,4.53401,2.28695,3.53216,2.12353,0.567821,6.02836,33.3142,45.0431,15.7965,2.15733,2.79398,2.13957
21.0876,35.8053,40.9316,11.6145,17.7328,15.0516,3.50137,4.40719,4.03636,2.67391,0.911797,2.83588,6.90238,19.6829,15.6686,3.53682,19.2177,35.1854,14.7222,1.52225,0.845272,1.33133
35.1167,72.7458,71.3684,22.1458,13.0398,4.39137,6.45031,19.3473,20.5221,13.606,5.05857,6.05785,1.14968,7.69769,0.122543,2.92545,14.9516,25.4525,10.7338,1.6691,3.13035,0.552568
3.18687,9.82511,4.63542,7.6162,2.07714,10.5911,28.1243,28.1326,7.10004,2.14924,2.96478,10.0214,12.5964,9.31027,0.178563,0.363152,15.965,19.3566,5.55333,4.70329,9.74577,4.07948
36.5409,73.0296,82.3085,42.4557,23.9419,5.41772,9.78138,0.0390663,20.5462,17.7639,0.51099,9.34243,17.6083,27.8213,19.5206,3.81276,1.43439,4.84403,5.58965,9.35605,11.2389,3.23045
31.0992,63.2903,78.477,31.803,11.175,1.23756,32.043,22.2144,10.0862,12.5844,1.64146,1.57019,5.40192,5.9265,0.0145685,5.80395,27.1133,36.6468,11.9767,4.34434,6.3222,5.49647
20.0698,34.7125,18.6553,25.0406,29.5585,13.7766,21.0366,27.5187,3.0591,8.37833,0.194779,6.51845,13.9523,13.0679,0.130334,1.1831,32.297,42.1526,12.2911,2.72752,0.347174,0.858052
43.2159,86.2847,77.1234,13.802,13.2828,19.4412,9.5144,2.52851,12.8877,11.8021,7.33308,10.5049,18.0109,29.0596,23.3133,4.52318,4.89262,12.209,6.00323,2.38658,7.45065,6.00274
9.79165,19.4619,27.7014,19.9664,3.18746,8.26502,9.80007,20.2242,1.11771,5.10602,3.75933,10.899,6.36404,3.53006,1.89654,2.36136,11.299,14.1408,3.33419,5.86723,6.19898,4.41154
47.5616,80.5857,49.6668,17.8797,1.42817,10.7838,15.3614,31.5209,34.3853,21.7604,1.22958,9.88977,3.30132,9.76261,1.64189,0.34852,20.3149,20.8752,4.70158,5.9996,12.2139,7.31145
39.5888,71.5452,42.6953,33.8109,39.4966,28.4551,14.4096,12.411,26.154,15.8501,4.55676,5.51199,2.16723,20.8248,18.9502,3.47353,2.66412,4.54824,2.20007,3.18713,6.91604,6.47849
20.4386,35.5535,44.557,16.7187,15.8031,21.6125,27.8401,28.0625,11.6698,4.62904,2.37885,1.1625,2.51886,9.22738,10.749,0.0426391,5.64623,7.35886,4.99776,6.02778,2.38039,9.06394
52.7286,99.934,90.0177,19.6766,11.4519,6.89034,36.1534,19.8365,16.2776,16.786,4.38687,7.21913,4.97872,3.30076,3.64852,0.481422,5.20303,9.27562,3.84535,1.19836,6.21403,8.45259
6.15798,20.5017,7.68269,22.2535,12.383,9.20293,21.639,12.8549,5.9509,7.5803,3.29557,14.4924,12.7531,4.87258,10.2171,4.56432,14.3723,19.4914,5.12976,3.08058,4.27914,5.16328
39.729,83.047,99.6391,51.6504,19.2811,6.84304,36.2892,30.2216,5.57931,11.7976,3.44105,13.7699,6.00658,15.5806,14.4732,3.72147,15.2168,18.9371,4.60948,6.15285,13.4223,13.3578
41.4023,80.444,94.64,37.4125,4.05204,2.02642,3.58156,20.096,29.101,15.8878,4.30266,8.48793,2.38405,16.5708,7.99778,0.366764,0.53085,1.95481,0.412525,12.2626,15.4452,2.15704
11.5907,25.3262,13.3777,24.559,30.347,18.2349,20.6576,25.0243,13.8498,2.86756,3.80099,2.98472,4.25142,3.94269,1.42172,1.30542,14.9293,17.8041,5.56245,9.74932,19.355,9.11661
57.744,102.484,94.7054,25.0435,20.1499,28.035,2.79139,29.7308,22.2419,13.03,7.90925,3.43227,9.07172,27.9049,23.5613,8.38428,12.5672,14.8783,4.31392,4.93467,10.6075,1.9414
13.8657,32.105,47.0396,29.4803,1.04761,14.1182,12.578,1.96874,10.5998,10.8078,0.100144,6.24282,8.21529,18.4705,3.1764,5.49213,0.480227,3.95833,0.543205,2.88834,9.08472,3.54198
43.9327,75.3032,43.5373,27.5892,8.64775,20.0874,1.14137,23.3011,12.2126,3.20199,5.06235,16.6149,13.1696,0.379555,8.3419,3.79074,1.31159,0.296107,2.01266,13.9081,20.4643,12.5012
41.3911,80.1322,55.11,22.7552,24.9588,24.639,42.2227,28.4332,4.55827,6.58637,4.05231,17.9368,25.993,31.5096,21.3356,5.80203,5.19068,4.73868,0.119299,9.3126,8.68565,1.19192
8.90686,19.8913,24.925,4.94174,12.4786,2.21382,0.320141,0.432421,30.4465,33.5363,1.86217,13.6598,16.367,19.1507,7.80275,2.07182,0.975161,1.90184,1.58607,2.15503,6.06218,12.0055
49.4627,96.5895,79.5052,6.48065,7.39835,12.2571,55.5766,60.5597,33.6658,7.73884,4.17537,6.58588,3.29849,16.8186,25.5246,9.37112,1.53338,2.99687,2.41274,4.3248,7.75264,7.15436
23.8337,39.0874,14.8024,32.5242,27.27,12.8231,17.9491,27.6586,33.5666,25.2248,7.56079,1.98448,1.30533,4.7574,8.16106,1.41491,4.38463,3.10069,2.16241,2.82851,4.63788,6.52144
35.3925,70.9552,85.3862,40.6754,0.207777,24.502,32.8518,38.0972,42.4868,23.5804,3.69765,2.11217,1.33254,3.29235,0.0974886,2.84691,2.32177,4.79069,4.30163,0.210454,8.08298,9.56545
42.5222,84.6065,91.7007,31.269,0.371292,5.20784,24.7312,35.4421,11.1836,2.84845,3.0965,9.12855,14.5157,28.1332,26.3144,7.60053,6.51653,9.26829,4.87151,12.2411,13.4637,0.254391
5.99071,12.7825,9.26273,10.7441,23.2054,18.958,2.86701,11.1125,34.3859,22.5505,2.65415,11.4194,17.0898,17.7327,3.86622,0.761197,11.411,13.3813,2.2751,12.3073,18.7441,8.56594
50.0717,94.093,93.4148,37.0841,30.1621,20.8568,17.073,27.1362,13.0686,24.7531,8.28179,8.94438,7.7622,7.94864,10.0253,4.21689,3.16297,5.34136,1.84055,5.91039,12.7613,5.21114
20.3562,43.2475,57.9677,23.0943,15.1846,18.5855,26.0855,19.4481,11.7021,8.10773,0.465244,4.28671,7.48931,23.1339,18.2132,8.72725,11.9736,9.12475,1.6562,5.12443,8.26025,1.06279
36.9118,60.6933,33.3003,31.5547,29.2301,0.717363,6.49195,14.2132,41.2738,33.9381,6.01987,0.457518,7.43945,16.8595,7.56255,2.07149,3.58491,4.95526,0.460818,7.81248,14.4303,10.2689
39.9826,80.9638,63.1348,7.24773,2.70681,1.3808,29.3248,35.8365,24.288,11.9908,0.848464,2.7194,1.57563,11.9777,13.7124,1.71948,1.17752,3.1433,5.63766,9.79043,7.74511,0.545789
1.35153,5.18276,6.54816,0.0496379,4.70765,7.56334,26.0151,22.7683,10.0262,3.62774,4.71679,10.854,8.93935,4.66565,1.00927,0.402481,2.19814,3.8619,1.29477,2.6954,1.08226,3.70141
46.6352,83.39,61.2059,2.82206,8.0346,4.73909,23.0391,30.7532,29.0177,15.7833,4.51603,11.5224,10.7776,1.94754,5.70703,1.27749,1.69329,0.85347,1.15344,6.07719,9.56995,3.80109
24.5777,47.3141,25.2701,33.0782,35.4094,24.6315,37.7573,29.4456,7.87072,12.9156,3.53557,9.69044,0.73025,13.204,8.00987,1.85807,0.274566,1.6843,0.733739,0.488337,3.0193,1.04544
18.5418,42.9654,56.2949,20.6732,16.6553,19.8425,8.35797,6.6029,7.82313,5.51687,3.1336,7.09897,5.88008,19.3744,14.1467,3.2006,4.91411,7.20261,3.76855,0.939805,1.46653,1.87662
42.7601,82.5574,80.9095,30.3199,23.3506,3.35745,35.9329,29.1336,11.7222,14.775,1.6669,4.48364,4.20851,2.34108,2.26141,0.501794,1.89436,2.56855,0.537702,3.80262,4.76,1.50613
6.72425,7.72309,0.143262,13.3932,15.2608,6.60954,7.90593,18.1795,20.5498,11.1349,0.290608,4.0954,7.69326,7.35597,2.00412,1.64963,4.64647,3.53266,0.0238457,0.836914,1.80106,1.08608
37.6058,72.7679,78.6374,27.99,1.70157,8.70344,24.6689,25.752,9.83597,3.38557,2.31595,1.67001,5.3935,1.29696,2.81022,0.170315,4.73236,5.12535,2.05072,1.58995,0.641506,1.27388
31.4602,58.6324,65.2418,26.436,1.71887,5.81493,16.4474,22.7475,15.8272,7.79691,1.06341,2.10872,5.76443,5.43777,0.361298,2.09432,2.00438,0.145867,1.06374,0.378091,0.34931,0.195761
20.0712,29.9671,17.3216,14.4947,18.2062,10.3079,12.2111,17.8838,19.4803,11.3082,0.663916,1.09186,1.06166,1.27816,2.26072,0.83423,3.44572,3.99759,1.87528,0.385868,0.269799,0.544634
38.402,76.6617,70.8894,18.079,14.9305,5.0752,20.4354,17.8975,4.99602,8.89164,1.19205,0.608299,1.81665,0.00380654,1.74007,0.619207,2.70516,2.22261,1.08429,1.17771,1.21779,0.551435
18.0175,30.1912,32.796,7.27055,14.9755,11.4823,1.36568,4.16779,4.03656,2.79524,1.95721,1.95269,0.978712,3.22513,0.730505,1.55001,0.407416,1.72595,0.537125,0.115676,0.114003,0.513595
28.5439,50.7489,35.84,15.271,22.848,14.1018,17.5035,12.4512,8.40957,10.8635,0.285952,3.67323,1.70249,1.59192,3.15103,1.95705,0.0680636,0.985921,0.0842988,0.509919,0.167563,0.531581
39.3465,66.8072,52.0383,7.05538,10.4753,5.60354,7.58558,11.1998,12.0949,7.01166,2.66152,3.77073,4.33168,4.02726,1.37143,1.46429,2.05134,2.07087,0.844156,0.301379,0.936104,0.606443
4.04993,5.75369,5.82074,4.14042,12.2257,1.83512,5.86971,0.310848,2.41166,1.17437,1.86526,3.85785,4.21157,4.45056,2.31343,1.07344,2.13254,1.13457,0.277232,0.443624,1.83403,1.98691
17.066,47.4629,48.0829,61.0378,103.178,18.5601,20.0122,13.0903,10.6469,6.63172,12.4242,14.9198,4.74693,2.67083,2.51644,2.54512,4.94946,5.59049,0.0586758,4.04368,1.90267,0.630759
4.72056,0.992882,3.48849,28.6911,78.7559,62.5219,9.5195,6.1525,4.37256,2.99514,0.259821,11.0233,9.6436,2.12872,4.9494,3.58911,6.53794,9.28931,4.58695,0.0399669,0.399729,1.52284
5.0109,2.148,27.929,13.9547,12.1468,1.1386,4.81493,2.27165,3.75507,3.60852,0.828636,2.88446,2.21338,5.0286,4.62688,0.938282,1.8568,3.21086,1.11064,0.892904,0.534237,0.479358
1.37974,2.77573,20.9964,21.1293,4.17169,6.35532,0.448322,9.16302,0.858252,4.44843,1.53383,1.66291,0.361953,5.60642,2.65984,0.136817,8.21675,11.016,3.35589,1.56565,2.61361,1.14953
16.9055,26.5963,15.0361,5.50088,3.24373,2.2459,2.67376,7.32817,4.8748,6.16205,8.18096,5.12725,1.92712,9.09978,5.52685,1.52303,7.60196,8.97219,1.93557,1.09073,0.916869,1.1356
4.87582,1.66104,3.18651,3.67509,8.93256,3.67597,10.4273,1.54726,13.4028,8.65239,1.96642,6.16083,5.09823,1.24528,1.617,0.474371,4.49653,5.74976,2.10344,1.07814,0.944331,0.189201
4.60789,2.01888,2.22169,0.385953,3.47997,0.485914,1.29158,9.67816,18.8078,14.7803,1.86265,7.19768,3.02927,0.527332,2.44009,0.580875,11.8831,13.4002,3.20682,0.613825,0.235029,0.598375
2.99008,3.46084,5.62024,7.94953,10.0599,16.537,18.4587,11.1212,9.51626,7.49556,4.36129,7.20546,5.71694,3.33869,1.57555,1.79816,1.60224,0.274179,0.543029,0.507384,0.360595,0.453814
3.18675,0.525082,0.786772,1.18988,4.56162,10.3421,0.320987,12.6113,15.6335,8.64355,3.662,5.2068,3.56053,4.55881,3.56884,1.55957,7.45738,9.63192,3.64855,0.508879,1.28259,0.0120519
2.6354,3.39481,7.49406,8.97497,1.9808,9.49719,7.62302,5.55562,23.5196,21.9746,1.13226,4.28318,3.67208,10.0766,10.2631,1.65103,7.32853,10.0553,2.82542,0.0345241,1.84988,1.09855
2.27809,2.43616,5.65104,7.83492,6.86435,10.3503,7.52353,3.72831,10.9083,9.06192,3.00745,3.69628,3.96477,3.60656,1.5716,0.371484,3.13325,5.28605,2.1654,0.0726109,1.20696,1.26486
0.0438291,0.149267,0.864625,5.18951,5.92452,4.24924,0.956569,3.41659,12.505,13.1033,2.41834,2.85846,0.47789,7.78223,7.70279,0.794264,2.56409,2.01317,0.27915,1.20783,2.67475,1.38809
0.666815,0.0503616,5.47149,2.43415,9.40901,0.824157,13.1521,19.1379,30.3251,22.2985,2.11844,2.51522,3.73132,12.0578,8.92533,1.43791,2.22507,4.19542,1.44642,1.57143,2.17137,1.30192
0.905964,0.0559613,5.61736,13.7761,17.8197,13.2772,2.03545,7.22666,9.8776,6.2404,2.71628,2.74772,1.16804,6.2606,3.99738,0.343124,5.17978,7.28265,2.65498,0.338297,0.00393325,0.463648
0.508604,0.571264,1.2851,3.44067,11.1068,11.2059,14.8598,20.0438,24.4122,18.0486,4.33874,2.04543,2.20316,2.43165,2.03909,0.40697,5.17912,8.32018,3.66152,2.45325,2.66857,0.210441
0.291755,0.742818,3.76223,0.389625,8.80086,4.68306,1.90379,6.43723,22.737,18.7999,2.66206,2.05436,4.7436,8.07959,4.11715,0.10982,3.56548,5.15308,1.32622,1.95987,2.38656,0.879516
0.476026,0.404107,4.17943,8.25519,8.75592,1.15333,13.191,17.0684,9.69867,3.82163,0.321656,1.48612,4.25372,10.5712,8.16973,1.00104,2.78695,3.44332,0.53788,0.89433,0.436344,0.286791
0.0461413,0.0393607,0.559798,0.585755,2.65216,2.68614,10.3482,3.55608,25.8528,25.0014,4.85898,0.311922,2.59687,7.67731,6.61345,0.516981,7.91426,11.0349,2.96289,2.22107,2.7602,1.87226
0.496491,0.0753795,1.90102,2.21301,0.714201,0.571551,5.7153,3.15779,10.7947,10.3421,0.574498,0.298657,0.13754,2.43934,3.51513,0.177381,9.23959,11.4242,3.67694,1.81016,3.11882,0.982173
0.0744898,0.0174229,1.23825,0.0969885,2.70454,4.08173,15.2135,12.2579,11.9046,13.684,2.57663,0.599122,2.44924,7.60544,6.44172,0.0507549,2.09535,1.53868,1.05621,2.48143,3.76626,1.92282
0.128461,0.0605982,0.21576,2.18595,6.39313,3.48234,4.07927,13.6096,25.2695,18.0546,0.989622,1.75239,4.71932,11.9144,8.12217,0.123626,7.87542,10.7166,3.17992,1.6404,1.97008,0.797027
0.292844,0.227599,0.233517,2.71896,6.81727,3.8231,5.94087,10.9796,11.8417,8.42702,2.27164,0.817628,4.43011,10.5124,9.26719,1.16244,9.47243,12.6461,4.16163,0.894117,3.05843,2.76378
0.182914,0.0066273,0.377183,2.15645,5.30492,6.26448,15.8041,23.295,20.3252,12.1851,2.51196,0.327634,0.435992,3.59499,2.9496,0.776275,2.7026,3.21857,0.516845,1.50154,2.43313,0.904277
0.0260581,0.0228491,0.157028,1.30158,3.43241,0.962553,8.28526,4.62394,17.0645,18.0223,2.94982,1.49386,3.80517,12.3964,8.43633,1.17653,7.09974,8.60165,3.08382,2.12047,3.45559,1.66208
0.0378343,0.15089,0.130897,0.238686,0.738646,1.91926,11.7635,13.6885,4.61634,0.387229,0.51166,1.6115,5.0018,14.7592,9.90494,0.811808,9.89965,12.5104,3.86622,1.41536,3.15551,0.991838
0.0756727,0.0576321,0.00329618,0.287862,2.14883,2.23133,20.4218,15.9662,16.8445,20.6506,3.68113,0.320206,4.05704,10.3533,5.533,0.653828,5.5279,8.56835,2.94015,2.29832,2.17405,0.856896
0.0343558,0.00291242,0.0247415,1.16456,2.83197,0.843002,8.50997,4.50145,6.74422,6.27799,0.757095,0.362725,4.35592,5.88495,1.04779,1.10144,0.362974,1.36602,0.168209,2.6144,2.17469,0.351769
0.302249,0.404862,0.122112,1.28422,2.37097,5.65828,20.5455,15.9388,13.7472,16.8698,2.29788,0.551217,4.7116,3.70268,1.71603,2.04177,1.51592,1.93622,0.313317,0.677926,0.822101,0.194434
0.140803,0.643522,1.36522,4.82888,3.57368,8.78491,8.11021,12.7853,5.56144,11.9839,2.17218,1.44251,2.20092,7.53265,3.44951,5.44678,5.28802,0.613604,1.41161,0.892822,0.576654,1.34867
0.219934,1.39759,7.35692,10.7336,0.533214,12.0906,3.37698,10.4646,15.0442,19.0371,1.89476,13.1896,16.3039,16.3093,6.65545,0.437245,5.90034,8.43436,0.916512,6.73348,6.3575,1.10584
0.305247,0.123176,4.34726,7.91458,8.33082,9.17863,0.50692,3.19021,12.4477,12.4993,6.98524,11.0804,7.86827,4.27885,2.86825,1.69057,8.78651,11.3472,3.00437,0.574869,2.40329,0.692621
0.409477,0.230018,0.257917,3.73452,6.0646,1.21666,3.22312,8.28591,3.02555,4.20909,2.54898,7.64371,0.324254,9.94968,6.57356,0.266021,2.76775,3.18554,1.11817,0.683793,0.582418,0.700799
0.174042,0.362934,4.71658,3.31116,2.83017,6.44063,6.5919,4.07708,20.5476,17.4748,0.281034,5.20417,3.0705,12.7461,7.97127,1.16469,5.53815,8.24486,2.4547,3.24452,4.74976,3.26294
0.399471,0.52044,7.18527,13.1846,11.9716,5.6233,6.56144,16.6384,20.4309,13.0356,2.28872,1.63612,0.0378134,4.67078,3.09553,2.46353,11.9305,14.6596,4.90775,2.77403,3.84218,2.23673
0.106209,0.923557,6.98788,8.11024,4.1262,16.5185,12.9896,2.56875,2.99941,3.674,0.20171,1.72578,1.96486,2.24571,1.66094,1.77326,7.32609,9.41854,3.59739,0.0243955,1.14906,3.12086
0.0524015,0.318258,2.09591,3.90969,1.68765,2.24587,11.1451,21.1414,27.9035,18.1418,3.31376,3.46383,4.76957,3.5319,2.60318,0.300113,3.32017,1.60515,0.813978,0.593383,2.21939,3.89135
0.254039,0.249269,3.03975,3.51023,3.84495,16.0397,23.6525,7.39132,19.2811,16.632,1.01508,5.85614,1.37334,4.04379,3.39198,2.05904,6.37121,6.84805,1.53729,0.365671,0.832576,0.769945
0.364569,0.73388,7.16976,12.736,9.45936,6.83206,8.40482,3.14652,0.702246,3.01389,0.0686741,4.31753,2.73597,10.4368,5.70408,0.168947,0.926796,1.9979,0.190021,2.1126,3.29767,1.68793
0.165026,0.67837,7.47203,6.75913,1.58943,8.33389,20.3213,9.82225,7.18321,7.80899,2.81652,4.35446,0.931437,8.22647,4.62963,0.991486,1.98193,1.10404,0.0346557,1.13447,1.58446,0.0787026
0.134452,0.077768,2.4832,8.08626,9.95345,3.25688,0.887562,5.17424,10.8751,7.16142,0.634535,2.1716,1.33997,7.59921,5.80724,1.06309,0.821916,1.27897,0.934856,0.220666,0.456531,0.182744
0.199916,0.603273,3.3431,7.7056,11.9591,15.5295,11.9475,5.95348,5.80619,3.38633,0.434819,1.30506,0.067145,1.57931,0.563465,0.367715,1.47488,1.45998,0.67233,0.380042,0.30277,0.0537631
0.60725,0.535831,6.91337,5.92852,2.52216,0.302652,4.1913,1.30567,4.09268,3.87509,0.425029,0.159334,1.15708,3.3227,2.30441,0.0939741,0.356013,0.340594,0.0102125,0.0963807,0.480458,0.311177
0.468269,0.199929,4.18406,8.74343,6.16188,1.51529,1.11861,4.22213,2.23514,1.14074,0.73023,0.371842,2.41391,4.80854,2.88535,0.247766,0.0150211,0.658639,0.875573,1.42462,1.34337,0.836975
0.117538,0.527181,1.75976,2.56462,4.01641,3.98046,1.87663,0.774009,4.94347,4.34447,1.04902,1.14785,2.48997,3.50314,1.34441,1.06458,0.583834,0.0766982,0.139071,0.247929,0.316761,0.1232
0.143347,0.470038,2.43873,1.62255,1.40068,0.313945,4.25902,7.32193,6.61171,3.32574,0.0835733,1.00646,1.36404,2.15768,0.963407,0.175192,0.771676,1.25823,0.303401,0.149649,0.395367,0.550178
0.0608837,0.174282,0.171013,0.80447,1.17316,1.04848,3.31156,3.49168,1.03526,0.0655862,0.926965,1.42123,0.814085,0.829736,1.46091,0.399613,0.980536,1.33221,0.203601,1.1975,1.50586,0.415852
0.0681408,0.0805062,0.0690046,0.350102,0.824256,0.703727,1.22623,3.6581,5.72315,3.62472,0.641271,0.557924,0.156398,1.43586,0.836821,0.0547887,1.07505,1.89604,1.29968,1.27551,1.77616,0.957255
0.0551317,0.112221,0.0820769,0.0743579,0.575434,0.0379235,4.67784,4.15974,3.88068,4.35505,0.296912,0.267066,0.0271225,0.110954,0.238825,0.207761,1.40388,2.15404,1.25487,0.0420548,1.08553,0.895723
0.0659898,0.0195629,0.0183776,0.152473,0.541267,0.825958,4.01586,3.80661,0.935062,0.906739,1.60427,1.44519,0.757328,0.517049,1.12363,0.423138,0.25002,0.668884,0.429503,1.27078,1.82197,0.826488
0.0427807,0.0206389,0.0361851,0.295981,1.07681,0.271206,5.19589,4.30056,1.34474,1.00814,1.05623,1.28994,0.199248,1.62166,0.252187,0.409761,0.01555,0.624556,1.34767,0.330967,1.14773,1.10738
0.0153385,0.0591197,0.0378266,0.460317,0.907273,1.28553,4.33377,6.27523,5.89261,4.1622,1.57885,1.50662,0.530101,3.68333,2.52063,0.168512,0.330381,0.212043,0.348851,0.409046,1.08926,0.362167
0.0174383,0.00682473,0.0776648,0.509279,1.06888,0.813381,1.37643,1.32777,0.560377,0.363456,0.619673,1.6906,0.116226,2.23937,1.52405,0.193229,0.253279,0.443762,0.0500682,0.905773,1.15067,0.00388848
0.0156771,0.0624675,0.0276409,0.400206,1.315,0.0473363,4.65761,6.47346,4.53114,2.43841,0.09248,0.723106,0.161266,0.0168732,0.835712,0.264925,0.657492,0.750656,0.206162,0.0416212,0.408062,0.162135
0.0637311,0.0507632,0.0180361,0.378709,0.657137,0.798088,2.53355,1.21871,3.64443,3.67952,1.30087,0.470712,0.256127,0.0987483,0.187577,0.214206,0.821536,0.650215,0.024933,0.117337,0.18082,0.103749
0.15761,0.107166,0.104752,0.228667,0.532898,1.07626,2.08316,1.15248,2.28909,4.16486,2.12261,5.62561,0.382928,1.22164,0.0510398,0.982403,1.0167,0.460849,1.70799,2.50823,1.61304,1.29403
1.83255,0.770637,1.50323,1.54584,0.117391,0.431038,2.53548,11.4151,22.9059,20.7462,1.5431,10.2272,17.4983,25.6646,6.03609,1.32039,2.75894,12.1545,3.70769,6.37969,1.37275,4.48589
4.90776,4.26108,23.7385,16.1922,43.7809,20.797,39.393,2.40904,19.0507,5.7255,2.1759,7.48822,10.464,0.744366,3.89356,7.39494,23.8731,23.16,1.31863,5.41023,0.47459,1.56111
3.01848,7.87957,36.0552,116.798,131.084,72.0278,3.859,8.30613,5.82079,1.02835,1.00802,2.8432,22.9496,17.6452,5.11459,8.13242,7.3671,9.34856,11.6802,5.22684,3.36857,0.638203
1.46989,22.191,84.5284,111.843,52.1677,7.82169,4.11209,4.55604,7.11295,3.96831,4.89876,5.03789,22.5655,13.2016,0.0823343,0.361564,8.55069,19.0658,20.693,9.98612,0.798059,0.300361
3.53106,44.6669,85.4452,41.1428,3.7405,11.2719,6.9303,0.639751,2.73987,1.13424,1.96774,13.4551,21.6515,10.7382,0.171579,1.50125,14.856,12.557,8.67353,8.04924,1.41659,1.33284
6.53058,27.6701,38.0676,9.9268,4.9074,0.849047,6.12663,7.42087,1.2433,0.0772986,1.62009,1.6353,8.71334,3.93458,1.50664,2.59478,10.5261,18.2973,17.2764,8.9738,2.26442,2.26331
10.5936,7.13998,3.83441,8.03964,0.11809,0.892525,11.1938,10.7733,6.69239,4.69339,3.26139,13.3276,19.3126,8.68119,1.38168,2.33885,1.06409,3.86798,7.75715,5.52239,1.49131,0.889387
13.6926,10.8838,2.02605,12.3859,10.9871,4.19456,18.5544,11.4799,3.19856,0.360151,5.0521,2.63731,19.3487,14.5441,0.517465,1.7384,15.2078,23.6708,7.92734,0.561648,0.336299,0.580019
18.492,25.7936,11.5454,7.71216,1.05887,1.30228,8.71102,4.47123,2.42739,1.55301,2.95279,14.7982,18.5595,4.48967,0.281739,0.391271,20.8839,31.3883,11.1108,1.41001,0.993308,0.153322
8.12841,14.2948,9.66667,1.83291,0.30596,8.48752,19.5766,11.0769,1.6298,3.21536,1.98698,1.78886,11.5403,9.67696,3.04861,2.24773,13.2706,17.995,5.14712,1.10143,0.607784,1.28113
12.0197,22.5989,19.7133,9.54818,15.9128,5.37459,13.7396,12.8708,3.70847,0.966509,0.365685,9.64318,15.6184,9.1116,4.36373,3.63212,6.58754,4.17999,1.68713,0.481532,0.777883,0.231024
15.6825,35.7314,41.5704,9.75463,16.7483,27.6971,24.747,7.51619,7.63829,6.96622,0.652898,10.0713,15.947,8.58434,5.98445,0.90299,18.2328,25.1428,15.3031,7.25477,1.40431,0.995621
3.73162,7.87661,4.27463,5.54095,6.9169,21.602,42.9801,24.8639,5.41326,6.28499,2.92446,2.35664,13.8609,13.2808,6.07301,2.14071,3.36051,1.02215,2.53841,3.22358,4.0273,0.117883
25.9677,52.09,51.1291,8.36473,8.99312,4.72327,28.8801,21.7727,1.70096,0.804646,1.59609,10.8609,18.8976,12.4946,6.06243,4.45998,8.74513,10.7634,2.26467,2.30185,0.453858,0.3813
7.99029,21.1897,27.0082,22.2547,25.6427,18.2251,10.4915,5.31043,3.87652,4.49118,0.417087,1.08464,7.23535,9.59468,8.99923,2.36403,14.3317,13.5662,9.51603,11.4008,2.72165,4.22611
30.657,49.4358,27.1992,6.25825,19.1501,34.8286,34.9574,18.1438,5.61852,5.37625,0.883712,1.20748,0.824046,2.70311,6.42108,3.50168,5.17131,11.7193,13.5938,5.60502,0.919485,2.17963
31.8793,60.9393,42.5511,21.4197,28.7861,19.6538,22.1639,13.2913,0.975737,0.774714,1.91941,5.19478,1.90336,4.84344,9.07743,5.6694,7.90099,9.69221,1.37583,2.48995,1.0865,2.18916
12.4665,16.7866,16.9961,5.6575,3.45134,5.29679,12.6147,3.12668,2.34516,0.936734,2.1108,12.1397,20.8299,7.7882,8.76624,5.62515,9.93849,18.3576,9.61548,1.88633,6.44061,2.63322
43.2621,82.8998,66.75,7.39384,18.6351,25.5689,39.9677,22.266,1.35107,1.44037,2.54723,5.95603,7.59548,9.81448,5.24269,7.12286,18.0312,27.5673,14.2685,1.72494,1.30132,1.17463
19.4744,37.5993,17.7412,11.8979,12.4093,26.8118,33.9957,26.4273,6.20074,1.59981,3.1458,2.99295,24.3782,27.3014,12.8086,2.17514,9.49091,6.90212,15.4028,16.4627,0.757609,0.842611
36.5746,70.0214,81.5063,52.1081,33.7784,7.10618,1.14397,9.45421,5.17749,2.46527,1.65563,4.05958,26.4987,30.1628,14.8232,2.87246,9.84075,12.901,15.4095,20.7979,11.2699,0.015129
44.477,86.1456,93.4698,27.5269,14.57,2.24322,23.5384,14.9738,4.91597,4.83252,1.40819,3.12076,10.4787,10.0933,4.68135,3.75225,14.885,27.0517,15.3172,9.76602,6.42286,0.345763
7.06422,11.5882,7.48122,5.09739,13.2361,1.96079,30.5292,31.2698,10.4042,4.55544,4.67408,19.178,31.2297,12.329,9.6449,2.76883,24.8444,28.1808,0.767356,11.4873,6.44167,1.31832
46.664,92.1836,95.7822,26.8816,0.362593,7.13579,28.1203,27.3078,4.4156,0.771852,4.67049,3.51493,8.41471,0.699144,9.7606,4.97491,7.89922,14.925,9.48947,1.94898,5.66544,6.12096
21.373,48.4367,66.2428,48.3975,29.9534,18.1039,15.8255,7.25785,2.51049,2.21869,3.8874,17.5706,25.8371,10.0817,4.12158,3.95223,16.2913,24.3929,16.3153,5.93066,0.752423,2.67703
29.9589,59.7216,32.5679,18.9624,15.3877,25.4299,7.12134,12.3609,1.14153,1.10309,1.70484,0.520484,15.444,14.8098,3.34487,1.86164,24.3705,34.1346,20.9304,14.2169,8.70658,2.89399
52.4659,92.5253,67.706,20.2225,36.9812,3.06833,44.6942,38.3232,2.5968,3.85413,1.23653,6.62041,21.7034,21.1801,8.96576,6.20263,16.9306,19.6874,11.1276,12.7997,13.4837,9.99245
7.42865,10.6325,11.5083,0.0244207,11.0771,17.5054,51.8997,31.9363,6.30469,5.68415,0.0871001,0.209792,24.6862,32.1526,10.1267,1.96948,10.3743,11.4317,3.94708,0.450327,5.45647,8.83851
51.3859,95.0743,70.6141,10.995,13.7657,11.4783,12.5089,4.89591,5.44305,2.30696,3.58073,7.9946,10.3024,22.8545,5.89821,2.58045,18.2124,29.7535,14.8811,11.1738,4.28454,7.15573
30.7889,53.4784,24.1059,25.1474,0.768871,10.2011,49.6877,33.1343,0.504902,3.96578,5.379,15.8444,7.66484,9.36206,5.54443,3.44308,28.0076,36.6824,17.6846,6.70635,2.54161,11.6907
32.0267,62.9282,77.2993,48.7734,24.7273,25.9627,66.1588,39.5511,9.69642,7.18689,2.65361,9.92169,7.92223,20.3952,8.03647,1.78206,8.09656,11.9626,11.0521,3.10336,7.68911,7.0264
50.599,96.2617,98.1273,23.2104,16.9954,9.39208,13.57,12.6457,7.16599,4.91448,2.86335,7.0757,0.120403,9.55444,4.81265,2.25823,15.4157,20.81,4.23804,6.43817,0.271406,3.6948
0.778072,0.392624,4.8833,1.86958,16.8859,37.557,39.7179,15.8061,1.57301,1.36957,0.0130821,2.03776,3.80459,3.0086,3.07378,1.98434,22.3703,30.4555,8.00322,8.43839,5.61212,3.0455
44.2351,90.5823,98.582,37.9806,10.5564,19.3318,37.0917,20.1138,1.50441,0.921777,4.40566,5.03481,16.0662,28.6326,12.3468,3.75351,17.6861,23.4413,9.79968,4.60774,2.90457,3.24847
28.7724,60.361,77.3702,44.0636,21.2794,12.9239,8.78403,19.1175,7.02627,4.54032,1.53657,3.46758,21.3843,25.1971,0.975619,3.39555,5.05894,7.77124,11.244,15.175,6.33857,4.21083
29.8529,52.9141,30.2165,14.1289,8.4879,25.1373,12.6119,0.679988,5.82667,4.83829,5.0504,19.9662,37.0025,19.813,5.16694,2.44005,12.134,12.0517,6.42995,9.41475,4.64541,5.30177
50.2918,95.2242,80.9693,7.02318,27.4558,15.9614,18.6654,15.6489,5.94383,5.12361,6.038,8.76499,9.10128,10.8255,10.0579,5.81627,16.8787,22.3792,7.46188,1.52636,7.15796,9.09881
7.79514,11.6931,15.0424,23.3252,25.3857,17.7421,31.7259,30.1666,8.81162,5.17773,0.740217,0.647928,16.3106,21.7601,12.9971,3.16439,8.42578,11.8964,5.53811,2.55401,0.790629,7.9525
47.5531,86.6524,60.0283,10.133,3.73666,26.7138,41.1163,28.2744,0.99315,0.174414,1.92104,3.05114,8.71211,13.3042,12.4471,2.69817,8.76574,7.9599,0.46163,0.0720943,1.46143,4.74052
31.39,58.8431,32.7485,26.4315,17.329,13.0308,19.5829,6.53076,5.77935,6.32717,2.43464,6.37829,5.89876,4.84904,8.91262,7.57329,14.2213,19.5426,3.35104,9.88638,11.8675,10.3695
23.5951,45.6559,55.363,35.3231,17.3092,8.44631,20.8844,19.4871,1.87649,1.39196,5.18114,10.1006,7.39777,0.245603,8.03827,4.61118,10.9821,15.2609,0.0519563,9.15707,7.93738,7.01111
46.0426,89.6417,86.2158,9.19061,22.8097,33.2616,47.8833,30.8679,0.218664,2.90673,1.96582,12.8886,31.0562,36.4663,18.3782,2.70172,0.866348,1.2986,2.60743,7.7087,5.97138,0.697303
10.9496,18.0365,7.30555,1.03376,24.8474,38.5536,37.2683,18.6866,3.29161,2.9206,5.19568,12.63,24.0146,21.9674,2.62787,6.41064,12.6526,13.9732,2.20642,9.88952,3.90752,1.40836
39.6473,80.1785,89.9195,48.2336,31.6123,17.5666,11.5285,10.7033,8.92548,7.16186,2.96948,3.36105,9.16678,0.340823,12.8359,5.13264,9.02486,14.1021,3.01529,1.2337,0.835833,1.48255
35.888,69.5079,82.1277,32.5619,5.60091,3.08593,15.9488,1.711,5.21159,1.22259,0.468538,0.985085,4.00571,6.89132,4.32921,2.42171,7.35816,10.6081,4.38884,3.46152,3.23792,1.99598
17.4021,31.7681,17.5223,15.2455,13.4223,9.16143,38.5473,32.7464,9.15434,3.23166,0.656405,1.55286,14.2532,12.3397,0.480679,0.39856,1.02913,3.59483,3.89989,0.855774,7.18679,4.87372
46.4192,87.0877,80.1337,9.1855,7.70912,9.51103,29.6169,30.583,19.3994,13.2617,4.97498,2.89414,1.67109,3.05307,0.461375,1.11853,4.26864,4.01806,0.102704,0.907072,1.45459,2.40336
12.1458,27.0392,36.2754,29.7287,24.0374,15.0233,5.66243,1.52222,3.57355,6.75453,0.294818,9.16543,19.5324,15.9693,3.47433,1.49493,5.46126,5.80614,0.893201,3.29095,0.232778,1.08698
36.0461,64.3203,39.6344,9.22032,14.8361,23.1995,11.7545,1.81045,13.4288,11.0627,1.5795,5.8313,1.4618,3.70536,3.26899,0.784383,2.54041,4.79456,4.78838,1.17822,2.77904,1.25893
40.0665,71.027,50.5499,21.4483,33.9512,10.7564,4.53386,8.93603,23.9852,20.6528,5.26886,2.77959,6.79203,10.5124,2.04193,2.09819,3.40572,2.15992,3.94932,7.11185,3.27384,0.162564
8.12164,14.2354,15.9269,1.65583,20.5904,1.7029,34.6871,32.6729,16.2672,8.51921,0.137069,5.07378,5.20559,0.026155,2.45153,0.06465,2.37106,3.72345,1.71549,0.696581,0.398087,1.0996
43.2488,78.1242,63.1642,8.12882,12.2135,3.52918,17.2758,6.4454,13.172,11.4467,1.46393,1.56042,3.92081,2.97969,0.270479,0.0800367,0.999273,0.750313,2.04262,2.92696,1.57561,0.330035
22.9076,39.3844,23.2679,16.9528,14.4489,0.628287,1.06647,16.8598,28.9079,19.9202,2.88973,1.88559,3.44771,1.44707,2.54941,1.61501,0.0413194,0.359854,1.6769,2.87254,1.3986,1.14705
23.3134,45.442,50.8999,19.9541,2.84534,6.14513,16.6375,9.30918,8.73334,8.14349,0.813209,3.06213,7.84652,7.66936,3.55976,1.7451,2.85186,3.74836,0.364231,2.70554,1.72734,0.392243
36.0229,68.7318,65.8109,14.9098,0.0982733,0.364898,3.20073,6.16614,9.05289,6.98952,1.82119,0.877949,0.723084,0.694671,2.29972,0.63404,2.56632,1.7578,1.40037,2.06925,1.34428,1.0763
7.47741,9.68572,2.96856,2.04831,3.70823,1.41832,7.06146,3.29134,13.4889,13.463,1.78451,0.825765,0.14372,2.20072,4.47517,2.17807,0.763662,0.446778,2.59178,3.64127,2.2581,1.28929
31.0094,58.6767,58.9109,20.0315,9.04809,10.3301,14.1366,16.6624,13.2733,5.17359,0.343764,0.926308,2.07219,2.79957,2.13411,1.35773,2.37203,3.09156,0.337249,3.0406,1.90847,0.817981
30.5531,51.6786,62.0133,11.1219,18.087,5.35254,0.526868,0.662388,13.2135,0.592713,6.86886,2.2844,1.00771,0.503367,1.05749,0.43005,1.27129,2.0148,0.512923,2.15607,0.405233,0.02066
21.9882,12.0448,56.5025,160.768,170.017,92.7132,39.8444,3.30628,28.3453,21.4962,0.589266,1.00374,0.0220983,4.03595,5.21183,0.111234,6.85441,5.6947,0.598412,0.351331,0.00365308,0.781485
19.4975,30.2164,52.5649,130.293,39.0211,12.8553,9.87956,13.5185,22.5582,14.7474,3.70711,12.0777,10.0235,4.08218,2.79054,0.722453,1.6284,0.18108,1.65532,0.917284,1.29109,3.38852
12.0836,18.7615,2.52007,25.2797,16.3441,3.75568,1.1742,6.18142,4.59212,1.92369,3.23026,9.08373,2.36739,2.64194,0.246101,0.948054,7.37269,9.13811,2.29971,1.17306,0.326473,0.00414684
12.1388,18.8846,1.37535,21.99,17.6627,16.0189,7.23214,1.717,12.3131,15.608,5.32037,5.17111,0.329068,1.90887,2.45931,0.0809761,6.90713,7.42336,0.673969,2.08704,1.06425,0.0753787
0.717233,2.7371,3.55232,2.74848,3.28831,0.49856,2.64148,2.06295,9.15076,13.1464,5.93707,4.54042,8.40687,5.29664,1.25019,2.34622,3.48188,0.965221,1.93415,0.963596,0.335772,1.54735
1.29074,8.1227,14.8837,9.97491,5.31055,11.9371,14.1166,14.9799,27.5587,21.7048,1.37178,5.28935,6.17403,4.87449,2.25766,3.80669,7.91825,9.66018,5.42679,1.11742,0.829967,0.23954
8.76299,9.12762,2.12843,4.59042,1.03835,0.456848,1.4639,6.34599,7.85981,3.74145,0.133465,2.21811,4.64964,3.0858,0.322669,3.47112,7.18786,5.95484,0.242479,1.04028,0.400379,1.98155
12.3951,20.542,16.4931,3.11823,5.00913,10.0302,20.6425,30.2739,32.4808,14.965,1.81502,0.220165,3.0636,5.87777,5.28642,3.33034,0.536565,1.90373,3.72337,1.35259,0.916538,0.150727
13.1119,16.212,6.14662,2.20072,6.23117,0.887339,2.54726,1.82847,9.27994,4.70288,1.1076,3.65409,0.817675,3.07983,1.48346,0.755582,1.46113,3.75352,3.90051,1.62392,0.278986,0.803187
2.82101,4.8308,4.65611,0.823758,10.7804,11.6012,7.41317,22.3615,19.7915,8.67101,0.762909,1.91142,3.43238,1.47352,0.703009,1.27353,1.21164,1.88907,3.32165,2.12116,0.016386,0.345476
3.95734,5.68669,1.11095,11.1934,11.3902,1.96257,7.5836,14.5656,26.7254,21.26,6.04437,4.66668,3.8789,0.278951,0.364296,0.522844,1.81085,1.40092,0.545156,0.349867,0.0159006,0.0849512
6.62262,8.35525,0.625325,4.66322,0.0348176,11.0241,16.3277,10.3033,9.76921,3.18393,2.88591,1.42381,3.11357,4.46033,1.8007,0.734606,2.19722,0.625417,0.915369,0.593022,0.352352,0.457656
3.21085,3.21472,0.548752,2.5903,3.54881,0.0591774,5.37537,2.94732,4.86137,7.35303,2.72369,2.16336,5.19915,4.62981,0.840403,1.35974,0.306983,2.5547,3.44208,1.34725,0.476372,0.568668
0.513981,0.524361,3.15683,4.15,0.235116,2.00968,4.82924,7.03746,8.29904,3.17852,0.641677,0.19931,1.92073,2.87737,1.38975,0.0983089,0.735798,0.953799,0.883031,0.697473,0.0604424,0.923432
2.37994,2.02118,3.34348,8.84193,8.7451,4.45189,0.350995,0.618364,0.336931,1.56263,2.63386,1.03495,0.28788,0.552674,0.697066,0.400533,1.90681,2.33464,0.466376,1.45746,1.55582,0.981232
0.86928,1.37763,0.373214,1.73862,8.76665,6.09432,1.60976,1.28588,0.433533,1.95939,1.18922,1.65163,3.51821,2.99306,0.198415,0.107547,0.0554351,1.18093,0.111001,0.51149,0.712785,0.671047
0.414712,0.435044,2.74522,1.19802,9.85962,5.9925,0.764331,2.70398,9.29343,7.64601,1.19341,0.40508,2.10159,4.80753,3.72469,1.85234,0.168453,1.48914,1.02032,0.142643,0.858133,0.127554
1.61248,0.914528,1.92495,7.78797,11.3935,6.00434,2.4751,3.43946,2.89924,4.75496,0.872343,0.359597,3.01857,2.95298,0.784107,0.311824,1.64554,3.35248,2.39048,1.65838,1.12964,0.349655
0.494516,0.0240165,0.38254,2.56666,7.8044,4.82122,3.46002,4.2928,2.67106,4.69224,0.0290918,2.28037,3.23563,2.43362,0.0271259,0.854641,1.56636,3.81582,2.57187,0.538473,0.434629,0.363932
0.0712276,0.0932998,0.864753,1.17889,4.54321,1.84224,1.37402,3.76151,7.75128,5.36972,0.714464,0.864668,2.76054,3.70467,2.14249,0.771559,1.58017,1.35279,0.378912,1.14957,2.11819,1.66594
0.254852,0.229276,0.327915,1.0487,1.23793,0.259229,2.85957,3.6269,0.128637,1.66839,1.11587,1.32004,1.65043,1.8531,0.132012,0.915927,1.67163,2.43301,0.683785,0.163491,0.0248208,0.809414
0.134542,0.056753,0.0603025,0.972347,2.92381,1.35325,1.2933,2.22746,6.29842,6.43389,0.147575,2.40193,2.74916,3.88637,2.59002,0.116962,2.94689,4.46969,2.44061,0.745169,0.0109609,0.314117
0.00644217,0.0268822,0.0888001,1.77788,4.68056,2.25726,2.74777,3.14357,0.750471,0.266483,0.848661,2.75118,2.88885,0.654785,0.510211,0.269275,2.56495,3.39196,0.815081,0.0601675,0.0469359,0.0377256
0.251328,0.019739,0.0633392,1.89331,5.19424,5.43498,4.81027,3.90052,5.35826,5.17826,1.5779,1.76067,0.275542,3.35476,1.84683,0.190082,0.482487,0.297253,0.616126,0.555988,0.117515,0.242987
0.0610842,0.137409,0.0647694,1.63258,3.8634,3.92542,3.08276,1.82097,1.74549,1.38873,0.74583,0.0982719,4.36012,5.21377,1.86188,0.0744892,3.56004,5.21237,2.38415,1.18517,1.63488,1.50998
0.0196207,0.0991586,0.233835,0.614051,2.11184,0.706042,2.7997,3.84055,3.8118,2.88643,0.783939,0.896364,1.30573,0.145402,0.00745366,0.682475,2.49218,2.92954,0.970435,0.652596,1.03614,1.52406
0.163139,0.140209,0.13871,0.457674,0.0575297,1.57131,0.68748,3.10293,7.43313,3.57881,0.880378,2.76589,3.5768,1.55653,0.397115,0.338594,1.0018,0.990933,0.730671,1.13353,0.718703,0.0870634
0.0526808,0.324078,0.0980461,0.76954,0.837705,1.36158,0.473055,2.36459,7.57141,5.78399,0.53087,1.65486,0.846209,4.62729,1.88866,1.76215,2.10496,3.75019,1.50784,0.29667,0.594511,0.676226
0.0814466,1.31749,2.77429,2.70955,6.02674,3.11097,6.42853,10.4201,11.3405,8.18201,1.09583,1.09284,8.3369,13.9012,4.1217,3.21427,8.05425,11.2731,5.01303,0.202332,0.408319,1.73563
0.0293005,0.888159,4.30417,2.15319,9.62746,20.5299,15.4373,1.26665,0.57703,0.825306,0.108201,5.01265,10.5551,9.1346,3.64705,0.749581,10.1712,13.7927,5.83153,2.36177,2.05442,3.46947
0.426911,0.41338,7.34515,12.7514,9.44892,5.25256,2.17227,1.04806,5.92931,5.58929,5.98508,7.34575,6.3159,13.1627,4.83936,1.91816,4.62931,5.49787,4.27793,3.1687,1.4748,0.610884
0.178341,0.949219,7.93016,11.3866,7.01007,17.3418,24.7522,12.9464,9.13712,8.90998,3.10917,10.3126,1.08061,7.37224,1.16515,0.988163,5.82015,7.74787,1.68261,0.047133,0.640055,1.36966
0.586244,0.00330397,4.57955,5.80438,2.21121,12.1388,14.2914,6.86584,2.76114,2.27467,6.11137,16.8281,19.2943,9.56839,0.0304458,0.123319,9.77375,12.1828,4.07166,1.16774,1.89196,1.13472
0.087659,0.0712956,0.49845,2.93567,6.27949,5.51111,12.4022,6.71365,9.49699,7.94297,5.40399,11.8458,9.99002,2.49638,0.932052,0.471682,3.03417,4.98352,3.86242,2.14736,1.17012,2.8998
0.368241,0.53509,5.1238,11.8828,10.3084,8.3593,18.0764,12.5476,14.3873,9.81982,4.50569,7.94677,5.12105,10.2018,1.83849,0.586078,5.56316,5.55712,0.18158,1.42496,0.959,1.41835
0.373524,0.570104,7.57073,7.63933,6.67316,10.6745,1.60309,4.89109,6.05522,2.27677,2.77018,6.7376,2.56384,1.78853,0.752887,0.612177,4.40581,5.75098,2.22195,0.470023,0.277317,0.143019
0.0974483,0.582625,5.98423,10.5355,11.5865,13.3145,5.05436,1.76387,2.71458,2.97647,2.2352,7.2819,12.2804,9.05634,2.07005,0.152943,0.250423,0.192915,1.98343,2.01365,0.60685,0.771092
0.494014,0.8677,1.97625,0.184159,1.53277,5.74979,11.392,2.62325,7.70026,5.57877,1.23982,0.203635,5.90752,5.86396,2.52199,0.658999,2.65741,3.37174,0.792514,0.228407,0.274029,0.816024
0.160551,0.552679,5.10058,6.20833,4.3724,11.3782,10.4624,3.11527,10.4894,6.76132,2.30898,1.90532,0.763195,1.92289,0.0241613,0.196164,0.5901,0.0137621,0.253379,0.182783,0.69867,0.297338
0.640144,0.69139,7.47846,9.15342,3.16693,5.74561,7.78182,4.54971,4.83022,2.69648,0.944456,0.898199,0.615602,0.603982,0.127863,0.462101,1.50132,1.55534,0.0620747,0.494719,0.390735,0.0392783
0.462063,1.24768,6.06726,8.27807,3.34598,5.74753,8.95949,3.37183,1.71773,1.75463,0.449234,0.764136,0.549115,0.759601,0.532479,0.409336,0.0916043,0.565664,0.0641368,0.0809763,0.729286,1.05053
0.552513,1.51016,2.42435,2.26704,4.40677,6.13061,1.56835,0.556997,6.02792,4.99757,0.345497,1.13348,1.42465,1.00012,0.452309,0.0841423,0.469546,0.46319,0.119358,0.074179,0.363564,0.37343
0.896464,3.38678,8.36729,6.39469,1.15106,2.0725,2.72773,2.15202,3.58394,3.64215,0.985713,0.489093,0.198696,0.422124,0.257415,0.153757,0.56086,0.642964,0.197401,0.937005,0.482399,0.00630318
1.46555,1.16306,2.73643,6.14186,3.44083,1.33816,1.02795,2.95717,2.16162,0.29361,0.291192,0.499944,1.0651,0.887679,0.51623,0.0936438,0.0100786,0.456848,0.426185,0.423891,1.22048,1.26739
1.4293,5.88602,7.5881,3.09608,2.07105,1.88198,1.20332,0.204576,2.3075,2.3972,0.0528804,0.241828,1.3314,1.48571,0.536268,0.387862,1.96518,1.95388,0.332422,0.866034,0.532989,0.75485
1.06489,1.58308,1.37435,2.652,1.52583,2.52204,0.536431,1.24688,2.08513,1.17901,0.207809,0.970966,1.17545,0.139545,0.280743,0.106542,0.992548,1.67466,0.336081,0.410144,0.413865,0.844716
4.62325,11.783,11.8445,0.70482,2.32478,0.909747,0.0126503,0.289063,0.603398,1.07811,0.35397,0.287509,0.419035,0.219513,0.238464,0.413463,0.399561,0.246321,0.14986,0.408288,0.403348,0.0769554
4.10938,3.5462,0.0936516,2.29521,1.52499,0.686561,0.849129,1.65339,2.15122,1.74084,0.270029,0.171343,0.220235,0.457151,0.171506,0.311669,1.59528,1.73779,0.535797,0.300204,0.387609,0.271775
10.5259,25.459,26.1692,5.66902,1.17822,1.44085,0.334514,0.157057,0.450635,0.0289822,0.608924,0.335959,0.246531,0.018317,0.344007,0.144758,1.329,1.41395,0.275807,0.257222,0.1368,0.113384
3.39347,2.41862,0.510096,0.725429,1.21593,0.765594,1.19066,3.62607,4.4157,2.25444,0.038954,0.233547,1.32943,1.1198,0.0800983,0.0758456,0.664669,0.670151,0.840225,0.856596,0.0251109,0.11811
17.4483,40.8019,41.1426,7.19722,1.2863,0.251174,0.977191,1.72055,1.10806,0.292048,0.334472,0.486871,0.885111,0.740894,0.244832,0.163995,1.39991,1.7562,0.601141,0.461495,0.367508,0.476908
0.661686,3.46735,5.87846,1.80923,0.926522,1.40473,1.02144,0.866728,2.89581,2.04067,0.418315,0.870937,1.76874,1.65492,1.0182,0.236813,1.3551,1.7796,0.49972,0.0310116,0.0264337,0.145852
22.4922,53.1921,53.7114,8.74495,2.87801,0.290807,0.0066113,1.2691,1.66885,0.641417,0.531609,0.778409,0.489858,0.18123,0.165101,0.518302,0.70925,0.210342,0.115806,0.062314,0.144655,0.0889297
9.5252,19.0451,17.0022,0.349772,2.61584,1.13335,1.15895,0.856955,1.03666,0.258788,0.16773,0.416708,0.433624,0.131503,0.0861976,0.38502,0.955047,0.868717,0.148909,0.367807,0.0785974,0.275336
28.6039,56.8041,56.5342,14.3159,0.277691,1.71425,1.41578,1.40497,1.35898,0.104252,0.100036,0.261643,0.261304,0.0500051,0.105087,0.363913,0.985303,1.21356,0.662123,0.26115,0.253263,0.576573
15.5618,42.7769,44.8078,13.6019,2.69275,2.33616,0.289321,0.813758,0.0688284,0.538783,1.43356,0.171545,0.102118,0.418467,0.489933,0.525697,0.593235,0.827855,0.442258,1.36571,0.223994,0.0710639
7.67332,30.2658,75.4829,144.397,142.857,54.0559,14.6623,13.5602,11.2651,6.70676,0.82691,3.83357,10.8021,9.98998,3.4196,0.017727,1.19962,4.20124,7.62332,7.13638,4.55968,2.01422
19.0816,25.4642,66.7604,84.9401,8.4613,25.606,0.711724,2.1807,0.648465,0.24234,0.102472,2.91266,5.48527,1.28162,0.681915,2.54451,0.53779,3.61691,3.49858,2.02633,0.806913,0.147502
8.01273,27.0967,102.678,83.6588,4.19649,0.910189,10.3953,0.828127,8.1839,6.49617,2.13648,5.49641,10.6399,8.73683,2.65927,0.285374,1.7228,3.09115,2.51102,1.39874,0.499626,0.863305
30.8098,87.3141,101.221,26.1779,5.36731,10.1725,6.47723,4.48158,3.65965,3.73111,1.57763,2.60887,0.896739,1.80116,0.521396,0.130778,1.31578,1.56574,0.083023,1.03318,0.580984,0.501985
7.34028,6.56376,7.75975,21.0556,17.2786,2.54929,6.87432,1.18343,3.61515,3.97115,0.0503689,1.00437,5.5688,6.55414,1.54962,0.527823,2.1222,2.4009,0.91696,0.242875,0.360222,0.159211
25.663,49.9512,55.4311,23.2253,0.599898,3.42622,10.992,9.30864,2.46815,3.65924,2.23422,5.54214,7.94079,5.05665,1.50759,0.0676294,1.21176,1.14591,0.498233,0.593875,0.554625,1.49948
25.0643,47.1451,52.218,20.8825,5.17231,1.93465,9.32541,11.7237,3.95106,3.29727,2.36875,3.22621,3.82498,1.02974,0.724842,0.800911,2.54939,3.31066,0.950862,0.0315006,0.329514,0.303333
12.7309,22.9505,19.3528,3.79655,14.4449,12.0156,5.56859,0.144933,3.48688,2.2229,0.914722,0.0281294,3.60592,2.61526,0.940138,1.08639,0.239186,1.21141,1.28645,0.199532,1.25437,1.12499
30.8095,62.1679,60.3371,15.5995,14.7971,16.0708,7.34765,18.4624,16.9238,12.1799,3.66485,2.24737,0.0459611,0.73548,1.866,0.899536,0.0315837,0.183295,1.00179,3.02399,1.88713,0.155512
5.41064,11.1793,14.9819,10.5385,2.30636,4.20081,18.6273,15.8645,4.81528,3.25246,1.60037,6.89225,3.22266,3.02475,3.98449,0.768753,0.456905,1.32968,0.19873,3.41343,2.65928,0.140825
31.1552,61.4369,47.396,1.68687,9.04438,18.0166,6.19079,6.7361,19.8637,17.1089,1.51392,7.41333,7.17172,5.43414,5.69769,3.13195,2.08536,3.44409,0.911472,1.24448,1.73159,1.10278
25.0869,50.9185,36.2728,21.0143,32.9523,10.1068,19.6776,23.6228,17.9598,13.8716,4.95597,4.10371,4.08727,1.32821,5.09156,3.03801,4.94858,7.83953,1.65344,3.49215,2.19498,1.25182
19.4508,37.3444,45.4985,14.9731,19.0133,8.81611,25.7773,17.6623,9.95926,10.6154,0.585972,4.24149,4.22266,0.444568,5.7873,2.323,6.70094,9.38983,1.62162,5.29562,4.84883,1.18765
42.7404,81.6652,77.7353,22.6774,12.2704,1.44973,9.58822,3.26258,22.392,18.2669,4.72593,6.67392,6.996,6.20998,7.32399,3.12255,4.00261,5.94058,2.00569,3.34015,4.60256,2.05246
5.52619,12.9524,6.94544,7.15191,2.48814,2.30815,20.3632,19.8509,2.14755,1.08205,3.23175,7.94718,4.16492,4.21139,7.39573,3.66466,0.34002,0.272192,1.81384,3.99942,2.50704,0.101826
39.2463,77.1983,85.9516,44.1144,28.2065,2.85349,40.6056,21.5903,19.5133,19.642,0.811589,5.36106,0.521644,1.0806,7.18421,4.26472,5.0864,8.30045,0.800367,0.476956,3.10509,0.857721
31.1685,62.9769,77.5419,30.0329,14.2134,1.95516,27.9068,13.3419,11.6474,11.1101,1.54298,0.968276,2.30697,2.69218,6.85506,3.52921,9.52944,14.3842,0.663395,10.2956,5.26854,3.31642
19.8797,34.3796,16.5872,26.8464,28.3847,14.9599,16.8499,10.728,9.66562,10.9913,0.376164,3.62561,2.39733,9.01594,9.47051,3.13066,9.44108,12.8825,2.51258,14.8428,10.9893,3.51536
45.5683,87.8134,77.3443,13.1247,10.4682,32.3605,51.9184,24.4008,21.8483,21.1251,7.30606,8.48099,6.27366,4.95528,7.70567,4.7326,3.57614,3.44403,1.79385,1.82838,0.60161,0.590935
8.93207,19.2611,28.0545,18.7954,4.92976,19.041,43.6875,27.8495,0.588565,4.10976,2.78354,10.892,12.0886,3.20324,4.09984,2.57999,5.71906,9.83897,4.09022,2.46605,1.03241,5.77264
43.1372,76.7289,46.8021,20.7146,1.49155,15.4694,8.71852,1.85868,19.2211,17.2066,0.373936,9.26338,5.98908,3.56453,5.60237,1.25588,12.8074,17.1813,3.99283,0.172474,7.2915,7.4965
38.4659,69.8791,41.8745,33.4872,35.4175,34.6035,48.3889,21.4499,16.165,16.0688,5.27021,3.76898,3.2515,9.63816,7.41233,5.09068,13.363,16.0792,0.10037,6.2016,4.43788,6.77695
19.1323,36.0267,47.2919,18.734,14.4109,30.9973,46.1765,33.7638,9.34521,3.88743,0.886849,2.44731,1.96784,0.826217,3.92066,1.21402,4.01227,4.93843,7.25137,18.5746,7.44339,8.19106
47.7449,94.0569,85.7771,21.1728,13.2645,6.04657,7.66194,18.4492,22.1843,15.8291,4.7749,4.51651,2.96597,6.09924,0.875722,0.0644747,6.96697,9.0807,9.25636,10.3314,0.0511283,7.89686
13.3611,25.1089,9.91397,21.1705,12.4942,13.0672,26.02,10.0654,9.15247,7.20566,3.96451,10.0828,3.84156,2.91663,2.27997,3.09363,13.3613,18.0272,7.64848,2.40776,8.93917,6.92592
45.1247,87.4856,101.473,52.9737,17.4952,8.84574,30.5488,31.2184,13.2167,6.35678,3.14518,12.2909,14.4205,8.79737,1.89207,2.04196,12.5276,17.0965,5.33871,1.61631,3.66111,8.86439
42.4084,83.39,97.9025,37.6253,4.41121,8.37565,18.509,26.8531,21.5526,14.242,4.76718,8.3741,10.6656,6.07539,2.6092,0.897912,3.49296,4.29112,4.66377,3.67245,1.06504,2.54056
12.7529,26.9578,15.503,23.8814,30.4808,16.1744,9.25086,8.55914,7.27352,4.38157,1.9429,3.4442,4.42966,7.87167,3.11673,1.48295,7.63528,9.31659,10.3794,13.7714,9.52154,2.35977
49.2302,95.9923,90.9036,24.6237,22.0224,24.7048,1.70051,12.0032,13.7449,11.9586,4.16519,0.387134,0.532084,0.474185,4.18553,6.04572,14.9583,17.4337,12.6523,15.8616,10.6747,5.51711
12.0086,32.1631,49.3159,30.4335,2.91629,4.21733,26.206,28.4409,16.7057,12.1272,0.988615,9.24888,3.46536,0.145656,5.10196,3.5743,5.0922,8.56718,4.63353,0.361245,2.26388,2.87976
39.2731,72.7086,43.3551,26.6933,11.9613,30.246,54.6017,31.5953,0.191236,3.49896,5.18293,13.5519,4.34621,8.59536,8.36215,1.32998,3.4886,2.73164,3.74345,8.33786,8.79834,7.00607
40.096,78.019,53.4155,22.7821,26.6905,27.2645,27.7387,0.823362,21.6709,16.075,8.72218,14.9766,10.0107,7.252,10.4434,5.59164,6.94462,9.98004,7.87002,4.15309,2.85681,3.09025
12.8966,23.8299,27.6133,5.93433,14.6206,4.19189,30.7533,22.6536,18.0668,14.5593,3.45395,16.7129,18.4528,5.39335,8.39308,4.40957,8.14498,13.0243,11.6185,6.47772,2.48569,6.05809
50.5599,97.0612,79.6914,9.23945,13.0827,17.6939,61.0952,34.3881,0.264994,3.60341,3.03184,8.996,5.11091,4.56205,9.00904,3.59808,3.94336,6.61779,5.56813,10.9619,13.3519,10.2914
21.3828,37.251,14.4696,32.1449,31.1625,3.82086,26.5395,12.9664,23.0465,20.1702,5.19089,0.437616,13.7107,21.2378,14.4989,5.03989,0.790525,0.603589,1.97193,4.83744,8.02937,6.66945
36.0757,73.239,89.1625,44.3587,3.69559,20.4455,18.7847,10.8937,19.0712,16.4308,5.00156,5.00667,2.8368,6.19541,11.9867,6.07626,6.74925,10.7306,8.26323,10.8351,4.89268,5.38294
46.8786,88.8902,93.9713,31.8976,2.28361,10.0575,38.5795,23.8325,3.09032,4.02953,4.14091,4.77858,10.8072,8.96598,7.66433,5.62499,8.74909,13.2734,10.4364,11.1185,4.3731,3.51405
9.33727,14.8394,9.99949,9.43401,22.993,6.6697,31.4794,21.9243,17.8336,17.8976,2.61657,12.2235,9.396,2.84743,10.3763,4.51232,3.21235,5.44522,5.73944,0.388284,5.90075,1.87625
51.3837,98.773,98.3775,38.1343,31.0281,17.3436,13.9842,11.3291,13.361,13.9476,6.06521,14.2321,23.4201,21.942,13.7405,4.54273,4.30353,5.7305,0.264941,0.352644,1.08363,1.59752
25.8901,49.991,62.4727,23.7974,17.1397,17.8532,5.32883,0.210666,9.18424,5.89459,0.985374,3.845,0.0300876,8.22371,9.2003,3.76135,7.1618,11.9531,6.07839,2.72472,7.34387,4.79749
33.5814,61.1532,36.9136,30.2896,28.6998,12.5446,24.9742,13.8903,22.3348,20.798,1.0382,1.86805,15.2885,11.7552,5.19776,5.17912,4.2765,7.59993,6.67793,3.64454,3.06843,6.72731
46.7637,87.1304,65.3785,7.0169,6.95842,14.2171,38.8414,24.7725,11.4728,11.5672,0.295151,3.22091,0.529127,0.692415,5.18908,2.02337,0.619853,1.08726,6.62056,12.206,5.46172,1.71059
0.890135,4.76244,6.85696,0.0983382,5.58255,15.3986,38.0608,26.0479,13.2797,8.36399,3.53981,5.37627,9.97201,15.6437,5.86238,1.70508,4.26447,5.9057,2.64513,1.24211,0.942695,4.98091
43.5586,83.9232,64.9323,0.123589,9.06929,8.6196,1.59938,5.9372,24.1123,19.4976,6.26786,11.5138,12.2355,5.26303,1.29764,0.107359,3.39975,4.41718,4.81958,8.97934,8.05769,4.06575
30.6674,50.8276,26.6323,31.0759,35.0319,30.4723,36.6697,17.3349,11.0525,10.8891,2.51059,13.9719,20.4984,14.6805,4.25965,0.184811,0.151237,1.5173,5.71205,7.71335,4.26972,0.898217
26.2701,50.0006,61.1673,21.5253,16.6238,33.1912,42.5824,29.4733,11.769,7.55896,2.68941,6.4214,4.54223,10.5184,5.54234,1.29939,2.09786,3.03234,1.94951,3.65114,3.71396,0.0397401
39.143,80.3648,80.4334,31.3363,21.7964,18.2821,21.7636,23.4434,25.2942,18.3201,4.75437,1.88282,7.32961,6.89289,2.04838,1.26501,1.44096,3.04691,4.60172,6.1894,2.90769,0.6541
4.79007,5.45105,0.717825,11.826,13.8928,7.16888,2.95136,7.71429,16.9315,12.2917,0.573176,3.92361,10.2297,7.39551,1.85325,2.36012,0.61736,0.713845,3.37392,2.85253,0.450473,0.0434406
35.6149,71.7805,78.337,29.147,2.79099,0.122611,8.93345,9.68094,5.16337,3.39713,0.99635,0.148271,3.89043,5.6808,2.2386,0.083725,1.24999,1.83643,0.94976,1.25859,1.17976,0.0167458
31.0845,58.2077,65.6872,26.2854,1.43172,11.2934,14.7113,15.6567,18.9372,13.1801,1.02999,4.02648,9.80903,7.93729,0.85068,0.195211,1.99831,2.91676,3.16415,2.60758,0.190756,0.592887
12.9009,25.4217,15.2232,17.9278,22.0621,14.7549,13.9422,15.8385,20.8021,13.8198,1.4582,1.07698,2.01694,1.81185,1.20609,0.395219,0.444324,0.82911,3.53192,4.15141,1.2763,0.167163
41.6149,76.7475,67.8251,17.8694,17.7495,15.4083,8.12421,7.4886,6.91397,4.58249,0.0943336,0.100499,4.80888,7.02199,3.83278,1.35905,1.25671,1.2367,0.986921,2.163,0.684739,0.395207
12.5832,26.1275,31.2097,4.82907,18.4472,16.7727,8.36266,0.464911,8.02929,6.03245,1.01201,0.121566,0.0659635,1.22386,2.46467,1.18091,1.06961,1.75709,0.99324,0.201791,0.0945367,0.410321
27.9066,52.2313,38.4709,15.5295,25.6275,16.6875,11.4065,0.889144,11.7004,9.27225,0.40984,2.08297,1.77214,1.96971,0.990291,0.73442,0.732097,1.57353,2.02911,2.0357,0.46785,0.41423
34.8757,62.068,48.0925,5.81435,11.7603,11.0507,5.00956,1.01844,6.49996,4.93731,2.36968,4.14827,2.75335,0.300063,0.902723,0.407195,0.280181,0.829422,2.2243,2.58928,0.157719,1.07953
0.555963,1.25466,0.633274,6.66841,12.0977,3.41582,1.11286,4.61711,3.93534,2.50096,1.76171,4.3266,4.10034,1.41547,0.16786,0.0290092,0.200505,0.331615,1.20237,1.9831,0.271249,2.04737
34.1616,66.3806,54.0633,67.7017,105.402,21.1663,18.5865,14.1669,6.87139,4.33368,17.2894,22.3321,11.0079,0.135858,1.42853,1.79927,5.85838,6.81018,1.02933,3.17724,3.02338,1.79615
13.5,29.8653,26.4535,29.1547,77.0079,66.6324,19.2992,6.35036,1.79935,6.67315,4.3877,8.06579,0.993115,9.42828,5.03317,2.90761,7.26464,9.90419,5.83468,3.33581,2.55441,0.274218
0.746514,12.3248,40.1674,19.3628,10.9576,0.264503,4.10113,2.67539,3.65817,2.92315,1.80529,3.68925,1.28681,2.43614,0.411757,0.473155,0.971337,1.37686,0.66178,1.63428,0.445519,1.00986
17.5216,31.3064,41.7581,21.4584,2.09917,6.61757,9.0912,4.20096,5.4018,4.20514,0.866682,1.07382,5.55598,5.11801,0.478002,0.142479,7.10638,9.61567,4.14987,1.90426,1.44163,0.955074
28.8252,45.6071,28.8119,6.47568,4.2399,3.33637,3.13139,2.69307,8.77905,7.45346,0.742298,3.74595,0.531563,2.6859,1.77161,1.33519,6.83119,8.42087,3.40386,1.30423,0.0704583,1.31194
1.87628,3.13592,7.94083,1.33037,7.31973,3.89105,8.12519,0.710003,5.60713,3.40415,3.24255,8.09891,9.86054,6.24063,2.34076,1.04731,1.04367,0.783405,0.104297,0.650487,0.0988981,1.10843
2.78746,7.21169,9.24448,2.00537,3.13332,3.03933,5.0857,0.994364,3.49566,3.34455,4.33473,7.71743,3.55329,0.710971,1.04205,0.523655,6.65018,7.7004,2.29776,0.740976,1.08216,0.397251
3.12517,3.30339,5.8037,8.18101,10.6564,15.0189,12.404,0.561305,10.7957,7.59431,2.95884,7.41172,0.117858,3.63347,0.429107,0.340663,3.68625,5.15069,1.82676,0.633751,0.415146,0.59884
2.7361,0.327899,0.61491,1.05398,4.87202,12.3081,9.64089,0.557598,8.61919,5.99568,3.68897,7.95998,6.89734,1.44503,1.14653,1.27449,2.26756,2.49252,1.00554,0.776076,1.08423,1.36436
3.41254,3.96115,7.71648,9.31765,2.46685,9.33823,11.6155,3.41969,0.09464,0.0908153,3.15652,6.47902,5.17843,2.09866,1.25451,0.0895305,4.17976,5.01827,1.28441,0.0585959,0.526346,0.564227
1.74353,2.03076,5.67151,8.26789,7.84348,13.7342,15.331,4.56694,3.75149,3.50511,1.64684,3.29402,1.6888,3.38138,0.935608,0.141434,1.22799,1.90733,0.767153,0.22488,0.916682,1.38888
0.973254,0.536509,0.462415,5.01247,6.29934,2.26706,2.38971,1.25507,2.96221,2.87259,1.65333,3.04427,2.84303,1.7223,0.828023,0.51493,1.12688,1.31105,0.42779,0.0382837,0.265888,0.207041
0.276099,0.303588,5.97595,2.74233,8.1208,2.96868,1.60363,0.110024,2.20866,1.11454,0.532091,0.888216,2.01799,2.31892,0.78396,0.45969,2.15967,2.33914,0.511982,0.185484,0.178758,0.610664
0.312345,0.469599,5.58659,13.64,17.5867,15.6479,10.4978,3.52337,1.30064,1.25208,0.575091,0.241826,0.937719,1.02601,0.371637,0.0742583,1.7234,2.63992,1.41302,0.330716,0.173564,0.371484
0.392967,0.523895,1.99685,3.53273,12.8693,10.7355,4.68542,0.859677,1.43432,0.84263,0.263742,0.600434,0.821436,1.13301,0.0811898,0.226691,0.699032,0.909041,0.141093,0.00620354,0.253492,0.449497
0.0100036,0.634612,4.1223,0.394484,9.65418,4.0671,2.73463,0.814622,0.409379,0.00941066,0.956596,1.60279,1.24701,0.032505,0.814075,0.60129,0.972669,0.919154,0.159505,0.583715,0.324753,0.309112
0.473528,0.410531,4.28676,8.93364,9.55122,3.24663,3.00226,1.05147,2.56951,1.85836,0.815303,1.96658,2.41164,1.84006,1.2933,0.231429,1.64448,2.01742,0.4087,0.465125,0.799073,0.138986
0.157779,0.147599,0.929844,0.0684104,2.2481,0.173274,4.18328,2.42661,1.72683,2.06351,0.345471,1.73176,0.846351,0.587335,0.702824,0.0316347,0.513542,1.46344,1.00331,0.439812,0.245079,1.1873
0.0783755,0.378862,1.72469,2.10086,1.41276,1.69684,2.56798,1.99532,0.826274,0.512938,0.221713,0.5503,0.507925,0.287813,1.09703,1.0399,0.203079,0.458707,0.487951,0.238694,0.00674976,0.348387
0.391227,0.205033,1.102,0.551038,4.37055,2.74302,0.0487992,1.08812,3.22605,2.71257,0.297101,0.223623,0.321155,0.13389,0.905882,0.420583,0.0555638,0.0154558,0.385796,0.738293,0.543983,0.292123
0.0643037,0.0140282,0.120831,2.97497,7.54741,4.8583,0.490268,0.407778,2.02535,1.71805,0.442512,0.493707,0.365285,1.41914,1.27781,0.236038,0.176954,0.35712,0.641342,0.646552,0.528182,0.692558
0.227006,0.0300535,0.310935,3.49999,8.06907,5.23714,0.372612,1.51938,1.36732,0.881576,0.674734,1.53867,1.68317,1.45485,1.52591,0.867288,0.349345,0.943672,0.596829,0.137296,0.172055,1.06892
0.20945,0.266506,0.0351389,2.34562,6.22999,4.21591,0.53676,1.0941,3.20153,2.54804,0.277833,1.70358,1.55246,0.174799,0.773028,0.38104,0.649368,1.05685,0.61215,0.192479,0.00299398,0.46896
0.0843563,0.14314,0.178562,1.39726,2.99592,1.77052,1.08156,0.256893,2.02182,1.44482,0.437012,1.18006,0.792904,0.489186,0.654906,0.124054,0.986936,0.98191,0.384477,0.110077,0.364514,0.741582
0.0602566,0.00649815,0.0706437,0.384352,0.358564,0.251793,1.33445,1.21388,0.419879,0.246574,0.319578,0.68284,0.368741,0.0226243,0.230324,0.216912,0.0730861,0.073772,0.268054,0.166459,0.858737,1.32454
0.104162,0.09312,0.142856,0.464537,2.07603,1.02385,1.87857,2.49504,2.73138,1.86642,0.051262,0.215489,0.194109,0.2918,0.173939,0.0693298,0.230304,0.718136,0.712655,0.63575,0.127284,0.351165
0.121414,0.145774,0.0392704,1.19996,2.81203,0.554366,1.88293,1.74423,2.28862,1.60369,0.255105,0.902104,0.651928,0.24668,0.225132,0.0262683,1.31854,1.84597,1.0059,0.828361,0.852953,0.673979
0.103946,0.0201224,0.015292,1.0475,2.50965,1.48622,0.676007,0.575974,0.166792,0.0379931,0.59606,1.62435,1.1598,0.405681,0.109779,0.20312,1.13166,1.48202,0.49999,0.0422619,0.0104097,0.070152
0.132004,0.67486,1.36496,4.79333,2.22197,9.24833,2.20331,8.90328,13.1772,6.53084,4.51673,8.60868,1.25595,7.37874,6.73776,6.84651,8.52558,4.39719,0.681834,1.67135,0.698752,0.65848
0.12951,1.27471,8.18783,11.3725,0.666875,11.8015,6.77407,3.40283,16.7624,15.0948,4.1109,12.3007,2.50036,11.8158,4.23806,0.81969,5.70498,6.77682,3.75012,2.58399,0.983609,2.83153
0.373166,0.0697426,5.22347,9.63705,9.08913,11.2997,8.18877,0.358254,0.909429,0.792851,5.11613,14.2295,9.6408,2.40134,1.76968,2.2118,9.3106,12.3643,5.75133,2.33189,2.15799,0.531776
0.157264,0.320255,0.196954,3.79796,7.12621,1.71145,4.46312,4.30129,15.959,12.6055,5.55414,13.5355,17.5058,9.62849,0.432537,0.219978,5.60811,6.70447,2.45331,0.861339,1.75913,2.87619
0.132269,0.140167,4.93584,2.74244,4.7827,4.90884,6.57734,3.49532,16.7397,14.7874,0.63532,5.97354,1.31169,1.5691,0.46715,0.0411251,4.07653,5.35569,2.76275,1.01673,1.16179,2.71646
0.0968981,0.857771,7.52654,14.391,12.422,10.6086,11.8127,6.45991,0.0126361,0.121053,1.26812,0.163045,8.2962,8.63342,1.00792,1.4252,9.95497,11.9012,5.96813,3.6953,1.25396,0.945188
0.352476,0.603401,6.89331,8.26586,4.38946,19.8921,19.1834,10.9658,15.6689,12.35,0.378147,1.33475,3.04032,3.29262,0.567243,1.43619,3.5075,4.98471,3.28111,2.46957,1.59406,1.57659
0.117819,0.303515,2.73447,4.24644,2.16864,0.336242,1.91383,4.02617,17.5522,12.9369,3.21251,2.75099,4.55671,8.01884,2.39684,0.947906,5.13052,6.18001,3.11496,1.78097,0.433326,1.73392
0.246523,0.339714,3.23683,3.69811,4.53967,18.7951,21.2293,5.33822,6.10738,4.0315,1.93359,7.61604,10.4452,7.31259,2.84715,0.0257882,5.50106,7.40796,3.7746,2.05809,0.491836,0.52301
0.403469,0.464836,6.94793,12.8289,9.30253,8.17934,10.4937,7.87441,7.53586,5.87069,1.57993,6.1749,5.58501,1.90134,1.14329,0.866089,0.757403,1.47092,0.928809,0.614781,0.121694,0.00503705
0.214799,0.881771,8.54803,7.7909,0.850863,4.54425,4.65303,6.89339,13.9773,9.61922,3.78206,3.47576,2.55069,4.07825,0.226568,0.93163,2.2394,2.49231,0.819907,0.47178,0.276756,0.507033
0.559998,0.0698903,2.58253,7.73454,9.45885,5.75786,2.89677,5.34051,9.74212,6.60033,0.419419,4.20602,3.99511,0.860544,0.575348,0.146887,1.50985,2.28319,1.26669,0.684482,0.314166,0.00792465
0.43752,0.395175,3.95402,7.89079,11.0612,14.6283,10.6259,3.97866,3.24089,1.25112,0.340202,2.20609,2.42204,1.60186,0.546987,0.00510977,0.491994,0.818013,0.151372,0.236685,0.177383,0.195327
0.356395,0.555346,6.47013,5.63214,2.36993,0.198711,2.73087,0.770122,0.815406,1.17532,0.969499,0.925652,0.0881293,0.374304,0.148563,0.0771512,0.0336841,0.0195489,0.057551,0.0212049,0.444568,0.72812
0.991763,2.30907,31.2042,1.0339,76.7714,32.4155,40.7103,33.8135,10.4794,0.932219,8.85548,10.3938,3.3498,5.62365,5.52102,6.73012,0.690796,6.46319,6.73515,1.62896,3.77306,3.30506
3.22137,2.66298,62.2506,201.668,204.477,64.307,7.3752,4.40828,4.52108,1.61655,4.90596,16.8466,13.9914,0.777631,2.20342,5.29887,3.56098,1.38413,5.02137,1.9237,0.932769,2.84153
2.09565,22.274,110.132,131.51,35.8025,8.00172,4.01754,5.07816,1.19415,0.826287,1.52356,1.22513,0.723047,0.107745,0.0797251,0.455483,0.325813,0.938849,0.506081,0.250912,0.567472,0.433463
0.986841,40.1241,69.6768,21.0137,11.2254,4.81102,3.40437,0.287749,0.536704,0.318126,0.470867,0.0784057,0.459686,0.560915,0.651073,0.769947,0.597572,0.0116385,0.248161,0.0558966,0.0775336,0.16061
14.359,36.6011,39.2278,2.21647,10.0155,2.87131,0.221574,0.0415849,0.16972,0.280752,0.110066,0.178796,0.259079,0.0140545,0.11415,0.43412,0.83613,0.661091,0.188272,0.0452873,0.170224,0.0754273
14.3767,14.892,6.451,0.891886,0.241902,0.727053,0.536925,0.0621326,0.162697,0.367581,0.550202,0.785409,0.666292,0.273467,0.0113503,0.0463418,0.0968013,0.00988855,0.0471877,0.0394626,0.116297,0.279897
8.77228,7.67713,3.56174,0.99945,0.12774,1.8155,1.25538,0.480244,0.29534,0.0629263,0.389717,0.541253,0.00432006,0.244894,0.00478515,0.090616,0.504694,0.815765,0.283966,0.154327,0.0828504,0.194406
8.60846,5.80592,3.67583,7.25401,2.44224,0.477227,0.254994,0.518441,0.3823,0.345458,0.38592,0.500442,0.197487,0.102561,0.237383,0.286349,0.545461,1.09073,0.26906,0.0936226,0.346958,0.591104
7.07035,5.56906,0.437304,3.23527,0.371689,1.11521,0.0701207,0.0929046,0.285432,0.060354,0.0964141,0.309274,0.565571,0.392148,0.101814,0.110778,0.917405,1.10527,0.400374,0.0238251,0.12914,0.232181
3.42835,3.64615,4.04526,2.18482,0.721331,0.726622,0.133894,0.0740626,0.498286,0.387335,0.0211034,0.0887888,0.353397,0.586074,0.307541,0.028807,0.256597,0.106126,0.144402,0.0119505,0.0684428,0.0718076
1.50399,1.15672,0.245211,0.448833,1.08324,0.509236,0.161055,0.389063,0.38308,0.124227,0.149514,0.424123,0.552356,0.371829,0.112194,0.182693,0.65919,1.06285,0.71458,0.485125,0.244121,0.205574
0.247388,0.426711,0.227574,0.408125,0.774193,0.581529,0.0762733,0.101834,0.0964038,0.0425333,0.25074,0.445921,0.114836,0.0968766,0.157326,0.269895,0.679736,0.899971,0.336605,0.275963,0.523082,0.618832
0.239343,0.0379723,0.11181,0.206422,0.37417,0.191708,0.0886113,0.129027,0.110617,0.0920876,0.0807324,0.263083,0.319822,0.0827735,0.0295684,0.072524,0.23254,0.321262,0.288453,0.152597,0.0868548,0.0878715
0.103136,0.0715823,0.00265014,0.0742531,0.0580597,0.183111,0.180104,0.0284207,0.0358726,0.0262524,0.123171,0.0897154,0.118657,0.285711,0.164451,0.00455941,0.0935416,0.0634554,0.318227,0.408824,0.089517,0.241184
4.51503,5.10857,25.3223,19.6395,46.6107,21.514,31.621,6.04226,8.58329,1.9925,1.25442,2.63934,0.79354,4.31559,4.3597,4.91935,2.45592,3.22296,0.527431,0.424763,0.700662,0.489314
0.373298,4.70365,41.8512,128.195,144.421,81.6207,10.8541,3.52919,15.3902,19.6575,16.9236,8.80735,4.83612,10.5448,4.15926,5.72304,5.15508,1.26898,0.265843,1.49535,0.638275,1.99884
0.640141,19.5909,79.7412,108.125,39.5956,14.7388,8.05092,6.10576,10.3574,8.35084,4.32404,1.0692,9.27363,7.16336,0.392971,0.331587,2.32861,3.0423,0.853565,1.9467,2.65859,1.00144
2.09613,41.9304,92.9822,48.9939,5.917,13.6145,3.63068,6.11832,6.65521,4.63888,0.766989,0.744957,4.75842,5.39416,2.3116,2.12906,3.84833,2.42871,1.5267,3.51158,3.75646,2.43091
13.9269,37.6697,39.7596,0.823596,16.5193,8.5759,3.02819,7.41049,4.60107,3.42018,2.35524,1.37275,7.73953,6.04967,0.740681,2.90821,4.76535,4.57973,0.625759,0.364125,1.23581,0.0570101
14.2582,20.5612,12.0331,5.61758,7.65134,10.9694,13.8566,8.71054,5.49245,6.6966,5.40622,2.62249,1.51958,0.666712,1.03705,1.90823,0.0895195,1.67031,1.00653,0.878042,1.2973,0.700178
0.982801,2.1785,2.29495,5.1501,16.7895,15.6847,1.42524,4.60629,0.0410122,4.19227,6.41682,4.31852,7.23179,7.19483,2.822,0.861391,4.78254,5.98707,0.92984,0.116595,0.395804,0.432898
12.7514,25.2814,33.9368,17.0366,0.178505,5.07683,8.63269,2.22294,7.16317,9.99254,10.1799,5.93669,3.94169,1.87255,0.896056,0.241349,2.47627,2.09862,0.954298,1.76708,2.38477,2.33839
11.6804,26.5814,30.2546,9.68077,1.30142,8.64564,24.6068,12.0118,8.52847,10.9258,9.06109,4.31114,0.8089,0.137965,2.03346,0.919597,2.99583,2.83525,0.311992,1.87459,1.23814,0.19178
1.58128,2.39477,9.93927,9.75401,18.8646,19.5986,7.2431,15.9556,7.64342,2.05753,7.52786,2.58973,3.5438,1.80593,1.36758,0.7379,3.77436,4.59452,0.238199,0.998538,1.6236,1.50995
18.3308,25.3462,20.029,11.7215,17.0863,14.8768,15.2455,1.29695,21.721,11.7764,6.30723,2.88937,8.28193,9.3468,2.44885,0.882704,3.86631,5.78132,0.812663,4.29034,3.40352,0.119908
29.4673,45.1805,26.3337,13.3406,11.4717,14.8189,33.5608,21.1649,8.26696,4.95095,7.3399,4.67935,4.51099,5.31798,0.246514,1.96214,2.33758,5.19326,1.889,2.32568,1.91715,4.30763
29.1285,45.96,30.6855,10.1101,18.0582,4.5083,17.9014,22.3213,15.3156,12.2145,9.1858,6.58368,10.1356,9.91002,3.73453,3.37514,2.4137,1.10694,5.21554,8.36585,4.51484,0.418955
7.5823,13.6252,14.3775,16.3488,20.7628,7.63487,4.59588,2.56096,13.4935,15.7938,9.38823,2.02018,6.64977,5.89219,1.96045,3.73063,0.954954,6.64503,9.4233,4.14382,4.29596,4.40254
29.3093,32.9718,8.91074,0.663697,35.7428,45.8156,42.2136,29.4047,6.29251,6.25808,10.535,3.47605,8.55004,8.92831,1.16972,4.62452,2.22664,5.64301,4.31288,6.09786,3.90923,2.96371
47.1368,70.5377,58.6377,0.243702,17.6744,11.3001,21.0044,22.0977,16.5122,8.74806,6.94656,7.23554,10.0537,10.8626,1.15771,5.88538,0.296641,0.750009,3.89815,2.54897,5.06301,5.81878
46.295,78.6832,74.1241,22.5465,14.295,16.703,5.42166,0.416633,6.7278,3.07179,7.29097,5.4256,4.91085,2.73729,2.06162,5.93904,0.188542,3.68021,0.770962,1.66526,1.84551,2.72902
13.103,20.436,1.07488,13.5038,10.5333,27.2399,33.3317,22.1404,11.5307,12.1012,8.68768,2.19201,5.96641,6.81773,6.18792,7.95051,0.172534,8.07636,1.60393,6.25271,5.04815,4.5794
24.8353,47.8976,53.4494,31.3986,19.2442,17.6325,35.2097,32.2538,20.1586,18.1935,8.67815,1.16664,3.29954,3.32683,3.45694,9.38945,6.63016,0.367753,3.32353,8.87081,5.99797,4.5584
75.2384,92.4139,45.5549,27.1935,36.1039,31.9911,25.0247,16.7706,6.5084,4.11258,6.02399,4.24479,5.8522,6.66647,2.54244,8.86056,8.94925,11.0052,12.5666,9.36773,3.22447,0.0966469
62.5744,84.8164,43.762,7.15905,13.2203,0.237825,19.9411,14.0138,11.7282,5.2912,5.57487,5.0435,0.525343,0.756906,4.73197,9.21407,10.3766,13.452,12.4621,10.3951,7.1692,1.67214
17.669,40.659,55.1719,24.6086,13.5613,6.90709,31.6918,32.259,16.3396,8.54621,1.72935,1.95516,0.45403,1.26775,5.16998,7.98469,5.42837,1.7318,0.473933,2.50362,6.45189,2.50325
25.044,31.7726,2.9068,20.1636,5.03988,25.4967,39.1365,24.6834,1.88787,6.90568,4.78783,3.79482,7.18311,7.28813,4.12321,4.71301,1.8278,10.6143,10.0549,1.94422,3.67225,1.11427
69.9217,106.64,100.834,23.8487,14.3853,8.82933,3.06324,2.91658,17.3835,14.0965,3.73779,0.392008,4.47369,4.88688,4.398,4.26691,4.54508,11.8389,12.564,16.2138,15.596,9.55502
71.0574,108.516,98.7326,40.6328,34.0928,12.9484,23.451,21.8197,9.87088,8.31885,5.03769,0.212542,9.43996,9.8189,0.259727,2.36234,4.25862,5.13124,6.65317,6.11635,1.36729,1.19467
36.6663,41.3838,4.88216,33.4261,28.0316,1.19837,41.305,27.2705,7.5368,7.51454,1.18599,4.13592,7.35965,4.40333,2.32663,2.17155,0.519396,2.45582,0.756065,11.6312,14.4314,9.98543
23.5574,36.3277,42.1861,18.2209,8.48744,0.380346,28.9096,18.5563,10.5085,10.8709,3.14118,0.529288,13.9827,15.3232,2.76568,0.445617,4.83704,3.37338,2.84246,0.542205,1.3279,5.86942
62.5425,83.7922,38.9206,20.7889,5.51573,2.58597,4.65952,4.29062,2.36919,3.78333,1.65412,2.01679,9.09797,9.04615,1.4134,0.54317,6.69551,4.77104,0.538124,0.381142,7.14312,8.95831
68.067,96.882,62.134,1.60266,9.53312,0.209295,34.8081,26.5466,7.56241,8.88326,3.19184,6.86756,18.6558,20.0869,8.38371,2.16667,5.47122,8.16967,9.7514,11.3087,1.08901,7.76261
43.4415,63.6301,68.8439,27.4928,7.47769,11.0754,43.7562,23.3891,9.84103,5.34547,7.73306,1.84088,8.20176,7.75244,4.00332,3.87301,1.61857,3.95048,10.957,13.3098,5.45329,5.19163
14.9748,18.3554,7.20355,11.2632,25.92,17.8005,14.4124,16.2682,7.96922,12.8479,12.9717,3.51515,14.219,16.8333,2.76582,5.90397,11.108,6.26924,5.79945,1.29642,9.26325,6.21576
60.5154,97.4202,101.075,47.2189,13.0754,5.32249,0.642904,0.0814437,14.5802,15.8988,8.91823,6.51583,10.7635,10.4225,0.06276,6.76982,11.5303,14.4589,7.02707,5.69755,8.3527,2.50334
77.4971,107.821,82.2571,9.94515,17.164,37.1844,42.5362,17.7669,8.36966,12.5182,8.44963,6.27009,15.6947,15.3159,6.49273,6.4659,4.9322,8.06885,10.7743,12.4561,12.4733,6.46882
47.9442,53.9497,9.03843,30.8883,26.1893,17.4275,23.1068,31.6199,11.0959,0.439158,8.55426,2.59485,8.67763,7.33375,5.32398,8.03653,1.3977,2.34166,5.74654,3.42097,8.35301,6.95546
18.1086,21.0837,14.9982,1.79858,1.643,24.7646,26.0777,17.9636,23.0224,11.2114,5.9569,2.32021,23.4453,22.0139,1.32082,9.8098,3.98241,14.8531,2.96891,12.353,8.18656,4.13823
59.4391,73.4109,23.6994,18.5597,32.4552,51.7067,31.0624,5.83228,14.4396,9.19617,3.04652,3.26549,7.20366,9.65108,0.602962,6.14111,5.24909,13.195,3.129,1.35955,8.29489,7.68984
70.8752,101.962,78.3745,0.174108,9.8091,0.41157,25.9305,31.458,9.27411,5.33297,3.92557,5.94973,18.7386,18.2206,6.97842,4.53558,2.71468,2.09224,1.63382,0.856263,2.04261,6.53764
40.7511,70.8532,79.2929,43.65,38.3759,51.745,48.2418,26.6566,13.9321,11.3215,5.17816,0.0463321,5.12905,4.58281,1.4577,2.14593,8.03213,14.0393,4.96432,5.57327,7.4538,10.03
4.56869,11.2128,13.4353,8.42668,7.44475,21.1626,3.69538,7.37933,6.71244,9.07933,6.1198,1.44593,17.0272,17.5955,4.39021,0.396146,7.42981,9.95675,3.79017,11.3772,9.13902,6.18055
55.6481,82.3422,81.5702,36.7739,0.604886,15.9596,7.99953,18.447,6.76918,0.0861122,3.87138,1.20773,1.92769,3.93835,3.10779,3.09244,0.326562,1.66545,7.14838,3.1051,1.5006,0.979266
67.651,95.3446,65.7526,11.5867,42.5174,57.462,52.216,27.1214,15.2526,11.8283,1.06368,1.72858,7.87127,9.34879,1.68895,5.9404,5.95148,8.61903,4.85922,3.80328,7.78214,6.10579
49.6849,64.4219,23.085,11.8167,6.68945,1.70342,23.2775,32.7818,15.5196,7.35417,0.182878,1.50807,6.53486,5.09205,3.60931,9.13325,9.77704,6.57486,4.2666,12.2866,9.74893,4.24569
5.79064,6.73035,9.43181,5.15188,42.4454,51.5836,28.0418,12.4128,1.79411,2.73633,0.522669,4.47528,10.8837,9.47751,6.85855,9.81149,6.43117,1.63516,7.59432,3.94388,1.70599,0.896414
51.643,61.8812,23.8998,24.9748,6.25417,26.1488,32.2521,21.1985,18.1446,10.3289,0.606047,1.60509,7.59695,6.10248,5.92677,8.09284,0.252805,7.57082,5.3427,3.83275,6.41272,4.76915
65.0099,93.681,72.3453,14.8149,23.7454,18.1853,25.4115,32.7497,13.5403,0.336919,9.85434,4.47273,8.44528,8.42074,5.53939,10.89,0.827697,3.9841,1.66154,1.85439,4.27743,6.41525
44.3183,75.3199,73.3949,21.9334,13.1703,35.9913,44.3759,18.178,4.41976,6.4096,6.88528,3.47921,7.10624,9.80777,0.0298543,4.26054,0.561194,0.189048,5.95004,6.97183,2.4623,2.66257
11.6714,11.7616,2.82853,21.7584,12.3187,4.7993,4.92883,4.04669,16.5833,18.9622,9.98732,4.75252,10.254,11.3023,2.46076,0.555837,2.5988,5.30068,3.27864,0.618523,2.33378,1.34124
28.6768,49.4153,53.3045,7.60541,37.8915,35.4543,6.5242,2.53919,8.49948,13.711,9.24916,0.22259,9.3166,6.45411,2.97077,5.42403,0.858488,3.90516,0.285899,0.730223,1.42618,0.43332
63.151,83.7014,49.4404,3.15536,15.6872,2.91788,27.1971,18.9192,4.78611,2.69874,4.82846,4.45015,20.4205,16.8194,6.49026,5.78265,0.63963,0.424032,4.09692,4.1791,2.5489,1.46471
50.604,67.4555,35.0847,19.5702,26.4166,9.40211,21.5256,16.3911,6.74534,6.10362,1.08696,1.88112,1.67879,1.25829,4.40047,7.24361,4.51607,3.10396,3.13375,1.36695,0.104047,0.368093
15.3855,27.8893,30.1016,18.1492,15.4094,2.72822,17.9274,1.91505,21.4011,13.4157,2.04276,6.45257,19.7707,17.5357,1.43628,5.34414,3.58312,0.893231,1.97475,3.00483,1.45029,0.860423
23.0235,28.5331,13.8678,1.39843,11.1059,3.27672,8.44121,0.114234,12.0709,8.20978,1.70268,4.04263,6.88194,1.02173,1.92657,5.29022,2.40647,0.297597,2.37388,2.40085,0.176175,0.141297
49.6831,75.976,70.3076,21.2337,1.9789,3.44535,5.20316,1.29569,4.36527,4.17275,4.56854,0.851883,0.442144,0.236611,1.62535,4.05242,3.36866,1.13204,2.45101,4.42179,2.57076,0.551058
52.3253,76.1494,61.8798,9.26845,8.31325,8.53182,1.45969,3.20881,1.41398,1.05724,4.82454,2.79779,4.32747,6.95325,1.88262,2.31609,0.0358561,2.6168,1.72377,1.02918,1.53382,3.43372
35.0436,41.4705,18.4066,0.506569,13.997,12.1587,4.74702,4.53618,9.53423,8.20514,0.356491,0.0876559,7.23447,10.0794,3.88552,0.570028,5.90333,7.42344,2.34595,0.167414,1.20611,1.15086
0.0917864,4.07931,4.82289,4.79579,8.52109,0.72725,5.23372,1.7574,0.369488,2.028,2.71381,0.594859,3.96575,5.47667,0.890905,4.15298,3.15964,1.81888,2.41968,2.73524,2.63791,2.37112
33.8479,42.7841,34.9074,10.6513,24.0353,12.6907,7.13427,5.23822,17.3378,7.31382,8.17759,1.97475,4.91014,3.50649,6.13726,4.9782,4.15733,0.968809,1.36366,0.0327879,2.24299,0.997008
30.1989,49.0326,92.7168,154.607,151.143,73.2111,14.5716,24.4864,44.7926,20.234,15.4366,16.204,5.53979,0.960448,0.179325,0.25151,1.68612,2.1908,3.04975,3.02188,4.14598,5.13248
21.6023,37.1769,116.487,149.872,36.1916,25.3011,2.21522,8.21828,10.5467,2.99175,3.94821,1.61004,6.28435,7.57045,3.17587,0.456918,6.22762,6.01376,0.408146,0.717572,0.895308,2.04298
20.4538,19.2519,22.6264,30.581,15.1906,6.67933,7.47323,1.30401,10.2255,9.1969,3.55364,1.30448,0.603711,1.9025,4.55003,2.49729,6.14417,9.50672,3.46502,2.01562,4.33489,2.56213
3.26387,0.888239,11.0482,24.76,19.2867,10.5074,0.777872,6.06686,18.1919,13.0249,3.76914,0.621621,6.05959,3.72474,2.53524,1.96717,2.78528,4.28148,1.2742,2.91005,3.51069,0.991681
22.7663,38.2032,26.998,3.59271,4.27275,0.509905,2.14549,5.14966,14.9571,9.53626,0.654671,1.84193,6.3366,6.07998,1.57471,2.25104,6.24335,6.39735,1.67061,2.98567,5.00021,3.55337
31.0787,36.0529,16.7398,6.24981,0.540896,2.06595,2.46545,2.40589,0.65583,3.10904,5.87626,1.60831,1.86544,1.52644,0.899955,3.62248,9.96746,9.23445,0.756709,0.748646,1.86909,1.77958
27.1913,33.579,27.1027,8.81815,0.936771,0.620959,0.158338,0.188668,3.93876,7.44141,6.71957,0.992654,7.68677,9.28421,3.87161,1.02116,0.202194,0.919871,0.535736,1.10847,0.310173,0.321444
18.5212,23.7551,22.2354,6.92476,7.51366,8.40629,0.0720746,1.57589,3.69296,8.27665,7.46281,2.23794,0.0794049,2.56417,4.99413,5.37761,6.49152,4.99107,0.166082,0.571516,2.22452,0.964638
8.69526,4.49445,9.20371,8.68199,1.37381,6.36152,10.843,5.42165,2.9827,1.02795,4.55957,3.60097,3.61487,1.74181,2.58573,4.9788,6.8583,6.30447,2.14578,0.571096,0.450351,0.350343
3.95951,5.8568,7.38267,9.72573,17.9048,14.5663,0.585277,4.58935,7.04111,3.43943,2.53859,1.93296,4.22902,4.67144,2.02029,2.7418,2.69068,1.77397,1.70283,0.636794,0.0632357,0.841218
13.6426,12.1846,0.323556,10.6715,3.2466,7.79043,8.4413,7.04995,10.2273,5.72943,1.1491,0.295972,4.75902,5.52672,3.09832,2.26797,0.975856,2.93502,0.697302,0.786544,1.07795,0.870721
9.57634,13.2697,8.32141,1.93297,12.4067,14.1904,1.71373,5.69201,9.84219,8.50556,1.05722,0.605906,5.9299,4.27562,1.68512,2.22891,1.7096,3.87212,1.70535,0.826004,1.03743,0.21508
9.79531,14.1094,14.8406,6.14454,3.24356,6.26484,3.69041,0.766417,0.173127,2.07223,1.20653,1.49483,1.70281,2.15097,3.60017,1.94076,3.2082,3.58002,0.404875,1.62589,1.41826,1.48348
6.8468,6.40187,0.807439,3.87636,2.79732,0.0830463,2.36611,4.25419,6.00803,3.43359,0.278381,0.980412,0.324132,0.193272,0.758358,0.603239,0.171444,0.327321,0.746209,0.119426,0.243451,1.89354
3.76722,2.44088,2.38701,1.10212,4.8593,2.29179,0.815721,0.218038,1.19446,0.94489,0.263495,0.218919,0.548005,0.294613,0.880671,0.609964,1.63262,2.57355,0.866081,0.0243055,0.116118,0.126874
1.01024,2.34757,6.43198,1.54602,9.66702,5.71146,3.06862,2.52273,1.12928,1.27512,0.710584,0.0339817,0.957943,0.858848,0.106729,0.119468,1.44654,2.12038,0.390195,0.891896,1.16736,0.882425
0.982841,1.43516,1.38653,4.29036,10.5797,4.76921,3.62429,3.6914,2.28094,1.73874,0.710395,0.292487,0.81343,1.03457,0.671362,0.744608,0.814511,0.203212,0.157333,0.0177081,0.0550394,0.153969
0.155177,2.31793,5.16527,7.94707,10.3736,4.71649,1.86622,1.14277,0.0698813,0.0861959,0.128455,0.148649,0.130314,0.204327,0.600955,1.04865,1.66706,1.57868,0.135134,0.831502,0.746914,0.313893
1.40551,0.319329,1.92459,5.08922,8.20465,5.32014,0.609598,0.574634,1.6767,1.3866,0.193493,0.35945,1.53856,1.37795,0.039865,0.4405,0.281753,0.0608819,0.73298,0.933101,0.476496,0.42877
0.453359,0.861356,0.350861,1.36914,3.37461,2.10759,1.39668,2.31079,3.2887,2.18949,0.00282265,0.143385,0.493821,0.181407,0.490882,0.467874,0.706349,0.966085,0.469202,0.588323,0.775154,0.64636
0.354576,0.639548,1.37049,0.637994,0.316017,0.347496,1.32614,2.88591,3.79713,4.59461,0.689017,2.59786,0.276037,0.769368,3.54165,0.0739115,0.546388,0.62586,0.0666904,1.47146,0.479222,0.343186
0.266837,0.579918,0.873262,0.985617,2.22869,5.25132,6.53535,3.19432,1.98087,5.96998,2.62667,6.96143,4.26551,11.9624,22.599,15.4951,3.92813,2.85953,3.29538,0.214289,0.660659,2.55652
0.56075,0.419196,0.532668,1.80619,5.97744,5.26584,4.00087,2.6735,2.48449,0.187707,11.9146,11.4019,1.35807,0.231158,8.92158,14.1539,8.373,4.38297,1.97896,1.63917,3.56812,5.2369
0.188903,0.122886,0.131969,2.33045,2.92873,3.18204,3.32779,1.83299,4.62959,3.45397,0.961922,1.26623,0.72752,0.957225,3.1773,10.142,34.0978,26.5929,3.35037,1.71235,5.62792,9.5795
0.190807,0.260337,0.187009,1.1589,6.91937,13.2923,9.06432,5.37645,11.9675,6.19142,14.7084,18.6746,5.51489,0.275874,0.76621,5.40052,11.7612,7.15563,1.43386,2.35157,4.08864,15.6897
0.113301,0.0693597,0.193482,1.07296,0.536997,4.51715,5.57597,2.69437,11.6005,10.396,12.2754,13.4626,3.21107,0.13881,1.00323,0.435825,6.4102,13.5112,6.02675,0.329504,3.60811,12.6198
0.211698,0.278289,0.0646663,0.459761,0.999425,7.36386,8.55832,4.57644,3.91633,2.02161,1.17261,1.66674,0.267918,0.621455,0.340799,4.77608,23.022,27.0775,7.99361,0.387452,1.39966,9.27317
0.306512,0.0089045,0.0555842,0.996604,0.159022,5.03322,4.40587,6.79299,16.2384,12.1809,7.04144,6.50172,3.18858,0.282504,0.802389,0.73261,0.311508,9.97362,6.7592,1.14486,0.648908,5.87834
0.267498,0.267803,2.07808,1.33142,0.961917,0.724336,4.36906,0.398602,7.00416,1.89217,4.6512,1.8526,8.83677,11.1122,0.224293,6.42192,9.17824,11.3683,5.20941,0.356901,1.41895,3.17406
0.28208,0.87205,0.864499,2.67509,14.6732,14.5914,1.18929,8.66264,12.2446,13.4798,11.008,3.80872,5.75637,5.97426,0.737655,2.28087,8.34116,10.8973,5.18185,0.946519,1.44385,0.685004
0.429578,2.54824,9.36894,10.3201,3.48186,27.5668,30.5819,11.234,6.50333,11.6263,13.1978,10.819,2.94812,10.9698,5.01941,2.65446,3.90874,4.59896,5.14273,6.60602,6.42422,3.09482
0.255991,1.07001,2.5148,2.2546,7.15649,0.408188,17.2724,5.77308,11.1821,1.02866,8.4736,5.33219,7.56617,7.94434,4.43091,2.93763,6.90066,9.98333,1.16109,1.18013,4.3192,1.30555
0.518834,1.86596,8.30711,10.1019,12.7348,24.2306,26.374,7.78336,13.0933,5.41129,11.2981,10.0477,9.97386,8.01941,0.193202,0.179154,9.11362,14.1038,6.23856,1.03102,2.55477,1.04317
0.402374,0.391636,2.81651,5.73743,1.70689,0.256332,8.50635,5.38218,5.24535,0.754496,5.6809,4.47092,8.88922,4.4871,3.98274,7.75964,9.5815,5.34183,1.26442,2.13548,2.18604,0.18388
0.17237,2.2848,9.35336,5.29092,11.8293,19.494,10.9739,2.34031,7.60022,13.0894,13.5345,6.79408,8.8235,9.45567,3.68392,1.94655,11.4759,8.77837,2.54256,3.27944,0.514424,1.06282
0.11241,1.38636,5.25383,1.43287,4.63815,4.72342,6.71351,11.7493,19.1981,16.0813,5.47333,1.33691,1.35648,1.94255,1.3476,5.63985,0.98747,4.73794,4.23649,4.21665,2.78691,2.69295
0.317894,1.71206,6.76741,9.1933,7.15836,8.79247,13.063,11.1263,7.08168,3.25164,1.11624,4.08304,16.9337,15.1559,4.59355,2.34375,1.55817,0.245962,1.83397,1.40883,0.603108,1.65622
1.28758,0.745128,6.28323,8.10631,5.43214,10.5688,19.5423,8.1629,13.172,14.9059,6.05559,4.74848,15.501,11.6222,3.20708,2.43763,0.352067,1.07323,0.246443,1.277,1.95848,1.21586
1.06124,0.0644738,4.12544,5.0205,5.5376,0.599141,14.0892,9.58383,7.47827,11.1826,5.37282,0.914297,3.82518,6.14576,3.496,0.605369,1.29536,0.977253,1.93711,1.60508,0.603633,0.50501
0.218692,2.70568,9.01949,7.8303,2.69578,8.8472,5.79851,6.56512,14.3417,8.58018,2.07419,3.53024,8.62415,8.11602,0.268089,2.85718,3.71635,1.58233,2.13176,3.5246,2.69783,1.24707
0.900528,0.827449,1.08802,0.595414,8.02847,14.4007,12.5952,0.429804,17.6134,13.7039,2.34802,5.16416,3.30039,1.28553,0.238162,0.337904,1.70393,1.9551,1.45019,3.15119,2.29735,0.96004
1.90639,5.63229,10.3785,6.23918,2.99635,0.00271507,9.07486,6.04823,3.22376,3.77118,2.26362,3.73859,3.7169,0.0897616,2.56744,2.56481,3.21401,2.9332,0.211304,0.414264,0.713887,0.737493
1.87183,2.45392,0.202484,1.18723,2.86036,11.5469,15.982,12.5965,17.3568,13.5812,1.00636,6.0548,11.3549,7.79118,1.72044,0.0662933,0.833473,3.49491,3.34865,0.398442,0.655942,0.191715
2.4031,3.55509,4.74944,4.57743,3.9112,12.8357,21.405,19.2291,25.2699,21.2125,8.1338,0.534284,9.65715,7.55721,1.29067,0.222212,1.88216,1.5424,0.685134,0.612567,0.498079,1.81752
7.99573,10.0676,3.78125,3.96854,1.2534,10.6131,23.0885,13.9546,4.30244,2.44628,1.30356,7.70789,13.3247,7.57491,0.0322769,0.959311,0.787132,0.487384,2.05604,1.84089,1.56313,0.898017
4.29573,11.1328,11.3464,2.3931,1.57499,12.3833,24.8892,9.49699,16.9462,15.5359,3.00394,3.91442,8.81325,5.19411,0.293356,0.634567,1.89739,2.12331,2.059,2.09407,1.13227,0.153446
5.48659,4.83603,0.255191,1.25732,0.839443,9.40783,21.0987,5.33353,19.9492,15.4206,0.024814,1.23636,6.14814,3.00035,0.723175,0.579589,0.482589,1.15597,1.30981,1.80151,2.63894,2.73042
17.5679,28.3816,23.9572,3.16453,2.1582,11.6038,21.1674,10.4867,0.121602,0.466094,0.506916,2.97344,5.70903,3.71935,2.05832,0.541356,2.19088,2.07087,0.267625,1.62802,0.916398,0.219277
15.8611,27.4175,23.0719,3.23277,0.394118,10.359,17.9473,13.7868,17.208,14.2049,0.876922,4.77036,6.12873,3.55467,1.53028,0.749055,0.198109,0.17755,0.370704,0.295735,0.449023,0.543334
6.37722,6.45576,3.34678,0.526484,1.51228,9.23655,16.3531,14.7287,15.113,11.656,3.14061,1.53189,5.10904,4.73462,1.5961,1.79137,1.55399,1.31307,1.26171,1.7781,1.75571,0.587367
24.3681,39.5111,31.5882,2.85697,0.818336,2.41272,5.47055,4.4739,0.817191,2.93921,0.192403,12.7927,27.629,20.9356,2.64573,3.79724,11.9912,17.2933,8.55503,2.20722,2.20201,0.191857
24.1787,41.2419,35.1204,5.58912,0.180279,0.537804,2.12296,0.594756,4.46549,5.93206,0.291844,5.05332,24.5189,22.5952,3.8338,3.81581,22.0969,29.1521,15.72,4.31351,0.90077,1.97105
2.93655,5.87677,5.08397,0.371153,2.22032,0.28176,4.15012,3.62317,1.88726,1.32983,1.85592,2.68136,19.9341,19.3626,3.68582,1.60122,8.13149,6.12587,7.91857,10.9781,1.01082,1.37905
25.8083,40.7105,34.4595,6.71229,0.0382715,2.673,6.06522,5.76976,5.60595,4.37714,0.275336,7.14096,26.5581,24.9857,4.00424,0.801908,16.4268,21.4481,15.8495,13.7886,5.49177,0.184658
33.0416,54.6869,44.6432,4.2969,1.86228,0.970128,4.22312,4.19107,2.87213,1.61255,0.0355438,0.771984,10.7607,15.7891,3.91291,0.60933,20.1935,29.0965,15.4051,7.63109,1.68617,1.51533
21.9089,28.6632,19.5275,1.20354,1.93058,4.30885,3.26261,2.12967,4.55529,4.61555,0.818935,0.327157,2.02176,2.92764,5.21116,0.557645,15.2345,22.8663,12.038,11.5764,10.2799,0.162274
7.53996,10.0555,13.6753,108.36,120.614,62.7379,51.2568,47.7958,34.7857,18.4994,1.81246,0.489318,4.56269,8.16996,2.33844,8.72078,13.834,15.0338,11.4438,17.4857,10.0154,4.25597
25.4077,48.2542,8.94158,83.8862,22.6904,19.9623,9.76641,6.6995,0.512877,1.5812,5.01518,0.968547,17.9681,31.3353,17.35,3.45942,7.65287,8.01926,1.97935,9.03748,6.1775,0.561527
31.0251,1.50729,84.4618,85.3755,13.1961,6.17863,7.34111,6.3512,14.5592,10.7166,0.413003,0.0661545,13.8094,25.892,16.6442,6.61686,21.3197,26.5106,6.92956,9.76822,21.9319,10.3789
11.9192,55.5305,82.695,37.2604,7.68579,5.67765,11.8551,12.3458,0.631681,3.43161,3.15843,0.232251,5.12426,22.8633,19.8477,2.22845,25.9174,29.2136,7.24478,10.4848,19.4876,13.0191
13.1292,24.4831,20.8496,7.21564,19.3969,22.4225,11.9223,11.4712,13.889,5.85353,4.24039,1.44703,12.1427,33.524,34.0569,14.3442,13.3134,14.3563,4.26601,1.37811,6.28602,6.41922
40.343,61.6892,58.3713,20.4238,4.46901,7.83004,18.8412,15.1075,0.348604,0.0669569,5.27127,2.08709,2.48283,30.3759,53.1939,19.8181,32.8697,37.4913,6.81114,4.619,8.83109,12.0808
32.9091,53.8559,52.1581,16.265,4.22275,3.57263,8.24095,10.3953,3.24805,9.60753,10.8543,3.33872,6.84107,11.5862,48.909,37.1209,12.4723,7.56397,0.917845,2.69481,0.949828,9.05786
10.8016,11.1812,5.33306,10.085,16.0325,16.6288,5.93019,17.7475,19.0403,5.26315,8.85244,5.33329,0.827853,9.37673,19.2951,23.6486,41.8159,42.0341,8.32568,3.02091,1.97705,9.18277
24.9661,37.0849,36.4003,17.4109,10.9528,2.96343,19.5737,16.8443,20.5744,16.0433,3.67083,3.21877,7.08335,4.12617,50.5821,67.6128,52.5981,42.5502,11.9667,4.70132,2.57672,2.63279
47.1039,60.1437,29.3124,10.8614,3.94144,0.0491653,9.56858,9.039,3.737,7.23465,7.94679,4.54135,1.83002,9.40132,10.8545,42.7593,32.2116,19.1031,10.7582,0.91241,0.947323,1.9364
40.7204,56.1848,32.5003,14.0265,21.4273,8.28291,8.08679,14.774,33.2649,35.0905,14.0448,6.15364,5.62132,0.389391,11.2885,37.9248,25.6274,1.68686,2.00224,5.14251,2.26662,1.1451
9.06349,19.5717,25.5447,23.3367,27.6961,2.73775,30.9642,22.6331,12.7042,17.0822,10.9573,3.83584,4.05842,8.98575,3.85997,8.9869,0.142527,17.0945,14.6813,6.20135,3.11875,4.30874
26.8084,35.0827,14.5199,1.27667,25.238,16.0075,21.1391,9.52805,31.3969,24.8172,2.73176,3.16539,3.40696,0.793315,11.4788,6.54009,30.9925,41.6976,16.1867,6.35002,7.17975,1.13875
51.068,76.5521,67.5705,14.2482,3.63897,1.7574,4.7852,7.69445,33.4538,27.5605,2.24207,4.84128,3.6119,4.176,10.6494,31.7174,20.9983,13.8427,12.4152,0.123786,2.66347,3.64782
50.8952,76.3284,69.7674,22.0604,4.85124,14.2604,29.9946,15.887,11.2692,15.6597,9.26173,3.50229,4.17838,8.36098,12.4979,4.67257,47.3565,47.7418,11.9074,1.139,1.72479,1.52646
15.8822,21.2215,3.25619,7.83237,20.0329,14.032,27.0551,14.7375,40.3534,43.4905,13.0729,2.25594,2.09645,3.53113,2.20096,23.6942,19.5736,10.807,7.65725,6.75095,5.51504,5.89179
29.0859,45.9353,47.5457,30.0603,23.5778,4.65993,12.6187,4.70998,14.6129,19.36,10.7968,1.66192,8.11943,7.39151,8.13385,0.638637,17.0876,8.63656,3.7661,8.05559,5.30489,2.85693
64.7733,84.3889,44.4495,23.4437,31.1336,28.3733,27.8473,5.58178,36.2881,29.2414,3.41817,2.56378,9.438,9.13119,6.43181,23.507,45.333,33.3512,11.5471,6.31811,3.54196,4.66948
59.1255,80.9558,43.4096,9.55782,1.17993,12.2703,37.4736,15.9031,47.1877,39.8328,0.707615,4.02612,2.43346,6.67437,14.5581,15.2162,1.14591,1.99916,7.39134,8.45541,7.19147,6.43503
22.9596,39.3796,49.5424,27.6966,4.4131,16.1746,33.8695,18.9867,3.84371,0.118328,4.84932,3.98348,14.4693,26.4517,14.2304,3.51969,35.3832,43.9714,9.3207,0.310458,2.98748,3.28931
33.678,37.424,7.88023,11.3431,16.8959,17.0442,1.98615,13.7411,44.2975,38.5066,9.45344,0.686621,3.7479,4.23272,7.16221,24.4119,11.6691,17.2551,14.7225,1.50179,5.12822,4.65887
61.1397,96.5068,92.7762,19.8133,18.2036,19.6871,27.6813,6.27382,43.6489,36.8287,5.76039,4.95327,19.4723,26.5146,28.1871,22.6215,1.41319,7.71334,9.71126,12.0986,3.18215,3.73327
64.9263,103.291,92.6171,35.5173,29.9523,35.1725,45.4539,36.2908,17.4693,10.205,1.89774,1.06706,6.35428,8.11316,8.73287,20.4608,25.9762,17.073,1.6186,7.1106,6.75887,13.5785
33.0401,37.4477,3.5003,32.5931,20.219,10.7407,14.4601,30.9041,62.6228,51.0273,9.21899,5.37247,15.9628,11.3772,4.05171,1.7668,5.77555,17.8514,5.72469,11.6594,4.79447,5.58939
18.3821,35.5387,40.2878,15.0612,2.52883,1.84134,18.883,6.577,28.2991,27.9015,6.39898,0.879206,3.01808,5.84693,7.48273,6.99675,4.04211,12.4385,0.825378,3.24775,7.13262,7.96537
67.6373,87.2032,38.223,30.6151,17.128,17.708,39.7157,43.091,47.0071,32.5608,2.58674,5.92667,15.4243,15.9233,0.818808,2.93264,11.4503,14.4529,1.51686,3.12565,0.760661,4.63532
76.1778,99.104,55.5035,4.64431,13.1013,30.1532,36.7963,43.8378,68.5398,49.8631,0.496849,6.67631,2.27386,0.25483,6.17601,10.5052,6.76178,16.2474,10.3424,6.65765,4.01282,3.95424
31.4724,56.4748,69.444,27.5349,8.85925,8.94138,6.29202,10.4888,16.6039,12.4597,1.17539,1.74431,13.7562,12.383,4.01933,7.88294,8.93536,0.831521,6.5109,9.74371,7.11076,3.0956
25.2633,25.5966,6.03331,16.9822,26.656,17.1281,5.00216,19.7561,50.6545,50.1766,15.8298,0.180511,6.50409,4.09305,4.64751,7.9058,12.5937,12.2592,4.00336,7.01027,3.5185,2.92324
52.343,90.6206,95.9512,40.3356,8.15931,20.8808,39.9357,38.1656,50.827,45.5126,16.3918,5.20658,6.87294,8.34973,0.222732,13.5313,36.0083,37.6639,7.35424,12.6822,12.0242,4.2675
70.6847,103.276,82.5678,13.6349,12.7613,12.5142,17.753,19.4523,5.85271,1.54017,10.0725,4.07356,1.24234,1.14766,2.314,3.55038,3.80416,13.4104,12.8092,7.68754,10.2723,8.25706
39.7807,47.5279,5.83912,33.0013,27.85,29.6839,16.705,11.6154,51.6225,37.9278,6.4577,6.78554,4.05156,9.96545,18.908,15.1099,3.81296,7.80962,3.19427,2.35144,0.684755,5.14971
9.9043,14.6929,12.0314,3.82371,2.82306,26.5893,37.0185,29.1692,39.122,22.7288,6.99931,6.13518,2.54123,0.26529,3.70185,1.45664,0.329175,4.77216,2.95418,13.9636,17.1114,12.4133
61.696,77.318,28.0004,18.7638,33.5265,35.8906,23.1437,26.7481,9.87165,17.5858,8.53772,0.0496477,5.59235,7.09683,9.74144,14.2277,12.5164,2.20271,2.27561,5.98035,5.33011,10.3648
70.3513,102.939,77.5427,0.674604,2.78698,28.8682,39.6978,5.18343,40.5429,36.1719,9.44567,1.6183,6.1178,7.43245,4.37828,2.21883,17.6012,14.4804,3.06075,7.0557,10.23,12.2613
43.8718,69.518,75.4749,40.5309,31.3694,35.3416,19.2996,9.40215,15.3211,12.0922,6.1072,3.3869,4.08059,8.91319,5.47957,2.87199,4.83507,4.85111,2.12955,1.81715,1.71882,3.27417
0.824356,4.86636,5.78209,0.743429,20.7929,19.433,19.752,11.2392,26.2782,15.0039,4.78557,3.10783,7.27221,11.4984,6.08935,6.95075,18.9419,19.0815,1.43272,5.42285,0.480985,3.74206
49.6739,79.1343,84.0434,45.8171,14.7208,28.4604,53.1942,17.4368,32.229,25.3645,2.01238,1.64556,7.04343,7.78995,0.58761,5.35425,1.09759,3.73009,7.24743,7.43836,2.23372,4.85971
66.3921,95.4536,67.1877,11.1134,48.8093,40.9687,8.49663,19.091,2.347,5.18103,1.43453,2.47968,15.8147,16.8813,10.7235,5.98792,1.59434,1.55269,6.29221,7.0455,5.52148,1.38741
54.7414,66.34,21.9591,13.5416,7.27183,7.70729,5.85468,2.78663,26.6348,22.6412,3.82399,2.65804,8.14198,5.84372,6.65882,17.6281,27.6491,21.4584,1.77594,6.85954,3.07645,0.468645
6.41168,5.82162,5.39065,4.82783,29.5443,44.0818,43.7877,17.0427,27.7856,28.6509,5.37331,6.52502,20.5165,16.3453,7.51508,18.8516,21.9656,16.8485,0.390077,0.822357,7.71179,2.26613
45.5858,55.7217,18.932,21.5817,8.59175,15.4445,22.2594,21.3858,6.88159,7.80115,0.0118818,3.23702,3.11582,1.69379,4.62744,14.0204,11.2248,1.63934,4.64146,7.98641,5.08024,3.26741
65.752,95.3293,75.6981,9.51455,3.94412,31.1579,35.7157,23.3864,32.9817,29.1569,7.08878,7.45249,24.9842,23.5507,11.9509,3.48671,14.1903,12.2001,1.35281,2.51346,1.72927,4.36588
50.6906,79.152,78.2698,39.4776,41.671,41.5573,17.9116,15.9156,52.1293,41.9192,9.22156,2.15849,5.05909,4.42797,2.95475,13.2144,16.5962,10.6089,6.46985,4.67963,5.44714,5.9943
11.2403,10.3642,1.68698,19.5086,14.1003,1.85529,19.8236,17.7891,12.9197,16.385,7.43686,4.03448,23.3724,22.8618,4.70125,1.2115,14.1244,15.012,0.793272,1.43821,0.653143,4.22253
33.5801,53.8779,57.7806,14.4016,29.1134,47.6331,45.2286,42.9377,49.4451,28.4098,2.59734,1.06454,15.4623,15.338,7.06557,5.9859,27.4863,25.153,4.70379,2.6122,2.44215,1.06234
55.9844,77.6479,45.9841,2.1282,0.431324,0.832119,14.7267,41.3012,72.3695,46.8503,1.08916,6.14806,12.9978,14.6005,0.621891,5.54717,32.9938,27.6281,0.540032,6.80425,6.1141,4.3712
52.3526,67.0098,34.1156,13.6402,15.2121,19.2374,8.36058,12.4657,44.1148,30.7737,1.29746,6.49918,13.2583,13.628,9.52116,11.1966,4.51657,15.9518,1.7896,3.52293,0.653986,0.367119
11.8688,24.273,31.1575,13.29,6.14786,15.8313,16.143,2.59338,3.95705,4.09544,4.11979,1.38093,5.39241,4.24426,3.24628,0.786979,7.05692,6.57315,0.784234,1.52141,1.64697,1.78529
27.0705,33.8474,14.0959,16.2756,13.8828,10.7447,15.2664,19.1378,33.0028,27.0666,4.37622,2.67051,9.79718,8.92267,0.0849219,9.08572,21.3163,16.4102,0.0808952,2.20121,1.38084,2.15111
50.511,77.3712,68.3137,26.4734,21.5361,21.6213,20.684,29.6797,46.4478,30.1141,1.21278,1.93704,1.92857,5.00024,5.24591,5.35189,12.5282,10.7018,1.63455,4.36955,1.3874,1.2027
51.4195,73.5381,60.024,2.42417,23.4779,21.094,12.4332,11.8133,17.0659,9.33206,3.08561,0.694804,4.79536,2.77529,1.47884,3.86288,16.355,21.3122,9.99839,3.34006,1.73997,1.03848
24.2411,30.4331,10.4517,1.07481,18.2272,14.7677,6.8631,2.46247,15.732,14.146,6.22755,2.38434,0.707033,0.140766,0.835326,2.73731,10.0521,22.6477,9.96566,0.101341,1.22896,0.165371
13.2212,17.6896,14.5703,13.9053,21.9195,13.76,6.59074,4.19949,29.5358,28.0434,6.69743,0.18098,2.47887,3.13563,1.35244,3.92864,20.1264,28.4419,11.0145,1.9065,1.24709,0.426079
42.4127,55.5595,30.2447,14.5644,17.9749,12.0653,7.297,2.49317,14.7956,12.4646,3.99748,0.978943,2.53961,4.22236,1.53541,0.11021,10.6544,17.3768,4.60758,2.23236,0.846418,0.981817
51.0999,71.643,51.1758,8.47057,6.21532,2.54452,2.11312,9.40687,21.3552,17.7272,1.94468,0.319203,1.63951,1.43421,4.13453,1.63873,0.151868,2.09446,0.827531,1.8348,0.151317,1.24258
54.6463,69.3794,46.5361,63.3478,104.564,26.5903,20.5863,18.6841,0.0556587,10.2988,2.38653,8.98828,6.23556,0.914828,2.51314,0.058254,5.90371,4.98695,1.11484,0.298094,1.24183,1.81888
2.74434,8.99161,9.25521,24.7332,62.1407,43.4435,7.40498,0.161818,11.6547,8.23086,1.08113,0.14978,6.79734,8.24867,3.42136,4.49383,5.93996,5.42378,5.03887,2.20446,2.04636,2.87432
5.39894,21.7908,49.8821,22.1563,9.95332,4.24428,7.82507,3.57234,21.9526,19.0753,2.27669,1.05154,1.87902,1.64452,0.121726,0.598891,5.80503,8.04532,3.93292,3.71895,4.38885,1.06336
20.571,30.2581,35.9625,20.1551,4.38918,1.26778,0.568991,6.23464,21.064,16.1369,2.84175,1.14937,6.09689,5.70723,0.167603,1.75234,5.88566,6.9778,1.01835,2.91468,3.05965,0.010909
43.4888,58.5751,35.7011,4.16266,2.74759,0.19385,1.13088,2.03753,1.36433,1.78987,1.7594,0.676381,0.484533,0.256386,0.247355,1.8941,2.89844,2.59129,1.75649,0.290396,2.68197,2.5353
21.1477,24.6901,20.5856,15.4784,14.264,6.93721,3.1262,3.40464,15.9656,11.2191,2.88078,4.48881,6.09715,4.74281,3.8772,5.56254,4.87421,6.57214,2.90959,0.044117,0.50423,0.240996
21.0758,12.6553,6.74556,5.3029,4.77195,6.57411,2.73653,0.384239,5.01594,1.20653,5.39584,3.24185,1.42422,0.0681442,0.37708,5.2557,13.1336,14.9455,4.54001,0.78298,0.262971,0.247021
6.54473,3.43002,1.61649,0.835691,3.93795,0.210294,2.06636,2.99912,12.6366,15.6518,9.73371,2.4467,3.06074,4.73889,5.92873,8.74966,16.8938,17.2969,4.26078,1.89034,0.840649,0.0970951
3.99655,0.0605881,7.82089,9.18371,9.7465,9.43695,2.00616,2.50606,12.5973,15.2995,8.65961,2.10663,1.61796,2.1948,0.224109,1.8641,3.6266,3.0524,0.655817,0.93482,1.86921,1.31272
1.79196,3.96193,8.21894,6.26876,3.39843,10.0028,7.51074,6.11942,9.9628,5.22061,2.00618,1.44421,0.753005,0.796677,0.0369756,1.79622,6.38184,15.1258,5.62601,1.89297,1.10605,1.8422
1.95266,1.8828,1.9684,2.30318,3.73603,7.19016,1.18601,6.72342,19.7456,17.0686,1.455,1.90871,2.64824,2.82073,2.615,3.01826,32.069,41.5629,12.8766,1.29708,0.0285509,0.567131
1.36806,1.15657,7.23982,10.4433,13.7114,14.7545,8.03004,3.8892,5.85413,5.87554,1.96273,0.500334,1.1188,1.28607,1.53259,0.0296086,23.4863,34.3758,12.16,0.595605,0.307674,0.0241335
0.321321,1.11378,2.16441,5.51225,5.98856,0.454879,0.102976,3.9232,18.1544,13.2375,0.0685113,1.32993,1.70954,3.0911,2.04311,1.14906,4.15867,1.81979,0.806462,0.325112,0.205351,1.00965
0.747522,1.27021,6.12541,0.859633,11.8755,10.9519,4.58375,6.03837,23.3645,17.8932,1.57203,0.704024,0.57346,2.53439,1.39339,2.36556,20.2584,26.746,8.00506,1.20631,0.0019123,0.593137
0.393024,1.64515,4.9109,0.611556,10.2164,5.92177,1.05237,1.09092,4.36734,4.85846,0.383801,0.652839,1.50966,1.61245,2.83526,2.52557,17.1529,26.1697,8.83197,0.0781196,1.43296,1.001
0.916622,0.466651,3.09416,6.6574,8.65375,4.58761,1.11142,7.14892,21.1542,14.0104,1.65997,0.275714,0.659026,1.3874,2.37903,2.38088,5.72548,10.6766,3.74318,0.816034,0.806283,0.676329
0.451494,1.61975,5.40452,6.86726,5.96458,1.61498,4.08509,15.3229,42.9908,27.7843,2.691,0.252986,1.94624,2.33822,2.03012,4.60637,8.99569,6.47902,0.788993,0.69806,0.230603,0.119992
0.599178,0.990599,1.56927,1.63751,1.93505,0.115668,2.16817,23,35.584,16.9459,1.7511,0.661442,0.397085,0.704354,0.241852,0.722089,3.1967,5.771,1.63079,1.17183,0.259205,0.210837
0.406399,0.404843,2.09042,2.66795,2.65096,2.70641,8.71702,13.173,2.75657,4.89888,2.8994,0.710001,1.29986,1.71032,0.928755,3.07355,10.6815,10.3063,1.86885,0.791561,0.53207,0.421438
0.0183981,0.88699,2.40467,4.32084,5.48061,3.44273,0.551284,3.12935,8.6327,4.93208,1.19261,0.561503,0.512746,0.869503,1.31308,1.96218,5.04654,5.98784,1.48937,0.902919,0.190687,0.268183
0.0123875,0.257823,0.29052,3.22427,8.30598,5.18268,1.15794,3.05854,5.50241,1.2159,1.94833,1.61651,0.932706,0.618441,1.1014,0.696035,6.89425,10.5212,4.06911,0.181764,0.321408,0.193044
0.128767,0.184299,0.958443,2.44561,7.14708,3.44413,2.40595,12.4507,37.875,24.4971,2.66672,4.17623,2.0003,1.43696,1.0819,0.217289,9.15419,13.9306,4.76041,0.398265,0.505706,0.0837243
0.389605,0.229138,0.602163,1.92453,5.75807,4.33629,1.01854,3.98792,24.499,21.4511,0.436857,3.23895,0.00369712,0.207762,0.0766839,0.523577,1.69347,3.56057,1.32707,0.954014,1.24912,0.588211
0.340508,0.309219,0.0710284,1.05179,1.95211,0.553104,1.78898,10.3825,36.192,26.3471,1.14037,0.974399,0.647621,1.62259,0.802814,0.839234,1.2758,1.09722,0.0303514,0.953759,1.11274,0.122842
0.424873,0.248436,0.199597,0.119615,0.849974,1.32603,3.82159,12.4632,47.6129,40.6068,8.46933,0.12739,0.212854,0.184213,0.813407,0.252079,3.12107,3.17195,0.644343,0.152752,0.896493,0.620972
0.760873,0.47597,0.221,0.567528,2.38599,1.54996,2.19887,5.37225,18.1322,15.214,5.99781,1.09848,0.638579,1.15337,0.443709,1.47504,2.59631,1.94906,0.457688,1.26286,0.266724,0.606045
0.278238,0.110848,0.00895454,0.838427,2.64006,0.929643,1.13849,1.9711,13.6807,17.7357,0.394579,3.98785,0.92942,0.696878,0.803812,1.34963,0.350124,2.62224,2.16946,1.63628,1.80529,1.20739
0.236855,0.187054,0.153563,0.970154,2.54306,2.0038,2.01572,0.310579,8.76504,10.9663,1.7963,1.60222,0.509611,0.57674,0.705255,1.09129,3.9665,8.03702,3.4132,1.48618,1.6371,0.0733592
0.270536,0.387737,1.82055,6.11638,0.968916,9.16998,5.52635,4.57492,17.3167,19.3911,12.8935,7.35997,1.06822,4.37566,3.46656,3.84212,12.1089,11.4285,1.3738,1.055,3.14751,3.6575
0.482685,1.32134,8.10317,8.51977,6.43548,13.3748,1.58173,2.98544,21.317,26.5479,16.5701,7.38117,9.79723,9.18197,0.728171,5.90682,7.96437,5.5163,2.93642,6.36911,7.64884,4.35684
0.0567308,0.341793,1.19683,0.330182,3.35929,12.3132,10.3112,8.6666,15.1184,6.54043,8.20305,6.43582,1.59933,0.726994,0.180254,2.22326,7.8954,9.70961,5.08628,0.826001,3.66623,0.408232
0.272109,2.32929,9.54957,12.1985,16.0074,18.5142,10.1387,6.36614,24.1936,10.443,11.5769,4.08545,8.98629,8.82022,1.40839,1.33591,0.178006,0.867899,1.01897,3.81543,7.18784,4.24394
0.292427,0.656873,2.79602,6.09052,2.42954,5.00187,1.82852,1.43658,13.5819,6.18336,9.40662,5.1068,1.46104,1.16513,1.39314,3.88188,9.26491,10.5043,5.64838,5.18647,4.38626,0.115588
0.161174,2.06589,9.09795,5.46214,11.8154,18.9513,12.7839,7.30091,9.227,13.1658,10.2332,5.73034,9.6522,10.5804,5.67707,6.60556,12.9622,13.8132,6.42299,1.50942,0.90082,1.7002
0.36769,0.755767,4.39437,2.81761,2.08634,5.71518,1.86429,8.465,18.7942,14.3876,3.89676,1.8057,2.87405,2.89608,2.09357,4.6212,1.64243,1.09373,1.29131,1.13855,2.05132,1.45375
0.303948,2.09553,8.33255,8.6071,6.90263,6.41559,0.400156,6.41022,17.7517,10.9006,0.993595,2.99494,8.89247,7.11561,3.44818,5.06663,5.7028,9.43461,3.4657,1.39622,4.08468,3.12196
0.377578,1.37655,6.37509,5.3721,2.66859,8.91221,11.6894,4.87565,4.19931,1.04939,3.10435,2.72902,6.12004,4.76858,0.322772,0.2229,3.31478,5.62317,3.53621,4.11069,3.60778,0.307012
0.211712,1.85415,6.90374,8.52112,6.92502,7.96389,10.2194,5.78588,0.20386,6.01873,10.4456,2.57851,3.77152,3.0944,0.3998,0.96397,3.47768,2.50014,0.00641136,0.470914,1.50867,0.217051
0.106267,2.18424,8.31577,10.4928,4.11227,0.841182,5.88498,5.39049,0.365535,2.85523,8.18243,1.3695,8.37898,6.77946,1.43428,0.444395,1.33359,2.8111,1.86779,1.01715,0.158473,0.764225
0.526367,0.565919,4.29621,0.739885,12.1642,15.7666,7.56112,4.10545,10.2915,12.9032,7.68502,0.947991,2.09696,0.173221,2.26529,2.49483,1.07831,1.48811,2.15583,0.737006,0.170091,0.151079
0.10092,2.85487,9.65859,6.28254,1.69457,5.54544,2.762,4.70913,10.8238,7.62556,1.22907,1.02934,2.2875,1.90201,0.176677,0.894805,0.19785,1.14608,0.427721,0.385932,0.269666,0.199985
0.0955005,0.0608768,0.0359955,4.06169,11.9375,11.7381,3.54415,0.71418,0.779086,0.0401196,0.896336,1.78433,1.48426,0.0708897,0.0531221,0.955126,0.173217,0.340427,0.437854,0.107905,0.365365,0.256974
0.199219,2.06823,7.81924,9.68278,4.43556,1.50635,2.55988,2.11544,4.83689,3.53081,0.720669,0.555756,0.0246457,0.524265,0.0202194,0.470906,0.138039,0.706543,0.388068,0.555923,0.648877,0.0907594
0.253332,1.27885,4.48628,4.92959,3.2176,1.49311,1.56465,1.20907,0.901274,1.2108,1.84887,0.163547,0.317351,0.368936,0.106993,0.735446,2.63309,3.38616,1.24555,0.0239485,0.0825782,0.44219
0.0457877,0.686689,3.01823,2.15073,1.8128,1.90903,0.0874989,2.30299,11.0193,12.355,3.26205,0.496029,0.11379,0.0569926,0.0222958,0.0937825,2.40735,4.40188,1.89111,0.0508901,0.164644,0.467807
0.39275,1.40632,4.935,3.71036,0.644259,0.966846,0.489226,0.577656,4.65591,6.72631,2.6529,0.399264,0.186404,0.231838,0.713613,0.229259,2.29525,3.83498,2.00965,0.1074,0.310007,0.271466
0.159535,0.809202,2.06106,1.08095,1.01421,1.27147,0.749703,2.2669,6.9513,4.11852,0.239558,0.327162,0.430937,0.289044,0.759872,1.50933,0.701647,1.33177,1.18479,0.231706,0.140377,0.231314
0.0293806,0.0547876,0.692387,0.616842,0.491493,0.598887,0.30728,0.048734,2.71557,3.86195,1.83899,0.240535,0.758539,0.164449,0.00427597,0.0979321,0.885415,0.809735,0.0435027,0.312153,0.308807,0.447118
0.0160459,0.375009,1.14488,0.377571,1.18511,0.829834,0.229377,1.25581,4.23364,2.85992,0.882417,0.971457,0.254396,0.573493,0.827823,0.0275358,2.41079,2.43525,0.279536,0.747947,0.738556,0.324859
0.0105613,0.261105,0.623364,0.23169,1.52846,0.952169,0.0847169,3.3221,8.3801,5.00862,0.451248,0.235199,0.0680647,0.0701559,0.385834,0.24103,1.48334,2.30082,0.334572,0.685238,0.237311,0.545645
0.0882326,0.0248518,0.165523,0.819575,1.24162,0.639907,1.0742,1.47706,6.31636,5.11808,0.353699,0.854684,0.18957,0.11747,0.116361,0.391552,0.771175,0.517554,0.122038,0.703518,0.776777,0.44438
0.026271,0.0934012,0.0538343,0.548838,3.98771,13.5827,15.5146,6.67044,3.08549,3.39871,0.784621,4.01975,4.6234,1.55193,0.552043,0.871933,2.28926,0.0276017,2.14858,1.79289,1.27104,0.641949
0.0203875,0.0230308,0.168633,0.64809,2.57306,7.98758,8.39785,3.362,6.82499,9.0045,5.15458,4.88875,3.07928,0.567447,0.571307,1.11705,4.27458,5.659,2.24217,0.113687,0.24804,0.17904
0.0657717,0.102114,0.124133,0.933162,3.01264,15.0427,13.7378,1.46045,2.00164,1.72354,1.10431,0.0843197,1.09888,1.30884,0.486103,0.153425,4.20376,6.48552,2.77839,0.468578,0.0142012,1.78503
0.365958,0.242346,0.166179,0.590867,2.99929,0.0509662,3.78115,3.05286,4.36604,0.625445,12.7932,13.4707,4.14169,0.744806,1.21996,0.864833,3.61114,3.27813,1.39665,0.59435,1.53329,3.94696
0.0135001,0.187148,0.249476,0.593738,3.14496,3.22455,0.0794123,10.5031,30.5293,23.8794,12.4862,15.1336,4.59857,0.759065,3.46919,4.6882,13.2953,6.47554,3.03409,2.42799,3.11734,5.23159
2.73404,6.46303,24.1806,19.1059,52.4805,7.28224,30.1955,5.08571,20.7667,5.98576,13.1077,16.293,5.78929,1.11057,3.40074,9.679,9.66753,2.31872,7.05782,0.911842,2.18998,8.25242
2.9761,2.93696,37.8161,114.021,121.431,56.8378,2.61816,10.8118,12.3322,20.4134,14.2678,1.97298,2.49139,6.12873,6.0648,1.32399,6.30953,11.8065,14.9086,10.1755,2.9183,0.629918
1.71167,21.6817,80.5577,110.89,55.648,4.78013,0.0163133,0.219002,2.46956,6.27073,12.7121,13.4697,4.8252,0.414061,2.43418,6.63178,2.09273,12.0274,5.26833,1.19402,6.54429,5.57754
0.4109,45.8479,93.9545,46.525,2.535,8.09922,3.70891,5.32173,12.4371,10.6679,8.39193,10.3451,6.46168,3.77283,1.52313,2.22018,6.67994,11.4075,1.41949,1.61562,0.70283,3.07028
15.3024,39.4454,48.3547,7.93019,16.7229,15.7854,9.86687,11.4986,21.4325,20.5758,14.982,3.36084,5.06959,2.88795,2.86125,5.40706,6.26582,4.08177,2.15683,0.900299,5.45117,6.8045
27.1086,25.4138,2.73711,10.345,6.91057,17.9289,10.7875,8.01771,23.9308,32.4713,35.0573,25.8218,7.6022,2.54072,5.10874,8.93705,3.56776,12.9707,2.47089,2.16572,0.642564,1.64027
23.7696,28.1257,18.6825,3.14457,3.16156,2.30918,0.805132,3.44572,5.91697,4.77019,19.006,9.04932,4.34702,2.23421,2.04936,3.80895,10.6006,19.4279,7.05829,1.95825,6.53279,5.93235
29.0517,28.8982,10.1752,9.44252,12.6581,16.3527,8.28657,10.8729,33.0975,20.3273,9.22951,10.6046,2.00394,0.68883,0.692983,4.43332,6.82711,3.49234,0.365314,0.0369343,0.000619408,0.163565
27.0175,27.8925,11.2885,2.94491,5.95875,23.3114,23.286,22.8767,52.8109,52.5405,34.2909,23.2369,1.28316,3.05643,0.205902,4.45687,5.36454,16.3429,7.83926,0.848082,5.44213,5.27703
22.0028,34.2304,36.0844,14.3026,7.85753,10.1684,2.91946,1.10386,2.41279,15.2452,26.1345,10.0064,1.85071,1.40233,0.571434,5.31752,20.725,23.1136,5.8219,1.33946,2.27275,2.24774
13.9151,11.8473,5.82619,7.71776,12.6995,0.63098,14.2139,28.0277,66.7467,48.1704,14.8151,32.2063,15.0742,1.05629,1.357,8.60847,14.8173,12.8056,4.10335,1.2702,6.06643,5.36586
4.15144,3.33407,12.4037,2.15591,15.4883,2.66493,14.8246,24.367,71.8259,64.8056,35.6129,35.2686,19.1332,3.4384,0.416725,0.163084,6.86135,7.18916,1.28873,0.566752,3.41368,8.75248
15.944,13.6212,2.10028,1.5327,11.5687,8.4796,3.11264,8.68829,13.2643,14.4565,30.019,25.4821,0.278322,2.89453,0.704194,0.513816,6.6523,10.4273,4.78572,0.377862,3.33225,7.87941
34.2203,42.7624,39.6922,1.38422,32.522,1.42643,24.3163,20.7734,53.0509,52.972,42.1684,44.3454,17.6772,2.8304,1.81963,1.0939,5.28592,6.28948,0.042803,1.75825,0.50845,1.58263
47.7671,47.7077,10.7127,4.63181,26.7088,11.1748,11.5713,23.3457,51.6079,38.0651,13.2011,35.7602,19.2457,0.831491,2.37983,1.25292,13.0115,18.9257,9.34796,0.473481,3.78914,3.41785
59.4162,73.7653,52.6145,6.61047,1.55539,11.3609,18.9411,3.26843,5.48878,2.46311,6.52663,35.1602,24.0518,6.37496,9.29725,7.02409,4.54769,12.0969,2.77137,0.294083,0.898997,3.82931
66.4889,78.2859,47.1976,1.29053,4.37255,18.5026,27.1,13.657,39.3345,41.5612,19.1029,40.1546,28.3905,5.76213,4.48955,0.508326,0.627024,2.7279,4.47798,2.96116,5.14009,5.17993
69.7942,75.0317,34.9507,7.19685,9.26348,10.6591,1.80113,0.0846127,4.96535,9.13145,6.50924,6.56587,10.8859,5.74987,6.29519,6.93062,6.63535,15.0794,2.33135,4.57901,1.40874,2.43851
56.6823,80.6251,73.1485,21.3868,1.58316,21.7766,27.6782,22.1006,50.6997,44.9888,19.207,30.2007,15.1391,11.6711,8.07313,2.88323,23.3802,35.0768,15.4746,1.82423,5.06665,5.82067
38.2104,34.5431,2.61495,6.36163,40.8197,47.4252,19.941,14.8165,43.0115,38.4955,8.62329,36.1575,14.1131,8.56226,2.44961,8.25293,24.3989,24.2651,4.30827,3.98529,0.709757,3.08811
18.7545,21.1896,20.6316,8.60018,42.5166,13.1011,18.4525,8.79097,6.72144,6.48122,33.3627,39.12,24.7134,14.9313,4.88614,4.8619,0.672521,6.47384,1.89956,0.450904,6.19509,5.88698
18.6855,14.3424,0.816416,6.99427,5.86779,13.7826,23.047,26.487,78.4106,74.5684,3.14911,13.2422,7.77336,14.6052,4.45894,10.8203,20.306,13.7015,0.330674,2.61349,4.65838,4.50009
44.0478,62.8524,65.8456,21.6195,23.644,25.6751,4.70844,16.8609,33.8116,21.1916,20.8542,19.533,5.75128,6.6933,3.46728,1.85603,14.9272,30.7211,16.9161,1.6822,2.47408,0.72876
67.9117,62.7397,7.82923,12.1116,22.7558,1.33629,22.7115,13.9352,27.1199,14.7266,24.7287,21.9275,3.95341,14.003,4.53579,0.192758,18.4498,23.7576,8.27435,5.72633,7.87317,6.27162
83.3689,110.011,89.65,19.1839,7.09124,28.4688,21.9798,16.867,43.2143,30.7912,11.0002,22.006,15.5428,11.5964,7.15511,3.56365,4.11188,0.0178408,4.12094,5.12985,4.46032,3.31169
88.8917,101.055,52.5629,7.27589,0.100529,18.8935,23.5305,1.39022,12.3352,12.7381,34.5477,45.2571,13.0709,3.68627,3.42683,4.85862,8.47299,13.5785,0.0976198,5.64926,9.47721,13.7394
94.2523,99.0587,42.9391,22.5717,37.9506,48.0916,29.0963,11.3793,23.7532,19.0869,10.9628,23.6325,9.69144,7.92696,4.22024,6.66653,31.3255,42.3622,18.1464,5.41716,3.98803,1.61471
75.438,101.759,86.903,35.8127,32.1005,16.658,8.08568,4.78406,30.9165,27.3458,4.7596,9.72685,12.1158,0.61505,4.8275,8.04264,28.048,33.1008,11.0994,3.93815,9.97378,9.10846
49.5049,43.127,2.54875,18.5703,16.4842,32.7497,26.6417,11.5172,8.2624,4.34721,7.74951,9.43303,2.7576,0.939808,3.48255,0.0456165,1.73193,2.62822,8.71901,1.72411,0.242163,5.60606
26.3299,32.7714,33.0832,2.42342,50.5577,48.3379,14.6069,13.2642,44.5232,41.2521,8.41409,29.0847,16.4743,7.34686,0.684951,12.3295,31.2512,24.1155,0.205315,4.14969,13.3706,8.6403
13.7841,9.59385,1.91961,12.5941,30.2163,14.2467,8.67649,1.93632,8.97569,10.0824,22.1376,37.5584,24.4979,5.474,1.20961,3.92878,28.8528,44.2867,20.2944,1.37222,2.35959,0.00260082
41.3703,58.3481,55.9439,18.3738,13.6485,28.7561,17.3953,14.2806,31.8102,20.6437,15.7913,33.9771,15.6062,8.67344,3.91657,3.22967,14.4431,28.9992,12.4335,0.0960548,0.592755,0.901656
63.9559,60.7339,4.3475,21.3713,22.1493,24.9878,0.514962,11.4659,54.4491,49.5973,2.2223,22.9806,10.2585,6.60174,3.34765,1.94946,2.48345,11.0461,7.70857,0.20182,0.822818,0.929635
89.0563,112.943,90.9815,23.175,13.4337,32.189,23.5886,2.73606,22.6579,20.2202,7.08652,15.6555,17.6411,7.03434,0.0680661,3.16348,18.7347,27.6,3.36721,3.93618,1.85382,7.1684
87.355,95.1895,43.6616,15.9842,26.2486,29.0809,7.06782,10.6949,52.5057,49.0386,15.4548,18.2414,21.5695,13.8151,5.23133,4.95395,30.7135,39.4476,13.6634,2.28594,1.55009,4.7702
90.4798,101.793,52.9572,14.1764,29.1104,38.1198,28.8526,9.28767,52.6131,38.904,6.29097,17.9679,9.21856,8.10346,9.10433,9.11433,18.7638,21.8752,10.2486,4.46117,11.3322,12.8741
71.5597,96.2171,76.8422,35.5871,55.1601,45.6199,8.19688,7.11697,13.7984,11.2045,12.7662,11.3043,5.61038,8.96863,3.55038,7.08911,19.2833,25.8769,15.354,7.88953,4.70639,4.43512
58.8239,51.5278,4.37775,32.5566,32.2142,11.5147,13.2079,8.25287,44.6127,39.9422,18.5416,11.5529,0.50512,9.23174,7.51213,10.9601,34.5335,38.4798,9.74109,5.86069,10.1255,5.47888
28.4153,44.547,49.1476,17.9818,17.697,29.1981,16.1316,12.6151,48.2532,36.9808,5.89502,4.66985,2.18487,3.92518,5.79698,1.64357,23.2955,31.9514,6.64871,0.752459,4.4992,4.42066
3.56723,0.251207,9.45118,2.00815,27.9637,13.7578,9.05867,3.85679,1.71694,1.67398,12.037,24.1057,14.8724,4.41187,1.5123,4.0275,3.00165,5.7406,7.07704,3.2804,11.8133,7.52429
26.0688,35.6518,31.6367,17.9558,9.85872,11.7879,19.6181,10.7555,50.5835,39.8685,3.76781,20.752,14.0275,1.73479,0.875726,0.29697,22.0219,35.2811,14.1306,3.80285,4.3381,4.17955
53.1881,51.832,9.36529,23.104,4.02896,3.79444,1.63613,12.1161,44.0818,39.1395,11.5135,9.72714,4.89395,6.77855,3.77683,0.817912,23.1215,35.6752,11.9601,2.71371,7.72721,2.44281
73.3779,97.4823,81.5585,32.1947,31.3249,37.241,25.6625,2.21914,19.6928,19.0881,5.35361,4.89151,14.6679,15.8816,6.28696,2.23367,6.99783,4.77431,3.03561,5.07888,6.72138,3.52605
85.79,88.5699,38.4868,25.7476,51.9038,45.1971,14.3083,13.666,49.113,40.4671,14.4751,17.4493,14.9317,7.55634,6.56806,3.93974,11.6584,16.4244,2.41974,0.674067,4.11355,7.36238
76.9012,91.4466,53.9768,7.15105,13.5147,9.53739,23.4114,17.4342,32.9039,25.9808,5.77144,17.5309,1.48977,11.8213,5.23475,4.16549,22.498,25.9055,5.2751,3.73586,0.814206,0.938559
75.3122,93.5269,67.267,21.6407,32.0731,31.9473,10.804,5.86967,15.2044,13.4735,1.71702,18.5098,9.33939,7.40121,5.91444,4.42956,10.2792,13.3781,7.22723,2.22152,3.19623,3.54478
62.335,58.156,14.6813,29.8825,43.04,18.7427,11.9891,23.1059,51.6873,45.6122,29.5973,35.0712,20.4285,1.13319,3.65086,0.893227,11.9416,15.3369,6.47786,2.81736,3.18254,0.930286
37.32,52.0956,48.137,25.7816,17.9403,2.80761,7.87177,11.7852,38.7615,27.7413,7.25525,19.1154,6.42382,5.11928,2.2551,3.80222,15.1777,17.551,5.51312,3.29135,4.00162,0.063752
14.2011,12.5527,1.94116,11.6194,4.75494,4.43077,5.53703,5.64234,19.1798,14.5431,3.7918,3.42612,1.99044,5.04173,0.270839,1.53508,1.68986,1.25031,0.517539,1.64444,5.34613,3.22302
11.8912,14.102,10.722,2.21972,13.8007,14.5115,1.17796,1.41778,21.5625,19.2868,0.816524,6.00651,0.640721,6.11889,3.08954,2.45186,7.77144,8.53593,3.32406,1.71128,1.44634,1.94561
28.6641,32.2321,9.73561,2.85299,25.2655,5.1059,16.3718,7.2902,37.0987,23.1646,4.26735,11.1355,1.82147,9.21051,3.88196,0.710316,5.22302,6.14411,0.234678,3.12033,3.25788,1.6275
55.6496,69.7644,57.7486,9.26439,19.0907,10.6293,2.72431,16.6806,39.6895,22.7425,12.5727,24.9227,15.3687,3.71896,0.124179,0.426537,0.784047,3.1189,1.86491,0.91285,1.77755,2.99745
61.3477,63.2907,22.9575,14.5884,5.41321,6.29576,8.62396,9.67785,22.4122,16.543,8.71845,14.6552,8.12316,0.16647,0.915059,1.42478,2.55513,2.65362,1.17644,0.0857989,0.607435,1.41215
65.5741,79.8545,52.3768,11.8017,19.7316,14.9142,3.59613,16.3121,33.6812,22.4608,5.34244,7.80161,4.43606,3.00619,2.06781,0.128739,0.333848,1.61287,1.36734,0.233768,0.789558,1.50759
65.6256,73.901,42.9293,7.76017,26.3031,31.221,18.7661,25.7895,53.4044,37.0411,5.94168,3.04631,6.18899,7.0242,3.16893,0.302826,0.786831,0.471768,0.581417,0.308421,0.353326,0.0136571
59.0634,64.8417,32.2666,2.33138,11.7127,5.8671,2.05384,6.0152,19.5515,10.0873,6.64656,4.89008,0.365223,0.176649,0.220205,0.757734,1.40976,2.39027,1.5146,0.33183,0.498339,0.262879
47.26,55.1311,53.3259,5.01063,17.7701,22.2,14.8435,4.57587,12.4097,7.65503,1.93433,2.35231,3.54472,0.770276,1.36693,1.33927,1.81159,0.0434899,0.442019,0.421998,0.932562,0.217009
35.73,29.9063,61.5648,154.833,171.686,92.981,30.4994,13.1201,37.5521,21.2755,3.62653,4.28765,0.749666,1.38295,0.159931,3.35702,4.55539,2.99641,2.13396,1.44658,0.912841,2.72575
15.0489,19.0101,95.1384,139.101,29.6676,30.5268,5.30456,4.61334,16.3874,13.3849,0.922215,0.839821,0.752485,1.65619,3.19405,0.124062,3.87263,6.06294,4.69386,1.87859,0.705783,1.73527
13.808,12.5318,22.1091,31.5897,11.8407,4.89384,4.96319,2.22372,9.24286,11.5821,5.77999,4.77888,1.03117,2.76436,1.90966,0.72445,7.17044,8.39586,2.09195,0.391138,1.347,0.225464
5.91693,8.84268,5.86193,18.3872,5.25141,4.40283,5.10756,4.92717,17.7878,10.1609,6.53571,7.76014,0.637018,2.36942,1.87198,0.098311,3.05045,2.92611,0.200227,0.346203,0.549391,0.50652
19.7422,27.4893,16.0168,6.0215,8.28602,4.39682,1.3049,4.80906,7.64208,1.65359,5.03506,2.90847,0.734057,1.05291,0.752522,0.478575,3.52476,3.01571,0.743767,1.12843,0.444295,2.68668
25.3427,27.7122,15.3843,3.25132,11.8926,11.6326,3.56105,1.01527,5.47755,3.31713,0.00911777,1.22592,3.62778,4.04518,1.69856,1.66029,7.83205,8.78658,2.72017,0.0537146,0.526281,2.69884
25.5895,26.1426,14.8488,2.15818,0.990263,2.66029,0.305034,9.83268,23.1623,18.7744,2.65929,0.116791,2.361,0.148378,0.72959,0.355708,0.772963,2.63627,2.21561,0.914393,0.383071,3.38931
23.7244,25.0314,15.8089,3.0156,15.9885,10.0052,2.46775,0.0211605,3.46142,0.0678115,2.97611,3.81951,3.40573,0.600941,0.462194,0.357193,4.03304,5.8308,2.35835,0.382352,0.816058,1.13199
20.2804,23.4143,13.117,5.53545,18.7377,17.0981,2.63376,6.74463,11.2603,6.94705,2.31217,5.17213,0.281219,2.99127,0.0372583,0.627941,3.546,4.71475,0.99256,0.317045,0.354711,0.559939
19.5901,19.2772,4.81513,9.54037,9.57207,7.60553,6.42437,0.716831,10.5491,7.39245,7.36148,10.557,3.71811,0.659041,0.474598,1.48178,1.53894,0.723189,0.0969517,0.444367,0.272752,1.32154
16.9332,20.5396,16.3193,5.07263,1.16855,4.99763,2.78362,3.7617,13.195,11.2377,0.823854,4.14202,1.8715,1.15977,0.384605,0.169676,2.11393,2.55236,0.491223,0.00195857,0.575316,0.878973
15.1533,15.2806,6.50427,0.833963,3.76214,7.68797,7.22836,4.53705,1.97233,1.65696,4.89471,2.22907,2.62804,2.98916,0.941298,0.290802,1.21225,2.67452,1.21283,0.116282,0.182566,0.839834
12.9136,13.3135,5.93527,1.74887,0.56222,6.71898,7.67188,5.07122,8.81227,7.05221,0.762224,2.64747,1.99217,0.881261,0.293025,0.0215499,1.47917,2.64209,1.14088,0.0349183,0.584329,0.244674
11.2063,14.4624,12.5995,4.02936,2.24218,5.94133,5.71133,5.01055,5.84608,2.52476,1.83083,1.62001,0.17809,0.917104,0.384619,0.925313,1.31694,0.697414,0.241936,0.0498591,0.617626,1.07911
9.61415,7.21543,1.82286,4.92776,3.54461,8.74936,9.46703,6.03814,2.76554,0.123332,1.94608,3.52157,2.07314,1.31262,0.573582,0.11969,1.5586,2.61303,0.666586,0.752437,0.685675,1.71182
6.83041,10.6814,11.3201,7.18837,4.50196,0.877841,3.95446,1.36983,5,6.54179,1.11272,0.0948732,1.70712,0.399945,0.811371,1.5373,4.60196,5.01285,1.07026,0.460822,0.339591,1.49132
6.01367,3.21323,2.43249,7.51918,11.6022,4.34746,5.20589,2.9233,1.55644,3.45906,5.4499,4.95613,0.933274,0.405444,0.25125,0.219605,0.465864,1.23113,0.472353,0.434737,0.0609406,0.383989
3.00217,5.55523,5.62002,7.46602,13.715,7.03131,1.05631,1.35535,3.90936,2.9517,2.31811,4.75082,2.30527,0.09803,0.555161,0.24179,2.00293,2.84889,1.29177,0.620717,0.2963,1.8544
3.25985,2.26553,0.374979,4.26558,11.4067,10.1624,3.41058,1.91245,1.15164,1.81055,2.98704,1.09737,0.6007,0.253297,0.256373,0.937957,0.786596,1.39351,0.303967,0.4777,0.189473,1.56429
2.07542,2.52738,1.64284,1.52813,3.10671,2.17622,1.31077,1.22901,10.6374,9.84086,2.27049,0.402033,0.714871,0.685038,0.262981,0.943033,0.0990988,1.06896,0.610524,0.263336,0.0846957,0.378758
1.04291,1.27588,0.722211,0.926845,4.36722,5.21459,2.52271,0.409587,4.76868,4.83029,0.484803,2.02286,1.31068,0.223777,0.0860991,0.0343341,0.702338,0.657464,1.45264,0.0130998,0.76406,0.694971
1.3073,1.26509,0.490897,2.37991,5.51482,4.39169,0.263916,0.651229,4.95005,4.05362,0.0754402,2.09582,1.70124,0.591216,0.703976,0.233258,0.285619,1.56034,1.73075,0.654788,0.126769,0.431147
0.888303,0.943777,0.650411,2.16754,4.68893,4.98026,3.85368,7.42206,14.368,9.2861,0.227448,1.70627,1.58419,1.22239,0.354945,0.0340438,0.463336,1.46119,1.37508,0.393647,0.188199,0.264747
0.71851,0.407784,0.110967,2.01162,3.17493,0.221983,2.00137,4.18544,14.641,13.2334,3.96897,0.944964,0.799918,0.767517,0.506819,0.0508279,1.76571,2.58466,0.920619,0.323082,0.546803,0.819683
0.16141,0.254211,0.334621,2.64299,6.09,3.50146,1.14319,0.0592487,0.0318153,1.01111,3.14291,5.61307,2.95383,0.595206,0.25448,0.500276,1.28998,1.14744,0.150338,0.150558,0.110572,0.438821
0.00471478,0.161046,0.00594261,1.71125,5.05663,4.17922,2.06128,1.64599,9.24125,7.61481,2.16122,3.15516,1.91177,0.137652,0.281837,0.557565,0.398864,0.154979,0.288915,0.659111,0.385933,0.544708
0.223952,0.332405,0.349345,0.47609,1.80875,2.69405,3.66749,0.224068,7.71337,6.52468,0.440351,3.41186,1.95752,0.122459,0.251097,0.177614,0.792178,0.582543,0.0796023,0.209588,0.180779,0.29787
0.343222,0.378062,0.259217,0.827579,2.24481,1.27595,0.274817,0.0756667,1.23768,2.26817,1.52972,2.58493,0.0776397,0.917451,0.424762,0.368709,1.16441,0.985824,0.465999,0.20201,0.0866967,0.249836
0.592942,0.249602,1.84433,0.0229803,10.9563,13.0129,3.94999,5.26779,15.0834,11.1476,3.91571,1.82658,1.05867,3.10115,5.5481,4.22482,4.61235,6.05552,5.81216,1.40333,2.20659,7.97392
0.191151,0.14284,1.69902,3.37903,4.40933,9.88366,8.9119,3.20119,10.2228,12.5138,0.464334,9.06428,9.86202,9.15484,4.67875,2.8682,7.8444,4.32355,3.90859,1.70233,1.09165,5.76768
0.43112,2.36268,6.24971,1.56632,20.3427,21.4063,10.9609,0.372571,21.0652,24.1487,3.89304,9.56294,8.60987,4.70961,2.65548,1.14982,2.66381,6.19305,5.35418,0.526838,1.8733,2.40138
0.709974,2.75625,9.08551,1.67845,12.5249,4.69554,5.78713,6.9288,11.6474,5.95064,4.97984,11.9416,3.94567,3.20989,1.13072,1.84493,6.75532,6.38105,0.677584,1.13189,0.500831,3.32813
0.298198,4.17777,9.51113,9.83808,13.0236,16.5931,11.5626,4.67288,3.78147,4.46513,3.70321,12.4074,5.94282,3.70106,2.5329,1.12677,7.91108,13.2161,8.30981,1.8522,1.72988,2.56633
0.0518972,2.33589,4.38665,10.7142,24.0661,14.936,2.53539,7.13291,14.2245,10.8423,1.88282,9.44888,5.74128,3.43145,3.28722,0.756739,1.81044,4.17906,4.63081,0.58109,1.75674,5.19702
0.158121,0.503214,1.50293,3.63332,9.57146,2.17175,10.1712,9.72938,22.1565,19.9298,7.16088,7.11743,2.85687,2.97724,1.56019,1.98466,8.50259,10.222,3.52326,0.175268,0.0379529,0.219881
1.241,1.55291,5.0496,3.89445,5.49385,3.54816,3.56696,1.95193,1.96521,5.01621,5.33901,5.73238,0.855613,2.20908,0.332774,0.933172,3.931,1.99018,2.53103,1.27328,0.0120375,0.513428
0.366224,5.04549,10.3642,7.49627,4.81887,1.9511,7.80238,5.93449,7.08178,3.41426,4.98856,8.16181,4.64539,0.766099,0.180035,1.45273,4.45302,3.8771,0.228744,1.30945,0.955264,1.21205
1.32959,1.95643,8.66849,3.69599,7.48354,4.23635,3.66254,2.30584,13.1293,9.02645,3.82234,5.56672,3.72181,2.40092,1.99592,0.143942,4.42777,4.66527,0.165146,0.694459,0.468861,0.863574
0.785888,3.53139,7.60793,0.565877,13.162,4.10589,7.37826,2.13764,14.7225,12.0314,0.640135,3.10537,1.18991,1.25373,1.55312,0.870084,0.194423,1.22335,0.704271,0.0632389,0.100971,0.953202
0.0539936,0.163073,0.344339,1.25246,6.12637,6.16057,2.93947,2.57486,0.539552,3.58357,1.35912,4.79028,2.14589,0.892298,0.540916,0.455334,1.79018,1.62742,0.0663219,0.285637,0.115004,0.696333
3.50315,4.81682,6.2783,1.2319,4.96055,0.342256,4.81088,0.13394,3.09749,2.63667,5.05962,6.53423,2.46879,0.0370484,0.273746,0.605213,2.30681,2.4664,0.119504,0.640642,0.342606,0.719756
5.91753,4.11928,3.26186,0.315611,12.8424,11.1487,2.29645,1.21972,1.87943,0.750485,0.971459,3.53202,2.27009,0.529427,0.350404,0.264743,1.52439,2.6157,1.23371,0.242367,0.0474588,0.202856
9.01874,14.8885,15.917,2.35431,8.32225,6.25684,0.717805,0.35269,4.25448,5.49004,2.9953,1.88742,0.676839,0.15448,0.132732,0.503483,1.42681,1.38395,0.0913348,0.247403,0.305769,0.701023
8.52019,9.53026,2.66191,1.36932,2.85999,1.56383,0.0786723,0.191109,2.38052,3.63737,1.92175,0.514925,0.0859077,0.0598281,0.179622,0.207409,1.43966,1.87377,0.395111,0.154411,0.0804761,0.103879
3.49243,9.74671,11.8327,3.12722,0.69205,0.421858,0.0254362,0.670139,0.921485,1.16145,0.361098,1.19124,0.340963,0.147108,0.0613312,0.465837,3.00782,3.83498,1.3184,0.307446,0.66989,0.797379
7.18935,7.87993,5.59837,0.880055,0.865718,0.200838,1.23532,1.2798,1.20108,0.285734,1.23501,1.74743,0.828861,0.449619,0.278799,0.0791162,1.32266,1.34402,0.59929,0.399376,0.20492,0.132452
19.7512,23.2012,13.2351,0.225959,1.33319,0.934497,0.405435,1.07171,2.4834,2.72441,1.82852,1.62194,0.765102,0.011643,0.15985,0.412867,0.320604,0.705343,1.4315,0.751241,0.0876253,0.19772
31.7873,40.9507,27.2018,0.586517,2.44712,1.81042,1.24595,0.136595,0.870976,3.13338,2.35431,1.24456,0.93421,0.339245,0.290225,0.127627,2.08669,2.5282,0.251484,0.889193,0.470388,0.266732
33.0875,44.2034,31.02,3.83047,1.77013,1.6502,1.08975,0.614943,2.5421,3.62829,0.0617429,1.53489,0.502018,0.0681406,0.242089,0.217502,1.74482,3.48181,1.67083,0.352077,0.27621,0.380804
21.6075,31.5881,23.5377,2.1613,0.356923,0.925369,1.3156,0.29935,2.45597,3.58038,1.05381,0.0843902,0.805004,0.436743,0.129366,0.0074392,0.209669,0.208999,0.493159,0.353152,0.00691828,0.594325
3.57625,5.23818,3.80998,0.302937,0.321027,0.659769,0.571387,0.158357,0.971257,3.35045,3.03194,1.08078,0.275862,0.356118,0.163187,0.163722,0.537386,0.571474,0.0400166,0.173984,0.070996,0.0228042
22.2983,25.3904,14.567,0.755419,0.972114,0.993436,0.912406,1.48601,3.60041,3.07172,0.0515274,0.304237,0.0494931,0.466794,0.223422,0.0205667,0.835367,1.08667,0.251322,0.0998816,0.0737009,0.36844
40.1989,52.1877,36.8813,4.09468,2.07529,2.44683,0.921441,0.614191,1.77679,0.796414,0.772037,0.994625,0.493736,0.126058,0.0891194,0.215545,0.443358,0.477124,0.0411474,0.249282,0.0658186,0.647782
54.3629,67.1059,40.3287,2.05807,2.69449,1.45531,1.90983,1.07768,1.24453,1.05786,0.748454,1.16623,0.0383609,0.347349,0.0538971,0.0320446,0.53162,1.00036,0.752546,0.406714,0.404216,0.352186
59.5575,70.6427,42.3434,1.87155,2.94963,4.4298,2.07343,0.181853,0.213755,0.450113,0.147267,1.1145,0.740483,0.123216,0.106975,0.0168414,0.383245,0.0315761,0.857924,0.613426,0.115088,0.250792
45.5008,64.9508,48.0125,8.26736,0.576355,4.25949,0.0081274,0.589519,0.185895,0.936284,1.61463,1.3813,0.0847966,0.392021,0.523677,0.789217,0.885054,0.830464,1.20143,0.428177,0.104782,0.474574
40.4716,29.7035,45.1339,151.019,140.979,60.9273,30.5895,26.7,30.3153,23.1707,7.99967,10.2126,16.2778,15.1173,8.77791,2.92187,0.873245,5.18987,8.81694,8.60783,4.8873,1.40862
9.47264,22.7972,26.0628,84.6708,20.566,20.7311,6.17831,11.2661,6.61499,1.35211,7.6606,7.24744,3.02705,5.63775,4.56807,0.143335,1.75753,2.87806,0.940466,0.864638,0.049711,0.00362052
6.34987,45.1169,111.073,84.6493,16.3582,6.78477,4.85941,5.77305,15.5042,14.5183,0.952865,5.28976,2.81586,0.468904,0.0306963,0.107426,2.40602,5.443,4.19997,1.07977,0.55338,0.238686
11.1657,14.8775,36.023,19.6589,22.9358,20.6225,0.653364,0.338858,0.771392,0.705106,0.955809,3.75985,2.12061,0.971319,0.866644,0.0696561,1.23741,1.29787,0.0487766,0.278687,0.260332,0.760863
37.5104,43.6769,23.4902,0.76707,8.31084,3.11755,16.7681,5.73885,8.87028,11.0533,5.04775,1.76656,1.02534,3.87595,2.57892,1.19034,3.42208,4.73934,2.50985,0.216477,0.790818,1.57967
53.4306,68.6239,52.6385,18.9674,23.2485,26.0981,13.5035,2.66579,3.89865,6.34084,3.77289,0.706345,3.24686,4.40624,1.39671,0.537298,1.11194,1.25453,0.323979,0.354089,0.108313,2.36017
54.0966,66.9463,48.645,5.09736,14.0675,7.35094,9.69652,6.47689,2.58681,2.12222,3.31581,4.31874,0.805442,0.346963,1.50926,2.7706,5.60466,5.31774,1.98991,0.123095,0.609388,0.500234
46.6139,48.5191,14.5762,12.2141,8.66521,23.4622,20.11,4.54923,1.86534,1.76014,6.85975,10.3165,9.48477,5.18309,1.82653,0.932127,1.37484,2.7747,3.58996,2.20172,1.33991,0.349924
33.5798,48.8208,46.2158,17.4379,11.5407,21.0407,16.2379,10.5334,28.6456,28.4826,10.0241,11.8524,10.5761,0.907141,1.71761,2.68042,5.88362,5.42112,1.17738,0.958787,1.60518,1.72752
10.6608,11.1582,2.87759,9.37939,8.21658,17.7675,11.8482,3.4729,0.221193,0.237744,4.16495,9.57914,3.37024,6.91856,4.77335,1.99876,2.37505,8.11861,2.95508,0.146493,1.03772,0.726717
7.4885,6.48085,0.297134,5.4784,3.44619,28.0601,27.8936,16.6553,36.295,31.5685,4.77554,1.0304,6.02862,7.32734,2.62523,0.599559,6.41181,13.278,7.80978,0.314998,2.69744,1.81026
29.431,28.214,5.00676,2.42432,28.7006,10.7929,9.88734,9.18579,25.4679,24.8939,0.382823,12.8061,8.6441,2.04658,3.19012,4.49371,12.0592,8.46691,1.23207,0.36671,2.28758,1.76793
47.6528,63.1858,56.5151,6.31211,41.1237,50.9222,23.9415,10.9984,26.4235,24.1193,3.84631,20.2782,6.96833,10.7043,7.19981,0.033118,3.67971,6.85917,5.87287,0.708262,3.6706,3.0455
66.4437,67.3985,21.9497,14.3629,4.11968,25.3871,24.8376,16.1109,40.5565,35.6197,12.2954,18.6131,7.04826,7.35883,3.10231,4.86516,11.5362,12.5423,5.99162,1.34203,3.00524,3.65741
73.6085,91.4665,64.2535,18.4907,31.3428,31.3284,9.46695,1.64854,3.41837,3.4492,7.95147,15.9322,13.0953,7.91899,5.7434,1.82254,12.6966,22.8988,9.51744,1.10988,3.5404,4.60949
71.3358,87.2231,57.0548,2.28885,23.3516,38.3169,29.2269,18.6326,41.0624,34.4348,2.11182,5.97874,11.7725,15.618,8.42401,3.16329,12.9169,20.7561,3.06441,5.26869,3.90663,2.73592
70.4614,72.5566,26.2279,10.132,1.13015,8.31649,11.4662,10.4872,30.9655,31.3461,3.89508,6.73848,0.423045,5.4202,2.32847,4.18347,14.8205,20.1235,10.8386,4.48635,4.93731,0.859229
53.7305,75.4997,72.5169,19.4715,8.68974,10.7304,18.0825,10.2941,29.4837,29.1919,0.548464,15.5028,18.1753,15.4062,7.99128,4.93735,1.53041,6.02239,4.36451,2.62269,6.31571,4.09884
27.3728,22.8421,7.43472,5.50209,32.1161,7.11099,20.3486,20.6401,46.9832,37.7897,9.63899,16.4918,22.6341,18.8759,7.96556,5.42109,23.1625,29.598,11.0298,3.81883,3.97441,0.987211
3.27187,4.01643,5.70205,1.88872,18.7985,20.6925,8.39528,1.87355,10.1827,8.63916,5.28691,11.801,2.66641,2.00977,1.04921,5.73826,28.1047,29.8819,4.67983,0.912548,10.0823,6.89915
34.0943,30.5548,2.36454,0.0148195,28.1654,1.04908,27.8,22.795,42.5528,37.2899,7.00129,0.0377651,8.12421,14.3757,5.67527,2.42856,11.6802,24.9042,13.3474,2.09584,3.73856,5.92956
57.1903,80.5986,78.1398,11.6323,46.4955,29.4989,5.34125,13.3898,38.8932,35.8775,3.11796,8.33512,7.12306,8.3713,5.30048,3.14928,5.78279,5.19635,3.40132,2.71348,10.7456,7.05163
79.0945,77.5146,19.7803,12.5327,21.4518,32.923,25.0625,12.071,15.7097,16.6489,1.95312,13.9956,4.2258,3.03165,1.4536,1.45837,16.9463,28.6283,11.1594,2.79277,3.09201,5.40948
88.1359,112.321,82.4909,16.5007,10.51,3.60816,16.6791,16.6973,39.8872,30.0118,8.27645,15.8755,7.20556,4.82156,0.671056,1.64486,20.3734,29.9669,4.97771,9.16612,12.9413,14.4148
99.6261,114.137,68.8973,2.97231,6.98172,14.0757,13.848,3.38064,29.319,26.2516,1.57158,17.7576,15.7916,2.16906,4.27553,8.21741,25.067,29.8455,11.6304,3.21623,1.15705,0.240014
89.1337,89.8266,31.5865,22.2998,17.9412,7.27928,24.0924,10.3208,19.9576,22.1458,4.13766,5.76371,6.56095,1.31859,4.51797,2.82948,1.33796,5.53953,2.40001,2.04718,8.60755,14.2942
64.2782,91.1394,85.36,25.7595,0.186454,1.91296,4.61297,16.5924,42.5118,33.3788,1.80902,9.16316,11.9974,9.51633,2.91213,7.29097,30.7498,40.0674,18.0735,1.24822,1.78105,3.90444
36.1215,30.4815,8.90028,4.25408,44.5463,13.4978,24.1145,2.25899,20.5558,17.796,13.6621,20.4733,14.8046,0.373646,4.02219,7.48633,33.4341,37.8002,6.94673,0.531871,5.23046,3.61793
9.96784,15.663,23.4374,4.52325,51.0169,27.6733,12.507,13.36,25.9273,19.2458,10.0567,27.6978,15.9713,7.77071,4.25566,1.9477,16.0444,28.9974,12.8045,1.43153,2.27727,4.75503
15.8241,18.3451,3.71287,8.75158,3.15687,7.91203,13.4834,5.48431,41.3722,39.7769,3.96335,29.1666,9.66457,9.22857,3.502,5.33175,15.5115,12.9604,1.09998,1.67331,4.17223,2.88824
51.6476,72.3758,73.6132,18.0931,33.4605,16.5349,13.9944,4.00171,3.98299,10.589,4.34401,23.0652,18.6814,9.20332,3.07879,2.03578,26.322,48.0349,22.8143,1.25107,0.220833,2.47048
72.1642,67.388,8.63716,17.8261,19.8699,17.5738,5.83394,7.34176,30.321,22.6038,7.69048,12.803,15.6867,15.4968,6.89522,1.47061,24.7768,30.9846,4.25891,1.59209,6.9119,6.73666
84.1923,112.862,92.3914,27.456,14.5628,0.000745296,15.6105,7.61254,40.8604,36.0403,10.8398,3.17109,0.616567,5.44267,5.9642,8.98234,10.5703,6.14348,1.00629,4.28929,3.57674,0.149607
93.1377,105.459,58.6077,2.89736,7.94578,4.04361,3.76765,1.79281,2.56134,3.89517,6.9312,17.7601,17.4909,9.03566,1.11214,1.28671,17.6721,23.8318,4.44111,5.95283,10.775,14.41
86.5656,89.4573,35.2047,27.9312,38.3442,17.2732,12.063,6.91069,42.3006,34.3725,7.38772,29.1817,19.3728,8.81492,5.53321,7.89747,35.0975,47.2372,20.5191,6.83397,4.0353,0.926166
68.5355,94.6621,82.8689,35.9196,34.2864,13.5199,18.268,1.10922,34.2405,24.0639,13.745,27.9091,14.1185,1.88352,3.58989,3.95912,23.5242,26.9335,4.85612,7.13303,13.4511,13.3179
48.7501,38.7769,8.57638,21.0729,8.35161,1.29236,8.57665,3.17504,3.24604,2.33414,13.8045,32.6858,20.1676,3.62131,0.337655,7.09598,10.4096,6.8258,2.27614,4.20605,5.63098,4.47022
13.8125,24.2967,32.6044,2.39892,48.1362,25.1476,13.4836,6.94909,44.7711,40.3903,0.723541,26.8434,21.1498,3.45957,2.13992,5.96737,30.3604,33.6415,6.29578,2.81658,11.5045,2.53372
12.3274,14.5443,7.93866,16.5397,38.7681,28.5319,6.92232,12.5782,29.17,20.8939,9.68331,13.7859,6.55546,4.79123,2.69086,1.85164,24.5101,44.6652,21.5062,1.16227,7.03436,0.836398
40.658,55.5523,51.6672,21.4272,7.42563,16.54,21.6821,2.83645,7.39091,0.710278,1.4387,0.634957,7.05248,13.5331,6.31544,0.195732,7.83958,12.4146,5.20211,6.29263,8.3829,0.553483
61.9671,60.7055,11.2987,23.1596,2.38169,0.0427429,7.59287,8.40718,44.6508,38.588,8.24199,6.57124,9.4402,5.36441,2.98968,1.43385,14.8339,27.9109,13.4933,2.94938,7.14804,7.00851
77.122,100.258,78.8286,25.2755,19.0435,1.64944,17.6386,11.8534,25.4331,23.8839,0.962879,11.6756,0.873788,12.8906,4.8593,0.167778,25.1344,33.575,6.6766,3.05519,2.64241,5.37574
86.8004,93.0264,47.2734,8.61244,16.1634,1.36121,18.0632,3.57115,17.5254,16.4442,1.42727,15.4497,7.3141,7.58891,6.35354,6.18357,19.3678,20.1436,5.08596,1.5423,2.04146,2.39542
77.0053,88.8255,50.0824,11.2913,23.2868,3.85142,9.9437,15.0093,39.0595,27.3809,4.13366,10.674,10.9214,0.435726,5.11216,3.79947,5.46704,7.62021,0.653206,4.03697,5.86958,7.25538
69.624,88.7136,68.1667,37.7511,57.7958,24.4371,18.956,20.882,41.4351,38.2733,6.4493,5.27375,3.48699,0.772704,1.70071,5.29126,24.4997,27.0838,7.47702,1.75138,2.74594,0.248875
50.1631,46.3586,8.38321,28.1988,37.6912,30.392,9.28354,4.92244,14.4961,16.4121,6.15663,5.89169,9.8496,3.6437,2.27569,5.14709,14.6761,15.9202,3.48751,4.24369,4.9611,3.00654
24.9683,35.7553,36.5241,14.9125,0.519916,13.4427,21.5477,20.9585,38.8757,28.134,2.43239,12.8674,4.73869,7.40101,5.40497,2.51288,8.64183,5.02612,2.6426,4.73251,5.58477,2.60131
2.11578,2.30607,3.85694,1.47147,18.1383,20.205,11.0865,6.65964,36.3942,28.0111,10.4716,15.0028,0.136449,12.7305,4.481,4.36945,15.2873,17.4008,6.00338,1.8458,2.80379,0.03044
24.5345,33.4082,30.3681,11.7653,7.04954,16.9033,17.8942,1.40364,12.7272,12.7303,5.06443,20.3458,13.3086,1.69075,0.23769,2.15195,6.65468,9.52779,4.85035,0.468311,2.47508,1.35223
43.6673,45.1651,12.1198,14.7065,3.50554,12.5314,11.4921,2.44148,32.7516,31.7905,0.0845365,16.8457,15.1194,8.21395,2.46809,2.08067,6.13293,7.19677,3.91651,0.294471,0.694796,0.793638
60.7624,79.2982,62.8654,23.0037,13.242,6.10586,13.4818,13.6981,38.0846,21.8943,4.62611,8.93781,4.32807,0.590857,0.728846,2.62258,6.53337,5.7096,0.142835,0.825077,0.839595,0.341183
72.8755,75.7605,34.3259,21.3098,39.4832,31.3812,10.4804,14.5817,30.9276,22.9116,0.666021,4.50979,2.11074,4.01606,1.22083,0.57405,1.8777,3.04023,0.974385,0.426589,0.0313655,0.821113
66.6614,79.9594,49.1894,14.7661,37.7844,37.1151,10.9372,1.88576,2.21815,0.941229,0.820569,1.01836,0.725723,0.0705036,0.688176,0.443396,0.605855,3.49268,2.43968,0.866054,1.11516,0.91558
63.2284,73.1659,47.0379,3.84755,15.9195,3.09041,13.0673,12.3567,26.9228,21.6313,0.390305,5.25111,0.750337,1.74013,0.733894,0.566548,0.0267386,0.309993,0.383752,0.61352,0.830523,1.44021
54.9156,57.4017,24.644,0.649269,5.03103,6.94434,4.54726,3.10029,20.6894,17.5139,5.12535,7.64594,5.43182,0.307964,0.525085,0.0145082,0.643242,3.64315,6.22413,4.07338,0.928835,0.61659
37.8907,49.6792,38.6983,7.37755,5.77143,15.9059,13.9348,0.755422,4.21678,2.8936,7.58827,9.36579,5.48549,0.370586,0.786472,0.0149416,1.2539,0.125461,1.44829,0.601839,1.44745,1.81417
53.6404,16.3171,17.8847,58.6217,97.9848,19.6152,21.8709,18.9193,12.2544,8.54545,12.4338,9.782,1.97822,3.41163,4.82751,3.06192,4.32758,6.69177,0.371219,6.4496,3.16138,0.476556
14.5604,6.11125,5.88765,29.1936,65.999,42.4748,0.190574,3.58914,7.995,2.59015,3.00365,1.54226,1.63199,2.48139,0.641496,4.36405,9.55152,9.69998,0.558686,5.05745,0.664358,2.25049
9.65218,2.00702,32.4374,13.0157,25.4641,15.6138,4.4945,0.425371,6.17075,9.52858,5.03181,1.15536,2.6533,3.7047,3.04141,1.98297,2.16347,6.34457,5.86424,5.79491,4.3137,1.10552
5.53564,4.77545,18.3598,23.354,7.31909,0.00968517,1.30902,3.21262,12.6043,9.74998,1.28697,2.66806,1.12498,1.75383,0.669624,1.32207,8.43506,10.3904,2.45272,0.70777,0.0907775,0.889096
12.266,26.8242,23.2182,3.30092,6.35593,9.76788,7.31217,0.10202,8.57838,4.03985,1.30135,2.11985,2.72878,0.214697,0.703986,1.64238,6.40486,6.15147,0.794428,4.48978,5.95014,1.86119
8.81782,3.47285,0.234439,6.70954,5.26466,1.83064,0.0875703,3.8658,9.51891,9.13458,0.119284,4.75105,3.8259,1.60927,0.110511,1.0259,4.03405,4.08277,1.2253,5.88059,5.11922,0.239972
1.5107,0.0187854,2.65252,0.959573,10.9705,10.7813,4.20152,1.74265,12.3777,8.83383,5.08417,8.15789,3.212,0.0678811,0.489015,2.6265,9.98892,11.0258,2.10658,4.18664,3.69515,1.51314
5.31848,7.37416,10.1925,13.9559,23.2112,19.1863,3.08522,8.9817,19.7093,9.89992,2.73578,2.43078,2.14516,0.595157,2.60383,1.13458,2.36807,3.43307,3.04834,6.03638,4.52955,0.988831
2.5134,3.3834,12.6163,12.735,10.0861,4.92054,0.662128,2.63212,3.62907,2.64786,8.7458,8.72679,6.28444,3.75703,1.06275,1.28497,6.823,7.72964,2.02445,0.86783,0.58389,2.19076
4.23519,6.0049,8.42729,2.71139,8.68845,11.1305,3.19851,3.15517,1.44527,1.13779,2.14696,5.72563,6.54261,4.06035,1.09408,0.678139,6.93488,7.94735,3.8849,7.07448,7.74869,1.53458
0.924889,0.0422295,2.70502,2.92081,13.4659,8.59059,1.42948,1.74215,15.4231,21.4561,13.8045,7.04561,1.25796,0.302022,0.998022,0.512109,0.790572,2.04503,2.80276,3.88378,8.31728,3.36753
1.26526,0.403839,0.492289,4.60575,7.94412,0.0593203,3.7853,2.31417,3.50926,0.385779,2.71928,2.43052,0.267039,1.62446,0.0864758,1.10369,1.61054,4.42121,2.37882,3.1358,5.49017,1.17854
0.609488,1.78344,5.14224,5.70211,5.07426,3.97621,0.0154994,2.61958,0.38908,0.989574,0.0289463,1.79082,1.9196,0.0505712,0.524544,0.991511,5.02805,7.95533,6.63447,2.5659,0.111018,1.08951
0.654985,2.88954,7.75821,6.9757,5.5809,7.54249,6.73239,3.88728,6.52266,10.9781,8.8081,2.81152,0.442746,0.637116,0.0584698,0.0368507,0.538238,1.69588,0.0852318,10.7424,11.0051,2.25985
0.77577,3.00505,8.02378,8.62329,6.4428,0.0708364,1.58773,1.21889,2.16006,2.1127,8.58816,2.80147,1.60714,0.223749,0.174171,0.0287574,0.560976,1.10153,0.87042,0.943502,0.452918,1.69662
0.355476,2.65705,6.05495,7.84369,9.06543,0.824397,6.88891,4.68478,0.986668,6.20347,9.65975,3.41118,1.37593,1.24346,0.0872311,0.928448,2.56409,0.536867,1.8202,10.1675,12.9758,1.58199
1.40065,1.14872,3.96488,6.18224,11.3071,10.629,3.80246,0.511209,0.516055,0.0816428,2.61951,2.4028,1.21365,0.73036,0.253152,0.412866,2.98496,8.83442,6.66277,5.69703,11.2946,5.67448
0.541251,1.6317,2.08046,2.70213,5.80538,7.3142,6.10661,3.46459,1.97408,2.29204,1.29999,0.258464,0.386635,0.00729579,0.329299,0.146154,0.643061,0.967986,2.94028,6.72367,7.57402,2.1739
0.32656,0.36465,0.222124,0.650527,2.38289,3.19497,2.612,0.871193,4.2297,5.33994,0.491631,2.25706,1.08733,0.960922,0.573556,0.666053,4.12491,7.55222,1.18055,17.0128,18.7266,3.47729
0.178633,0.446654,0.941941,4.53676,10.1221,9.03942,4.33928,3.85724,9.21292,14.7678,9.76064,0.963963,0.490152,0.942958,0.887326,0.420647,1.18337,2.59113,7.38574,0.860062,5.85817,3.87731
0.305402,0.253435,0.796336,5.07999,11.8047,7.10656,2.62723,1.05708,6.02366,9.53362,8.00335,2.94335,0.234402,0.00481506,0.116264,0.372163,1.3891,2.98242,5.74324,13.9956,14.4947,3.3535
0.800877,1.00246,0.929526,3.94702,7.65761,2.44168,2.94771,0.756873,2.45134,4.08359,2.48618,1.09805,2.17742,0.456515,0.821247,0.275175,0.885093,1.24296,0.686129,13.4199,14.3606,1.45614
0.268503,0.24377,0.448794,2.53484,3.57865,0.378902,0.285928,0.0151259,6.41462,6.98511,0.664396,1.9893,0.845422,0.153212,0.601306,0.739124,1.22407,1.96091,5.04714,13.1955,11.4491,1.57565
0.109444,0.0349773,0.267292,1.55008,2.88404,1.6189,0.224855,3.06369,5.74313,3.50035,1.96353,2.14873,1.23185,1.17458,0.669981,0.0135005,1.40975,3.70554,4.92833,10.6885,12.9144,3.42083
0.317891,0.277373,0.206704,1.03115,2.55797,2.19398,0.388183,2.94145,7.65109,12.4522,8.0908,0.0826677,2.06604,1.671,1.23991,0.125423,0.526959,1.77935,3.29419,1.3018,0.445944,0.795
0.111628,0.148002,0.122257,0.096733,0.552493,1.65063,2.41169,2.52817,4.3057,4.36785,1.07681,0.413646,0.966052,0.279327,0.376469,0.406742,1.19726,2.2883,4.18386,7.76563,5.6193,0.0732205
0.1633,0.155853,0.0578165,1.35627,4.01911,4.09816,1.89348,1.93363,7.18335,6.337,0.748401,1.48636,0.561014,0.697273,0.392924,0.80686,0.62737,2.41468,6.01726,5.87294,1.77014,3.51177
0.300395,0.115556,0.0358123,2.11947,6.1846,6.3826,4.52968,1.80254,0.0646216,2.2682,1.7825,1.0027,0.957907,0.434533,0.465228,0.573391,0.232336,2.08108,0.198359,5.73304,4.806,0.332218
0.00679511,0.0847934,0.78898,0.763364,3.61947,1.1097,0.722133,3.8286,0.115226,4.22512,3.80374,4.0532,0.343624,2.02996,1.16857,4.17162,3.99005,2.42863,4.75959,7.12596,14.1007,8.94457
0.194959,0.581679,0.151362,3.67604,5.95167,0.349632,3.7769,5.77871,19.649,18.4144,10.4947,14.6294,5.45712,6.77943,4.64047,3.68094,11.5783,9.13375,2.18378,4.48865,12.9276,11.9962
0.51217,2.51765,6.42075,1.2181,11.0072,5.39513,4.09273,1.31627,3.79494,6.08853,2.61431,12.1255,5.44674,4.66898,2.23705,0.193743,8.32655,11.1649,2.0245,2.6551,0.964366,2.87014
0.340941,3.24845,8.9714,9.58608,6.89023,1.76451,1.29424,2.35333,21.4754,21.5198,1.68396,11.2884,5.21634,0.797235,0.926874,1.16455,0.409261,5.73005,6.96909,2.06305,1.23691,5.5888
0.314492,2.84656,6.25364,11.9836,22.2883,11.5543,3.41427,4.67372,3.80056,7.22668,7.20978,4.89008,5.85125,1.38712,0.393374,2.83579,9.95033,15.7794,6.14078,9.09165,9.486,3.61687
0.0430666,1.0121,1.44986,6.28785,17.0403,13.7105,1.16148,2.73048,9.36279,13.8592,5.06631,0.0190352,2.08887,0.577425,0.262349,0.120982,5.36285,6.48863,4.24494,10.8447,4.99292,4.64571
0.232833,1.58242,3.83069,3.2587,2.61578,4.60276,9.45942,8.21253,16.7759,14.1204,2.15744,2.51996,1.62035,3.76879,3.03206,0.530557,1.21607,6.67706,13.6532,9.0011,0.0244926,2.7363
0.816846,2.94841,7.42303,8.36855,13.8112,9.90293,1.7535,7.63843,17.0346,12.7912,3.42917,6.43924,1.03342,4.78433,2.33162,1.04428,5.72967,0.796443,9.19194,8.15715,4.53963,5.22928
0.638503,3.43611,9.24582,7.09335,6.10546,11.7779,11.1136,3.14734,3.49814,12.8557,8.91303,3.55994,3.05011,1.28462,1.38142,0.974007,3.60249,5.6504,2.09665,0.00476472,1.58315,1.88884
0.528484,2.40188,7.88144,4.03942,6.71502,4.43699,3.32254,3.64565,0.0747109,1.71846,5.18849,9.99218,5.38048,0.265126,1.56967,1.88039,0.446346,0.594459,0.251934,2.20957,2.98242,0.548398
0.0494856,1.11559,2.85425,1.019,7.8359,14.7576,11.5206,0.421427,13.7949,12.7751,1.44748,3.44614,0.199267,3.01376,1.44532,2.7371,3.35741,5.03831,6.47199,4.21873,5.66494,1.78055
0.0310157,0.736982,2.27765,1.8662,8.28667,3.07105,4.305,1.17378,10.0304,8.91952,4.78267,4.43168,1.72338,1.74259,1.67039,0.0998505,0.127635,1.18759,1.5734,4.20467,6.11919,3.07634
0.0816829,2.57758,7.16201,1.58187,19.5868,19.6488,8.76159,3.54745,0.104412,0.349078,0.506548,1.01431,1.07949,0.763805,0.928843,0.216631,2.08072,10.6687,13.6367,1.7769,10.7361,3.66559
0.345651,3.47307,9.02232,0.876612,14.9989,10.8456,3.17313,1.02893,1.47468,6.18934,5.98551,0.0579076,0.568499,0.813026,3.2486,2.91874,3.62508,9.40769,9.08939,3.94068,9.31717,2.61988
3.49733,9.14815,42.6522,9.13025,76.2472,35.6214,35.4447,31.427,13.0975,5.63508,2.4523,6.9822,4.84215,4.56896,6.42245,5.62373,2.25036,8.05563,6.38681,0.397816,1.67109,1.44072
4.89639,1.58721,60.1394,199.196,201.86,60.3064,8.2758,4.23251,4.64179,0.305103,4.24371,17.2812,14.2477,0.187049,1.07439,5.64531,4.44703,5.53062,9.05942,1.5087,1.13257,3.37716
0.481313,23.4733,108.581,129.282,36.883,6.53776,4.29582,6.9766,1.7638,1.30734,2.35888,1.4128,0.682642,0.4747,1.7547,0.83084,0.778225,5.23671,5.56952,0.367579,1.26443,0.257354
0.573572,40.0433,71.6424,25.3985,7.44838,4.17489,4.36982,0.859467,0.840904,0.763864,2.79154,2.00894,0.817015,0.80135,1.27925,0.685978,1.27522,0.674353,3.4183,4.06185,2.24644,0.31596
13.7462,37.1252,40.3551,2.812,8.98106,2.01818,0.0773953,0.274537,1.34705,4.33773,4.02386,0.0891667,0.465122,0.44847,0.0415408,0.300385,1.48493,6.96369,6.74758,1.1654,3.88318,1.16588
14.33,14.7511,6.94385,0.283916,0.309684,0.845901,0.997946,0.533522,2.26978,1.46367,3.02486,3.14608,0.579479,0.332624,1.00705,0.233185,1.2317,2.44764,4.47053,1.93135,5.03965,3.07576
9.59368,7.88424,2.78035,0.324874,0.292639,0.674836,0.250014,0.242289,1.28281,5.22247,5.47273,1.44796,0.471797,0.42076,0.218694,0.31148,1.13571,2.17049,4.41342,0.652064,3.49202,1.74461
8.6949,6.15359,2.9971,7.14024,2.50693,0.264877,0.866856,0.742621,2.00042,3.36894,1.85101,0.101335,0.549896,1.68088,1.30032,0.634556,0.932422,8.88812,10.7689,1.14032,6.35046,1.95534
6.5792,5.27811,0.860947,3.58638,0.137735,0.194844,0.904831,0.620355,1.78308,6.61549,6.19362,1.87237,0.173861,0.593755,0.686862,0.356736,0.308747,2.67205,4.75578,0.604009,3.624,0.421466
4.01525,4.19091,4.34573,2.14583,1.5295,2.28868,0.649008,0.81886,1.21916,1.32972,2.5739,0.312804,0.67772,1.16432,0.816622,0.854964,0.973572,1.41883,2.51671,0.0771078,1.09057,1.20203
1.29751,0.910924,0.105144,0.142245,0.883421,0.996888,0.891351,0.75507,1.35381,1.24978,1.36914,1.55557,0.645598,1.29396,1.82579,1.06465,0.927907,5.11096,7.27379,1.93104,4.34829,1.07692
0.0337955,0.317381,0.33424,0.700847,1.54882,0.672099,0.147969,0.0409256,1.29359,0.50714,2.4238,0.446715,1.43339,1.58503,1.04536,0.0300476,1.36003,6.77811,7.65056,4.33644,1.84753,2.10907
0.187604,0.0755149,0.172065,0.529794,2.02391,0.827137,0.814487,1.19636,1.47537,0.470255,0.594016,2.11914,1.57566,0.0304485,0.540942,0.97195,2.09528,0.555193,2.27978,2.64932,4.3052,0.68656
0.259981,0.200032,0.0935647,0.157053,0.959787,1.69779,0.576635,1.43776,0.109572,5.66066,5.56807,0.691197,0.632361,1.42106,0.490573,0.79396,4.15738,13.8229,13.8061,4.37573,1.27985,3.22369
1.08735,7.07718,21.8512,23.387,46.5517,21.3947,28.1067,10.7795,7.85485,0.908007,0.311681,0.515309,4.22843,3.43493,5.86493,4.50899,3.45432,0.643887,5.04941,3.10138,1.04278,0.98359
2.65268,1.74299,40.3436,123.396,146.007,83.6356,0.947699,25.1479,2.53392,9.99243,13.76,11.7631,3.37861,1.38237,3.68277,12.2242,16.9013,16.0817,8.5547,2.8258,1.49502,2.41162
3.14185,24.6896,88.469,103.61,28.047,2.6692,8.05465,7.93391,12.4633,5.63987,0.0172851,4.26215,4.63173,2.35505,0.665109,0.190868,3.38883,2.03755,1.47105,1.71903,1.89743,1.85431
1.08082,48.7787,103.918,45.1194,18.4192,5.58022,2.48649,5.70353,9.50388,5.7262,3.46527,5.16234,3.72758,1.96023,1.43259,5.16462,6.0075,7.52539,5.29115,0.0142102,2.16562,0.398321
14.0367,39.0313,42.9568,0.371608,14.2263,10.9171,5.27367,13.2238,16.6601,8.67068,5.97182,8.27308,6.16649,0.22899,5.44144,8.42448,6.86067,1.16593,3.54954,3.50558,2.62088,1.83122
24.784,24.3898,0.696165,23.651,19.8904,2.04038,20.0503,12.4761,6.13184,6.33761,6.21512,8.13724,3.59013,1.32738,3.70413,4.67148,1.04145,2.55349,2.56664,0.423595,2.31202,0.176271
25.7692,26.4676,10.6402,5.09937,1.28767,2.9333,0.882378,8.69543,7.63214,1.33349,4.9555,8.21415,4.44492,0.59647,0.54655,1.34428,2.24836,2.10364,4.54053,2.63131,1.31687,2.76289
27.8891,32.558,15.8712,5.6728,24.6235,8.59494,16.011,10.2757,5.91708,7.07177,0.904725,4.37079,0.833385,1.66162,1.74709,6.09798,3.82576,4.64862,5.0224,0.381638,0.342212,2.02024
31.5464,29.0403,5.40756,19.3751,20.5532,1.01083,10.7972,4.06528,2.87762,9.52907,2.40543,3.52808,0.816328,2.5548,0.10821,1.21538,3.53749,6.56188,3.59961,1.82227,1.32539,0.835271
24.5426,38.5163,43.3215,14.1529,17.2607,20.4698,12.6854,8.70226,1.64602,1.49482,1.87436,6.58474,1.77381,1.31514,1.73192,3.91716,0.888011,3.74369,0.466299,0.420582,1.63747,0.474112
12.9473,12.2989,2.45405,6.87481,32.0944,2.07653,27.9965,22.2685,13.7192,1.91986,9.36201,13.8675,6.37881,4.14201,1.03764,6.69122,0.405863,9.70632,5.85778,1.103,4.22467,0.125434
4.70576,1.57838,4.78921,15.4657,17.6841,19.1124,36.3631,24.6249,8.33004,5.55611,1.49538,17.8268,11.6346,1.71628,3.18586,8.72588,4.9652,13.0087,6.62642,7.85361,9.05899,1.20768
21.3468,15.9959,0.911022,1.77539,15.0391,6.15483,21.5712,28.5411,5.61465,13.1058,1.34544,19.6635,11.8165,0.415275,6.05972,12.2975,0.593793,10.0512,6.67033,3.69482,0.31562,1.28304
37.6768,51.1861,49.6117,10.2558,7.28224,23.7125,33.153,10.2499,8.00845,12.4698,1.43111,11.628,8.79353,1.87858,7.76534,13.4144,4.33773,4.7139,5.65507,2.72726,1.08522,2.16819
57.9437,53.4575,13.0846,5.56718,1.34939,14.862,1.03265,24.6823,23.7608,12.4339,2.89148,2.5299,2.67912,3.74318,11.659,18.057,15.3077,13.44,7.70716,2.01496,1.63467,5.63955
69.7522,86.5939,59.6461,0.754529,10.9354,14.7617,6.44237,12.3823,12.9953,11.0882,11.9192,13.2884,8.83108,1.46704,9.89876,19.2585,18.8856,14.9709,5.98924,1.82202,4.4939,4.65602
73.9959,86.9703,45.7801,5.87205,11.3263,32.8729,23.4167,10.3445,14.4001,0.508425,8.63922,22.6804,18.5177,8.30806,6.82884,23.029,17.9837,8.95944,6.41151,7.63503,7.97525,2.21595
71.6866,76.6082,31.086,10.9864,6.9593,7.29844,9.70751,15.4087,5.77657,0.315531,11.5714,28.5892,20.801,8.40532,8.82219,24.3428,10.3828,1.07388,2.30224,0.061951,4.52836,2.1851
57.8648,83.4247,76.6594,13.0793,25.0443,42.597,43.1757,8.39017,9.36176,2.88194,7.10925,25.874,18.2294,4.55415,12.4442,21.5877,0.265369,13.9914,11.6343,6.59124,2.33766,0.388744
36.5944,32.1548,2.91012,7.47519,28.5181,26.7891,11.8735,7.88995,1.41805,10.1623,2.40644,16.6116,9.89618,1.41745,16.9811,25.8062,5.01878,10.4791,8.17162,9.86399,8.13551,3.01604
12.5452,18.8039,21.6825,8.65572,1.05361,21.4501,35.7192,8.19659,20.7594,18.4257,4.61739,0.195081,1.84167,2.29055,12.9693,24.4614,11.354,2.25121,0.279454,6.54946,9.79858,6.99179
16.4895,15.8555,7.0734,13.113,36.404,37.782,11.5446,1.73894,13.9027,18.0555,11.7144,13.9559,9.07904,0.756443,9.19912,16.9556,6.7873,3.33804,10.9207,5.77103,3.38973,0.836689
48.1863,66.3491,64.0878,13.3234,20.9403,3.72407,11.7228,6.63106,4.3995,12.1721,14.3258,19.2188,11.9546,0.783402,6.86066,7.94708,1.35406,6.07642,1.04972,5.93369,6.99391,2.82431
73.1848,69.05,12.533,18.6939,12.013,35.2191,19.0368,1.63154,0.386488,4.64521,10.4035,19.2556,14.1146,1.55007,1.95636,3.65979,4.60498,3.97146,1.77586,6.80322,8.54257,2.34734
87.2443,112.563,87.6867,26.541,21.8867,21.2401,18.9385,22.5746,12.7185,2.30398,5.58569,12.8226,8.82751,0.496447,3.98769,1.51375,9.84985,17.2183,4.07159,4.26107,1.41908,4.25902
98.0711,109.371,56.9552,14.8238,6.21572,24.9252,26.1736,15.0826,12.2199,0.593688,4.40205,0.833438,0.0150922,1.67781,5.66273,10.5706,6.99004,13.6201,1.55015,7.64926,4.66093,10.329
91.1136,99.0638,49.6469,1.34352,4.29615,32.4854,43.3727,32.2345,21.797,15.8155,11.0314,12.4788,5.86054,3.04477,11.0967,23.7795,5.20183,10.2097,6.59084,6.54563,4.19271,6.03583
74.1578,102.697,91.8943,25.9553,5.60865,16.8657,28.5628,33.0362,30.1188,19.0862,14.1626,23.7811,15.108,0.0681952,12.4152,24.1602,16.1242,2.6443,10.2486,8.10839,1.53756,2.8058
53.7079,46.4284,3.77674,24.7692,17.5897,45.7003,43.6137,20.5281,3.26424,13.7655,18.7138,29.8303,20.1809,2.87784,14.5191,25.3177,27.3272,30.7601,15.7288,2.60826,1.55943,3.88285
20.1654,33.4689,40.8124,27.5719,9.13099,0.771061,22.5317,39.2765,9.06076,10.5905,8.97773,19.7507,11.9667,0.902262,17.1217,29.8953,22.6057,17.2072,11.9568,3.8034,2.45008,7.75393
8.28501,10.103,6.12519,15.8475,45.2561,53.7595,25.0371,8.94859,5.10163,8.59918,7.1954,8.15143,1.85977,5.04515,12.3831,27.9519,10.4441,7.33869,1.91587,5.44229,3.41221,1.17775
36.1124,55.6728,58.1702,15.3741,22.3071,27.6238,1.85147,28.0108,15.3892,0.176429,2.916,7.95849,5.67581,2.8993,7.4059,13.6117,3.94914,6.56305,4.75749,1.32429,4.53365,1.22242
60.7416,56.5181,3.84312,32.1301,26.1304,30.5852,0.803849,28.914,9.93244,8.4722,12.5665,23.4836,16.2745,6.30726,3.42725,0.172479,4.73586,6.11425,6.91969,4.7245,2.4758,0.121227
77.9875,103.938,88.5462,38.5522,38.2943,42.5621,23.5582,2.06306,14.8017,13.4068,22.8354,39.9266,25.1117,3.309,0.364464,0.810636,2.50007,0.984485,4.49887,9.97963,8.94694,6.63395
92.1432,100.179,46.5903,16.6259,8.78073,1.7519,14.9041,33.5087,26.8749,12.6442,20.9744,43.0726,26.8131,1.23319,2.65644,4.99877,1.32517,8.68663,9.32451,8.71281,6.13413,6.66347
85.5704,97.1,51.0403,13.246,32.7348,45.3037,38.2373,17.0758,4.67733,8.96071,23.4997,41.8717,26.8241,3.10604,10.3163,16.4725,2.56436,1.869,1.62933,1.66036,6.78306,9.28776
79.9949,102.151,86.7615,39.1512,27.3352,17.4062,11.457,16.0753,5.50581,7.52669,17.5436,32.4031,19.9799,2.39835,14.2735,22.7767,4.72659,5.90426,0.196537,2.76003,7.35763,1.249
52.9697,48.5852,1.37373,29.1116,9.2941,35.9977,37.822,20.9039,0.583954,6.86392,9.55364,16.5932,8.98006,1.29626,11.2428,22.2312,4.6946,9.72846,0.0878076,11.2948,8.29765,5.52338
29.6333,42.5475,46.0323,18.6352,14.1143,22.2103,3.97773,5.64073,16.6736,5.87314,5.05235,7.3779,5.18311,2.51189,13.4056,25.4994,12.0414,5.67411,11.1265,7.03922,3.63727,0.342827
0.0102118,1.4284,2.03045,3.96319,1.23196,21.857,26.2335,12.4556,1.05887,3.92458,10.0688,25.4749,19.2956,0.53814,17.0632,27.194,23.0644,14.6422,0.590431,2.34868,2.74568,1.15676
23.389,34.8491,36.6034,22.4868,3.77007,27.9909,10.5837,0.320374,13.0482,11.0372,18.3685,34.7482,16.4682,6.76219,14.982,21.2154,22.7521,19.706,1.64514,10.4935,5.43197,0.961428
54.3257,51.1398,7.34353,23.8386,13.2565,12.9856,6.98904,7.46048,21.2333,16.7351,18.7281,39.8331,25.8337,0.931652,3.99212,6.05979,4.48734,7.50477,7.42211,2.55723,3.2779,3.28617
64.5613,91.1932,80.1382,20.8973,14.1254,33.1636,19.7026,5.37767,1.04239,12.9608,21.0774,31.1007,17.4688,2.63783,1.87091,4.45869,13.9715,19.288,5.57347,6.93475,4.66278,3.57762
80.6819,84.1507,34.8366,5.17779,7.14417,0.280161,10.334,1.08423,5.75128,4.3213,11.4602,18.0339,11.7261,4.08767,13.6829,18.0826,16.9429,16.9301,5.99161,0.171573,4.19203,5.44662
83.6508,95.5233,51.9232,11.0945,26.3266,40.7541,34.5665,16.6315,9.49967,2.32812,1.52678,1.81174,3.74914,3.5208,12.1944,18.2114,5.82252,5.39023,2.96298,0.832954,3.80755,4.92405
77.4187,96.7777,67.2185,4.62608,1.21971,11.7635,14.6583,3.40531,11.4542,0.530718,3.02579,9.76054,9.0284,4.30614,22.2563,27.1228,3.69106,9.8653,0.515428,9.82689,8.06942,2.34038
59.9164,58.0993,11.2935,13.9572,16.5224,35.5418,37.1142,16.5145,10.6615,15.7348,12.8549,14.6429,6.87945,3.75877,16.3353,23.1637,3.28969,7.00103,1.01341,4.28049,7.15494,2.18131
42.7274,56.6896,50.8689,7.92709,23.451,28.5564,16.1725,5.82404,21.9477,16.6295,10.5738,18.7275,11.865,1.49528,7.68171,12.3367,6.73414,3.29714,0.176944,3.36682,1.55765,2.66038
14.4563,9.00877,7.31447,6.9615,1.55637,18.664,32.071,10.975,9.61197,9.41516,10.1839,15.7143,7.521,0.563595,0.719587,1.03316,3.61235,3.46321,1.06986,0.787175,0.0332841,0.824945
13.6658,16.0563,10.5094,4.85325,20.4967,23.531,5.74966,6.7474,1.97295,1.46073,4.10094,9.21635,6.61141,3.5032,7.44011,6.66199,3.44252,9.42766,9.50893,1.32507,2.27473,2.32419
27.9797,27.8573,0.385563,5.37975,18.0073,5.66463,25.7924,1.75022,15.6051,8.1616,0.0698326,3.71299,4.62262,4.72389,10.6719,12.1012,9.17086,13.1192,9.72507,4.24369,4.07772,1.50266
48.3336,66.827,53.0995,0.915677,7.7361,7.43692,2.30104,5.71034,0.519247,5.71436,6.32877,9.33104,6.24972,0.0325556,4.24427,8.84891,5.9147,1.60313,0.284268,3.74461,4.4753,0.619097
61.783,61.9913,16.6255,28.1537,20.1865,4.80941,19.6333,10.1697,6.36552,5.52729,5.97852,9.62949,1.15167,6.0207,6.86582,7.7804,0.954745,10.4354,8.15702,1.81766,0.220717,1.77516
73.2504,84.83,52.8856,11.9832,14.2475,8.08353,6.22502,1.99016,1.54425,3.13579,6.20987,13.9262,7.46309,5.55304,7.54697,5.7871,1.82859,0.434483,0.7716,1.84631,0.781196,5.24441
67.2897,77.4615,43.047,5.13148,8.55174,17.9305,18.9052,3.05077,3.33663,0.249576,3.28967,11.7001,1.7219,11.181,9.15264,6.04372,9.92325,14.9089,9.69154,0.981077,4.09657,2.47965
58.8668,64.5808,28.8855,18.3101,22.6485,20.4385,18.8263,14.351,12.0204,10.5053,0.935981,8.96054,1.81503,9.03877,1.79742,1.08763,2.55011,4.18036,1.01598,0.750779,0.944656,1.20823
53.3195,60.2216,56.3898,18.2773,6.97351,43.0165,22.8838,9.85667,4.29585,5.34077,11.1988,5.93209,6.22306,0.183497,1.90656,5.95268,4.4603,1.37335,0.743766,2.82852,3.44834,0.92347
35.0682,30.7674,63.204,145.236,153.859,86.7346,27.7952,20.4243,43.989,26.1549,8.40754,13.6782,3.61508,0.425116,3.77923,5.43629,1.07606,4.01029,0.700094,0.791843,2.10964,2.49247
15.5245,15.8629,85.7377,134.623,42.2357,16.8704,0.0840773,9.06514,11.3919,5.14593,2.06485,1.77866,1.65688,5.61379,5.50181,0.886575,1.21992,2.98311,5.81775,3.34465,2.24567,4.0454
5.77649,7.43803,22.5451,34.3768,16.1162,1.75126,0.871158,11.815,13.736,4.24796,0.483357,0.866368,1.28628,4.86332,2.37951,1.48325,4.0461,3.94421,2.92416,1.19209,0.477212,0.496069
1.28732,5.88381,5.26585,18.0297,13.4709,7.77121,0.0350348,2.94124,15.8603,16.059,5.217,0.218225,0.865042,0.357876,2.69686,4.83723,5.85785,13.4004,6.27353,0.136349,0.96679,4.19402
19.6709,30.2734,22.6761,6.40662,6.96412,3.15067,4.29938,0.971921,9.72641,6.7746,0.421452,1.26031,2.32354,0.338763,5.8925,7.74287,0.585296,9.37401,6.36541,1.5573,3.88256,1.71563
29.8142,29.8141,11.796,11.4835,15.7767,7.13914,2.29796,9.9753,15.4611,8.0333,0.437591,0.486062,2.49803,3.80737,4.88552,5.42168,5.07953,6.96475,5.51332,0.345994,2.27928,2.01741
25.9781,30.8727,22.9148,6.41484,5.63929,4.08555,4.21428,6.43325,0.311987,3.64544,1.32664,0.0326587,1.98837,5.90438,8.40083,8.72048,9.40162,9.63956,4.62847,0.655838,0.120404,0.215124
27.4905,27.4286,15.4359,8.83555,13.1401,7.48549,2.43973,8.55432,6.65482,3.54281,2.28705,0.96543,1.37415,3.53469,8.38605,8.79867,0.989046,3.43316,2.73121,0.996938,3.55741,0.736575
22.9823,25.7475,13.1874,10.1059,18.5533,9.59825,1.35699,6.778,13.0679,11.3227,3.16671,0.256972,2.26795,1.73441,3.66242,7.44681,1.21416,5.39632,2.54601,1.56961,1.72995,1.1856
23.3735,25.3277,10.1895,5.00885,0.738055,2.69334,3.61849,5.96804,2.62416,11.2867,6.73857,0.74354,3.44382,2.95268,1.68584,0.69832,2.88008,8.06468,3.60182,1.13433,0.640385,1.79146
23.016,22.7646,10.3994,5.68065,11.5938,1.61678,0.684067,4.39902,4.04583,6.0945,1.42802,0.815682,3.07049,2.42659,0.88722,1.44349,4.05221,7.7541,3.09465,1.41853,2.02055,2.76762
19.1031,23.6169,19.1091,0.989002,15.3568,11.3331,1.3202,7.62937,16.4349,11.2415,0.0626514,0.87262,2.58424,1.97165,1.69302,3.72635,6.97206,6.5402,0.610375,2.61044,3.59834,3.18238
17.4861,14.867,1.58521,4.77793,3.68782,8.59362,5.15482,0.331313,2.45045,7.48006,5.05745,0.299759,1.29482,2.58257,7.40656,8.10768,8.92876,11.17,6.32192,0.637087,0.0538317,2.13935
14.8652,18.0677,14.2625,6.75336,5.71864,3.76377,0.332142,6.50127,5.62761,0.787295,1.35258,1.58909,3.55537,2.57989,4.47489,6.64136,4.98404,6.72617,4.36243,1.71513,2.29864,0.51659
12.5242,11.0609,2.05538,4.79281,7.07988,9.79976,7.23275,1.67086,7.28322,9.13909,2.15174,0.293733,0.43261,0.317212,1.1275,4.56191,4.82649,1.77688,1.78396,1.2905,0.890507,2.11147
9.96997,11.4597,7.16529,1.42146,2.85136,1.73267,0.681274,0.496197,2.03974,0.180768,1.83039,0.351054,0.89328,0.49442,2.31354,5.64253,8.86173,4.79487,3.10092,1.29097,1.66173,0.988831
8.15839,8.11649,4.58793,0.384324,1.53702,2.66098,4.90619,0.381359,3.07544,2.32877,0.816936,0.14689,0.664149,1.40498,2.51088,3.35031,5.53164,7.71921,5.13351,1.08615,3.62792,0.868006
5.87847,5.00093,0.927882,1.00701,0.79544,2.18791,3.68104,0.7918,7.60533,7.88681,1.06403,1.22891,0.280616,1.41022,1.7044,1.12373,2.36701,4.31596,1.61067,1.0827,1.58597,1.77525
4.14836,5.84982,5.41433,3.05623,3.15255,0.32418,3.1021,0.381272,3.09147,2.08593,0.546257,1.86891,0.804618,0.305006,0.0499501,0.102131,7.26305,11.4514,3.58777,2.27823,2.81887,0.734328
3.49313,2.25819,1.41784,3.44495,2.58995,0.536849,3.32239,1.96673,6.70425,7.56797,1.91129,1.77949,2.1797,1.02157,0.0963646,0.31921,7.78444,10.7336,3.61029,0.95928,0.392717,0.784477
1.60381,2.47225,2.66765,0.361262,2.22395,0.328424,3.12656,2.42644,0.307674,0.919712,1.90961,2.47557,1.2295,0.772827,1.48692,2.28049,6.40309,7.90112,3.07831,0.894145,1.59967,0.364363
1.39666,0.834273,0.517845,0.688194,3.0596,1.05505,2.75335,2.77523,0.393369,0.813897,2.3829,2.08911,0.590592,0.0690899,0.637826,0.976604,0.502649,1.17159,2.8736,3.74213,3.20502,1.34765
0.513885,0.812923,0.760498,0.347663,0.356298,0.567762,2.82923,5.2141,9.63771,9.04678,2.49619,1.04956,1.12536,0.141543,0.419747,0.395639,1.73138,2.53744,1.46919,0.00197184,0.737038,1.32967
0.524114,0.136695,0.0534993,0.441627,2.13216,1.06668,1.4654,1.20495,2.93846,5.32776,2.53115,0.746964,0.26147,1.01582,0.547861,1.06975,1.69123,6.12136,9.43711,2.92896,0.706391,0.138376
0.16369,0.00223938,0.0492359,1.09298,2.17682,1.08679,1.57623,6.55451,10.3646,6.21244,0.858009,0.943551,1.16668,0.660281,0.345522,0.0742095,1.79627,0.931361,1.9428,0.976136,0.357411,0.371793
0.464015,0.347335,0.230093,0.140572,1.5432,2.05306,1.58461,0.791935,2.1353,3.94574,2.33499,1.48747,1.27865,0.149231,1.27555,3.60275,1.42189,8.37137,10.2186,3.21308,0.994676,0.43415
0.401708,0.543458,0.189376,0.767001,2.08496,0.357445,0.38066,3.72351,3.25666,0.500471,1.15198,2.44337,2.12575,0.419551,1.22389,2.25409,1.24929,1.27702,1.55551,0.301781,1.41545,1.68278
0.0293529,0.641046,0.256134,0.238604,0.707068,1.36563,2.37666,0.715948,1.40485,3.52084,2.68336,2.40801,0.900547,1.32387,0.286554,4.00355,5.80904,10.036,6.90212,0.625105,0.471451,1.08916
1.56319,1.14293,3.41041,11.8732,13.6009,8.41904,5.00084,2.01671,10.4874,10.2242,6.93616,6.66839,2.99949,2.45011,2.64477,12.9633,18.2956,15.2937,6.25276,1.63001,0.234461,1.44755
0.376583,1.29882,7.41177,9.2677,5.13906,16.6353,11.8427,8.96684,8.18034,4.8045,4.99365,6.65034,3.90962,0.153814,6.47556,13.1933,11.3468,3.61449,4.78699,4.06246,0.797827,5.96948
0.0526799,3.49693,9.41545,14.3026,15.4883,6.79351,0.0242195,1.94143,0.663573,4.76203,2.85982,0.979323,0.391162,4.14082,12.2428,15.3184,3.49689,0.834607,7.75361,4.2884,0.518246,6.69911
0.406698,1.76534,4.39432,7.64477,19.95,22.8068,11.6046,21.4378,32.6272,16.432,2.99394,3.56529,0.823397,4.15381,10.1285,9.09252,11.9403,20.9488,6.56708,2.30779,2.829,3.67033
0.136311,0.0227583,0.866485,4.43042,4.06308,2.94483,4.32425,6.95108,14.8906,7.57594,5.18409,7.76338,2.47098,3.88995,7.96098,7.45996,8.41017,17.7555,7.54983,2.21383,2.9752,0.333152
0.308136,1.80502,6.41632,14.5681,25.25,20.2313,14.3483,24.1375,5.18208,18.2508,11.8432,9.29639,5.55907,1.81493,2.56482,2.895,2.87258,1.017,1.13195,0.491915,1.83401,3.85041
0.0623376,3.68017,8.64855,10.9641,13.9225,14.4103,0.792006,14.9816,6.57181,20.8122,9.91209,9.02371,6.47553,3.63211,7.62707,4.23891,8.88807,9.40593,0.244564,1.96308,1.35559,4.22297
1.25695,1.82555,6.65068,0.258491,12.603,11.9976,3.71025,8.46054,21.5961,15.2864,3.61994,10.0171,6.75825,3.53465,4.20883,3.47874,8.56164,13.8808,5.19073,1.42548,1.80618,4.67813
1.37244,3.942,5.58524,7.87375,23.8429,20.8906,5.90929,9.84931,9.30376,0.283874,3.85007,8.71927,4.77758,4.27113,9.06232,10.1104,0.985976,9.00696,6.5495,0.378596,0.586891,0.893334
1.47814,2.14225,1.98819,5.76859,8.62331,1.5561,2.43107,16.1997,18.0423,3.40791,0.103281,6.55,4.88709,2.50823,3.74193,5.38098,2.9728,1.22277,0.0541821,1.08939,0.714941,2.16843
0.95504,0.768186,3.74467,2.75334,15.119,15.6909,12.2983,0.515387,24.1251,22.0972,0.712066,7.23195,3.27112,0.369471,0.112819,0.314049,3.00733,4.47826,0.39106,2.75913,1.8976,2.04151
1.89286,2.10342,7.39506,5.16616,18.6843,7.92042,4.86613,9.583,10.412,5.1824,3.14113,5.92654,3.77211,1.02188,2.96504,2.83298,2.67564,8.45138,6.51274,1.27033,0.457691,1.01691
4.18553,8.20624,11.056,2.32464,4.94427,0.522219,2.25758,21.5306,29.2232,15.0134,3.45793,2.91297,1.45898,1.83924,4.75601,3.28207,0.153372,0.658197,1.04623,0.612639,0.0283874,0.361424
7.62525,6.54236,1.3002,9.44744,10.8389,4.15482,7.46636,14.0494,5.62471,12.07,0.986569,3.0261,1.40552,0.363721,0.887949,2.52002,6.02734,8.83527,5.37744,2.87199,3.02683,1.04713
9.41718,14.2919,12.6403,8.24415,10.7618,5.274,3.94548,12.742,18.7823,12.9753,3.97972,1.89974,0.417437,1.16225,9.06807,11.2031,9.88116,9.47517,2.88082,0.564814,0.390742,2.25985
6.42688,9.77887,7.70782,0.110916,2.16976,2.31883,2.81606,8.50752,4.40766,13.334,4.02067,0.792611,0.70487,0.456029,2.40162,4.6238,6.46989,7.54723,2.73366,1.65926,1.81024,2.96172
0.885464,1.5341,1.91318,1.23622,1.38746,1.34984,3.5059,23.0075,31.6342,14.4789,1.25587,0.0726525,0.187544,0.607211,1.9666,2.37504,2.1704,0.753046,1.57745,1.68524,0.405726,0.48597
14.7673,14.5464,6.44175,0.646235,0.33668,0.156784,1.09731,5.99166,7.34802,2.32506,0.588351,0.33934,0.307634,0.10018,0.535592,0.927793,7.91075,15.8006,9.6132,0.350575,0.99905,0.611839
27.2584,33.5628,22.2577,1.3002,1.15085,1.13193,1.90985,23.1234,36.5662,17.5691,1.92474,0.542164,0.0613168,0.566589,0.273707,4.87219,6.06574,19.988,9.79778,0.0443632,0.31491,1.58534
33.5848,41.9376,26.0801,0.132966,0.835065,0.140222,2.09098,24.8128,41.4035,19.6098,0.623195,0.079802,0.110454,0.308028,2.2014,5.64814,6.88192,17.2119,5.98392,1.18332,1.21225,0.403091
27.7831,38.0061,26.8407,2.60261,0.496575,1.18111,0.331869,3.02391,10.7026,7.91968,1.47839,0.562511,0.308031,0.102934,0.47716,3.45299,10.8253,12.4678,4.52022,1.44023,2.03356,0.998632
16.2394,22.9825,16.6364,2.0688,1.05252,1.02853,0.499039,8.05143,16.0062,8.18816,0.397802,0.771443,0.487114,0.0761691,0.792688,4.43348,6.74643,5.0715,1.84985,0.850305,1.90349,1.33553
2.72468,2.15239,0.503375,0.775623,2.14916,1.97351,0.0194262,12.963,35.5525,25.9039,4.08002,0.364769,0.612875,0.411485,1.21276,10.722,16.2176,4.26198,3.44214,0.333238,0.918784,0.0693827
25.6666,29.4474,17.0462,0.00822809,0.512025,2.17684,1.29903,13.9597,29.3257,16.4094,1.23715,0.397385,0.243645,1.07174,0.505503,4.90639,15.7185,17.0185,7.30864,2.48337,2.65,0.539701
42.3656,53.1915,36.1231,4.27967,0.808442,0.262843,1.55,7.77891,7.13314,0.283977,0.63965,0.601423,0.473995,0.369844,0.419642,4.44161,2.94307,14.3452,6.84495,0.107651,0.536252,0.694903
54.7979,66.3377,39.6963,1.62853,4.10904,3.45188,1.55764,5.48702,16.9138,15.6311,3.66487,0.0642668,0.397926,0.245083,1.89179,4.28396,27.0809,27.1387,5.35214,1.06593,0.365767,0.808821
55.152,64.3037,37.3857,1.88679,4.49526,1.1913,3.45574,1.55437,6.15319,5.26979,0.662662,1.48676,1.76549,1.03349,0.52338,2.29069,12.4332,15.4158,3.14406,0.412394,0.622034,0.532608
40.2728,57.086,42.4159,12.2113,11.2881,5.32115,3.45856,1.99561,1.93823,1.03743,0.537766,0.769976,0.355486,1.98313,0.802829,9.45628,59.3294,67.1125,14.6881,5.12133,1.33711,1.4141
33.2557,25.9421,33.819,133.185,136.256,61.8997,27.2436,11.6743,3.41619,10.1355,3.05144,12.5258,11.9442,6.55097,5.83437,5.70684,30.7848,45.6498,17.7644,1.61873,0.27418,4.35293
8.77674,16.8898,27.7901,69.5006,5.0765,26.0717,8.2027,6.60281,0.105146,0.6495,13.6784,19.7927,2.68728,5.15713,0.716031,7.13801,2.04945,10.0877,8.3818,0.678239,3.84858,4.86184
15.4548,50.4636,108.294,77.2894,9.64572,1.67226,2.63442,3.66018,5.61571,0.778057,4.35425,9.52279,4.32622,4.11177,1.73976,2.97503,36.6946,73.9673,37.3362,0.553876,2.32337,5.65648
15.8719,10.1238,35.4007,10.9878,8.44607,6.66633,7.86223,4.72798,4.58304,4.71692,5.22565,8.14714,4.24808,2.34135,1.75863,0.114212,75.8824,124.551,46.9387,4.88109,0.16106,1.95993
29.0853,38.1491,25.9629,1.87805,13.4537,20.8556,14.7175,5.67324,1.11516,6.97369,6.02285,4.76844,1.0973,3.95014,0.145208,10.3114,106.779,153.276,53.3285,5.87946,0.539848,0.492707
43.1598,54.2189,39.432,9.37162,2.45748,5.43742,13.3015,5.71764,3.09424,2.57331,7.43584,7.57613,3.79737,1.59753,1.43746,10.8826,50.0416,80.1107,35.3903,3.50318,0.628253,1.4759
47.2692,59.7207,44.958,12.0819,16.5534,24.6927,20.8533,23.7389,24.6268,13.3848,8.48747,10.2072,5.63041,0.00413237,0.184099,13.0632,8.03577,45.491,23.9908,1.81918,2.42868,0.725015
31.6933,31.3003,3.13348,11.7195,0.630077,12.8066,15.6361,3.08485,0.584454,2.19462,9.90627,14.4512,6.82742,0.122123,5.57163,35.0513,46.5294,15.7305,1.56657,5.0119,2.64619,2.26744
24.8328,37.3754,36.6992,5.08833,17.6352,9.21464,4.25495,13.3532,4.24328,3.50437,5.00012,13.8893,9.29043,0.624537,5.94975,19.0158,109.939,118.015,28.3943,3.12925,2.70227,1.53635
12.9625,11.5822,0.115859,4.67922,8.89454,16.7243,3.9272,11.9642,8.05609,0.0516165,3.39879,7.66154,4.56646,1.35916,5.08892,21.5877,91.2845,92.6312,23.1921,3.20738,1.13345,1.90385
6.20741,4.99629,1.30301,11.7657,19.9362,3.62015,15.2439,6.4442,9.23841,2.07682,2.45368,1.1273,0.480296,2.14331,3.54064,49.3543,85.8879,44.4032,1.86228,0.940081,1.35701,1.43814
22.6316,17.747,0.650188,5.23934,25.9007,11.6061,10.796,11.5567,1.46713,5.67278,5.51635,10.9928,7.97916,0.0151293,0.888526,1.54141,29.2282,55.2483,25.8459,2.84923,2.5684,2.01965
43.2802,58.767,51.9266,16.1567,0.345757,20.4379,31.6384,10.0063,0.522376,4.39673,5.48394,17.1897,11.5322,2.32977,11.5155,12.7849,21.0248,50.3217,33.9078,1.78183,3.59556,3.54388
63.3433,62.2972,16.9922,28.3807,25.7947,0.293158,18.3184,6.09328,1.88557,6.51651,10.7617,17.521,10.8561,2.47024,11.2119,35.5631,91.7876,106.263,38.6414,0.97025,3.37272,4.41961
66.6688,82.4851,58.6639,16.6947,11.97,14.0263,17.9771,9.60337,15.6578,21.6501,8.22706,7.517,5.84788,1.99198,13.0995,17.8787,49.674,75.3302,24.6503,10.9245,4.81516,6.56381
66.4906,81.9004,52.2957,3.61908,3.82228,9.97746,13.8183,1.9936,0.37678,3.43503,6.39052,2.98554,0.419052,1.37433,13.1363,31.86,49.958,54.8651,21.1392,0.94064,3.50469,3.14107
62.6491,64.7413,22.4244,15.9495,8.56986,1.7619,7.63576,9.69835,3.47685,1.6939,1.15391,3.81978,5.01434,3.19371,12.4479,24.0872,9.52597,4.20851,4.5726,4.23517,7.41807,2.1616
54.6235,68.4165,61.5559,26.42,3.69813,6.50472,7.21181,4.47613,24.0711,22.7374,2.46349,9.52391,8.47039,0.276079,17.3272,32.2402,23.393,66.998,22.7845,7.91072,9.1956,3.4158
22.8617,22.9085,0.623599,19.931,10.7909,17.765,31.778,28.8657,15.4316,2.82978,4.42281,10.4685,1.04841,4.12522,10.0922,14.3935,111.24,117.125,23.3456,1.19902,7.05517,0.934133
4.64273,1.67655,3.04472,11.5987,15.288,2.09799,10.8293,10.6832,19.8171,14.3466,6.88779,10.2084,5.95412,2.25964,11.5949,28.5317,20.6618,8.28404,10.6412,1.18775,3.66864,1.46942
25.2572,23.8918,0.64485,6.57681,11.7778,11.3649,42.4782,39.1824,22.6407,5.91889,2.15226,1.16908,0.0929762,1.16201,5.73074,20.4848,65.806,73.1952,17.0367,8.32072,5.37303,3.16655
53.2085,71.3692,65.7898,32.0946,17.5522,6.54402,10.3604,24.918,11.9697,8.10684,5.44257,1.17505,0.786786,1.20191,2.44561,3.51591,57.4333,78.3959,23.0491,0.357532,7.08438,0.843776
75.903,74.0322,17.423,38.5413,33.4188,5.2871,35.4478,28.4949,30.8279,25.997,3.57376,7.18925,3.09605,3.56364,6.59968,10.0053,14.2491,8.8963,0.663078,2.59757,6.57495,2.32312
89.1007,112.048,83.06,21.6585,8.11881,9.07831,0.426162,25.9684,14.6981,4.31092,0.560534,8.71913,5.59177,1.67083,8.27319,18.3114,37.7056,33.8532,0.837201,13.4196,6.1179,2.33387
93.604,110.407,67.8524,13.0345,20.0695,3.04936,8.24577,3.84844,8.6932,9.13897,0.592314,7.60851,5.62364,1.05311,10.7373,27.8286,42.3414,33.6987,2.41452,5.65793,3.25616,7.36778
92.7308,93.9289,34.3284,30.4018,25.773,9.72938,12.9835,20.5294,7.01463,13.0395,4.10619,1.02165,1.39043,0.627706,14.8766,14.8687,3.05569,7.94994,17.8984,7.18132,2.16112,3.07524
64.7791,90.3948,86.2633,38.0304,9.95008,2.58521,16.1584,23.5796,13.8898,5.14596,1.36094,5.11769,2.27835,0.257268,17.3385,42.6426,24.1678,9.31312,3.69533,7.14249,1.69369,4.74556
38.4553,32.0394,7.34497,18.599,9.41085,10.7909,26.296,0.131114,1.6711,8.75308,2.8295,12.2138,7.13062,0.883689,14.5907,16.7566,21.178,35.3574,9.91829,4.18188,3.86732,0.320922
7.10205,13.997,15.868,2.05697,0.952234,13.7718,29.2656,34.7336,22.2537,1.81534,5.4716,22.9457,15.2841,1.4591,14.1666,22.7202,12.499,33.454,13.4636,7.6801,9.48526,5.35352
22.8139,19.5677,1.95441,10.6326,10.4178,1.17612,26.3935,14.1639,15.975,23.3932,0.878673,23.2517,12.3999,0.116306,11.5144,16.0133,24.4402,51.0347,27.4261,3.14411,5.82104,5.23522
40.7093,66.0284,72.242,37.5097,17.5623,18.4596,19.4495,22.9677,38.7022,31.5121,0.528175,16.5351,10.0434,2.16388,6.83123,7.05501,8.871,11.5634,1.45788,2.74614,10.4396,8.13604
72.0162,67.6619,11.3163,30.3362,26.1759,14.2321,15.1827,7.71809,16.5814,11.6172,3.64402,6.75243,0.90075,3.79864,3.75312,1.35829,31.5791,46.1325,21.3082,8.58966,9.69491,6.73748
88.475,116.353,90.3929,16.6765,0.244522,4.50306,5.03367,6.01953,15.4881,7.22825,0.471198,3.81172,1.73484,3.23004,12.0026,13.7173,34.0486,61.4752,20.659,5.32065,7.51906,5.12464
95.7781,107.439,59.3079,11.3054,30.5272,20.8963,4.29781,4.66056,31.753,24.6392,5.23059,4.62129,5.82365,7.88099,19.3374,13.7823,34.0965,54.1849,17.3452,0.039624,6.18699,3.78529
87.1862,92.2756,37.5331,28.315,31.7029,7.42193,5.18734,14.8198,26.1099,17.8681,1.30884,7.16187,4.5184,1.23699,13.314,34.5486,30.2091,6.15901,4.49775,14.9527,11.9328,7.85884
74.8116,101.489,92.0292,26.337,9.25672,19.3595,24.4359,1.24905,21.0935,6.92556,4.37958,14.7415,7.46498,0.621498,16.6298,24.6741,8.67679,1.26558,3.17737,5.48106,7.24392,4.79348
44.945,35.7719,9.51487,6.94265,36.7477,14.1198,12.151,20.9577,31.7164,20.1869,2.97306,17.9384,11.0161,0.841638,14.914,35.766,25.5037,4.47901,4.66116,1.24385,6.62005,4.7557
15.6029,26.615,29.4404,1.24316,21.2797,6.45495,31.1052,9.90506,13.884,12.4499,3.12454,16.399,8.27982,2.61913,11.8113,16.5855,9.68913,15.0253,4.27326,7.12782,6.70856,0.259485
10.0978,12.4628,4.84329,1.40922,14.8035,7.70024,16.4907,26.5847,15.0228,2.41787,1.33534,13.1565,8.36889,0.637438,8.98978,14.9338,3.53989,14.3317,4.10785,2.16155,4.82299,0.198011
37.0565,55.7395,55.4851,8.17656,20.4939,6.44504,25.5348,0.468557,5.20321,5.27114,4.63142,12.6316,6.20193,2.13082,4.62399,1.51265,0.57951,6.37573,8.02678,4.52779,0.346494,5.88358
61.6241,56.5918,6.73474,13.9308,4.11495,1.16999,19.1166,34.8964,18.7715,4.357,2.09535,7.75648,4.34628,0.016895,5.32869,2.85823,31.333,32.0702,9.9504,0.318472,2.47637,3.27977
83.7436,107.083,83.9973,20.4914,5.96328,10.9797,15.0452,13.6448,12.0814,2.25064,4.43259,7.3739,5.15683,2.83532,10.1167,28.3873,20.543,6.00924,8.11416,4.60411,4.05277,2.89669
80.7815,92.1264,46.282,11.1537,1.22126,11.3093,3.0933,17.8945,9.33587,4.1275,5.05863,3.6899,1.80532,0.481229,17.848,30.3361,18.9945,11.8322,9.60197,7.78829,7.25491,2.27024
89.5702,95.5441,50.7088,1.16108,2.00099,5.24416,4.08806,34.5108,29.2404,11.533,5.43531,2.14578,0.90272,2.78266,21.7643,31.4526,14.6054,2.28594,5.27752,10.5959,8.35083,1.81106
68.1028,91.0037,74.0542,14.1357,8.36023,16.1918,15.3361,9.86922,17.2897,16.7349,6.648,3.57549,0.00794217,4.34037,19.8696,31.4024,16.0324,5.02026,0.305765,0.760826,5.66955,3.64455
48.8318,45.1233,3.26781,14.0275,13.2978,5.82703,11.0956,36.2277,21.0121,2.40546,4.20381,4.14378,0.742011,5.92655,15.8231,19.5939,13.1791,9.1515,3.61717,3.50642,5.53154,2.47187
27.3881,36.8866,37.6416,18.3892,4.83351,16.5929,34.2297,33.1768,22.1888,7.11243,2.88247,4.42262,1.3205,0.899441,2.52865,6.86195,7.79821,4.50555,3.36322,5.1105,4.67726,1.12748
2.54811,3.42083,6.08423,16.4315,20.9486,5.67455,6.02068,22.8894,18.1907,2.58914,0.816377,3.08952,2.73915,2.29151,7.0743,7.85549,5.78565,2.99129,1.42404,0.532513,1.82603,0.863944
23.7748,32.2507,29.0914,1.94257,15.2111,5.50712,36.5339,36.7871,11.971,6.35512,2.66334,2.28979,0.900847,1.52908,10.2724,18.786,12.9402,3.7295,2.43093,1.62323,0.0368205,0.588121
44.7938,44.0109,8.92998,20.6921,8.11001,3.68365,5.84307,0.724817,9.1496,10.3993,0.855927,4.94053,2.02094,3.62881,12.603,10.7313,4.4508,7.42625,2.07961,0.412919,1.72408,1.74584
58.1871,77.7486,63.6023,29.064,25.1089,0.916745,29.9346,29.0988,12.7802,1.57368,2.22542,5.09174,4.24674,2.50721,9.38148,15.7112,2.3395,9.71479,3.70702,1.2635,0.722646,0.610257
70.6761,76.4488,35.0946,13.8264,17.1781,17.3236,18.0837,16.3711,1.44275,6.97257,3.2414,3.01875,2.60861,0.185648,2.93311,4.93303,9.25588,15.5136,4.9418,0.861151,1.42853,0.91739
68.1101,80.6384,48.6375,7.56025,12.9959,8.30583,22.0328,13.5827,7.58845,6.95308,3.40029,1.38016,1.21632,1.91827,3.53037,2.5841,2.5868,2.78947,1.72949,2.09094,0.642735,0.508774
65.3834,76.0507,50.9663,19.0475,26.9681,26.7544,20.7515,14.5932,6.21491,1.46756,0.325864,1.25753,0.145346,1.57819,0.192099,0.635578,7.70601,8.93998,0.139559,1.95032,0.963495,0.689247
54.6619,57.456,24.7349,10.0924,11.9051,14.6669,10.1901,0.263572,2.6207,0.297258,1.28793,2.6439,1.20648,2.05905,2.33272,4.33238,10.9975,16.9547,4.34794,0.0121401,1.48183,1.01543
39.6385,50.0616,37.6012,4.49311,10.2349,20.7028,22.029,10.892,5.09162,4.48699,3.20999,3.81638,1.09862,2.53399,4.3547,10.4874,1.05997,10.8695,6.21502,0.922986,0.550875,0.798125
51.9515,13.949,16.2479,66.4853,101.86,19.1265,18.2884,18.8935,21.1198,11.0052,5.3689,5.23617,1.29252,7.12859,0.906901,7.45128,9.30762,10.0878,12.4139,11.3901,7.23927,7.41315
10.5925,2.67598,5.6215,22.3247,56.8949,36.0217,7.82076,10.697,10.1121,6.54068,1.04879,1.94535,0.359971,4.3323,0.521456,3.14531,7.67786,4.65167,1.3522,1.88526,1.04817,5.64355
7.25717,3.54824,30.9604,11.7599,13.9205,0.682278,4.37004,8.16691,11.5053,7.08979,2.50669,3.36597,4.51809,3.0411,0.992437,3.68438,1.45072,0.849244,1.23967,1.07809,0.117644,1.99259
4.96022,5.47746,20.3989,19.2137,7.74516,12.8772,6.20138,8.2465,5.61519,1.90642,3.38135,3.39474,2.25068,0.506854,4.97393,6.66691,0.259469,0.215803,3.13732,1.80168,0.989689,0.564097
13.5619,25.2596,19.201,4.35559,5.71378,3.89004,0.466535,7.73932,8.25124,2.06149,0.644989,0.608291,1.08767,2.25384,5.44944,6.04387,2.29281,6.65701,2.73606,1.59911,2.21964,2.57254
7.75491,5.70129,5.1186,6.23433,8.44286,7.29513,0.382097,1.15066,3.96395,1.41222,1.38293,3.02857,2.55306,2.85131,5.7551,6.70815,0.719294,7.06578,6.84043,1.27103,1.10249,2.7037
0.621866,2.04962,2.11675,3.54552,3.27499,3.1279,1.08951,11.3813,11.0169,0.62648,4.83299,5.91136,4.60554,2.81514,3.91374,3.43605,0.557588,0.203391,0.742468,0.0374063,0.291959,0.851487
5.55046,6.70146,11.4269,8.51683,4.33828,4.88785,4.67412,3.27509,9.05676,10.416,4.01322,5.34329,4.07873,1.40212,0.979081,1.3425,2.28783,1.43784,1.66606,1.63915,0.847269,0.466911
2.12905,1.74043,10.797,11.4304,1.47025,10.8259,6.17448,3.15802,3.90981,0.210306,3.48129,7.76374,4.88841,0.646647,3.66455,8.7309,13.2812,13.0342,4.91909,0.336053,0.0944212,0.109719
3.97439,2.72765,0.507109,1.091,4.4286,0.728249,8.53241,10.8056,0.688624,8.04519,0.483721,7.89557,4.27689,0.0430287,6.8176,10.7789,6.1718,4.74064,3.41644,0.207565,0.225288,1.34227
1.32161,3.62465,7.94906,5.17589,6.99859,12.3648,8.82627,4.20018,4.07824,6.32746,1.62418,6.08651,2.8673,0.0646567,7.03516,11.7837,2.25981,4.21648,2.18351,0.945142,0.238513,1.06097
1.62329,1.81556,8.75274,9.33156,0.632561,7.72041,5.22624,1.89202,1.95011,3.41612,2.50283,3.52111,1.85047,0.727016,8.01955,11.9082,3.71113,0.866966,1.53895,0.257407,0.118375,2.13121
0.894675,2.97617,8.57517,7.37306,5.61963,8.42029,10.4091,11.0235,6.13621,1.07696,2.51645,2.31849,1.2116,1.08908,7.66683,15.2642,18.1414,16.5958,6.95835,0.363544,0.375991,1.69252
0.462306,2.5816,4.96311,1.52255,4.26568,9.45436,2.31319,4.64951,1.09939,5.63089,2.35441,0.817636,0.638081,0.374306,5.67052,10.5945,13.255,14.2943,6.36405,0.432169,0.394856,0.15469
0.953015,0.371807,0.710776,0.0910306,0.894867,3.02282,4.95236,2.0859,7.2172,9.46394,3.06346,0.345761,0.121203,0.111646,3.78172,5.38694,3.95607,3.61224,0.257655,1.94529,1.11174,0.785857
0.124974,0.57088,1.43841,1.34284,4.12516,0.890082,1.72371,6.55867,7.54241,6.33377,2.57602,0.244493,0.130363,0.288141,1.9608,5.91517,7.87772,7.20977,3.33671,0.290516,0.402367,2.61177
0.301795,1.93483,3.28444,0.647142,1.80193,4.27656,2.87548,2.15288,1.42382,0.251864,0.500355,0.0989618,0.163073,0.635352,0.961583,0.203042,1.22986,2.5453,2.95052,1.20198,0.0645898,0.358203
0.0189351,2.02113,4.73357,4.90091,4.51645,1.01252,0.599046,2.71388,2.63701,1.27324,0.854421,0.481468,0.902437,0.772247,1.71341,4.80205,8.17132,9.23645,5.04533,0.91575,0.107007,1.69045
0.27119,1.94294,4.50976,4.34753,4.58407,5.23701,0.0765275,3.99665,3.44639,3.51001,2.06279,0.419942,0.811582,0.530642,2.18711,2.20438,4.1277,6.37214,0.902016,0.295863,0.849884,1.94333
0.649644,1.94851,3.26575,0.690112,1.46402,1.44279,3.60597,4.19681,8.83522,9.61475,3.36349,0.165783,0.048192,0.207806,2.64807,5.70014,9.08784,10.3328,3.83341,1.00142,1.05372,0.0539978
0.0288539,1.10863,2.40462,0.124857,4.34654,3.64603,0.632081,1.88555,1.99565,4.89806,2.44882,0.60717,1.05286,0.708059,1.38166,4.50085,7.43335,6.72962,2.04688,0.365805,0.357491,2.59355
0.0323198,0.815174,1.57636,0.625468,1.09291,2.67219,3.71492,2.04619,3.28172,5.25975,1.70469,0.250336,0.409128,0.914838,1.33899,0.628676,6.53272,9.36396,4.99326,0.390545,0.296218,1.53006
0.303714,0.0432025,0.528636,1.2936,3.60347,1.63891,0.863325,1.1191,9.03583,4.99105,4.33908,0.61246,1.28783,2.15546,0.980741,0.129469,7.98149,11.3396,2.64379,1.64563,0.160911,0.279918
0.395034,0.0667849,0.281012,1.33035,3.18796,4.0788,5.21953,8.77681,33.7773,31.846,10.8957,0.99835,0.366223,0.227406,2.96814,4.23009,5.61325,7.66714,2.58733,0.895207,0.429648,2.84139
0.200816,0.118714,0.196209,0.258337,0.799998,0.813581,8.12488,16.8814,10.07,19.8192,1.22067,0.222697,0.746219,0.494193,1.28011,2.60252,3.8327,5.9213,4.36232,0.844056,0.407195,0.989699
0.373796,0.117511,0.0253492,1.33834,2.85943,2.84964,8.29277,46.1784,65.2635,32.6613,4.55957,0.905716,0.325514,1.36095,5.30377,6.2278,2.25359,0.206551,1.31768,0.707484,0.171466,2.10326
0.129097,0.103469,0.0493209,0.402996,1.72881,1.40037,3.74558,4.53907,10.3656,16.1582,4.61501,0.473246,0.18726,0.144903,0.392572,0.755029,1.12318,2.95903,1.3469,0.704245,1.72833,0.87179
0.207391,0.156441,0.00140125,0.623339,0.809578,0.871832,4.10671,31.191,48.8809,26.0766,3.34467,0.626941,0.503735,0.358455,0.271137,0.303113,5.50994,10.2431,5.98671,1.10616,0.508658,1.97126
0.342749,0.449222,0.870266,3.40032,4.93726,9.93192,5.40476,9.38116,35.1933,25.9654,1.90441,4.00674,2.42161,4.83734,1.34005,5.294,0.0938372,4.92095,2.14591,4.00383,1.75718,0.707713
0.268661,0.0131029,1.66278,4.87034,5.83703,0.807959,4.43374,2.38542,0.836979,2.64813,2.26244,7.51755,4.0433,2.71032,2.47579,7.06251,3.56751,0.531399,1.72184,0.128246,0.944816,0.442119
0.275189,1.42705,3.69518,1.28165,7.04745,14.9474,6.19159,21.6396,41.655,21.0072,4.22316,10.6161,6.07348,1.47102,4.12719,10.1193,7.95213,5.99594,3.11311,0.137392,0.282361,5.29322
0.343137,0.535772,0.980611,0.122864,4.36246,2.35096,3.18107,18.6028,50.0751,39.5205,1.00469,12.0091,6.82569,2.03919,6.72368,12.1532,7.15479,0.30264,1.91727,1.67103,0.421336,5.1949
0.0167237,1.30819,2.99658,2.79117,6.81248,11.0321,5.90486,10.6779,16.2652,3.34415,1.94371,9.98129,7.20228,4.40983,4.12869,1.97307,8.46637,7.49948,4.03797,1.01468,0.0683261,3.35166
0.127327,2.89102,5.81822,1.99195,6.81729,7.21055,2.36696,13.3973,0.2915,16.6677,7.14407,5.56817,5.79878,4.80035,5.17229,2.08186,2.94074,8.4027,6.64981,1.17694,0.380549,0.0155758
0.0524546,3.66898,7.91271,0.12563,8.14089,10.3981,3.90335,3.84432,6.69597,8.89601,1.30076,3.75431,2.56344,0.633625,0.806401,7.22205,24.0074,28.1653,14.0298,1.44487,0.315641,2.75112
0.58094,2.04651,6.20492,0.658492,14.0053,8.80313,8.95309,32.4732,29.2365,7.89036,3.63001,2.07292,0.877592,1.82013,5.0314,9.06481,1.48146,10.9274,2.13273,2.00401,1.01943,6.43013
0.235244,0.581587,2.83788,3.53795,1.73625,1.02602,12.7215,15.6717,16.0621,14.1255,4.41796,0.487577,0.787562,2.72503,6.21312,7.79556,3.64141,0.646563,0.109385,1.07168,0.876946,3.21498
0.0658605,1.54635,2.41498,6.92887,15.0339,4.94329,6.48456,0.356285,7.92723,3.05276,0.894009,1.94149,2.28127,3.94229,3.15343,1.71647,6.68458,8.02417,1.046,6.1396,4.11155,3.99975
0.697355,2.39948,7.60546,1.66029,14.8929,4.23815,9.76961,7.96244,0.565176,1.83198,0.710563,1.28246,2.09553,2.54917,0.354828,2.31623,1.74228,5.18306,1.85007,1.56291,1.56327,0.104826
0.162305,3.65877,10.669,9.85963,0.924582,2.87586,0.476425,4.082,12.8345,10.8026,2.62951,1.64376,2.17863,1.19789,0.552742,0.567846,0.584338,1.06886,0.500213,0.908268,0.629926,1.55855
0.361338,3.16689,9.10184,14.3255,14.0419,3.31039,5.31013,7.17214,3.59998,0.722359,0.508454,0.962862,0.0260402,1.12584,1.05144,3.72294,6.99236,4.77219,1.15958,1.74928,3.10847,1.27892
0.426059,1.99941,4.22532,5.82783,11.5458,9.93917,5.67095,14.5879,21.4235,13.3287,3.25451,0.0504077,0.0299447,0.737998,0.189953,2.13855,1.53255,2.76369,4.73029,1.61996,1.08703,0.175854
0.22658,0.533607,0.50605,3.03065,0.247981,4.02663,0.886749,1.47108,6.98519,4.51698,0.610146,0.503088,0.058416,0.661903,0.00257906,1.78314,2.11135,2.07448,2.01762,0.267455,0.193291,1.3563
0.146826,0.907506,2.16739,1.9753,2.32997,1.52177,0.463688,4.05337,7.9144,5.44765,0.854517,0.0578325,0.115732,0.0404532,1.53036,4.37709,2.62979,0.115818,0.00294048,0.00451175,0.126947,0.326126
0.121198,2.00016,4.3217,2.83028,1.98692,1.26273,4.22061,4.27775,6.36731,7.80291,0.189489,1.965,1.18631,0.423658,2.74071,3.54094,1.81585,2.95949,2.71037,1.35151,1.77406,1.30853
0.189868,2.012,4.81733,3.51874,2.21074,2.02643,3.14472,6.77542,6.05987,1.48261,0.13747,0.584388,0.358045,0.74697,3.33691,4.93066,4.98008,3.33618,0.269135,1.58196,1.17654,0.471734
0.556311,1.53198,4.21724,2.61635,0.633002,0.496391,1.38487,4.83331,7.87291,5.41128,0.867586,0.387742,0.0744733,1.63259,4.23329,7.79065,7.85347,4.0752,0.693947,0.158451,0.316901,0.674014
0.833541,0.72908,4.53718,2.36285,4.47948,5.28266,1.06291,0.399345,5.90952,7.96485,1.54388,1.04224,0.452119,1.03509,1.42575,0.923859,5.11859,2.88416,0.0310875,0.607344,0.279321,0.55889
0.834217,1.03555,2.21969,5.85552,1.57575,3.52653,3.14977,2.4962,4.06029,5.21481,2.33881,0.652051,0.111387,0.0861482,0.205937,2.42259,3.66642,2.57371,1.40892,0.208621,0.474471,0.966112
0.206203,0.781332,4.17018,5.7338,1.76965,0.527652,2.3772,3.39778,0.365852,0.785105,0.842279,0.936802,1.85215,0.620949,1.0965,2.15742,1.66608,0.36144,0.361046,0.70537,1.18771,0.0106826
0.578043,1.78392,0.3798,6.066,7.9367,5.53112,2.63525,4.28473,9.28458,5.7499,0.472646,0.181392,0.511973,0.502643,0.0724632,0.255375,2.08685,3.81087,1.72442,0.75707,0.38845,0.787712
0.640796,0.431146,3.87454,7.36763,3.83385,0.134581,0.0672887,2.37616,0.269683,4.31765,2.18072,0.715126,0.814632,0.225683,0.0137966,0.109771,3.51696,7.25063,3.63081,2.06419,2.49619,0.766695
0.423464,0.188307,5.4857,8.47401,2.19377,0.936462,0.369603,3.12432,6.82629,3.66624,0.340944,0.322511,0.70544,0.221132,0.507737,1.42778,0.794439,2.75908,2.08339,0.391988,0.547532,0.418531
0.215701,1.59637,8.18192,14.4809,8.14241,3.46875,9.31165,15.2231,14.2651,2.01117,3.14615,1.39972,1.60899,1.1081,0.937426,1.51777,0.556521,3.22116,0.212253,5.4718,0.156547,0.418841
0.75016,1.52144,1.93793,1.3653,8.15184,7.52281,4.34136,17.2826,29.3463,22.9509,6.82927,3.90575,5.30256,21.3331,22.395,12.2572,12.5973,26.0422,27.4729,15.5809,2.36578,0.182904
0.559385,2.46697,6.16609,10.7381,7.00163,0.904448,3.1826,1.40759,10.6707,1.20368,6.41205,4.25448,22.3794,22.2901,6.00103,7.92365,33.504,35.315,24.8995,28.6621,13.7828,1.03381
0.612288,3.92278,21.6054,8.82765,39.1373,7.94065,18.1439,9.15985,15.0074,17.0629,5.71699,9.7363,10.7716,9.55451,10.9509,9.32142,0.676683,10.7411,13.8724,15.302,7.68862,2.73095
3.59765,0.735168,44.1914,120.124,130.312,71.4219,5.33711,7.59171,16.057,19.6305,17.4264,23.6286,26.5871,18.0674,0.327547,5.50251,0.978552,4.41444,0.633245,16.4089,15.935,5.61843
0.409939,19.903,76.1085,97.1012,39.3716,4.37939,7.69145,3.88995,6.35335,2.58212,6.20006,10.9985,23.5964,25.0086,7.21895,1.00103,13.1518,19.8964,4.77462,24.9707,13.3558,0.846847
2.28722,46.9997,92.381,45.1902,0.588866,9.93931,10.2635,1.90911,6.11761,8.758,2.34654,11.3334,12.0533,8.53995,1.13916,0.930633,18.1403,27.0067,3.80963,25.826,12.8975,0.438275
11.0975,30.6721,32.283,0.183617,5.19567,1.55109,4.32788,14.8369,18.8166,9.89178,5.65059,5.2778,15.8681,24.0081,9.30007,0.951948,13.9102,19.1557,8.6889,26.7098,11.3477,0.442694
17.2015,16.7693,0.320823,19.6979,16.5646,3.69881,13.5013,3.05417,4.31454,4.57166,1.33147,3.90715,13.134,19.7287,7.13345,2.60379,2.81403,5.39774,21.5512,29.1493,11.2022,2.11143
16.3665,14.1868,3.30965,3.70524,0.0134499,6.25763,14.6429,13.7833,12.0246,4.31495,5.61694,12.5254,20.2078,13.5406,0.899923,4.86224,23.0712,31.2401,24.107,19.149,6.50426,1.06713
17.6147,11.2371,7.07879,6.48524,7.35769,2.06616,1.84835,6.00252,20.1713,19.4151,6.91144,6.29179,11.4842,10.735,5.13566,0.669722,21.6292,26.0846,0.160177,6.46566,2.47016,3.68706
21.5193,22.7107,9.88334,20.8995,28.757,0.841822,9.91873,10.6519,25.43,18.9259,2.66675,2.12492,17.8379,16.4001,2.60891,1.32112,3.52574,2.39411,21.3535,24.3371,4.38087,3.59467
28.3044,21.9837,3.26117,6.36569,18.7043,9.28682,3.73117,4.62214,7.18204,17.3511,4.40904,4.90768,0.129107,4.70327,4.87503,0.413577,21.8376,29.346,22.0603,18.0114,4.57567,3.15387
32.3258,39.6838,28.6292,0.85638,16.6075,18.4216,2.39243,27.7528,44.7863,27.3994,10.9653,16.8498,25.0566,21.3155,4.11002,0.576696,22.0731,27.2385,9.81269,5.27254,2.3117,4.04572
36.8197,30.5313,0.772732,19.5399,5.02681,17.1573,12.0876,9.88138,13.2765,5.14591,5.69212,11.2256,17.4143,17.5998,5.4189,0.263422,4.77564,7.63066,4.944,3.81794,0.619255,3.37571
49.8997,61.4254,52.8994,26.7794,17.467,6.29983,4.04716,23.0449,44.044,31.0942,9.92323,1.20482,5.61979,3.83657,5.09922,8.18819,2.69945,9.73254,1.76507,6.4826,2.86385,2.93965
59.0016,54.5619,18.0281,7.33527,14.0639,28.7964,12.2211,18.8684,35.3982,23.9453,3.51958,2.67605,11.7159,17.0086,1.39334,5.5225,12.9485,21.2018,6.27433,7.26656,3.80662,4.84479
63.2081,74.9392,49.0321,3.63865,8.33554,21.689,15.1881,15.3695,19.2611,7.75461,1.79172,2.61565,23.8023,30.7243,6.30177,7.0616,5.25449,12.4798,0.39945,9.39264,2.53778,5.56835
77.1041,78.5039,38.6183,3.78884,5.05729,2.19108,7.941,9.18683,35.8089,30.6128,8.58216,11.7498,30.8337,32.456,10.0467,3.04692,0.0711512,1.94016,4.12614,9.48906,2.82161,2.06431
80.3574,84.0708,37.2078,8.74975,6.73313,17.7655,17.2922,6.81692,5.54648,11.075,6.30752,16.3987,9.09724,3.35324,1.83588,1.42282,3.2236,1.38966,1.78603,3.66135,0.816643,4.56703
91.0822,100.426,56.7452,1.50346,3.0954,8.9936,2.29152,0.551304,19.35,17.7702,0.318545,0.815032,25.9604,37.204,17.7197,9.86152,10.8712,6.95551,3.26193,4.11002,1.32491,5.67645
83.2998,78.1931,27.1331,16.7254,14.2767,4.74935,23.7107,13.141,18.0379,23.7712,1.50368,12.6311,26.179,29.4853,17.8384,13.8622,9.14165,7.2579,5.56327,4.37538,1.75382,0.271185
75.9508,95.6781,72.9164,21.9563,17.2945,2.645,5.74363,8.95306,7.98515,0.0640695,0.0979579,1.5406,19.3607,23.4544,1.55324,14.582,8.00189,2.18374,1.49118,3.65227,2.5696,0.0756228
70.0249,59.4947,9.00869,23.6757,22.7892,26.0968,25.7118,17.4104,12.9546,17.0439,1.57102,1.08761,22.545,32.3828,3.34307,10.047,5.7236,1.3137,5.6561,11.815,6.90008,0.000414699
63.3261,83.6466,75.44,34.6775,25.5375,32.392,23.0451,10.4191,36.1649,25.8273,5.25819,20.9452,15.2352,4.13699,1.71601,0.592759,0.219977,2.95114,10.8231,19.7956,7.11426,3.17332
53.293,40.0865,8.03027,29.402,7.98421,5.95514,17.0225,17.6363,0.806802,9.14753,6.04011,24.4037,43.2515,35.0757,7.93027,0.871866,8.91374,14.2317,8.94324,19.6961,7.46233,2.51521
40.5816,57.5524,58.5449,24.0928,12.0906,44.1071,43.9334,4.07603,43.8687,28.0946,0.0581889,0.972009,3.37751,2.13118,4.59531,6.01728,9.49928,20.5277,7.76777,3.21908,6.38715,3.71531
28.7073,18.2941,8.62973,4.44365,37.5587,34.967,24.6591,3.02295,25.6859,14.6807,4.32871,13.5401,34.6944,27.9616,2.08644,5.71362,10.2525,16.0125,13.4575,10.4255,0.501279,7.30765
17.1688,24.9647,27.4537,6.98045,36.9464,7.07395,16.1423,5.25275,20.3418,13.0916,2.3792,1.2652,5.61904,1.84023,3.40443,1.97194,3.62939,5.32042,9.31783,9.42417,0.218621,5.57952
1.79897,1.50841,2.20015,19.6645,26.6406,15.0489,38.1667,4.0917,25.4595,20.6865,0.618122,11.8789,1.9347,9.85373,3.3825,6.24792,10.2271,17.5469,5.96204,1.86623,1.48635,2.54516
19.6164,20.7506,14.4902,8.8615,9.6871,3.20155,13.3683,24.4362,12.845,2.23099,15.7537,30.3821,26.7228,11.6837,11.6946,12.0735,16.6077,30.3472,11.2383,1.79256,4.50042,5.91075
26.8186,23.8647,1.6137,2.46116,18.1718,8.25741,19.8302,3.60649,25.2309,21.4244,7.35158,11.82,12.6607,5.46747,7.31343,7.59775,8.83722,17.5289,7.14542,0.50458,0.30891,6.3609
38.5865,51.9174,45.2879,13.2139,49.4078,19.3976,12.3283,13.9674,3.01632,14.613,9.07277,11.3039,14.4961,5.92502,2.45081,3.23543,6.12699,10.7119,10.4084,5.7349,2.91529,3.76913
58.8387,46.1401,1.23722,6.75877,59.8673,48.4833,14.2403,3.58176,10.3561,5.87156,0.358194,5.90639,19.8988,15.7273,2.98809,7.69426,26.1742,30.8438,12.4902,2.09631,1.65125,6.16825
69.2393,94.8677,84.8341,9.93237,39.9032,35.3924,19.2999,13.5954,9.59446,20.0963,5.04087,10.9008,23.632,16.0897,0.818286,5.74652,25.1532,32.4882,4.2723,10.8505,5.04037,2.67456
79.3856,63.9935,0.123797,23.3506,6.93747,0.191428,10.0155,15.6737,26.9076,19.0758,14.4544,25.1134,19.8385,5.1377,3.79644,5.82155,13.7818,15.9353,6.16343,16.4982,5.04243,0.570359
83.4957,107.158,88.0537,32.6012,23.9871,28.0428,27.1704,24.1061,7.58784,6.03273,16.9097,23.6552,5.33421,19.3751,4.54532,2.26822,13.184,18.8882,13.8915,11.1373,4.55656,1.53248
87.4628,79.4083,17.3798,36.2346,35.1074,19.737,0.133007,24.7944,46.9348,30.9897,2.77439,18.4201,22.6603,11.2657,10.0116,14.4844,32.4956,37.7962,9.56086,2.14819,0.374724,2.02379
96.0723,113.239,80.2843,28.9244,27.7165,2.45649,18.7992,19.4096,25.042,11.9665,0.409979,5.60503,10.8215,10.1848,11.5681,16.8576,30.2201,29.8901,1.64012,9.82466,4.70928,6.67003
103.537,101.591,45.7693,10.1749,19.5179,7.30246,6.8425,21.3234,36.8934,18.7939,8.59235,6.90315,6.26736,6.03071,7.87548,12.2913,10.1585,6.86343,1.03111,4.35038,5.95689,4.34717
103.839,114.732,66.224,2.08015,9.17262,24.098,15.5227,14.2569,36.7492,28.1348,7.16311,11.9214,13.3458,9.00378,1.86346,1.21647,19.1804,27.473,7.91754,0.478276,6.58419,9.01165
98.6328,105.678,59.8564,6.16105,1.1626,21.6289,19.0644,8.59641,1.53129,9.83133,14.2432,36.4752,35.2635,18.9347,0.151917,2.50999,28.2654,40.5745,11.0666,2.15878,3.5268,6.80593
98.1923,97.6196,43.5156,4.41356,5.53113,14.0929,3.71715,3.00558,12.328,15.2977,7.94125,23.7095,4.70439,9.21799,9.11964,9.84332,11.8152,22.8173,8.91546,2.1423,3.43737,3.86245
89.1008,105.631,71.0673,6.52782,9.05265,31.8798,16.8954,4.12811,20.0221,23.7095,6.98477,16.9532,5.77924,11.1384,12.2188,14.091,16.133,12.5112,0.567648,2.63715,0.420052,2.14355
82.5227,72.8512,18.1251,19.3754,16.563,7.87663,3.33392,13.7486,27.2217,14.2564,9.77656,27.0816,26.5371,10.4696,2.31232,8.97176,34.1376,42.479,17.4327,6.50173,3.79349,1.49737
73.3072,88.9295,70.6602,31.9296,23.5124,9.01278,23.898,0.32442,6.50491,14.2632,6.59554,14.0093,5.78322,2.67239,7.42638,5.09054,20.9279,33.8459,18.8636,9.22343,4.206,0.402985
60.6701,50.0603,6.47635,19.7552,14.806,0.830997,14.648,26.6377,44.9773,25.6951,7.90717,11.1678,6.56119,4.26863,7.08976,14.4777,11.1508,5.50862,2.86591,6.92619,5.45614,7.03906
48.0254,64.5916,57.6098,22.9214,9.78465,11.9749,9.28872,6.65537,13.6553,4.40745,4.69755,15.1053,12.3746,2.71735,6.88577,14.0642,28.4995,32.3854,12.0547,3.60094,3.08051,0.04554
40.7168,28.814,10.2594,19.5876,0.860943,4.96114,8.52293,20.7601,40.0827,19.9796,1.98375,16.6386,19.8782,7.31024,0.0464689,6.20651,21.168,26.4643,14.4073,5.61518,0.924551,2.0641
27.9801,38.7672,32.548,7.86646,36.6209,37.6772,30.0243,4.13851,31.5521,27.0363,9.59012,26.669,9.16852,3.63731,2.93212,5.66124,2.3895,0.232208,2.53576,2.25392,0.468612,2.77411
14.5979,7.05365,12.8744,0.53825,37.7447,39.2588,25.8605,14.9007,1.62993,7.92103,18.183,30.2523,13.4996,2.08521,7.99861,7.02708,12.727,18.9993,8.56152,3.70663,1.45787,0.274622
6.48393,10.376,11.4013,10.7203,26.2682,5.06796,14.6927,10.6973,5.76571,8.8097,4.84795,16.7049,21.2873,10.0547,2.54809,2.62342,11.0958,14.2634,5.55711,2.96474,1.1647,1.84575
7.81452,7.85692,5.85013,0.133046,3.37396,11.8246,28.3132,10.6724,23.9034,25.5915,2.43509,5.02296,0.812288,3.06018,9.28073,6.73287,0.392769,0.826178,1.07137,1.46159,0.891861,2.22401
15.8229,21.9551,20.4104,3.04344,4.93235,2.83475,11.0229,24.0581,30.8171,15.922,8.09286,8.27965,5.26064,8.08855,13.7835,10.9541,2.68081,6.85076,1.30265,4.45935,0.459933,3.26951
25.5477,22.6876,10.1315,14.5188,19.2678,6.06354,16.8664,3.06276,10.0589,9.71213,0.578897,5.99007,1.22201,9.58952,8.18173,6.07171,0.204059,6.84895,4.55944,1.00372,0.827827,0.062672
29.9962,39.0444,35.9921,13.6512,7.91441,22.1618,20.8723,18.3855,20.7807,11.1013,2.66652,4.86299,1.69293,6.41313,1.88144,0.855725,0.717154,2.9256,1.91493,3.92235,5.45224,1.61983
42.9519,36.9046,4.92944,8.75647,10.2569,20.9478,18.879,4.91387,2.33985,7.27594,3.77219,6.41993,12.593,4.74591,4.07289,4.76056,0.297082,3.75058,2.36508,0.702012,1.35312,6.50976
48.363,57.2441,43.1828,3.56206,13.9856,1.6227,7.59533,4.93278,6.21421,1.34464,3.46988,4.37836,4.0128,0.634139,4.42428,3.54943,4.09451,4.21161,0.699246,0.853325,2.23296,2.072
48.0044,44.4762,14.2529,5.26659,18.5029,0.941978,6.86934,4.61686,14.2897,14.2903,4.6532,1.20791,7.62238,11.2312,10.5076,8.19148,8.27897,7.4096,2.37784,0.378499,1.34871,5.81143
53.6432,65.6613,35.8619,0.0631021,11.1852,37.2356,11.2882,23.0425,21.1894,14.2605,6.08806,4.09992,6.8919,1.23367,4.68491,1.64637,8.26718,11.3041,9.1127,5.19443,1.11521,3.13424
26.5326,28.1674,46.5096,158.13,154.766,91.4454,44.368,8.80003,4.6476,4.08683,0.252974,1.25675,0.89958,0.432442,7.78804,14.4118,18.1219,15.6842,7.66016,4.81902,2.6863,0.863759
34.5939,36.9207,54.6104,127.379,31.241,34.2847,16.3302,1.59589,4.6106,4.41318,4.55702,0.257232,2.06063,0.864381,5.36715,4.34914,3.07561,2.54398,1.76912,3.54505,1.90621,0.793781
28.7082,27.5231,4.30722,34.4045,16.5736,0.780148,6.49345,12.1037,6.88538,0.823126,0.210572,0.876431,2.93924,5.40388,4.4828,2.58087,5.06041,8.13338,3.76604,1.61697,0.569713,1.21351
20.7029,18.8712,17.1056,11.6457,6.3776,1.22531,10.3275,12.2954,7.19111,4.68082,1.98758,0.976655,6.24964,6.91919,2.60413,0.149948,5.97866,8.17471,3.48083,2.29741,0.957374,1.66246
47.1413,55.0333,33.9426,8.37245,12.5141,13.9599,18.128,22.6063,17.9787,3.61723,3.27768,0.774023,0.379943,1.38101,0.859518,3.87211,2.00432,0.818474,0.0635304,1.31134,0.454288,0.723281
44.8057,44.0556,19.6781,7.82192,12.2774,6.5787,9.3514,16.0184,2.4521,2.73107,4.45035,3.92404,0.247843,2.37648,7.59355,7.57972,4.58608,8.30679,0.75325,1.09113,0.203935,1.66696
40.4317,42.2303,26.9982,8.43132,5.31749,2.20331,8.10811,9.59378,8.7185,2.02613,1.79282,0.244497,1.97209,3.51686,9.49665,11.496,0.332308,6.42718,2.43722,0.764393,2.11988,3.43857
35.1711,34.0785,19.8185,4.46729,4.47985,10.292,17.5867,19.0885,1.69233,8.76529,0.38775,2.74702,2.90153,3.36066,9.05557,11.5397,8.23927,3.96747,0.630934,1.33346,0.744987,1.54242
33.3844,34.3932,17.7604,1.19748,5.1787,8.87801,5.24486,5.6987,9.39044,3.67783,0.0409992,2.43936,9.01529,9.63646,6.59661,7.32327,10.752,11.8841,5.89492,1.45804,0.498022,0.11063
25.7089,23.1816,3.53701,13.8704,15.2527,12.5925,0.34989,7.44535,0.929515,2.27642,0.133845,1.98975,2.82442,0.712497,0.279286,1.68918,6.43373,8.1405,4.591,1.99458,1.45869,0.876706
25.2558,28.09,20.0129,11.3819,9.22973,0.37827,3.7446,14.5294,17.3665,12.2727,4.36511,0.274071,4.25845,4.88826,2.3948,1.20968,0.965012,2.14072,0.113916,0.980198,0.508399,0.0344512
21.2301,19.1976,5.73149,6.77195,3.17995,1.17311,10.0173,10.0735,1.40612,1.37453,0.601505,0.637611,1.86049,0.186994,2.1437,0.598062,4.28724,6.79471,2.19695,1.62439,0.770754,1.03124
18.1522,20.5292,13.8083,0.0126099,3.14638,7.49637,11.0065,3.78696,10.805,6.27981,3.02006,0.971682,4.8099,3.17138,1.16501,0.481025,0.575195,0.855928,1.63976,0.651522,0.305982,0.106374
16.3368,13.7662,2.71535,1.61279,5.58551,4.21222,5.63906,3.17709,7.24715,4.5061,1.16743,1.01517,4.41123,3.06792,1.96267,3.47303,0.378368,2.71898,2.28766,0.845712,0.914502,1.61074
12.0944,14.1652,9.098,0.342886,4.26142,7.15847,3.52764,0.419658,3.60049,3.39579,0.0878382,0.647657,1.52091,2.03519,1.25364,0.233437,0.0329704,0.780315,0.81727,1.15017,1.0064,2.6177
7.21457,6.37785,1.05177,4.12553,3.37219,0.964795,1.82737,1.72284,0.679851,0.292262,0.360169,0.151076,1.10483,1.36032,0.526054,0.981203,1.70784,0.719979,1.13433,2.39236,1.65499,0.809687
5.78059,7.36675,5.77614,2.65558,3.71018,6.87425,7.06468,2.92583,0.700226,0.113007,0.552734,0.654693,1.35626,1.23871,0.725566,0.714928,0.167152,0.16233,1.49634,1.83204,0.903345,0.931651
1.80299,2.00652,0.494272,1.29862,2.74912,4.97282,3.82721,3.04579,5.06484,3.09815,0.660738,1.49647,3.20995,3.33127,1.9987,1.82008,0.00264515,1.69103,0.301272,1.22756,0.992132,1.77759
1.62028,3.50652,3.58307,1.77654,1.22636,2.07816,3.74461,1.3199,7.0805,5.68984,0.511012,1.11594,0.0482275,0.257961,1.49662,2.54348,0.627718,1.20527,0.0123923,1.89969,1.04405,0.605407
0.230902,0.0764887,1.03629,2.13887,2.18707,1.39407,4.90147,1.37688,4.38608,3.74066,1.39345,1.53093,0.65752,1.68307,0.637144,1.23207,0.0953513,0.157565,1.4582,1.26733,0.0178319,1.4385
0.181263,1.46239,2.13084,0.53369,0.738652,0.157703,1.57427,0.663393,1.09392,1.03607,1.2254,2.36756,1.82917,0.23254,1.01329,1.35868,0.16764,0.892624,0.722083,0.505188,0.337012,0.242252
0.404493,0.124434,0.159696,1.69212,3.38028,1.01551,4.2015,2.27095,9.78314,6.75721,0.271567,1.12956,0.573973,0.040004,0.86026,0.0560074,3.50064,4.09332,1.47054,0.819296,0.688068,0.290648
1.23667,1.60291,1.22515,2.30538,5.52419,2.62497,2.35088,0.0621979,6.68824,4.62201,1.15505,1.49949,1.1004,1.10351,0.510833,0.0533959,1.64574,2.15715,0.766496,0.437076,0.68632,0.98861
1.30903,1.16393,0.124618,0.975448,4.58901,3.59388,1.02578,3.16814,1.70793,0.640977,0.878428,0.226572,0.275345,0.819377,0.0351794,0.834132,1.55465,1.1589,0.50903,0.245707,0.641582,0.207047
0.747212,1.43053,1.15023,1.15725,2.71288,0.963628,0.340866,1.34493,2.94092,4.74743,1.13553,0.240882,0.0069491,1.13556,1.04197,0.374748,3.07535,4.10127,1.61455,0.783379,1.06782,0.161527
1.88296,1.71517,0.427283,0.344465,1.20526,0.358691,1.76561,1.39416,2.41844,1.88017,0.559248,0.974159,1.09098,0.462316,0.704815,0.36353,1.54744,2.1602,0.454267,1.1599,1.07082,0.514317
1.71628,1.35625,0.293483,0.440581,0.43301,3.35742,4.92433,4.22387,3.43567,1.23357,0.148354,0.055334,0.845516,0.826339,0.122961,0.458561,1.04458,1.18813,1.64458,1.3621,0.496377,0.524135
0.426938,0.651609,0.460477,0.686828,0.828369,1.10264,4.88166,1.72938,3.23557,0.352715,1.832,2.70199,3.01806,1.36593,2.11078,0.251651,0.652052,1.8981,0.430631,0.471301,1.39794,0.0877194
1.23381,1.40086,0.428751,2.57711,5.35326,2.20426,3.61454,15.1857,24.2126,16.9253,2.93743,1.30666,0.799382,0.0184546,2.10485,7.16543,3.87678,3.71489,3.92144,0.852666,0.186661,2.40487
0.857631,0.531013,1.80997,1.72751,9.71951,15.2607,11.0429,11.2319,5.82285,1.10494,0.441387,4.56937,9.01937,5.07091,5.76038,9.17723,1.85671,7.10955,3.90189,3.45408,1.55134,3.79709
2.89713,6.28401,8.52949,2.78847,3.41071,8.2936,5.70812,8.31708,13.141,7.78945,5.36066,8.99578,6.19668,1.25548,6.17356,9.46296,0.00261775,4.64442,2.1333,1.90078,0.860852,2.05766
1.00679,2.34718,6.76077,4.73552,0.773413,5.39775,11.1217,15.1881,3.74051,6.88717,3.40552,10.7814,1.99691,5.42618,8.57937,10.4582,5.9537,2.21105,0.728576,0.463613,1.57753,3.35833
0.324359,3.52577,7.58474,6.13249,2.79396,10.8599,5.07586,4.30122,5.0616,1.06354,2.91909,9.2583,4.53061,1.86645,4.0218,6.88782,7.3598,6.17545,2.58461,0.506855,2.09092,2.30184
1.56634,0.2309,4.6678,4.46033,3.18799,1.09502,9.76814,14.4738,5.12577,3.07793,4.70591,9.63021,8.09508,2.69615,1.10964,3.99403,6.15752,6.22846,2.15567,0.123459,1.13109,5.90863
0.203044,1.49126,4.82946,1.54513,12.6596,3.1091,3.33441,13.6766,22.2187,11.9125,2.76421,9.72203,5.47203,0.410307,1.27264,1.64276,0.344726,1.01669,0.107429,0.417624,0.863528,0.571818
1.73452,1.59307,0.905504,11.3223,24.13,16.5967,7.22562,10.604,12.2504,5.2759,2.86858,4.48869,3.12424,5.78763,2.44592,5.48091,2.80875,0.467727,0.814828,0.27302,0.788912,2.40546
0.762534,0.293913,2.56029,15.3249,25.2216,20.4552,7.85512,11.2288,16.2515,6.28052,4.14068,5.89694,3.00361,0.784328,3.24316,4.42964,1.96098,0.170906,0.665097,1.9223,2.26949,2.02942
0.255037,1.26201,3.62464,9.23133,12.4574,5.47695,4.40753,3.36391,8.648,9.20016,1.52631,7.02774,7.61925,4.56724,0.121164,2.26433,2.30076,0.592432,1.91526,2.43581,0.850149,2.28453
3.44537,5.21598,5.79662,0.747546,4.8479,8.05286,2.45987,5.28905,0.356316,4.34443,2.71806,2.94211,0.358433,1.34782,3.75284,5.1485,1.25262,0.574383,0.442143,0.977209,0.369793,0.949625
5.78069,2.4874,2.40237,6.76201,14.3367,4.00575,2.75476,9.45107,2.75309,4.15453,2.85515,2.08096,0.050985,1.77354,3.43698,3.87693,0.543918,1.8555,0.0901042,0.0145451,0.0288652,0.371891
9.47454,13.8511,13.2521,2.04764,10.9799,2.10701,3.99549,3.52975,4.91404,2.90376,1.44444,2.9485,1.22409,0.597882,2.42062,3.54291,1.74485,0.00336368,0.295627,0.403791,0.171503,0.0997105
12.0623,10.9395,0.093503,5.63919,4.07801,6.73026,1.04414,0.623472,2.0129,2.46642,0.157058,1.29797,0.899545,1.42615,1.07779,2.4997,3.46067,3.16813,1.22734,0.0400288,0.131776,0.927332
17.0681,22.8965,19.0083,5.55084,0.219761,1.34153,0.604536,1.16782,5.5326,4.11849,1.17844,1.47189,0.306162,1.31421,1.86092,2.15566,3.10175,3.40852,0.953681,0.517445,0.534542,0.886024
16.6596,18.9122,9.51127,1.42785,4.83039,2.56288,1.77755,2.38373,0.862839,0.418291,1.03053,1.20517,1.24591,0.781926,0.258794,0.168419,0.684243,1.83364,1.45391,0.559744,0.442963,0.189703
11.9502,19.6421,17.1113,0.732379,4.91255,2.09506,0.185773,1.31373,3.30659,2.34643,0.547655,0.704869,0.178984,0.38089,0.474326,1.20147,1.24886,0.244794,0.228267,0.133349,0.131795,1.05223
6.08267,8.29177,3.94799,1.43164,0.105571,1.00691,2.19181,2.89907,4.60355,3.23486,0.466232,0.292435,0.480595,0.076589,0.95471,1.33986,0.46303,0.590098,0.127037,0.542337,0.188028,2.07542
4.57474,1.63847,2.59826,2.79404,1.65366,0.521636,1.00978,0.110276,2.20372,1.01655,0.84077,0.238114,1.1402,1.32814,0.0533169,0.925555,1.17981,3.15412,1.60406,0.147862,0.165103,0.851824
21.4776,23.8369,14.4017,1.89909,1.32162,0.143425,0.691208,0.200275,0.756792,0.700889,0.382064,1.19615,0.49532,0.0429462,0.850966,1.22562,2.6465,5.63223,3.20426,1.22916,1.05845,0.61277
34.5066,38.2831,20.7399,1.42964,1.55781,0.878069,1.16492,0.217846,3.10266,2.82931,0.36579,1.7735,0.208352,0.359143,0.0611914,0.326901,2.68104,4.63299,1.8752,0.394947,0.174205,1.76578
45.7228,51.9025,29.9504,0.159277,0.843448,0.630665,1.34023,0.0954168,2.70883,2.2792,1.03925,1.10963,0.282126,0.254162,0.627994,1.33769,0.189672,1.6097,0.3733,0.530762,0.613089,2.16631
55.9379,62.3165,34.6468,0.869728,1.22988,0.141726,0.567664,1.39644,1.46729,0.843381,0.0338859,0.664137,1.11456,0.481356,1.56479,2.70934,0.704367,1.3761,1.07207,0.210776,0.270405,0.809908
57.3277,64.8649,38.2089,2.45336,0.334695,1.69599,2.65192,1.6004,0.187832,0.764019,0.35109,0.174986,0.0991416,0.0826061,2.21164,3.93546,1.4126,0.85796,0.242484,0.0121865,0.32816,2.53562
59.3671,67.7743,40.7461,1.99866,0.451084,0.981021,1.58573,0.560604,0.537595,0.568763,0.80915,0.7658,0.224446,0.988353,3.09837,4.52443,1.67663,0.224454,0.905106,0.926102,0.12778,0.874122
57.8471,60.4479,30.5199,1.06619,0.965724,0.500862,0.956584,1.04608,1.03828,0.59858,0.0539982,0.696702,0.0844732,1.22622,3.26707,4.51464,2.41942,1.0381,0.334653,0.2989,0.358231,0.990489
46.8648,56.7553,39.8432,9.71714,5.99011,0.728381,6.77355,4.14244,2.06506,1.41208,0.326399,0.195339,0.547296,1.3833,2.85824,4.12596,3.76167,3.10184,1.09992,0.527781,0.0222541,0.867044
40.2854,36.9801,15.9747,6.74074,9.41572,0.704681,3.06358,1.45022,0.873575,0.479784,0.350912,0.28937,0.567802,1.41097,1.5233,3.13367,4.46222,3.80183,1.63253,0.699816,0.42239,2.4862
39.4119,33.8231,57.0762,137.938,133.015,43.3416,23.0954,29.1721,11.7479,7.37256,10.1993,0.844352,6.74811,5.22922,3.21286,2.82805,1.00529,3.45347,7.56821,8.71768,7.5527,3.96232
18.4492,0.964321,32.4952,77.6212,10.4843,36.6503,10.0733,2.61118,5.7814,9.18642,6.06733,9.55503,2.59782,0.489978,0.878195,2.24673,0.691675,0.48622,0.772699,0.261574,0.264404,3.9674
0.303224,40.1617,112.94,80.4485,3.64157,4.44423,7.21574,4.61807,8.93403,5.39282,3.15107,4.76879,0.138067,2.87961,0.78185,2.36991,0.216779,1.4797,0.927591,0.860587,1.55664,0.173965
15.0968,49.8104,67.0338,20.467,4.51509,2.12765,5.21847,2.11919,2.7548,1.34935,1.14903,2.28399,1.71259,1.09549,2.45198,1.65225,2.45656,3.17183,0.308128,0.638969,0.152273,0.553996
21.8205,17.7424,4.53663,4.60529,3.25035,10.179,16.9893,6.28812,2.18168,2.02906,0.77617,1.60877,0.0201717,2.13456,0.244875,2.91141,2.2633,0.406041,1.03169,0.803978,0.483324,2.16072
22.3588,11.0129,12.8769,8.94851,10.7812,1.23546,9.64884,1.8454,5.19596,4.26183,2.10745,0.244963,0.547789,0.49423,4.44792,7.17764,0.261232,4.42754,1.0316,0.243101,1.15371,3.93034
37.3205,43.9554,34.5379,0.264127,24.4511,21.3319,9.64487,2.89102,10.8321,3.12944,7.68549,12.5146,6.42307,1.50375,8.66158,11.4767,0.0971709,6.52809,1.63959,1.2296,0.930842,2.51765
44.8331,38.6802,4.86474,7.61122,19.1648,32.84,21.5896,9.98833,28.5364,17.5086,10.2476,16.1996,7.96306,2.20415,5.93276,8.47323,0.0854505,6.10156,2.53868,0.41941,0.122002,0.244869
59.9889,73.8964,61.6599,18.3783,8.74196,21.5616,21.9048,16.9295,3.66972,7.14438,1.38717,5.58682,1.76489,3.08861,3.06278,4.3044,2.10845,1.09535,0.905972,0.235778,1.52077,0.475297
61.6021,52.9416,7.57754,14.0746,1.74477,8.21043,9.32915,4.87836,20.4833,15.4671,7.39791,6.32364,0.944537,2.34727,1.31935,1.29857,3.60518,3.59392,1.2238,0.169936,0.356966,2.29798
68.7716,82.2544,58.3011,5.8568,5.32278,28.927,32.3097,16.0835,10.5642,20.559,3.58026,8.30045,1.92978,5.99947,2.77449,2.48761,8.11973,10.6668,7.04551,4.83139,3.54718,1.59341
74.2662,70.898,28.1349,4.37058,9.83901,24.7857,14.754,0.537731,0.0373362,2.20782,1.09163,12.3811,10.1265,0.625016,4.50317,8.12489,12.3039,14.6393,9.31182,5.57914,2.33593,0.311204
80.2821,87.7501,50.9853,7.23004,8.44585,5.29717,20.446,10.7774,15.2851,20.4216,11.1063,19.6256,18.8541,8.75514,9.89934,14.0545,16.8024,16.1823,11.3868,8.42651,4.98304,3.4548
75.7438,81.7294,43.8933,9.13349,9.14113,17.9204,25.0871,0.472497,21.1885,15.9615,5.95125,14.3659,9.71336,5.58545,7.37753,10.639,7.0312,3.4122,3.21001,2.47181,0.187054,0.631879
75.8463,76.7853,37.1019,1.93083,1.81034,3.68791,6.9398,14.9542,2.28311,12.9916,8.1966,9.37771,8.19719,4.07473,2.05125,6.07997,4.68097,13.3976,8.96354,3.43809,0.350367,0.360019
71.0302,86.8596,59.8109,13.3111,10.6864,12.1071,29.0001,2.36223,35.9506,27.4134,7.04533,24.4675,17.7556,7.13396,0.580923,4.08311,12.1382,23.0558,13.2794,7.697,4.1261,0.988078
70.9719,64.708,17.6239,25.7177,28.6851,3.67135,11.6595,12.3206,19.1359,4.12603,3.24126,17.494,12.6514,0.138845,4.64456,6.27991,12.147,23.8288,12.9852,5.70223,2.66221,0.650531
69.0051,87.5007,73.051,38.0969,38.8892,35.1712,22.5683,5.27127,36.9993,26.4523,6.56445,13.2308,5.8505,7.18594,10.5472,10.8454,3.6362,10.243,1.95685,0.0680635,3.03743,5.11325
59.8299,49.783,0.00258041,33.0586,29.0484,36.5229,27.5999,13.4354,42.2667,24.2673,7.37982,15.6884,5.30929,2.9406,9.48096,13.9693,13.931,12.0766,5.41267,0.655358,2.37322,4.64709
59.0488,76.5558,70.2764,29.1329,3.5254,7.28675,5.27798,9.22093,20.8605,12.7997,0.411743,0.514414,3.29245,5.65072,1.39603,8.09339,21.34,26.8166,8.1769,3.75017,5.13968,3.98676
39.5006,29.6104,5.5082,4.65464,31.0912,44.3489,33.8884,12.2061,49.1997,30.5116,9.05749,21.4411,6.96568,3.45321,3.53964,0.128155,21.0779,27.863,2.59564,8.61165,4.93217,6.80007
31.0604,45.61,45.3937,4.79609,46.6607,38.3104,22.8511,14.7839,5.3588,11.8723,11.4858,23.3299,19.1964,4.73039,6.29992,8.67151,5.79148,10.8646,0.731756,4.52526,4.64042,7.34911
18.2902,9.83508,7.7293,14.9661,41.8037,2.13502,21.2308,9.91637,33.3032,20.3233,5.57577,17.0028,17.1405,3.70877,2.93096,7.49085,14.928,14.2626,1.6766,8.08575,1.8887,7.40786
0.735352,1.85116,4.74101,9.95357,20.5453,12.4686,38.5552,19.9275,16.2861,23.2103,5.57601,22.0919,8.91802,5.24591,2.36638,2.3186,23.2991,30.9472,0.918789,14.5782,0.910019,7.43883
19.6436,14.2119,1.62037,2.22937,6.03738,1.25335,2.2824,7.09682,0.418557,4.72705,11.2632,12.7907,0.56,6.0222,1.11128,5.91136,26.4001,30.124,1.38919,11.4816,0.165498,5.51988
30.5631,41.5223,37.3408,7.06938,28.5015,8.39212,32.5839,17.5509,10.9826,20.0987,1.05851,10.0097,3.54185,1.20996,7.36174,9.50968,6.9807,6.84958,4.29686,1.19813,1.23961,0.375045
47.3642,38.3495,2.74316,10.515,43.4742,13.6932,13.0423,5.05969,29.8368,25.1591,16.8959,19.9936,5.90378,2.5388,8.62263,10.5488,10.1931,18.2144,1.4716,10.0619,4.41019,3.8146
54.1203,73.0263,64.9395,6.86651,37.214,40.3688,21.2054,15.4577,9.89552,0.0270225,5.4984,17.9994,15.3307,2.52816,6.35236,7.06937,21.9507,35.4092,7.47417,7.13445,2.70903,2.3661
67.0702,55.0876,0.312438,17.7122,22.963,32.1527,18.093,8.55526,36.1435,30.8229,1.40104,21.2896,21.0844,6.09471,1.69752,0.810849,21.4549,29.657,9.91716,0.672622,1.92845,2.27196
85.246,106.974,90.0727,28.3324,0.532626,3.73101,13.7218,28.1482,39.3056,21.8353,13.9172,23.3032,14.2836,1.73641,3.51624,5.51607,3.24369,1.11036,0.717518,1.13949,1.72991,0.312078
90.4367,77.2418,9.35232,34.1678,23.6335,25.4613,16.2141,9.26796,24.6123,15.414,6.70398,5.25302,1.44025,2.51807,1.22915,1.21461,21.912,29.5102,11.0956,2.10698,2.26418,2.84463
84.2686,108.338,83.3316,28.1051,29.0224,21.3349,1.00636,26.6681,46.9699,28.0371,10.8426,15.413,10.3572,4.29995,4.79092,1.64997,23.8173,36.7675,15.7275,2.4288,3.18991,11.4619
98.2453,90.7123,28.5206,25.8891,27.0132,0.601647,17.5532,3.87606,0.623299,10.2673,8.64043,22.1624,9.82421,3.5253,1.6312,1.44204,13.7449,23.023,8.91904,0.136904,3.28923,3.31254
99.8788,117.467,75.4574,12.9875,19.5753,9.76671,5.52054,16.5964,32.9495,20.7266,1.04005,18.0737,11.2686,1.29536,4.7455,9.3821,6.99984,6.1643,9.07998,10.0407,7.73308,5.89957
106.282,107.557,51.6182,10.5872,22.9658,32.4874,15.705,5.9136,16.2983,27.1174,15.4311,25.5194,19.7497,5.82833,10.2529,17.1723,27.5922,30.1867,18.3025,10.0141,4.49548,6.36092
103.875,106.65,51.0141,0.251498,12.6998,23.2826,21.9529,10.4819,10.5429,7.51965,14.5654,28.291,17.6919,5.03738,8.11508,16.9451,32.8209,36.0684,14.4104,2.40107,3.79684,2.77668
99.0327,111.659,70.1042,2.28222,1.52781,12.8468,0.274864,19.3287,1.96807,19.9605,3.57314,6.85668,0.504413,2.49562,5.71387,12.937,18.5831,16.6084,0.0633495,4.46366,4.09414,3.27373
86.0076,83.1591,31.4455,8.66916,12.8326,29.5783,23.7861,22.1244,36.82,22.3491,5.79815,8.29742,4.00194,3.91837,1.45856,5.59254,8.45508,18.2884,12.1236,8.07159,4.61233,1.65444
87.4935,105.704,78.853,28.3136,30.1433,23.988,13.2019,22.5187,20.616,4.39976,0.384369,6.02719,2.29128,4.82496,8.12996,4.54313,26.9656,38.3459,11.3705,0.575099,1.45658,2.59681
76.909,64.321,7.06174,38.2874,31.7926,1.1404,19.4818,23.1788,41.3591,26.1264,4.59306,10.986,4.80743,6.90257,10.2695,9.13115,15.9695,27.4016,5.76097,2.54892,2.6921,4.29171
64.3229,85.0578,75.8766,39.4565,24.5466,0.737686,11.2396,21.5603,35.6724,18.0836,12.8208,25.6516,15.7834,2.67065,4.03758,4.68897,0.681551,1.03393,2.92029,2.26951,1.70014,0.8323
58.6199,43.941,4.3805,19.7962,3.85546,15.926,24.5963,24.9723,15.7553,0.68773,12.6801,21.0159,16.4416,6.37771,6.69183,5.73795,20.3473,30.6233,2.67196,10.5575,5.89593,7.25718
40.378,56.7949,53.9057,5.93212,21.3514,1.49262,14.1,12.5359,31.167,24.2691,2.72559,5.51751,6.72493,3.21107,17.3463,19.3613,18.1362,33.0753,6.51658,5.93247,5.75347,5.33021
31.8817,20.8347,5.41192,10.3763,44.2194,32.7775,22.4793,19.7353,2.94471,12.4214,0.455605,1.5768,6.38928,6.63407,10.08,17.4079,1.25202,8.45885,7.44794,6.8394,0.879028,2.19554
14.9376,25.0366,26.6589,8.99776,44,46.5464,29.7996,7.31682,0.452005,0.732505,5.24019,1.54158,2.31575,0.251367,2.64331,8.41779,20.7745,18.2453,4.84075,9.59909,0.653529,5.49607
8.84657,2.13398,7.36196,5.42119,22.3217,12.6011,6.38687,12.4388,4.95748,12.2417,6.39113,12.0464,1.88665,8.1868,1.52231,4.64234,24.3385,30.6954,12.1457,0.746159,1.1189,2.16613
9.30639,10.0294,4.69671,0.770923,2.60676,21.6537,26.812,7.99602,33.1122,22.4211,11.719,13.9016,7.17797,0.612999,1.43504,5.02145,6.0686,5.34011,5.41575,4.67251,0.540314,1.00926
14.1407,14.3504,5.48096,8.1955,17.3006,13.373,8.69362,5.41664,8.74702,0.111784,0.315473,6.17268,12.8627,7.56469,3.60555,3.52598,13.9061,18.9653,3.63462,4.5971,0.703729,1.01615
29.4363,36.9703,30.6446,0.754098,13.6088,8.9472,10.7693,21.5634,30.1861,11.8311,2.38836,7.49018,5.30995,0.535327,0.778491,4.23227,14.3232,17.3512,4.85317,1.30581,1.76729,3.57686
36.27,33.0035,4.45563,6.99477,12.1987,8.31383,2.82524,6.10008,24.4334,21.473,11.2047,7.3218,4.34965,6.25759,7.34616,10.9139,2.64808,0.976469,2.34271,1.01782,1.43751,2.07976
44.5962,55.7482,45.7123,11.7908,14.5229,30.7453,16.4849,3.20316,2.76735,7.12756,3.16629,2.6056,0.0725991,1.90816,6.93793,6.90369,5.63675,10.7653,5.41392,1.92127,0.825855,2.30173
53.4842,48.2675,11.6455,4.70739,15.4989,12.0089,4.68517,8.18538,5.73575,0.507411,2.86538,3.89171,3.49493,5.4834,0.874829,0.99631,1.59777,4.1056,0.905558,0.447319,0.211348,0.352004
57.5779,70.6485,52.2904,0.806318,16.6134,8.14748,17.3899,6.64886,10.5041,9.8246,2.39002,2.5149,4.74319,3.02144,2.70884,1.18278,0.647346,1.18987,3.91609,3.12186,1.4667,1.42204
69.817,63.0501,21.6815,3.26603,17.8076,10.1133,1.66073,11.0127,23.9053,17.8139,6.53889,5.34232,6.24674,3.79873,0.418828,0.362669,0.363436,1.15943,6.04051,5.81824,0.997456,0.584027
63.3469,75.0992,50.3849,4.83894,6.5656,15.217,16.6893,3.15698,5.47439,0.0729884,5.39914,4.61543,1.57068,0.91188,1.36965,0.745604,0.94273,1.20941,3.96568,6.6772,2.16889,0.268327
69.07,67.2132,25.5477,14.8934,16.0554,16.1555,10.6376,0.261823,3.1493,1.12919,2.69937,1.29609,0.766219,1.84735,0.473439,0.667747,1.21744,3.41219,2.1916,0.852232,0.251617,0.87077
50.3918,49.8979,36.7923,84.5079,112.637,34.53,8.77031,17.6787,29.3574,20.4119,9.19099,2.52408,4.38215,5.19161,5.16054,7.12366,8.22494,7.28451,2.10029,3.85182,5.04775,3.09961
7.49226,6.11269,1.15915,23.2199,59.7034,38.3134,6.72961,15.0662,24.5427,18.4457,8.44608,4.93576,0.358134,1.55618,5.64252,6.80642,4.11999,2.73075,1.53563,4.31165,0.537415,0.358182
6.59928,2.85226,27.1518,4.5212,24.3551,8.92268,0.985195,2.57738,1.31105,7.48475,3.36193,4.24796,5.37093,2.01508,1.52675,1.15003,1.82179,2.81334,2.82756,5.22309,4.25525,0.213409
3.42041,7.08428,25.2566,27.0728,7.14557,0.617174,2.5323,8.27833,14.9639,10.4904,2.00679,0.0474083,1.91904,1.59125,1.69344,2.8844,5.36987,6.26717,3.26501,4.35753,4.08401,1.83219
15.4261,23.683,15.7111,2.10484,3.01029,3.96959,3.33852,1.457,3.74466,7.24219,0.846462,3.8808,3.70384,1.35744,3.56124,6.13218,5.62617,4.21069,0.375428,3.69844,2.19999,0.428323
4.46644,3.48458,4.85433,7.71194,7.69179,3.86053,0.511078,2.98262,2.31601,2.50678,6.08604,7.84369,4.89213,1.23163,4.7955,8.93729,3.38736,1.28424,2.4066,7.60967,8.34739,3.92347
1.77805,1.45021,0.474058,3.03175,2.43483,6.44387,0.231956,6.59758,0.488129,2.15299,1.65406,8.07547,3.44472,1.68757,6.35799,9.76387,1.45926,7.9363,3.56949,0.748253,0.327215,1.44322
6.51364,8.02664,10.9868,11.9315,9.93863,7.36034,4.37254,5.70199,9.9499,5.11399,5.74031,10.7071,5.06333,0.394351,4.72936,7.23868,1.97269,4.82859,3.99714,10.1156,7.62725,1.98873
2.9462,2.1174,11.2096,12.3559,5.17347,2.48825,0.273402,10.8458,14.0782,8.89953,7.65178,10.0805,7.40469,2.46377,1.63717,2.56522,0.88641,2.6604,4.38175,5.81078,4.89972,1.7532
3.16338,4.78454,6.02642,1.62321,5.47941,8.13816,7.34112,9.76945,11.8881,6.72563,4.6453,8.04469,4.29304,0.626361,1.63983,0.994048,2.58077,3.45123,1.59754,7.36139,5.12253,1.26779
1.50789,0.33425,2.87136,6.37902,15.3823,5.22179,2.6814,3.69291,7.36273,0.162996,8.66278,8.74785,2.26018,1.53687,1.45026,1.15193,2.59355,3.53707,0.848924,1.42874,4.73239,4.88089
1.28687,2.43059,2.0302,11.3169,19.3467,3.86038,7.82638,6.52344,0.583092,0.603007,0.756513,4.74067,4.58416,0.365575,1.01062,1.82415,1.16286,0.520648,3.13934,5.3368,4.41009,0.997265
0.94787,1.10723,1.07649,5.92401,13.9374,10.1269,4.99006,5.33547,3.3845,2.11997,5.82935,4.17464,0.465422,0.587495,1.7742,2.90757,3.09961,3.29338,2.68502,8.61977,11.7172,3.94953
0.974756,0.723794,1.20692,0.369622,6.25087,9.96316,7.31297,2.99973,0.302178,3.06073,1.98498,0.042185,0.126714,0.206693,1.66286,4.04081,4.86196,3.76492,0.423072,1.84835,1.6883,2.2859
1.0263,0.556985,1.21403,0.793007,1.10373,1.82383,3.47139,1.68409,0.853981,2.31917,3.56448,1.20328,0.156619,0.62423,2.68761,3.83034,3.92244,4.99522,0.498418,8.78463,9.33709,0.275254
0.360336,0.541873,1.43483,4.47379,4.17851,3.27157,5.05987,1.37075,0.535477,8.05178,11.522,4.8419,1.36669,1.25185,0.508149,1.62606,0.101403,0.939952,0.595358,3.29845,3.68459,1.77777
0.082458,0.0255044,1.27449,4.12815,5.42351,4.8702,3.7469,0.795297,4.84087,1.86254,8.11335,2.77649,0.482068,0.120772,0.486923,1.03027,3.22614,5.31742,2.30858,0.807931,2.93751,0.104417
0.828218,0.905113,1.09361,1.58239,2.69155,4.85536,5.06278,0.131677,4.95252,0.676374,5.5764,3.82873,0.0922669,1.03899,2.38878,2.88685,1.59161,2.8141,0.446018,6.25391,8.21368,0.0096079
0.0737179,0.166068,0.635204,0.349873,2.3712,0.758934,1.18379,0.135195,1.09345,1.53453,0.635266,1.11124,0.435875,0.689844,2.86026,3.24709,0.212663,1.85992,0.484059,6.53856,7.87501,2.46901
0.043641,0.741566,1.27439,2.42095,5.39468,0.386241,4.49723,1.28958,8.83959,6.5735,0.0747744,1.37477,3.09905,1.65661,0.98536,4.47926,9.16245,9.81059,5.03846,4.50993,3.76154,1.75627
0.581877,0.0757047,0.415038,4.27054,6.62672,2.82553,1.79287,1.29839,1.37628,4.84317,10.7038,5.21431,1.08549,0.607099,0.894076,2.51031,7.13242,10.0603,5.01742,4.38966,8.66613,1.43612
0.75001,0.574866,0.638764,1.29664,5.01137,5.29647,1.43425,1.67744,3.13772,9.98814,12.3018,3.821,0.000184998,0.143352,0.514274,1.59948,2.51148,0.196939,1.32305,6.54482,10.9254,3.76875
0.451451,0.822697,0.844385,0.705345,2.73049,2.59905,3.02823,2.84072,1.63027,6.19093,7.81735,4.45804,0.145116,1.05871,0.965565,0.383968,5.54361,8.45303,4.46273,5.77543,5.75704,3.10987
1.01939,0.516079,0.095278,0.211807,0.213505,0.167791,0.488211,3.18779,6.25595,7.98748,6.6271,1.39435,0.284475,1.28494,2.21884,1.30683,5.93751,8.49059,3.67848,5.3048,5.84561,0.00426156
1.06899,0.914539,0.500087,0.0673535,0.652132,0.760994,0.232069,0.58404,0.0927257,0.405013,2.33538,1.85843,0.0468297,0.525109,1.96725,2.1933,1.02314,3.64582,2.24419,0.476886,1.3119,0.752579
0.661703,0.684764,0.313732,0.654092,1.98322,1.72474,0.465102,2.53556,0.420953,4.39691,3.03723,0.879265,0.142529,0.16934,0.737152,1.31726,1.10895,3.6768,5.89782,5.29612,0.565259,3.15275
0.665324,0.495392,0.583614,0.233762,2.05452,0.885605,0.733076,1.56759,5.42942,7.22232,3.72385,1.22421,1.33397,0.15322,3.48072,4.30365,1.21351,0.365262,4.02829,4.79658,9.96594,4.91338
0.383534,0.352285,0.199602,1.09613,1.49428,1.22846,1.43479,0.104374,1.67928,3.48149,3.23175,0.911023,0.617687,0.567012,2.84693,5.64874,1.81084,2.20172,0.318343,7.55797,8.80811,2.08482
0.711655,1.50117,1.42649,4.55307,8.02929,17.5901,5.07755,7.57464,10.2693,13.2886,8.86666,1.25842,1.49142,6.60399,1.67713,11.4186,7.68699,1.02984,4.4695,8.62802,4.72501,4.97937
0.829513,2.89959,7.87366,11.0428,6.49358,2.86011,5.13622,0.0854912,8.5003,6.72413,12.0704,21.0795,7.15252,2.93581,9.37514,16.5097,4.89977,3.59325,1.79801,9.42218,5.90628,6.11845
0.235107,2.13335,6.9798,7.9919,0.589994,8.32325,2.25881,14.819,19.0254,9.01634,7.12036,14.4772,8.62988,0.913269,7.05691,12.8126,2.2027,2.12333,5.16227,9.13736,2.74404,1.70927
0.159953,1.49309,4.92321,1.53747,8.88108,7.03604,1.29151,2.58348,11.6246,11.0459,7.75398,10.4765,8.67205,4.52993,7.65089,9.98753,4.10194,0.4392,2.70622,0.620395,6.79336,6.88389
1.64806,1.87488,2.50958,7.10771,17.8696,3.6846,4.73904,14.6636,25.2726,15.7846,2.23797,5.70972,4.9799,1.87307,1.53581,2.83991,6.1202,5.35994,0.723775,1.70732,5.46764,1.62886
0.133573,0.104271,0.0897531,11.837,23.6676,12.5535,0.484466,5.88866,7.27848,3.94107,0.000574946,1.36497,2.48401,3.97959,4.48896,3.99115,2.21574,2.38968,4.4421,7.28242,5.81738,2.79591
0.6907,1.27082,3.36647,12.6045,20.1313,17.1332,8.66827,9.51633,18.4627,5.15658,5.44133,5.99405,4.76063,3.61173,7.9648,11.3048,7.34044,0.524723,3.14864,2.51942,3.96699,4.52077
0.533717,2.06362,4.45982,3.87687,3.47239,4.17324,7.46944,9.724,2.72121,10.049,5.56449,5.14281,0.29627,3.18429,5.84238,11.5587,9.1405,9.09894,9.11447,0.0479248,6.73743,4.33523
0.946582,3.72597,5.39453,5.90109,17.4707,16.2321,8.86286,1.71028,0.158673,4.02645,3.23874,5.99319,5.55671,0.219167,5.53507,9.88291,4.9454,2.69571,6.99582,1.60927,3.50456,0.722293
0.352787,3.41333,6.63668,8.68894,23.9692,14.9961,8.73277,11.5206,5.39726,5.88815,14.2492,12.7276,7.04074,3.70718,5.78167,7.0959,1.33142,3.34117,4.44019,5.76466,1.83063,0.131868
1.22083,2.73509,8.15659,4.29831,16.5418,2.70492,8.28185,11.2375,15.6058,8.885,2.66845,4.86341,2.73377,0.723508,1.5403,3.71123,0.069318,5.37134,4.77512,2.32804,2.87143,2.15531
0.270409,3.8002,9.13543,1.95953,10.568,6.7973,0.249817,1.30206,3.01728,1.3132,5.64746,6.16755,2.38011,1.6638,0.412789,4.01667,3.93098,4.89822,9.42559,11.4248,7.58112,1.86378
0.528995,3.96749,9.40919,4.63587,8.48232,12.7358,8.26213,7.40341,5.48239,1.92678,5.22759,4.20127,2.67548,1.20011,3.68514,5.88871,3.95443,2.29669,6.89293,1.76936,1.34626,0.0393835
0.428073,3.87866,7.40205,2.33267,11.6965,6.7171,0.385789,2.66656,3.20333,3.49328,2.65129,0.491818,0.918339,0.241757,3.17065,5.74681,2.26728,3.11977,8.9761,3.48628,4.14296,1.79525
5.06,8.97604,37.6399,0.580036,84.7867,39.4106,32.5167,27.1471,10.3777,5.1376,2.6908,8.42804,3.45709,5.81376,3.76932,3.37029,2.31545,2.48984,1.4856,4.47804,3.32112,1.62872
2.70381,3.40367,57.8975,198.723,205.478,62.7512,9.65469,1.94805,2.8312,3.21291,8.76866,18.851,13.287,1.54453,2.42898,5.5805,5.168,0.74544,0.362233,2.80746,2.68506,1.7214
1.89005,23.5566,110.664,129.348,34.8397,5.9614,2.17297,4.57015,3.33133,6.77855,5.42875,1.78709,1.0162,0.0545078,1.32621,0.476956,1.60033,5.61727,8.7935,7.86129,4.04097,0.643129
2.18359,42.4612,73.9291,25.5006,8.97122,5.14213,4.11692,0.914994,1.17681,0.0113359,2.82124,1.38165,0.907064,0.429741,0.859988,1.03374,2.22945,0.464498,5.9121,8.99408,6.61473,1.1213
14.4799,37.984,41.3534,2.3796,10.834,3.25332,0.287118,0.591998,2.02398,0.0625031,2.25471,1.74109,1.01214,0.26943,1.31248,1.86827,1.37351,4.96698,8.19664,4.91294,2.53479,1.28955
15.012,15.3133,6.47095,0.303115,1.95698,0.449825,0.516537,0.203078,1.07354,0.657628,0.754047,0.699871,0.558446,0.452302,1.32246,2.37601,0.606001,5.80636,9.95707,2.54766,2.64115,0.209639
8.96777,7.80663,3.36704,0.134336,0.723419,0.845922,0.141617,0.0767609,2.18514,1.98387,1.30646,1.11185,0.261587,0.407203,1.32854,3.33427,0.323943,2.43558,11.1006,5.01739,3.86896,2.23672
8.728,5.77579,3.68899,6.85827,1.13709,0.803307,0.650974,0.197744,1.41428,7.58536,8.82722,2.90501,0.343667,0.807928,2.32416,3.95785,0.428393,9.84375,14.393,4.46382,3.4958,0.95839
5.83956,5.02137,0.391845,3.86734,1.23981,0.0397948,0.126825,0.0951618,1.67316,1.05183,3.24218,2.72075,1.38545,2.50147,4.42135,3.85614,1.6089,4.47443,14.4557,9.47588,3.2367,3.13013
3.64547,3.9016,3.66173,2.3811,0.971961,0.382854,1.07757,0.858307,6.33461,9.58331,5.98026,1.21918,0.333842,0.633011,3.49439,6.68235,4.66899,6.43756,15.9656,10.828,2.97514,0.753815
2.92426,2.00906,0.132506,1.57604,1.81129,0.0606466,0.579943,0.770134,0.284753,1.10322,1.12652,1.14074,0.0591418,0.287089,3.01866,6.12001,6.23831,10.1101,10.6073,1.50143,2.11566,1.88035
0.717769,0.911866,0.668645,1.32488,1.80653,0.582411,0.105143,0.416601,1.11601,3.31547,1.05514,1.063,0.671726,0.433446,3.0178,5.41839,2.06826,3.9735,5.32023,0.457845,3.76079,4.51335
0.649491,0.0763875,0.305387,1.36133,0.482171,0.525374,0.668263,2.21128,6.89981,11.8101,8.62211,1.79902,0.546314,0.981156,2.85496,5.95723,1.07065,1.86091,2.2509,0.178822,4.08797,2.00021
0.00608865,0.0481716,0.739533,0.50635,0.83406,0.77189,0.744267,1.15131,0.251074,0.35257,4.06512,3.83233,0.538661,1.18816,1.9603,5.23427,1.58799,0.698543,4.57962,5.50246,4.20504,0.161532
1.97431,6.68026,23.5147,17.5455,39.1601,24.6493,29.9458,9.93919,13.103,0.104247,5.56362,0.0557207,7.96141,5.92908,1.30185,0.513832,4.64843,1.91244,6.49353,7.8283,0.441218,4.63583
7.29136,1.7694,41.4533,117.806,139.071,90.2917,18.0711,5.70305,9.04513,9.81903,6.98237,8.83685,2.00135,5.10869,0.962998,4.52882,2.95893,1.49738,0.0733761,3.70599,1.15726,4.22824
3.33539,24.8061,85.4725,109.87,50.1014,8.7416,11.7737,10.3361,9.39191,4.87837,3.71372,9.05613,7.52999,0.714977,0.586618,1.16371,0.0317227,2.7166,4.75384,0.167484,2.67464,1.09424
1.7024,49.7991,102.764,57.3267,8.23294,10.8047,5.5768,1.23769,2.96693,6.18713,0.886975,7.93419,5.33651,0.296141,0.693962,0.447044,0.258692,4.33079,10.1043,5.15685,0.252533,0.199801
14.4805,35.5433,31.9847,7.99711,7.8057,1.77608,4.04478,3.97657,8.82175,11.0501,1.74122,6.4917,2.52152,4.12175,2.18919,0.695035,1.67878,6.59769,8.8552,1.48579,5.29664,6.17972
17.9626,16.3383,4.61163,25.1571,17.7336,2.94085,9.62476,2.36613,1.4628,1.33812,4.98568,7.8304,0.143749,6.64501,3.30346,1.60975,1.54739,3.60351,4.30168,3.4063,3.58356,1.51821
18.2742,16.4823,5.59974,1.88988,0.106704,3.91757,2.07673,5.18113,2.92397,3.32736,1.31344,5.6487,1.7769,4.12047,0.161287,4.0037,1.52162,1.06567,1.12596,5.07761,3.26341,2.2652
20.5965,11.6379,7.52327,2.68702,13.218,6.7873,2.27808,3.98264,5.10288,10.7758,1.63876,6.92449,2.16839,4.83399,0.943071,1.57187,0.517178,10.2137,11.2067,2.11965,0.601941,1.93301
25.9468,26.2367,18.6233,3.35826,18.3855,3.90915,2.24008,21.8643,28.8432,25.1347,9.83891,3.06176,4.41083,3.14268,1.47166,5.30488,6.14422,17.6509,11.5392,3.02443,0.41866,1.26119
29.1242,23.5994,6.51313,13.2169,26.8022,2.00698,27.4328,13.4599,11.1815,15.2812,13.1962,18.2463,15.7721,9.60474,1.121,7.84699,8.13196,16.9646,6.22561,3.01104,2.31349,2.03929
31.4952,41.7769,35.8035,1.07827,23.7583,21.6766,2.78587,11.0572,17.7626,13.4366,10.9067,19.525,12.6718,0.480346,5.64518,5.66071,9.72772,16.4089,8.45443,3.85108,1.03823,4.95882
41.6747,34.0822,2.47151,25.2521,0.106248,33.4745,41.1726,12.2008,26.8786,28.8367,0.57786,10.0501,2.39673,11.3703,5.78589,0.172306,2.2615,3.53,1.91779,0.790111,0.84282,2.30419
42.5571,58.2499,44.0424,0.0838861,4.51057,2.96868,2.15898,3.07915,1.83302,8.0353,12.8003,11.2835,6.91808,7.30851,1.62553,2.21845,7.98547,12.9252,6.74296,3.98486,4.29299,1.71234
58.5435,51.5306,6.4793,23.2265,22.38,35.8074,31.5232,1.21784,31.9188,29.5832,0.746739,13.906,5.43585,5.72027,7.31538,4.01905,13.8988,22.5597,10.2352,3.92089,2.56775,5.13995
71.4665,80.273,51.3634,12.7002,19.5426,24.275,6.02443,15.8219,22.0769,11.7691,3.27611,10.3679,0.364377,16.1671,11.9563,0.503889,19.359,25.8161,12.9055,9.19813,9.97124,7.25889
75.967,79.5057,45.6213,6.6016,1.60189,0.667683,1.34632,11.9482,21.7479,14.5783,8.21431,18.3401,14.8747,0.866588,1.84729,1.8354,3.13467,5.32944,4.77192,0.0542935,3.45785,2.56126
81.5287,87.3937,54.3929,14.9093,0.770824,24.1681,18.6929,13.5533,32.8716,20.7439,9.26236,20.5162,17.7835,16.131,12.0821,5.35633,10.0397,15.4364,0.934304,12.4074,11.4659,8.78333
88.6554,98.3518,62.8439,13.0291,12.1117,12.6934,13.9239,11.8524,0.569601,0.859846,8.11119,6.3243,2.35603,12.2607,8.65746,0.800365,21.3674,36.189,16.8264,2.11066,2.13031,1.4318
85.5076,79.3182,23.8894,30.6214,29.8411,7.06352,33.0234,7.38471,23.2387,22.4387,0.996388,16.5678,10.1174,3.51727,2.20904,5.80909,26.1974,35.9694,10.2549,6.00478,7.79267,4.17356
74.0323,96.1541,73.6714,28.1856,30.7042,6.98941,21.6464,7.4284,17.8657,19.9022,14.652,20.5893,14.0792,2.00997,1.76541,4.62493,17.578,26.2889,14.7106,7.84612,6.46732,0.759377
74.5984,62.0484,9.65888,19.6776,18.0364,29.2814,33.6679,19.1976,9.40549,4.57947,6.85261,8.91613,9.34732,2.16765,1.51705,2.74827,1.22126,0.972735,0.337254,0.546411,3.15197,4.23625
59.6493,82.7693,81.2712,34.4775,12.1148,23.1739,25.0307,3.88474,29.5663,13.0253,24.9084,29.7128,12.8082,6.61948,1.39834,9.95263,17.3788,19.1603,0.348089,14.0614,9.9593,5.67206
55.2141,39.0535,5.81928,7.57383,17.2154,11.716,15.6646,19.6883,16.2441,4.75612,5.07057,3.87358,11.312,8.88141,0.927515,8.07177,27.7871,33.7899,5.84345,6.61147,0.861601,0.239664
36.4458,56.2937,57.9467,10.3019,31.6806,44.8933,27.2272,5.72381,22.464,20.7723,4.87895,8.58671,3.11395,2.25156,4.35874,3.1924,17.6116,23.995,4.18262,2.6765,1.82967,1.02758
31.8475,18.2727,15.774,10.8141,26.8202,31.5854,16.9009,4.98391,26.5529,25.9216,21.0454,22.6813,15.9536,7.20276,3.20391,9.12216,7.63765,7.35229,3.13034,0.301307,3.99917,8.76295
15.1904,21.5054,22.0932,4.27852,25.8699,4.15022,5.18006,6.09038,1.67589,9.72217,8.04341,6.76752,14.5156,11.686,5.79724,5.53319,29.8148,39.4143,12.7365,2.60947,1.58921,4.64052
4.20319,2.98144,0.4872,11.6524,14.4719,18.0886,41.6354,15.6169,14.9632,8.63209,18.9385,28.7777,15.7369,5.77712,5.57134,3.01275,38.6899,49.4938,13.1103,0.603451,10.6218,6.92075
20.8148,23.549,12.8494,7.85591,10.2008,5.45797,14.4428,6.79463,21.2967,11.9936,0.109701,16.3721,8.64631,5.69402,0.918831,2.44657,17.6411,23.9935,0.911577,11.3091,5.46748,5.64431
30.5548,24.3925,3.10141,7.34181,8.42772,14.7928,34.4836,24.9665,10.151,8.83046,17.6207,11.0724,3.12772,5.38131,6.72463,0.110828,14.2606,15.7211,0.988228,3.52065,7.43714,7.77754
41.027,57.7112,55.692,8.90878,25.5987,15.2005,4.34958,12.8541,17.122,23.3364,31.9329,25.9832,10.7635,9.19389,15.2258,6.85634,33.9979,52.2412,21.9162,5.19045,1.71622,0.892659
60.7692,48.7866,4.42256,7.05489,51.8719,50.6593,27.6644,13.0449,16.6678,26.1668,16.8014,9.79654,16.796,6.64755,8.09645,6.90858,21.4235,31.7921,5.77149,6.23059,6.57402,9.00104
68.1098,91.3083,83.8704,18.5732,30.7556,34.7529,2.44887,20.5587,16.4371,5.1212,11.9652,23.5292,13.4195,0.117578,0.350302,3.52316,4.20098,1.17536,4.22986,3.70742,3.29213,1.26517
73.7068,62.1682,1.93183,21.0986,5.19518,3.30811,0.211172,1.93746,21.8232,18.8343,9.50508,24.3288,15.5906,6.67569,11.4385,2.40469,19.1806,29.5518,20.7365,17.3321,14.6336,3.59347
84.0268,107.256,84.5525,15.5797,2.18121,15.6484,1.75706,11.2998,0.966409,2.28343,21.5591,26.2202,9.12952,4.90283,4.32701,2.35934,25.8037,33.9348,12.1608,2.50119,9.50952,5.5929
95.5038,85.0941,19.8563,29.9644,27.0659,18.6714,13.9068,9.07588,12.7335,21.5689,16.8642,6.44417,1.05388,4.30081,8.50784,8.23353,20.3449,29.1579,14.5281,7.3729,7.35252,0.588009
98,117.119,84.5507,33.8634,34.4893,3.61508,18.6095,9.26944,19.5707,21.5167,3.18675,6.21041,3.76515,16.49,14.9898,8.95586,5.19617,0.358917,4.1303,5.05704,6.84921,8.49737
101.364,97.3947,41.017,15.7701,25.7167,4.37695,30.6902,23.7309,2.87797,5.06595,2.28318,9.63744,4.26374,8.34667,3.77695,3.59296,20.8722,27.3088,9.04352,1.85245,6.16067,3.16044
96.4877,105.344,59.6616,12.0812,24.9273,30.9064,27.8116,21.4135,19.7382,9.88678,5.77898,20.0408,15.529,2.20274,1.56905,6.04573,31.4853,45.1554,17.8505,1.86353,1.52111,3.53157
94.8026,104.087,60.711,1.56105,7.02087,22.2695,35.1174,29.5915,27.8104,17.7214,16.2681,36.6451,23.709,10.9728,9.25582,9.01117,27.2697,35.6642,15.6215,8.0778,12.0054,9.58201
96.2152,95.8519,42.4249,11.6854,13.2936,16.2844,23.1144,15.7373,3.60768,5.30089,11.3029,26.5163,18.9479,8.33505,5.72484,0.389348,3.69764,3.00737,1.6033,1.32927,2.88518,0.553664
87.8296,103.787,71.3644,15.0385,22.057,39.9983,27.1532,8.60454,14.2066,8.60932,2.62714,3.92009,2.22427,0.385843,0.0871063,8.29896,29.8917,31.6541,4.92333,7.3517,9.37956,9.81935
81.9624,71.9408,14.116,31.756,31.5547,18.411,6.86127,6.55399,17.1343,15.2493,7.04479,10.629,6.7941,3.5633,0.502379,5.14899,22.7669,29.6838,15.1417,10.072,7.92605,0.0127219
74.5833,90.8975,70.0366,29.2809,20.5373,3.47998,5.92273,11.5849,5.1196,3.05715,6.19137,8.61688,2.50159,3.74179,4.20498,5.63948,9.43246,10.0115,1.97221,1.31922,2.88062,0.071753
61.8672,51.9324,8.31173,12.8482,0.0149763,5.33443,1.53279,0.793867,17.1092,16.2632,5.97828,21.5956,16.1376,6.48505,1.57832,5.34798,26.6667,32.8209,4.62569,8.14759,3.73089,1.82604
47.3975,63.3762,59.6802,12.9606,11.5607,7.08182,5.97281,20.0068,32.4322,31.8753,32.4001,33.5308,22.3847,14.9741,12.9676,7.05375,16.4644,31.2028,13.0306,0.087623,1.71017,5.26775
40.3044,28.9639,1.64861,10.2664,36.9636,8.11863,14.8096,7.59231,1.62306,8.47644,9.89441,13.6895,16.7676,4.14253,9.88161,12.1552,0.0892887,6.04814,2.31561,1.12182,1.90493,4.45761
26.0768,39.4391,40.4972,4.49682,28.1331,31.5253,14.4557,10.7554,24.9739,9.8453,15.8907,17.6723,5.38095,15.1543,1.44079,7.29195,12.2471,11.7837,0.0205867,2.16609,4.24305,2.63018
16.6743,9.20868,8.72586,6.36144,19.8636,37.4326,40.9281,12.9448,27.4035,20.4584,5.8736,17.3324,10.875,7.13784,10.8364,2.88132,11.5406,14.9008,3.27308,4.05726,2.67788,4.08656
6.89578,9.07731,11.711,2.42567,18.6068,4.07338,7.28709,5.82785,12.1659,5.99811,2.4445,1.1633,3.57952,2.67684,5.74702,7.10037,1.86654,5.31632,0.915347,0.618625,1.24618,1.82343
7.68876,9.57764,7.27521,8.08536,13.9147,14.1761,38.3526,21.76,7.28794,14.0016,10.2219,11.017,5.61664,3.09844,5.01974,1.78744,1.07077,0.372899,2.87899,0.707543,3.52301,4.45378
19.3994,25.7859,25.1103,8.0544,3.00474,2.73117,6.52977,8.02732,15.7621,11.3119,3.33992,0.908716,4.77523,1.07027,8.38198,4.19278,5.98343,6.43378,0.0974902,1.88374,1.26328,3.54038
28.3134,25.0538,8.68322,10.2113,19.0912,7.87046,27.6981,19.2841,15.1138,11.4994,5.15541,9.30368,5.73473,1.66661,2.25143,4.46639,5.77676,7.76978,2.97589,0.0641358,2.43507,3.69433
33.3045,43.3713,41.6944,13.9519,10.8427,16.7089,16.1536,16.1536,10.3591,6.67713,8.33928,4.65576,7.63643,7.66864,5.42248,9.40501,6.3889,4.6385,0.295515,3.53967,1.9523,1.36221
42.0296,38.0698,14.2618,7.26201,22.8963,26.1531,22.3763,19.7205,22.0861,16.4475,7.99946,0.846582,1.74544,2.88079,0.412802,3.57326,4.98822,6.81727,1.35771,3.91513,5.50952,8.29279
49.0402,59.1783,48.2095,13.5622,2.75797,8.21545,21.9733,7.5374,10.3607,5.03451,3.78575,3.88577,6.75957,10.6013,6.54594,0.941913,10.1686,17.4412,8.37894,1.65284,0.66975,1.91997
54.0173,49.1209,15.92,4.49453,17.0759,3.20781,3.76873,4.07095,9.59632,5.07446,1.15029,4.34307,10.5911,10.3818,0.3577,4.77169,2.65693,8.66457,4.38315,2.28729,1.02932,0.447314
59.1299,67.9972,34.5236,2.87948,7.22703,47.6399,35.6346,9.04922,21.0708,7.14414,15.4987,8.67389,2.56057,4.42678,3.13051,3.45681,7.42792,7.67963,4.75671,5.19344,4.04085,3.60724
30.4708,34.1389,39.3198,151.962,152.118,84.5095,28.62,4.44306,20.4291,10.8254,15.0734,17.6958,6.16986,3.89259,7.51491,9.75764,10.3973,0.623679,9.00528,5.34162,2.86992,5.87789
35.299,37.3639,57.6082,137.559,42.3423,25.8361,10.426,4.66709,16.6221,18.6129,1.49518,6.50908,1.8917,7.59674,4.61288,4.25119,10.446,12.7425,7.3232,2.18648,7.17732,6.62436
30.3795,28.084,7.88074,40.4974,20.5134,4.83165,10.1017,11.923,9.82307,4.46305,1.99185,9.37744,11.8349,1.72312,6.55805,2.21999,1.28552,0.019573,7.69039,7.55234,2.53765,2.22712
21.7265,20.5066,16.0995,8.33058,3.63298,2.39879,0.269543,4.37144,13.7473,11.4689,3.47087,1.52828,13.8004,22.9391,11.4422,3.43512,2.11055,0.346341,2.82156,1.64139,6.29714,1.39992
48.1874,56.3775,31.3198,3.80767,0.773784,1.10273,6.51019,6.804,4.76832,9.06452,1.80446,0.806419,6.51973,2.86722,0.886148,3.98084,7.27688,6.27044,6.73345,20.4356,15.39,4.20742
42.0264,41.4199,15.2346,8.93774,6.49396,0.795726,10.4094,14.7086,13.9784,4.849,0.0772788,5.00559,33.1062,39.7434,7.00271,11.883,10.579,4.34316,13.8388,22.7654,6.8235,3.51869
40.4199,42.7177,28.5037,13.5489,13.1739,5.24847,3.43732,10.0706,36.5523,27.4087,5.42179,4.07055,25.4653,36.9804,10.3467,2.11598,12.8338,11.7852,6.7373,18.3256,15.0828,3.5871
34.2942,33.3818,18.688,0.0459938,7.4225,5.8153,12.0282,1.03876,40.5915,33.1369,3.97265,0.794903,13.7048,32.362,17.3379,4.15966,14.1834,15.2301,5.46254,2.99783,4.73239,2.21151
30.5951,30.7748,13.4182,1.55112,5.84241,4.58187,8.08521,17.0099,20.9684,15.4209,3.93225,1.76726,23.8354,56.9841,33.476,1.55133,5.76415,11.0977,8.08606,13.1837,18.6795,6.78695
24.1477,23.5723,4.69429,13.7882,10.4629,4.18699,5.82521,1.6535,25.1269,24.4077,3.56951,5.96142,17.852,67.1303,51.1534,2.03344,25.3115,29.305,4.35644,13.7554,20.2516,12.3388
23.3832,24.9329,10.4622,6.67673,5.11261,0.306755,10.1027,21.7937,32.7886,26.4211,6.1127,2.36835,9.93276,37.2126,33.0641,4.30013,24.9691,32.1232,10.4749,7.11675,14.5125,6.15715
17.8507,16.5288,0.950202,13.547,9.0606,2.86065,0.203646,4.81255,14.4664,12.2264,0.857408,2.45398,12.9906,44.1376,34.46,3.44744,7.09472,11.153,1.0626,7.44838,10.9025,6.59693
19.4826,20.1272,12.132,1.60163,1.49767,4.16058,4.2545,6.69961,26.5934,21.3618,2.85804,1.08835,21.5754,78.9694,63.8997,9.69983,11.2191,18.814,8.71423,0.970512,0.0700732,2.9703
14.9643,14.5316,7.32359,2.62437,3.45734,1.29283,6.5311,7.17723,1.54837,0.809512,0.153277,0.0584225,22.2591,55.7665,38.216,2.13217,32.6523,48.6387,17.187,2.55245,1.55535,3.52705
12.3008,13.808,9.19882,1.49492,2.46278,6.23789,6.32533,10.9355,35.6217,26.9289,3.90606,2.01382,19.6764,36.4394,12.3753,9.94765,37.9434,49.0545,14.0797,8.59263,6.92166,1.15984
10.2123,8.77212,2.20679,2.48303,1.41094,2.63895,9.33743,6.57016,34.2204,22.4944,2.03062,7.03063,44.4213,50.4338,8.02565,4.36441,2.79107,7.82749,2.41614,0.51682,2.44579,0.1888
6.18081,7.51527,4.09868,0.19853,2.6768,4.63514,0.871449,3.82219,17.8281,14.5553,5.7271,9.28283,25.5725,24.9395,2.70821,2.5031,19.9594,19.3648,2.65435,5.54712,3.0962,0.216904
7.14001,5.94653,1.97799,1.94551,3.39712,3.60853,5.18313,8.2435,5.7949,0.100505,2.37271,3.94337,14.9334,5.69009,5.8919,1.07269,5.24617,9.71504,0.534085,5.30468,0.277408,2.05079
5.1439,6.13993,7.70477,10.0882,7.16434,3.42294,4.74006,3.19434,5.5657,3.2984,1.61571,0.067029,1.17292,10.6906,11.1075,1.03881,1.21412,3.11895,2.45468,8.71639,7.74792,2.91472
2.29992,2.22809,5.51461,10.0395,5.65435,7.55904,16.7546,11.0305,7.41216,8.58035,3.53628,1.63901,4.87913,12.084,11.5855,2.80667,4.33501,4.657,0.00322645,1.89431,1.18944,1.18592
2.06393,2.94679,7.89956,6.8958,2.91749,6.31681,6.42319,4.93291,5.6384,7.45562,2.46878,3.32292,9.4338,7.91568,0.226108,1.54741,8.24827,10.2903,3.03248,2.30726,3.52854,2.1765
1.61987,1.61788,7.35837,17.0706,14.3772,2.10192,5.30559,7.54421,11.9494,13.3883,5.49337,1.26354,6.72317,20.5104,13.5728,1.22661,3.08212,1.25315,0.318797,0.0648706,1.73831,1.10946
0.547942,1.21703,8.42265,13.3727,4.60277,1.62792,2.36344,8.37441,9.54872,3.09989,0.016708,5.14549,0.0555656,14.0138,9.40553,4.29058,10.2509,9.00879,2.92542,1.30468,1.06802,1.86699
0.328679,0.683269,7.74622,12.7577,4.95949,0.881118,7.03442,9.24479,3.70137,2.47163,3.28822,2.59201,0.0609587,8.89798,7.45061,0.463436,2.38949,3.50546,1.93026,0.164215,1.31638,3.35839
1.32842,2.38427,11.8445,23.6173,15.3792,1.48654,3.28259,4.5494,2.46099,5.7775,4.56093,2.79421,5.94043,10.7961,4.62203,1.72656,4.35927,5.39738,0.720653,1.36281,1.39594,3.90836
2.74079,0.561339,6.0055,10.63,1.21098,10.5759,11.818,7.53672,3.25419,2.8105,0.950063,0.244129,4.81661,16.011,15.3138,4.65276,5.06311,8.97808,3.82414,0.882868,1.91161,0.788991
0.588548,3.69183,12.8894,24.5754,20.3318,7.02421,2.41194,3.19473,5.03792,1.17584,1.52403,5.74253,0.940711,10.5577,12.2435,11.6876,5.39121,2.18641,0.461174,0.793161,2.2312,3.34355
1.99869,0.108818,1.27812,1.56069,8.15817,9.82522,1.90047,4.29676,14.9407,11.7981,3.81944,8.80642,2.46626,0.601018,2.64884,6.45312,4.84827,1.24892,0.394574,1.92684,4.75931,6.35044
0.841623,2.26602,0.646346,1.07502,4.58848,9.23599,14.7768,16.4509,7.2301,1.58871,1.96565,2.72787,5.77021,1.79651,6.42854,1.67542,4.96664,7.85299,3.31829,1.5488,1.79909,4.18624
1.14836,0.33238,3.9004,11.1188,18.7057,16.3819,7.57631,1.3187,1.17188,1.55371,3.26687,5.93501,8.32208,7.42341,3.72786,2.38568,3.11498,6.7299,2.81854,0.433002,1.94651,5.56044
1.3782,4.67419,10.7239,15.7404,17.0698,8.50321,9.31094,12.7492,0.0615704,1.70046,2.74168,13.4646,18.1862,10.9954,1.93009,0.0822336,0.477777,0.336081,1.03143,7.46713,9.8938,4.8299
3.95444,0.365301,0.308553,6.20753,5.7458,1.77785,3.58148,10.2792,8.06722,1.13933,9.22411,11.1586,2.29996,2.86164,2.90753,0.160766,4.50978,6.24109,0.658803,0.0394289,3.82645,3.25572
2.59872,5.43245,9.70435,7.05584,5.28505,8.91239,7.08785,16.9978,15.2634,8.80618,4.27446,7.0185,2.19876,4.47883,8.67836,1.6573,5.70049,13.5481,9.84947,2.71749,3.28077,1.42337
1.70715,0.0172519,5.33781,0.649689,11.5843,4.94765,5.92586,14.6162,10.2579,5.64863,8.62636,16.1962,18.7251,12.0745,2.35811,3.25866,0.980051,5.85338,1.00958,3.26229,3.65857,8.24816
0.815129,2.80953,1.64261,14.3019,22.5835,5.26047,3.65244,8.49304,21.3349,17.8895,0.378538,8.76422,4.42781,3.90874,7.15129,3.18896,3.20538,7.35419,5.14149,2.88679,1.21406,2.07702
0.6454,0.864409,2.41405,2.24387,9.58566,10.3511,8.51206,11.9924,1.78729,2.75334,1.30552,6.2055,4.92926,1.3646,3.92041,0.839378,4.2244,4.59454,1.15756,2.83902,2.57022,2.07947
2.26585,1.73244,0.407924,4.10952,12.2248,15.7239,14.6039,6.67954,2.84074,3.51655,2.87373,3.48407,6.24341,11.0482,7.02275,2.81554,5.08999,4.00138,0.976075,0.0794233,0.989728,3.29367
2.66081,1.18992,4.52143,11.9603,9.9005,5.01301,12.0076,8.58561,7.13515,9.14651,1.01282,6.54944,10.4383,10.9369,7.55169,1.75987,2.61233,2.71559,1.08268,2.22989,2.14929,1.3121
5.28239,7.98233,4.41087,6.56488,8.24339,7.37907,8.89965,9.31786,8.53064,2.58526,1.84133,0.228131,15.0016,19.821,7.62727,0.295004,2.12206,1.16911,0.36485,0.0270224,1.70731,5.26269
8.04867,6.9789,1.65525,5.9163,0.98139,0.473603,2.07094,7.62862,13.9212,13.9755,3.00961,5.56251,3.80938,20.6503,13.6687,2.39556,5.22751,3.11711,0.259757,2.66951,2.82546,0.520928
11.7047,15.6937,12.7658,0.550433,6.48833,4.20255,12.3301,3.63375,2.29227,2.81275,4.48275,0.811905,7.35696,17.4649,6.84442,1.13124,2.62871,0.391472,3.04055,2.84287,4.27286,1.65267
15.9995,15.3039,5.54211,2.58262,10.549,4.73613,7.81873,11.9132,13.3244,15.5809,13.6953,8.19724,0.153536,1.27697,3.95503,3.86442,4.06398,5.33889,0.243431,2.66231,1.62906,5.3641
15.553,21.7952,20.7092,8.15985,0.293574,1.61024,3.61771,1.50504,15.0996,8.22174,7.18841,1.18483,12.4131,6.12601,1.34469,1.45082,9.99029,10.668,4.7906,0.794195,0.596604,3.161
13.2805,15.0954,10.2575,7.15199,9.82434,9.07508,10.2943,6.35896,4.1369,17.7866,19.4772,1.08163,8.85513,3.72081,2.07217,4.01369,12.0465,10.6976,3.89414,1.72165,3.89568,2.60874
7.99524,12.4805,13.5907,8.34688,3.0161,3.71053,5.45449,5.61756,7.41171,3.4941,3.45898,6.69364,3.41998,0.454895,1.1491,1.93342,2.17386,10.8494,7.69354,2.0677,2.45687,6.12223
3.24577,1.61156,0.256339,0.491521,0.683923,0.760413,3.36222,0.461988,4.00809,8.01136,6.37749,0.415309,1.57615,3.81521,2.13096,2.20104,0.423898,4.2522,2.70894,0.128274,1.2929,0.0439321
10.5875,9.6213,3.01982,0.27771,2.63893,5.48382,6.76014,2.54477,0.504001,3.33157,3.15593,0.229716,2.42638,6.20023,4.92252,2.28121,1.64933,4.12145,5.893,2.09317,2.84787,2.90164
28.6068,29.0459,15.2915,1.8283,0.141335,1.96194,0.325512,1.54956,6.67825,6.12271,3.03818,2.6535,0.841278,1.63026,1.439,0.432442,5.42156,11.5915,4.99114,2.71146,0.907715,6.59325
39.2182,44.6338,27.6362,1.78451,3.74547,4.48917,3.08072,4.94101,7.63819,6.66325,3.93943,0.953299,3.6258,4.50515,2.43952,3.8642,11.9598,14.5143,3.71193,2.10936,1.82165,0.206223
48.8034,53.4914,30.6482,2.6342,2.68339,1.20981,7.37181,2.76748,3.81639,0.0793933,3.28553,3.33934,4.40827,4.29747,1.32667,2.22206,6.7709,7.73861,1.12463,3.08918,1.93093,0.351199
55.8239,62.8423,36.8096,1.04836,1.71867,1.48925,0.331153,0.0577626,2.74241,1.48733,0.458035,1.69956,2.97528,0.0684731,1.01079,1.568,2.97624,3.64011,2.37582,1.22539,0.972798,3.26086
59.6439,64.682,34.9758,0.693591,1.60418,0.940267,1.15044,3.69037,5.13863,1.48254,3.21825,3.70943,1.53681,1.93827,1.60946,1.06358,4.05691,6.97052,4.66439,0.0465069,1.51989,1.04514
56.0867,64.7858,39.2387,0.922092,1.65766,1.18642,2.45596,0.499122,5.39205,3.85466,0.0261719,0.721331,2.93906,8.95306,5.67635,0.584848,5.29243,6.1328,1.0611,0.325785,1.15695,1.1188
53.1622,55.0381,25.9223,4.15319,2.10075,0.899522,1.46785,0.10929,0.330562,0.569643,0.4281,2.23987,0.383898,6.20159,4.78201,1.45799,5.53244,4.39269,2.50528,2.01699,0.541764,0.460126
41.852,51.6584,38.0046,10.622,6.77655,3.95765,19.6697,11.8459,8.47566,11.9905,2.46323,0.933665,2.80182,4.34145,3.15273,1.162,1.0035,6.56233,3.95061,2.94382,4.37829,2.24181
39.9682,34.6947,14.1437,2.24701,2.00346,11.6222,25.9061,15.7583,0.184532,0.17879,0.24046,20.2135,49.7753,50.9614,23.8181,0.918085,10.0195,12.623,14.9333,12.2954,0.075956,5.32075
35.0379,30.2253,52.0454,124.741,118.892,33.4041,17.6569,35.8279,20.0803,0.271991,4.01889,19.4485,36.4146,2.95692,10.8932,3.96814,3.82183,14.6185,7.04851,0.733301,7.14228,5.28566
12.4539,3.6715,29.0168,77.3313,16.6118,30.1581,9.90409,8.21017,17.6223,12.7764,0.571707,1.22192,22.4918,29.8258,6.28319,11.3737,3.4781,13.1061,13.5359,5.64679,2.98626,5.66212
3.407,34.3169,105.631,75.8277,6.63261,5.04355,5.39404,1.27405,19.3425,19.6305,7.50755,2.06933,22.7756,21.3963,2.7966,0.119844,15.3374,26.8556,19.0542,7.59547,0.980612,0.205477
17.445,49.9278,65.3771,21.9723,0.171304,5.66284,5.71284,1.39465,2.41814,3.66326,1.69307,17.5417,55.744,48.258,11.0937,0.79956,18.734,26.3819,7.04188,0.183812,4.30041,0.848318
20.3454,16.9954,4.79495,6.1047,8.04889,3.48446,6.02257,5.13766,23.0657,20.9738,4.90674,13.0422,26.6337,11.1602,4.83957,0.661314,5.42006,3.48489,11.012,15.9007,7.25575,1.96838
20.4359,11.0745,10.1043,3.37605,16.6628,1.403,4.82243,3.96645,7.0622,10.1484,1.17257,10.7668,19.5059,6.57231,2.23182,1.81069,17.8724,23.1982,8.24535,0.750851,0.36706,2.29022
33.1965,39.4975,31.8955,1.9087,26.444,18.6213,1.50891,1.28218,17.2944,16.7543,1.0733,20.3409,60.6846,41.4294,1.03803,1.43905,21.3374,26.4631,2.55944,11.8583,1.97567,0.473336
41.3629,35.1684,3.75539,3.99382,23.3061,33.2158,22.8145,11.5185,17.1309,10.4629,13.5251,7.35863,62.7266,54.0035,11.2136,1.50693,12.6718,18.2844,10.9402,4.69196,0.655286,2.45897
52.0322,65.2699,51.0032,4.48094,15.1577,20.3699,25.2038,14.3693,0.409926,2.76744,5.54076,13.3188,36.4226,16.2644,1.5872,1.45773,9.77913,14.3849,2.08119,1.74675,2.03086,1.55563
59.4998,51.2645,5.88542,23.7748,11.0544,9.11558,17.1185,19.7791,21.8619,18.0041,1.30907,0.703995,11.2949,6.52838,4.21374,3.84981,24.8534,41.072,21.3501,8.14898,4.33652,1.54489
60.0461,70.9868,48.5344,12.1287,17.0747,30.5606,28.6853,15.1711,9.23061,5.55336,2.21253,23.5962,64.3191,35.2589,9.872,4.9431,25.9133,36.8063,11.9836,1.03781,1.6011,1.47341
68.8765,66.3563,28.78,5.99507,17.8017,26.9856,7.63541,5.94152,0.0844173,5.45166,0.41878,11.6856,72.0803,81.3115,24.3315,3.54437,1.68663,12.1683,7.58765,2.75161,5.10707,4.71862
73.0368,81.6867,52.8046,18.2233,16.5705,1.96411,7.43964,1.66686,2.12115,4.12552,12.4921,27.1651,2.44737,20.7713,5.66977,2.6816,8.93438,10.3966,1.22183,3.64661,0.509807,0.572917
68.4474,74.8989,42.1106,0.366005,2.3364,22.3278,22.4786,1.76733,2.50155,7.57626,3.31302,31.8133,71.6955,55.9951,11.4382,0.543646,9.99812,20.8416,6.08124,6.28841,5.07439,1.78147
76.69,76.0138,32.4575,15.336,17.7459,14.5364,19.5208,22.0575,15.1853,3.55189,10.9817,6.68471,8.15719,0.435945,6.44105,5.54893,25.1981,30.279,11.6192,3.17803,2.96479,4.22301
73.7886,87.0641,56.6347,13.3568,15.1442,8.01225,25.5761,1.51521,20.3184,8.13327,9.81647,16.9405,37.1921,33.3085,8.67094,4.72065,20.4993,30.0184,17.031,5.72867,1.75983,0.187846
71.7499,66.0699,18.5242,25.032,24.4486,0.826456,18.2829,3.99643,15.9283,9.31877,4.03532,2.36018,0.334252,0.0180351,4.8057,3.79664,10.72,11.0078,5.41198,8.77351,7.98429,0.534274
66.8821,85.3074,71.0056,29.643,25.6164,32.7205,34.2607,17.9012,8.57461,13.9576,13.8431,16.4499,2.20814,1.06862,4.39101,2.62745,17.6833,23.2165,5.20158,3.6932,1.62633,2.32645
59.2733,49.1993,4.45055,12.5638,3.85319,24.4101,24.3279,1.20107,22.6524,22.4621,0.506847,23.4118,34.0161,24.0709,5.58426,7.81972,35.3897,43.8103,8.24028,12.3632,8.87924,7.60728
46.708,65.4714,60.0794,13.0515,11.7496,13.3742,18.5328,14.1661,1.26018,4.72144,15.7119,7.3571,10.4303,7.80514,1.22942,4.64793,24.6894,32.2449,4.66323,7.05562,2.77323,4.922
43.0473,31.7924,6.90994,11.0153,27.6017,47.7406,35.153,5.11773,33.1972,15.9274,16.5238,10.9509,5.14993,0.8785,0.675547,5.04807,2.68518,1.19975,1.39397,2.42326,6.8338,4.19881
24.7312,40.94,41.2849,3.73414,37.7742,37.8837,30.1026,8.10727,20.1268,10.7934,3.5304,5.49172,4.59818,3.90501,1.84561,8.85627,25.1087,28.4925,5.71241,5.27353,1.30596,10.0035
19.4756,11.4648,9.96882,0.444989,24.2423,3.78702,3.19115,16.9104,19.7343,17.1141,18.1414,30.127,40.4572,26.8563,7.99433,0.687325,23.3574,34.967,10.8041,3.45619,4.39767,8.55368
3.09651,2.83018,5.30118,0.736938,8.08734,17.2495,40.1864,11.4386,29.552,35.4021,9.74951,12.3601,2.45834,15.8814,1.7007,5.36734,11.9687,23.3744,4.76869,7.87123,0.862869,3.85054
21.607,15.8184,0.190178,6.02779,0.804902,0.340439,8.559,7.09058,12.9386,23.8707,33.5392,33.0975,1.92517,20.8538,6.70328,3.68189,5.13678,7.42289,0.327368,5.05306,0.488913,10.0042
27.9321,37.7318,33.6578,1.01019,18.2844,9.90344,29.2556,9.87571,13.1206,6.18584,13.4828,3.63976,2.75778,21.1018,16.2129,1.00799,11.1526,14.9639,5.20343,2.18622,6.76151,5.49819
40.8519,33.2047,1.48432,0.896682,31.6647,12.3636,3.2013,10.7644,23.6171,11.3281,5.14097,3.68612,15.89,16.5146,9.96295,0.364711,20.786,28.5098,9.35091,0.691756,1.00759,2.23875
54.6146,74.3514,68.801,13.9346,29.1464,35.6403,16.513,4.85564,6.6078,2.16305,16.4184,16.4108,3.60903,18.3174,5.52508,1.51439,16.0187,20.8332,1.10481,12.0355,10.8114,10.2987
72.4663,56.232,0.0453201,9.12502,32.7388,30.283,3.40414,23.9642,23.9075,30.767,22.7031,4.18447,11.3558,40.9442,26.335,8.21273,5.87586,1.32739,6.34686,4.22177,5.23133,6.76021
74.0789,100.69,89.4191,15.2467,18.6815,0.342742,3.16344,6.43486,5.08403,14.9862,24.3644,34.1075,20.6471,4.691,11.1869,4.88529,16.1552,31.7339,18.5856,9.06244,3.96448,4.46207
90.8946,76.517,11.831,14.1382,3.80717,9.77418,2.41324,17.8512,19.5908,8.35682,3.66983,9.62658,10.8084,5.86801,2.07282,5.73964,45.8432,54.3858,16.0903,0.155975,4.15781,3.31742
95.9777,119.579,98.8081,45.1215,35.4578,20.2506,11.5598,8.16333,13.0338,11.2897,0.0568542,5.36718,2.09399,10.2949,10.7421,7.79246,28.9483,37.6152,13.7791,4.45458,3.90647,8.97799
92.7185,84.4711,30.6626,20.8626,35.3101,6.48686,30.9577,20.366,11.1767,0.386562,19.1414,19.3276,1.22334,14.991,15.7029,3.52663,8.17846,5.99666,0.649375,4.42306,10.4665,7.03815
99.0257,115.125,88.4593,52.9791,53.0567,18.366,18.3598,17.5653,2.39282,16.3727,12.8429,8.17053,11.3002,2.67826,4.15576,5.71873,34.341,43.3174,18.1113,1.08315,1.10387,0.261989
96.5595,101.615,59.2959,0.0823097,22.4499,37.6967,49.2922,41.2563,23.3689,15.4731,18.6069,33.4933,24.7041,7.00278,6.59591,9.69406,28.7765,37.7158,17.7759,9.82806,10.3851,9.6698
96.9276,99.8601,48.2976,3.69117,4.78616,23.694,35.359,21.5751,6.30471,0.325634,21.2763,34.3598,5.32459,9.47531,4.70123,8.00393,6.84413,5.32136,3.6961,5.09292,6.1652,6.16142
96.5557,108.759,69.8488,14.3243,15.8332,22.2753,28.1978,27.0497,14.0869,6.17249,8.53835,21.6945,8.13266,3.91292,0.547852,3.84306,20.6435,24.1821,5.03496,1.64155,0.221466,1.64477
93.3203,86.1259,28.2155,24.1524,35.4605,44.5073,25.8644,4.88462,11.1882,9.23053,0.201692,9.54073,18.4156,12.3567,0.313237,5.51904,20.7015,27.1691,6.51853,7.30649,7.13075,5.66053
82.7923,103.414,82.511,35.6153,30.8354,20.6074,6.57257,6.06139,12.1137,9.63835,0.261311,3.85632,7.23999,6.11369,0.325204,0.998199,13.0561,22.0064,12.1742,10.1065,10.6327,2.8059
75.4815,62.0372,12.4629,13.2763,5.31145,7.9638,1.09298,20.3108,8.75458,6.63867,9.46953,0.0811102,2.79224,4.48892,0.628016,5.43992,0.491329,3.4001,6.51716,5.03202,3.39757,2.30087
60.7166,79.9566,72.9153,38.5774,24.18,0.885652,15.7227,12.6869,12.0488,4.56834,18.8372,33.8325,34.6545,26.9344,6.90504,4.99878,11.7027,15.0142,2.5182,16.0038,13.6818,1.9333
50.4222,37.8929,3.07784,11.6814,0.0314696,10.4873,7.089,24.7241,17.3291,4.55424,10.0413,32.1205,27.0392,7.61267,1.7786,2.61025,22.8282,28.2371,3.17348,4.31587,1.56494,1.86587
43.7347,58.5845,57.9936,16.195,11.9475,3.25593,17.607,9.95681,2.47278,1.33847,14.1673,21.7021,6.10007,25.6283,4.29004,7.75129,11.801,20.5315,7.09875,2.57768,7.51531,10.8027
29.7162,19.7906,8.78705,10.9087,17.3888,26.6484,13.8418,11.8976,31.9452,29.8019,8.08439,15.4111,2.16775,22.2714,10.0981,4.2054,4.99542,2.74756,5.56763,7.90609,0.144537,0.892317
12.8181,23.1592,22.774,9.43384,35.1057,43.7944,46.0317,13.5842,26.0406,26.4258,21.3502,17.7231,1.45755,6.37157,6.93268,0.825813,24.3863,31.9888,7.17582,5.24333,0.527,4.61891
4.14896,1.08244,13.9388,3.40436,19.9108,9.79726,8.30168,9.36542,6.15572,8.92285,14.8486,6.03313,16.1637,20.6399,1.57658,3.28593,18.7822,24.989,4.88659,2.99006,1.82007,4.98685
6.3368,9.77014,10.9945,9.37374,3.66923,23.9334,44.6388,18.8801,17.4093,15.3653,5.74859,11.7791,1.80622,10.3573,6.30866,0.732405,7.09153,5.90939,0.259966,1.82067,3.43392,2.45148
19.8587,19.7235,8.04868,1.0956,7.74345,7.59866,1.62991,16.2082,25.0422,15.6634,2.4918,17.2258,20.2951,4.4449,10.4663,4.98717,16.7665,21.2046,4.61971,3.36984,1.43234,1.17555
27.8179,34.1017,27.036,0.791925,11.2033,7.88702,20.561,10.6694,7.07594,1.90656,2.82931,13.9544,7.47118,5.50828,5.27244,0.216074,7.6817,8.41157,0.0970303,0.536201,4.51047,4.06466
42.0284,36.6761,6.87244,2.57568,21.8795,11.9395,14.1478,24.0882,20.0252,11.9194,14.3155,21.3439,2.03812,12.2194,1.54209,4.8062,6.93794,6.52562,0.881545,0.106008,0.627043,1.04584
42.7489,57.6192,52.3128,13.7006,18.3196,32.2191,19.6646,10.3517,21.7795,15.8092,5.33359,9.99873,3.49896,11.3967,1.06305,2.85117,7.98309,13.1245,5.63746,0.654348,2.05499,3.62299
55.474,48.9684,16.0912,7.46054,26.0976,19.2183,1.27981,6.34503,6.92615,1.02916,7.53783,0.267701,5.20911,3.49768,1.45981,3.09477,5.22582,5.32592,1.52718,3.76644,1.0899,0.929718
57.8354,69.9938,54.2005,6.01618,12.1838,4.31407,9.69784,1.55197,3.84806,1.79881,2.85697,4.30075,6.33736,4.86574,5.53634,6.43224,3.43848,5.05687,1.20894,1.43506,2.034,0.731866
59.953,56.5955,14.616,14.4901,0.919018,0.118942,2.28987,2.62855,15.5479,10.1689,2.57168,1.3521,1.81191,3.31943,2.00527,2.18324,4.66467,1.96086,0.926574,3.25367,3.36105,0.386782
63.3333,73.1767,43.63,1.36926,5.82075,7.97657,0.53747,30.7411,47.9451,25.5713,0.308913,6.37828,2.11979,6.07884,8.39478,8.9559,5.67562,1.38626,3.808,2.65762,1.15945,1.21507
66.2668,64.8949,26.8865,7.17188,6.392,17.2624,18.3606,26.1146,54.523,33.1697,0.838326,4.58116,1.36159,10.5593,4.3378,1.64095,4.16636,1.51873,1.24639,2.19228,4.28417,1.97771
41.0735,42.4382,33.1493,73.5538,98.1279,38.9827,6.09216,16.4983,32.5875,10.2059,20.0959,16.0326,7.54862,2.42249,2.68713,0.0250105,5.17842,1.11616,1.33281,1.30005,0.45092,3.63261
6.53875,1.69316,10.0987,32.2725,64.241,44.7755,1.43383,7.50618,1.9218,4.45829,9.18395,6.50643,3.44076,11.1572,4.95586,5.99565,8.4155,4.44187,0.612566,0.468052,1.1358,6.15484
6.10652,3.58926,30.0422,13.2397,15.3969,3.66738,8.9155,5.96704,14.5837,11.2026,0.526959,4.42174,7.07047,5.78296,0.602465,2.55223,0.391174,0.868245,0.349964,1.24834,0.931159,0.0364005
3.67059,6.41246,25.6745,32.6593,13.0131,1.68422,13.7104,18.0227,4.24772,18.7002,1.82884,13.5082,7.30359,5.11569,1.29433,6.83131,5.28147,7.07201,8.89453,3.79088,2.96264,3.22063
14.4408,23.0845,16.0404,2.20218,0.357031,0.720901,5.36653,4.36391,35.7084,28.8796,1.25847,6.45436,8.65896,9.35822,2.66174,1.65268,16.5813,27.3882,10.0935,2.22139,3.27284,3.26527
5.86897,4.36343,5.21651,11.1774,14.6967,9.99993,4.44112,9.59941,37.7465,32.9585,6.84739,5.40371,10.9531,12.3086,5.27672,1.28854,26.8041,40.5733,14.8482,0.347399,1.00824,4.96163
3.9574,0.125693,5.21828,6.93942,3.62047,1.90422,5.24712,4.33594,0.0788167,0.292546,1.48263,3.98671,3.25421,5.77528,4.48268,4.5193,27.535,37.4208,13.2268,1.28056,1.09192,2.32914
2.35448,4.88376,2.68416,8.28501,8.15051,4.24446,7.4739,14.236,36.5271,28.5029,2.53506,10.075,4.29038,0.0512546,0.298612,1.46065,3.30521,4.8622,2.20422,0.0663105,1.5938,2.36558
4.49094,0.0814662,10.8933,12.7641,0.927468,1.4513,3.37296,11.7566,34.351,29.3035,4.27332,0.754512,4.0334,4.59146,3.52924,0.159175,27.3127,38.7405,16.8029,3.31456,3.51102,3.75955
2.31806,3.38827,2.24108,5.22376,10.1544,6.87608,3.67168,4.84183,10.6659,10.3815,3.19136,2.77296,4.58673,0.0383613,1.77477,1.84244,29.5236,43.9252,14.358,1.27357,2.58799,1.64815
0.18521,0.187508,2.99015,3.49544,14.2165,9.31495,2.42643,16.8726,46.3914,37.2579,5.33517,0.815428,3.76846,7.3644,4.07071,1.06833,16.1832,25.0126,9.33327,1.86745,2.78531,0.325356
4.23199,1.87007,1.57907,8.97881,16.5746,9.02502,4.82611,5.74112,30.5519,22.6171,0.160009,4.98868,10.1169,15.4516,9.14821,1.58424,2.24376,3.42468,0.551043,1.10999,0.710537,1.20538
1.34221,1.58791,1.33856,4.93994,13.6547,7.63607,1.20377,1.03002,8.18658,8.68767,0.312454,4.59684,3.56946,3.62126,3.42365,5.1748,30.5243,36.6698,13.246,3.31632,4.96374,4.24816
0.805425,1.91093,9.29106,24.1508,28.6498,18.5832,13.0195,3.13556,31.0527,27.0824,7.06595,0.0760032,7.40566,9.07995,1.42292,2.50128,21.54,26.8685,9.14642,0.785201,2.42591,3.16887
1.06846,1.63572,0.922056,4.02271,0.559203,0.490958,0.498273,8.61907,22.5302,11.646,0.754732,2.88683,2.27238,5.28392,6.19361,6.48959,22.1746,17.734,3.79794,1.17278,1.17152,0.489617
1.57068,2.6668,4.75772,2.46546,1.88848,3.21618,4.16163,15.0907,24.8123,11.3588,1.92404,1.82734,5.41929,7.30396,3.48399,6.69314,4.08485,3.99193,0.611573,1.23466,0.28671,0.0831556
0.683058,2.95063,4.89093,0.0241068,5.94215,4.14694,1.03896,13.0261,31.4799,17.6738,1.00055,1.68396,1.65871,3.17916,0.413988,5.51429,9.39497,15.8861,0.00896893,4.89923,2.27002,0.630449
0.804818,3.16026,5.64358,0.998984,2.84439,3.25004,7.22522,5.34904,13.0995,1.09001,5.30714,2.5376,1.35835,3.80785,4.7003,3.00304,15.5205,6.14372,5.29621,0.841067,1.44494,1.05413
0.140544,1.77202,5.85523,6.11548,1.58015,0.43236,1.35943,2.161,1.26107,0.784839,3.54061,3.40452,1.35905,2.60001,1.4238,10.1724,54.1283,61.0187,14.7656,3.47813,0.945223,0.886041
0.401305,1.95287,2.13934,2.59653,3.5184,4.815,8.94019,8.52188,2.82631,2.38074,3.78771,3.96105,1.3362,2.1554,0.288164,3.61227,40.1924,56.3875,18.0071,1.54613,1.86582,3.59582
0.153425,2.24643,6.7119,7.38157,3.76189,0.592009,0.630632,1.98038,12.1378,13.0504,5.59117,2.62626,0.313787,0.486388,0.0160117,2.42392,7.43563,10.6382,3.12849,2.04987,0.70435,3.01575
0.372489,0.931367,1.14652,0.307548,1.09687,3.95453,5.46244,2.88744,1.03845,1.94225,0.683064,1.49248,1.69746,1.13305,0.896014,0.550786,14.8585,24.3338,7.65831,1.3334,4.38743,3.25744
0.784004,1.74632,2.20076,1.9266,2.36811,1.79592,1.21966,2.48618,3.27273,6.24736,1.72336,1.18901,0.928207,3.32048,2.6795,15.7066,34.7421,38.1841,14.1854,1.17001,1.91953,0.71579
1.00295,0.441816,3.05166,3.43558,2.18665,1.16909,0.0329832,2.84431,5.87334,3.68439,0.0894838,0.0226481,3.433,5.94862,0.279276,11.0506,29.2025,35.1836,12.3023,1.34981,0.638639,2.85923
0.195067,1.03993,1.69169,0.171221,2.41638,2.25418,1.99098,0.526652,11.0741,9.57959,1.47704,0.714736,0.246686,3.0659,3.36269,0.0926285,18.2373,27.5095,10.2527,0.116767,0.096447,0.019111
1.05448,0.59953,0.640797,1.92766,1.36937,0.288047,0.760118,3.17857,9.85875,7.95008,1.74377,0.0995396,2.04873,5.12013,4.46519,7.02645,11.2194,6.38184,0.512296,0.126563,0.492328,0.983827
0.0972278,0.389998,0.908031,1.98498,0.611825,0.708847,0.0776318,1.20647,2.34707,3.83972,1.32565,1.51614,4.38979,8.03394,6.93881,8.75265,21.2981,21.1408,6.33287,0.393089,0.0845908,0.225534
0.0988191,0.0813594,0.410217,2.16898,3.09347,1.11507,0.90183,11.7596,23.5004,13.5104,0.324727,0.304501,5.99584,6.57137,1.9468,4.58997,7.45117,0.492096,1.00154,3.2902,4.80813,7.6317
0.410076,0.958996,1.54309,3.04008,8.84895,16.0357,4.19891,28.5926,28.0653,11.3227,2.1225,3.03428,3.46634,10.2548,6.23421,2.70449,6.71702,5.93332,0.112564,0.569317,2.29738,1.65107
0.0578826,0.415814,5.56571,10.5587,4.2367,2.56417,16.3186,34.4876,19.1364,5.21091,0.936739,8.21158,8.27676,11.9533,9.57192,0.395339,4.33487,1.76714,2.63145,4.08953,4.74341,0.901045
1.1931,2.7518,3.61397,5.05514,14.6629,10.8411,3.86483,3.75377,5.51091,3.89552,3.52216,9.11425,5.15662,0.906427,1.04609,0.11887,5.96816,8.29867,3.29157,2.93761,6.0018,0.146696
0.170826,1.54835,3.83159,5.89274,17.6543,10.6026,3.31898,3.13032,1.70425,0.135457,1.67419,9.04079,7.34972,2.8758,3.55886,2.20294,9.00593,10.5901,4.45027,0.637477,0.908773,1.77334
0.925209,0.187035,1.64297,4.53188,13.1892,3.11574,5.64144,1.67294,0.0590923,0.735884,4.98959,6.7994,0.340057,6.76351,5.8072,2.74138,13.5229,11.9144,1.8573,1.43061,3.11717,9.0492
0.270188,0.540249,0.529808,4.74191,12.8314,5.64641,3.65765,7.2107,9.44692,5.14341,3.09293,4.10925,5.10805,6.34043,2.86617,1.69969,5.91734,5.99327,0.506819,0.845742,2.9357,1.5864
0.636794,2.18543,5.11383,5.1929,8.40281,12.6097,12.7387,1.50362,20.5032,14.8774,2.40767,10.1748,8.64012,2.45845,0.952745,0.819139,4.67878,4.69946,2.20355,0.772517,0.690315,6.09909
1.69739,1.24113,5.73353,2.6754,1.98595,2.02992,4.01267,7.17662,19.464,13.5769,6.70599,10.3797,4.70861,2.82736,0.358308,2.79385,2.42553,1.38278,0.192225,1.24955,2.62874,3.99648
0.12195,2.43388,4.54244,4.3547,15.0478,14.4118,7.89822,2.16054,0.61393,0.701492,4.56971,10.4393,5.2657,2.86541,2.54973,0.310065,0.469716,1.35641,0.516851,0.332577,0.315233,4.75609
0.00628558,3.57242,9.87857,0.10876,18.704,18.7803,10.9916,1.68856,12.3534,11.9707,2.91827,12.438,10.0937,5.68862,2.19472,1.35254,0.371436,1.52865,0.639954,0.672335,0.875569,3.77524
0.474624,3.86797,7.5692,6.02602,19.3899,6.77823,3.1727,8.47258,17.0334,10.079,6.84832,13.0433,12.1225,9.56296,5.27455,3.37081,7.11979,4.28887,0.671096,0.16534,0.124353,1.52398
0.415717,2.77255,5.53974,3.73426,15.0467,5.99003,3.78813,6.5647,11.1226,7.76871,1.56776,5.54509,1.70959,3.73212,7.17727,0.948939,9.62537,9.97737,0.0420379,2.76272,0.367691,3.64673
0.179966,3.43233,9.79848,5.17238,5.13602,6.05751,3.66953,0.646771,2.72016,1.0959,1.69928,4.63983,0.03588,1.53986,0.412416,3.03117,10.9674,8.64128,0.226081,1.34478,0.516814,3.09686
0.616342,2.14817,5.22275,3.7879,0.452211,6.05388,4.36727,4.22423,7.11142,4.03617,1.00083,6.68629,6.67477,2.09326,7.07665,0.879522,11.4054,8.88715,0.032184,1.73682,0.514928,0.565804
0.873582,2.22335,1.4504,1.02904,2.55508,7.05156,4.27763,0.115652,0.804379,0.181932,0.842396,0.596515,2.40419,4.61309,3.32093,1.18387,3.32214,4.2337,0.187609,1.83567,0.535067,0.529504
0.466387,2.3159,7.14549,6.51185,2.41634,4.21305,4.30304,1.20383,1.83678,1.57994,0.157284,0.394879,2.79722,1.66115,0.0218944,5.52472,9.22536,6.10773,2.69893,0.557996,1.0373,2.78147
0.585165,1.33992,3.16448,7.60104,0.490905,7.80821,7.7996,1.81178,12.6908,11.8256,4.49876,8.47009,2.88946,3.05575,5.42316,1.88607,2.4273,5.8562,3.61344,1.1406,0.370699,1.23624
1.31076,0.393138,2.73274,2.96232,1.79942,1.8307,0.975032,1.75204,2.24855,4.75076,4.67441,2.12459,0.434068,2.12513,0.0504516,0.0491852,3.03747,3.4136,1.11158,2.2654,2.08345,3.33518
0.0180081,0.750069,1.06533,7.66061,9.62852,5.33181,0.90062,5.79753,11.8593,9.19542,4.46536,3.61087,1.15444,1.07759,1.97369,2.16764,0.346961,0.227714,1.28796,1.02978,0.260417,5.23099
0.0355298,0.501742,1.8555,0.319175,2.71452,1.13626,5.57235,2.83363,6.78979,10.1478,5.32606,2.16582,2.8105,5.24783,5.86745,3.10234,1.31557,2.24985,0.684437,0.150938,0.246567,1.0246
0.457924,0.506508,2.57506,5.8985,2.89869,1.02011,0.0496783,0.0325239,5.41544,6.67085,2.83203,1.61132,3.1299,2.68439,0.42325,0.286776,0.685732,0.39685,2.40816,0.850744,0.612827,0.855283
0.938912,0.00117538,3.54436,4.87809,1.11248,2.14221,2.39429,3.15896,11.737,10.8944,2.76622,0.431005,1.15334,2.52623,2.14315,0.0554413,4.52387,5.63692,0.324963,2.87742,1.27496,3.07263
0.818298,2.35755,0.966462,6.63902,8.90297,5.88715,4.86491,3.09939,0.106223,1.44246,1.63992,1.32908,1.46347,1.95614,2.02359,5.78245,9.08265,7.61007,1.53729,1.1562,0.916527,1.29964
1.28841,1.28079,4.19448,9.4497,6.46792,1.42212,2.81208,4.89829,8.68387,12.6174,0.687311,3.15283,1.39201,0.973739,1.61245,0.810053,1.50331,2.14947,2.74942,4.00452,3.55857,1.99766
0.74974,0.168795,6.30127,8.87812,1.3194,0.507248,3.12871,0.571482,9.45251,10.9529,3.31806,7.71173,1.46976,5.75004,4.8007,1.05763,1.52376,3.31165,15.4196,32.3976,22.4535,2.23105
0.308511,0.958128,6.43844,12.6275,6.97166,2.51237,5.21724,2.76544,12.7937,11.1076,27.999,8.90641,3.92956,8.69254,9.36031,1.41516,11.8983,11.8661,15.8284,36.3613,26.1216,3.8298
0.22939,2.28651,2.02791,0.357399,4.24116,5.03827,0.686803,2.70679,15.5824,1.18869,21.6209,11.6465,2.09452,6.81831,5.55166,4.95795,15.5835,14.9944,2.37351,24.009,44.0277,16.4125
0.844414,2.3849,6.43386,10.3683,4.84342,5.03199,4.01585,0.458638,2.48731,1.43091,12.0072,11.3165,3.99461,3.11179,1.95064,1.11558,9.14933,12.1192,5.74614,19.487,58.4424,44.8735
3.15082,4.82285,23.7557,8.00383,38.5397,11.5435,31.3939,7.35987,3.26157,10.3016,14.7538,8.84889,0.297976,6.28456,2.55926,5.97682,3.01878,4.6771,6.75361,6.78729,22.9782,15.1277
7.88265,1.54908,38.188,107.231,119.191,70.1366,15.2324,1.10743,0.119954,9.293,10.4336,4.82228,3.84826,9.82304,5.47068,4.0357,4.83277,7.33888,8.75558,21.2262,39.8105,32.6973
4.40856,23.226,77.9088,100.97,48.6977,3.70471,5.06026,3.40558,4.13604,1.37297,13.7656,11.2051,3.41613,1.83068,2.05176,0.793464,18.1067,28.3335,10.9782,1.66956,18.5748,24.1204
3.97727,47.4212,92.7892,48.8816,2.0253,2.87779,3.04399,2.66624,7.39946,8.40826,15.2464,12.9127,0.111587,0.493394,2.91418,2.05091,19.2916,25.2038,8.87995,11.3824,51.7348,58.7066
11.7406,32.8186,33.6026,4.75484,5.93444,15.253,17.4893,2.21095,18.3681,16.7324,2.27672,2.95047,3.20619,2.58377,0.327047,0.78463,0.250561,1.15475,1.20984,6.26922,13.6142,13.8762
18.5941,15.7049,7.33764,25.4281,19.0991,17.39,17.1501,8.56216,2.83316,4.01832,5.80403,5.11125,2.1813,1.82018,0.823181,3.15097,20.4439,25.8044,4.41283,6.79208,45.3704,45.9663
16.3729,15.3599,1.27961,16.093,15.38,17.9421,9.82974,8.47918,23.4894,27.735,21.5714,9.82476,4.46594,5.77064,0.056796,4.51101,22.155,30.1302,9.50885,1.60972,19.2873,21.2083
16.3462,11.1344,9.86915,16.5474,0.998697,2.10046,9.20231,7.50441,21.0492,27.2358,18.2209,9.58601,5.45012,3.58369,0.723028,2.6543,10.2397,15.2222,8.55557,0.924887,27.3163,36.7409
22.1773,23.5246,12.8001,15.7043,23.989,0.342464,8.21327,6.72932,19.9329,20.8979,14.6937,7.88194,5.40262,10.8342,4.88622,0.116261,4.30089,4.86239,2.401,2.72275,40.6127,48.683
25.9968,19.3143,7.28928,10.8946,26.0834,45.6164,28.3848,19.1235,41.6348,40.1589,14.2646,6.40871,12.836,13.172,3.52418,0.30435,10.8556,19.7958,7.55936,1.98287,2.27355,1.02302
33.5921,39.4244,25.3535,11.0591,19.3088,3.35605,4.97496,13.1749,9.6666,1.10177,5.71576,4.36912,0.101458,2.62235,3.34481,4.11584,14.7683,20.9184,9.47678,2.91943,27.9123,34.1215
38.1534,32.0259,1.59619,7.43403,5.47216,0.365503,7.80372,2.39365,32.9347,28.999,8.49158,13.042,5.01448,7.08319,0.531836,2.8676,16.3994,21.3937,8.53093,0.772123,15.2831,20.8895
44.9912,57.773,48.8224,19.9847,1.02747,23.6846,24.1633,0.844246,21.2201,16.1136,1.58633,1.15157,1.77812,4.98629,9.53906,10.9096,2.77408,6.49891,1.95217,1.82384,6.01719,12.0113
56.084,51.3453,17.328,11.5252,26.9621,43.7043,34.6711,3.85151,30.6154,18.3554,24.3793,24.7278,3.29287,10.609,3.56832,3.79589,1.25693,8.1647,5.15429,6.80862,18.2513,11.1793
66.262,75.3234,51.9331,20.4284,26.3453,28.5252,27.9912,2.60315,39.3099,28.0582,2.48713,0.12481,9.02098,10.0762,3.49597,11.7708,27.5768,22.7096,4.02359,3.04351,9.68441,14.5013
74.0306,77.5646,45.0956,2.48087,5.33733,15.1008,6.33215,9.88518,0.115373,16.2469,40.4228,34.4925,1.06182,9.8866,6.84922,9.11219,4.61149,4.00308,2.25137,4.69312,27.6213,41.957
70.6987,73.9052,37.9733,2.80125,17.1339,35.9164,25.6227,18.0187,42.8218,34.1727,13.6806,7.62968,12.993,18.8868,11.3154,11.4178,5.32133,2.69631,0.757948,7.42013,29.245,38.3038
71.681,83.8017,53.5481,8.72409,11.059,13.7678,16.1978,0.116942,38.0565,49.7094,48.2623,35.6532,5.56273,4.86425,2.81113,10.582,15.8811,6.16693,2.67276,2.94156,0.988425,1.91882
76.1822,70.5205,20.98,22.1539,34.3627,46.821,33.717,13.7862,10.5389,12.2031,18.0261,17.18,10.555,23.0403,12.6205,4.38437,22.5249,17.3794,5.93869,1.87688,18.9665,38.4251
69.3089,88.3443,69.5979,32.3886,18.1856,16.3246,18.9588,11.6787,41.2746,43.3143,20.615,9.01652,5.25289,3.55531,2.75277,7.69731,5.12556,6.81393,9.40451,5.96242,15.3979,35.9099
73.2043,60.8235,12.1832,15.6574,26.6424,39.9509,14.0204,1.55258,15.2003,3.8801,26.0586,24.6939,3.46691,12.8902,4.03486,3.23469,9.24171,9.45531,2.52768,1.99532,6.34041,29.3368
62.7365,86.5539,83.9327,38.7326,14.3666,3.80067,19.0303,20.4645,27.0308,22.158,6.03604,13.9365,4.6992,11.5899,6.77584,3.6281,2.70059,4.03735,1.40628,4.81067,4.56337,2.85956
57.9437,44.1579,0.743364,8.225,23.7434,41.8644,38.8507,28.0339,40.1057,22.473,9.03364,2.58858,11.4585,10.6691,0.366814,5.29801,2.31375,0.610267,3.97622,7.33175,4.2605,10.1482
38.9406,57.4841,58.906,9.94562,13.1959,16.3993,16.9686,8.78648,14.6723,13.1268,14.5172,14.3415,1.05552,9.72664,4.31184,1.04888,2.25816,5.8067,8.2046,3.20711,1.49253,11.0455
27.6077,15.2058,16.5143,8.63922,38.1673,41.4742,8.46672,17.3908,29.3898,9.82455,4.67554,10.5547,13.0618,4.64201,6.19614,16.0783,21.87,16.856,6.84973,3.54049,9.77006,28.8953
12.392,19.0763,20.4139,3.06372,30.2314,18.5264,12.7613,26.4044,44.4542,42.585,2.26679,29.497,22.691,11.5668,3.32073,8.30195,6.88879,6.64889,4.90628,2.9963,11.455,3.65671
3.99017,5.28115,7.55892,0.903521,2.13111,32.3975,40.7219,14.8642,0.529125,10.2062,42.503,44.9183,7.36247,4.26696,3.71759,5.64909,12.3564,2.19391,3.29006,4.15037,15.481,8.25717
7.43443,14.4256,19.0977,9.59861,11.3539,33.764,26.9245,13.9516,39.1742,44.6865,26.183,13.2405,1.61858,4.92695,4.60839,10.0179,15.4561,16.2592,7.51852,7.47708,1.72318,18.553
27.2487,22.8032,1.66653,0.432099,26.2064,21.3729,5.4509,14.9967,15.3478,21.1605,42.4286,39.9178,0.972497,13.3224,9.93928,19.6795,34.2442,29.6457,14.5258,7.0186,3.71219,13.9455
43.9608,57.3381,49.2974,1.16925,38.0604,29.1733,9.4646,8.73262,19.3776,26.642,29.0941,19.7304,5.09933,4.89031,12.1847,24.3727,17.7767,0.64034,1.21969,3.85468,13.5519,14.6456
49.4282,40.1872,4.17087,3.77607,24.757,10.5186,28.712,0.928927,26.3065,28.7107,32.5221,24.3153,8.39325,12.636,3.02805,6.25527,8.1988,4.66731,5.93639,2.96381,7.715,5.74325
64.1785,85.3641,74.851,12.7729,35.6478,57.4516,44.8224,19.7288,9.90715,1.08997,9.83753,7.53186,5.40907,8.63574,0.409659,2.82343,23.4667,25.2184,8.19832,3.69476,4.16472,11.7199
84.3254,67.067,2.30064,22.0774,1.62947,4.24929,18.9935,12.9728,11.2915,10.0675,15.08,16.5172,2.28039,7.10593,6.27823,0.23499,17.5798,19.8287,11.5987,4.92235,18.3987,31.0047
85.5303,108.985,85.9901,21.1321,15.034,19.7536,6.36841,6.83088,23.4582,26.9693,10.0682,1.24419,9.44174,13.5619,7.31767,11.5206,14.2825,6.35332,3.78676,6.35591,13.5882,23.858
88.0259,79.8211,17.2573,36.5769,23.2398,16.5217,27.4673,2.02509,9.78735,15.9177,15.7182,9.04344,6.01464,4.47184,5.76564,8.79987,4.01838,14.151,1.63178,6.5523,4.55361,20.1499
95.7362,113.333,78.8837,27.623,46.9592,59.7589,39.0988,5.81536,22.1672,27.473,14.3325,5.02659,11.5816,15.2263,12.1003,3.4173,18.7706,22.4498,3.63419,5.90364,2.11415,10.9865
96.2997,95.3608,43.3532,17.0827,30.1177,25.0947,24.8292,12.8806,16.5891,18.2559,16.0146,15.8452,4.92728,0.204234,0.16396,5.25785,5.71531,0.776547,0.822869,3.32354,7.5457,11.9864
97.0184,105.774,62.0498,16.406,14.5975,4.57048,4.07862,13.9772,1.27298,8.49695,14.5529,6.43465,7.37481,8.4323,8.16655,12.1868,1.73114,7.90589,0.195285,6.52701,11.1418,13.2735
94.3116,102.574,60.6109,6.56234,13.5865,41.0442,29.5494,6.65978,11.0118,11.2363,16.5204,18.2282,4.1519,0.309928,3.51144,4.63211,10.9095,17.5156,0.167962,7.53039,5.46809,9.96441
89.5163,86.7911,36.4929,9.3803,21.2589,41.0728,38.574,9.95613,17.293,11.1208,3.29757,3.98224,7.52639,6.10538,1.19153,11.8839,26.7165,19.0169,2.40116,9.19901,10.8896,17.8563
77.9467,93.4977,66.7376,25.7473,31.7715,35.378,35.08,21.0491,2.08525,8.73927,5.40598,13.3037,5.52216,0.980628,5.00648,4.45356,16.8094,5.52785,0.999795,1.93076,9.90549,15.8325
75.8385,68.1514,17.1126,30.4277,25.0621,0.633556,1.85436,23.858,29.0195,18.052,3.34913,1.85611,3.84979,5.70422,5.54969,12.8915,2.32363,16.337,4.88059,0.970824,10.8588,17.5055
66.4248,84.4644,69.4239,31.1253,40.1849,50.7582,25.9094,8.95953,30.207,28.3703,8.76247,17.0023,0.957354,4.90467,5.47871,4.28786,12.5773,18.5604,0.330257,9.39977,4.44133,7.39778
59.4062,44.1248,3.22889,18.5455,2.03,16.5717,24.292,8.67147,3.36376,8.1443,23.5617,21.6332,6.9695,0.876039,9.1373,25.2737,25.3714,8.87278,6.44669,14.8667,24.0016,21.2226
46.1404,63.5031,54.2751,0.984544,27.9627,30.6546,33.6706,24.5052,26.8818,22.6498,13.0343,20.1922,7.37325,13.6452,2.79138,11.2237,27.8282,19.6877,5.54033,3.9468,9.92892,17.3899
30.8367,19.449,17.8482,14.9753,7.28683,9.87169,1.05354,20.7294,27.1928,12.7837,12.3369,12.1391,0.386129,1.68016,4.73612,5.35572,11.7412,18.1546,7.06866,0.163851,7.7601,11.8172
23.1549,34.9719,30.7377,9.71269,48.1015,60.5022,39.8976,12.8415,3.21264,12.4012,37.2659,32.6594,1.14785,5.03395,2.9736,1.2378,2.44219,5.69314,2.9691,6.38553,10.0297,19.4692
14.6652,6.03845,21.4245,19.8516,7.88401,1.81809,14.8694,18.7374,32.5471,17.4359,10.6808,9.6114,3.63546,4.34895,2.52752,0.47224,2.12727,8.61045,7.28412,3.48415,9.11393,17.4132
3.38262,8.20384,3.89095,15.0679,17.4156,7.12212,19.6746,18.0236,32.0864,40.4469,41.3317,25.883,5.41279,9.0562,2.5373,7.32031,14.4274,13.8936,1.81548,3.27547,6.0085,5.4751
5.52927,7.90808,11.0514,12.2758,11.2725,33.7343,8.94039,11.9754,3.37,0.13311,13.0431,13.7673,0.557302,0.494613,4.99401,5.06833,1.6252,7.75003,0.142573,4.03645,3.94613,9.87415
16.9115,19.3328,19.6254,18.2956,8.65381,45.2669,32.8961,0.176884,14.7556,16.1571,25.9122,29.2134,8.86026,2.80222,7.88569,2.05357,5.86304,4.86162,4.12674,6.44977,8.06148,22.1964
25.7664,23.513,14.7269,18.1593,5.92182,27.3705,20.7092,8.65055,16.2065,5.19692,14.9512,19.4661,13.2471,9.58159,3.51167,1.47427,1.80542,0.724887,3.33524,1.04788,3.35437,5.22298
29.1047,39.4927,40.67,17.6581,9.56214,14.8471,1.86754,10.1287,21.675,19.0796,11.5185,6.14148,3.53501,5.72559,2.08502,5.65351,3.31333,7.01231,1.11401,4.90873,12.1044,23.7133
41.228,38.3031,12.2497,1.38216,25.2686,32.8664,13.9209,8.8109,13.7956,5.39847,8.30002,18.659,9.59632,4.02145,1.85739,3.02131,2.77658,6.14445,0.087935,1.70306,4.4919,8.72654
45.6299,55.5486,40.9665,0.8304,9.81868,11.286,14.1294,4.33321,1.36668,10.2687,38.0395,47.3078,16.5187,2.80068,0.811763,1.65381,1.38469,6.08552,3.57021,0.591659,0.440406,7.75954
52.5268,47.3743,11.4172,7.02024,15.0673,22.1088,12.3577,2.11024,7.37002,15.5657,35.5076,47.0412,20.8042,2.03933,5.04259,2.27417,4.77972,7.68988,3.02656,1.12311,0.224422,14.6601
58.1527,68.6361,32.9946,3.03649,2.19537,7.81336,6.10794,14.9326,2.91681,0.581638,12.8274,44.184,24.8049,1.49372,8.06323,4.95744,0.183895,1.29307,3.92134,2.76293,2.38096,9.65379
44.0943,44.7558,30.5506,138.938,135.725,79.8493,41.0986,7.04231,13.6917,6.05216,35.7525,50.1899,7.47526,12.9476,2.15991,1.98643,2.93342,1.15376,3.24762,5.8355,0.77552,14.1163
33.348,36.6512,50.6912,124.707,43.5932,8.49955,1.24809,6.84732,11.0783,0.535693,2.85798,6.93662,9.62279,0.699361,3.91787,4.52196,11.1662,9.01987,4.20958,4.24196,14.9669,21.6267
25.3006,25.9321,0.463031,27.3583,19.6678,11.943,5.54691,11.389,22.2782,13.106,4.71561,2.87813,2.9965,6.81246,6.06842,5.77185,4.28295,1.72638,3.4626,6.36272,0.104776,10.7853
29.3195,23.0065,20.4166,22.038,11.9152,0.00192958,5.06141,11.4118,15.3908,3.55201,1.83795,1.94302,6.51975,10.1655,4.4389,2.04537,1.0298,3.647,3.59012,4.47781,8.43758,9.07005
42.3345,52.9542,35.0382,9.29575,11.1809,7.8863,6.26684,3.72041,3.49942,6.31957,5.77446,3.55725,2.3468,4.06897,4.63715,1.96233,6.15855,8.31118,4.59116,4.37287,7.2686,15.2804
47.8947,45.1753,17.1192,9.82289,8.96878,3.64414,7.46568,6.48607,7.44429,2.89079,8.31028,5.42696,3.83992,1.63818,3.23169,3.72237,0.951329,3.33667,6.3381,4.41941,4.80468,10.0459
36.8373,41.7646,29.3281,11.3035,14.2961,13.2739,4.51001,6.46682,20.6406,19.2078,3.4036,3.1828,3.71368,4.77805,1.65647,1.11028,1.52247,3.81888,1.88168,2.85876,9.67832,8.94705
35.3447,33.864,19.5503,2.55005,3.92335,3.4166,11.6214,8.75019,8.92537,13.5543,23.4081,23.3298,14.9062,11.9956,4.95307,2.88731,8.81863,5.82021,1.76477,2.28538,5.50523,10.781
32.2297,34.5398,20.309,2.10864,3.65465,1.16224,8.75253,2.41558,13.4169,13.3007,11.527,14.5277,10.849,5.3332,0.294784,4.25324,2.33134,1.6636,3.18114,4.89158,2.41915,3.70461
28.3392,26.347,2.57552,15.9143,9.59713,6.7186,1.91572,0.325139,19.216,22.8148,18.0531,13.6609,6.4848,2.97101,0.131707,2.41934,2.16431,0.745438,1.6026,3.81581,0.539023,0.0608511
25.7951,28.2088,10.8813,16.3497,23.0837,16.373,4.52723,1.32812,0.585458,4.21209,9.32904,6.75533,1.512,2.1009,3.10392,0.163163,3.40551,3.56512,0.394352,0.73076,3.56171,7.04544
25.209,23.1049,2.14411,5.7029,10.7035,1.72014,13.2351,0.28567,17.4916,16.1605,13.8349,12.3731,9.90775,9.80313,2.20059,4.86461,7.98958,5.13401,0.375901,1.20315,1.43258,4.76629
21.7613,22.3114,8.93537,13.0226,18.198,3.07155,13.1794,5.93423,12.8398,9.52562,2.69483,0.64428,1.52737,0.917595,0.36939,1.32819,1.02544,4.96483,4.17815,3.68237,0.34331,4.62533
20.0253,20.834,10.5812,0.831403,7.68849,11.3947,0.444793,7.8148,7.42128,7.16183,22.1401,28.9635,14.3965,6.26813,1.95142,1.74804,4.54596,3.52677,4.29601,3.53877,1.72663,3.73947
17.0282,16.6176,8.49253,1.21543,0.172041,7.49614,6.1672,5.47759,20.7955,20.2336,7.68513,23.8055,15.0412,4.8254,0.708658,2.09538,6.23866,6.72288,1.91622,0.833085,1.31707,8.24206
16.3125,16.9489,10.9095,0.960003,2.58407,8.93382,13.2602,3.40477,3.45004,1.98234,4.75125,1.42047,7.52488,7.77953,1.89928,5.44643,8.87856,5.9488,2.25362,0.0425975,3.51924,3.30069
11.4662,8.75948,0.823145,3.8591,14.0938,8.93117,3.54232,6.31366,5.75099,5.43895,3.17073,7.36782,9.65654,5.25485,1.17912,0.216188,0.312371,0.817009,1.9237,2.51795,3.67994,6.10733
10.9401,13.2197,16.9883,15.6177,0.62946,8.32998,3.2939,5.08609,2.78177,2.36168,8.27173,14.7185,10.1888,5.7163,1.74618,0.344217,0.267845,0.641266,1.12502,2.61002,8.62502,10.8629
8.882,5.87462,6.99061,21.3336,15.9193,12.5848,18.3403,6.38914,1.82176,5.19514,10.3449,6.80989,2.59586,3.27779,0.164241,0.328034,0.832288,3.27529,2.60988,2.04052,3.89068,11.5779
4.31035,8.80642,20.3683,16.1704,12.2405,21.7753,7.81414,1.21413,3.4354,0.211716,14.5943,13.4856,0.335631,0.787408,2.05259,0.66537,4.33504,6.37194,2.29153,0.715781,5.86653,10.83
5.20418,1.95014,4.02533,21.0538,22.5892,4.13312,1.97777,0.0761908,1.27963,5.62136,6.03747,0.885563,0.238125,4.84468,3.57733,1.78855,2.98176,2.94589,0.579046,2.44677,5.7854,8.0464
3.10368,5.74744,15.4821,15.9958,1.00694,5.05144,4.90123,5.80246,2.15182,2.1765,2.64686,1.63846,6.59676,5.68411,2.0826,2.53316,2.50813,1.58151,0.624652,0.184837,1.22459,4.65788
5.33607,3.85529,12.172,22.3825,11.2922,1.05451,1.53123,0.278718,2.085,1.1576,4.62214,3.35985,3.20666,3.90678,1.62582,3.02431,0.101632,0.967773,2.1969,0.513326,0.332961,4.59643
2.73713,6.67522,24.0472,34.0681,14.7134,1.29746,0.445333,1.93406,0.388787,1.45616,1.72777,5.22903,10.3253,12.345,4.73234,2.61143,4.20307,4.63813,3.06973,0.437451,1.04282,0.00940986
1.23335,0.891908,4.55872,12.9476,5.28418,0.828435,1.89681,1.54528,2.21953,2.89003,6.95939,12.1144,7.08745,2.95434,1.46932,3.44211,2.90752,2.017,1.17268,0.369664,3.36274,3.73578
2.84884,4.79437,10.8079,10.0886,2.04642,4.4972,6.26128,1.70777,5.51962,7.97473,4.08873,0.84403,2.94932,4.0353,1.11124,0.528592,0.307993,2.34325,3.48327,1.07974,0.53298,0.77422
0.187222,2.73754,1.03923,19.7956,25.8845,11.031,0.169094,4.9911,6.18956,3.81008,6.36096,7.58599,3.48984,0.104037,3.67338,5.16248,4.33334,2.82543,1.68355,0.237412,1.36648,1.38655
4.79738,6.69722,10.9981,5.66272,2.30401,0.684675,2.05667,0.342732,2.41099,3.23719,0.734927,6.06867,2.95343,1.85617,2.31549,1.01567,2.19579,0.269903,0.661616,0.16986,2.52669,2.89742
2.36007,2.06102,0.10065,1.94667,8.74934,10.2225,9.65548,5.12274,7.2496,11.7401,1.74778,7.86346,7.78605,4.27069,0.171705,3.76612,4.00345,0.236495,2.47077,1.83063,0.549673,2.34056
0.942958,0.855127,1.35843,10.7672,17.0561,2.96422,10.5967,8.58704,3.2901,3.08163,11.1908,15.3132,16.6217,13.633,4.25729,5.02918,9.62428,5.80638,2.39275,3.23108,3.96947,14.451
2.15495,4.71272,8.20627,10.5403,11.957,0.916816,14.5564,7.95241,8.52902,10.2773,7.69531,6.65808,1.0809,0.917967,0.261504,0.486444,2.90753,4.432,5.71684,6.43373,5.38996,14.3824
1.71409,1.46301,3.4604,3.02184,2.50496,1.27232,7.13525,6.21635,4.01964,6.98558,6.94932,7.53759,14.3324,13.9525,3.61504,0.480425,0.909417,0.335584,3.69134,5.37964,8.33031,21.2993
1.75515,4.89304,11.9227,10.0253,5.58009,14.3142,8.84447,5.60873,10.1751,13.0393,10.16,4.48037,0.591017,0.12738,0.139499,1.94917,8.3844,10.303,2.25737,2.16778,8.89738,18.8382
2.10088,0.864942,2.37028,14.7554,20.8262,5.28604,8.87877,0.803064,12.1832,12.6811,13.4409,14.607,15.1425,11.8191,1.96829,2.91643,8.29866,10.0109,4.09467,0.941132,6.47735,12.5826
1.63614,1.68812,6.56083,5.59215,8.1517,2.14104,15.2123,7.67507,5.94533,3.76443,3.48555,4.07175,0.196349,1.4995,1.33265,1.72946,0.451148,0.75262,2.09949,3.72541,5.23218,8.73645
0.629499,0.170786,4.03047,12.3031,19.6277,11.2308,5.53348,9.15501,6.87315,7.87956,13.2784,17.4596,17.0921,11.5263,3.3894,2.81517,1.47694,6.58865,0.161093,3.91756,3.24463,4.27867
1.36001,2.80112,2.14144,1.7388,2.99248,4.79259,8.44703,5.37393,9.70799,5.8218,8.02835,8.46538,2.83739,5.46848,0.729902,2.1074,10.1782,10.5527,0.661493,3.40232,1.23989,1.09101
2.64952,0.320884,6.21769,4.36341,2.42429,0.0636899,5.49642,3.04904,2.23607,0.954082,9.00005,10.1293,12.475,12.6524,3.06776,1.10708,3.86205,6.99454,2.63089,0.403189,3.42751,8.05004
6.1629,9.09695,10.8259,0.71919,9.96652,0.684142,14.3681,10.5782,5.2331,1.02399,7.32468,8.42615,1.88052,0.407721,2.21509,0.171041,0.142802,5.18247,6.37166,4.44457,7.91736,12.9094
8.88227,7.12767,0.889537,7.31173,24.1316,18.984,1.23536,7.61821,8.78433,8.58009,0.0712846,6.10793,14.2551,14.1933,1.45961,6.78117,10.8077,11.3032,10.0997,7.71267,8.38154,12.5597
14.3119,19.205,20.1928,4.81595,10.9569,3.54784,6.67239,3.78253,0.306988,2.10724,4.50857,6.53225,3.18092,2.14772,0.348847,0.906896,1.26937,3.96596,3.9051,3.52202,5.58026,6.30149
16.8752,16.0767,7.64902,10.3606,17.0244,7.27031,5.30624,7.95663,0.783104,5.26727,13.2399,21.9076,21.4959,15.0783,4.16442,3.61105,5.64655,2.46363,0.952879,0.630624,7.14978,11.7676
17.528,22.9611,22.5383,12.0481,2.97023,2.15096,2.54803,9.12706,23.6607,26.7141,25.1074,24.0469,19.9477,20.4106,13.9991,11.1363,15.7595,10.4317,0.444178,4.28162,3.69241,11.1369
11.2742,12.2989,7.78883,5.25818,0.627868,9.7096,1.39063,18.1501,25.3063,8.293,0.062738,4.30695,0.745577,7.30309,5.35898,1.85201,2.70335,1.11895,4.41574,5.06436,1.57376,6.50064
4.5034,9.388,11.1816,8.92,4.37083,8.12842,9.50241,3.62953,5.61407,2.79552,2.70515,2.07903,1.96567,6.98232,6.83847,1.28549,4.80576,3.23967,3.37668,3.2593,2.20889,3.31223
3.24289,3.60293,2.47827,7.5022,18.3778,14.839,3.88238,3.21968,4.66968,0.398893,0.503652,3.7776,8.03553,4.37884,4.29366,4.78833,5.51734,5.50315,0.872369,2.20169,1.10447,1.68175
19.485,16.0476,6.05344,6.50355,14.237,8.82387,2.13204,3.0918,5.7247,4.93517,1.84949,4.09868,6.00715,4.58644,2.53074,0.564022,0.481323,1.67502,3.6882,3.31129,1.83297,1.56479
26.2965,29.291,16.9652,7.58804,11.2697,4.03099,3.58393,6.51892,4.55391,2.34592,3.96958,4.74742,1.87365,5.21801,4.7753,1.63959,1.12271,2.50601,0.114098,1.29508,0.149582,1.03613
37.8974,44.3146,29.3381,0.557905,11.9677,16.1556,10.5191,2.11326,1.59335,2.95127,3.34201,2.77391,10.8931,10.3556,4.54743,1.07327,4.73885,7.16025,2.65997,2.12604,3.69364,0.855396
48.2263,53.0807,29.6826,5.37927,4.06504,3.84444,0.501461,4.16875,0.684362,2.84689,4.27512,0.396858,4.75171,0.814252,2.45667,0.829793,4.32609,4.77213,0.239822,0.62046,0.467354,2.47078
60.5082,65.9242,38.8363,1.89163,5.18745,7.21017,3.88038,0.60741,0.946399,2.48748,4.25717,5.23015,2.67843,0.959931,2.68163,3.20468,2.62038,2.20469,0.494313,0.907069,2.7411,6.47336
56.5816,61.1906,33.7609,4.16357,4.59052,0.398512,1.96028,1.12683,1.95823,3.37908,1.89266,1.26642,0.247834,0.894428,0.38675,0.680003,6.11843,7.00701,1.75927,0.0194439,3.63991,5.4041
56.4254,65.1349,41.712,3.9526,0.53027,1.8767,2.41196,0.393559,2.54129,2.40914,1.61473,0.749814,7.7852,10.2067,2.7575,0.861045,3.97557,6.59242,1.96847,0.389186,1.93851,3.82902
51.7703,53.5549,25.5363,3.38822,1.24893,3.8395,6.31789,1.86502,1.06089,0.0738911,1.76562,1.21432,3.25089,6.25061,2.33348,1.42434,2.56708,5.97377,2.60486,0.619819,0.0043773,0.947071
42.3952,51.1419,35.8796,8.60926,4.8946,2.21985,0.762906,1.34992,7.39548,5.64108,1.08284,3.30788,5.99916,4.50072,1.70357,2.08985,0.207184,1.87153,0.0282622,0.573046,0.986124,1.8249
33.3002,31.1891,13.1903,4.84583,9.19481,17.4156,18.7482,7.85335,7.82424,6.66579,1.90634,2.97804,4.65586,4.02036,0.0869379,1.10021,2.33858,1.41506,0.472681,1.31046,2.84915,6.20671
40.5976,32.7456,51.5387,127.414,125.487,45.6912,30.4555,36.2537,13.7012,7.3939,10.6246,5.62823,0.0161808,6.63468,10.7115,10.0913,6.03063,0.396287,7.78995,10.4863,8.64738,6.47574
16.9641,0.512156,32.1371,76.616,20.0524,12.4535,4.71791,0.553321,3.97351,6.64941,5.62544,7.47262,5.85621,1.57132,1.19688,3.11698,2.97944,3.51583,1.92155,0.741874,3.36795,7.65683
5.43201,32.9304,105.27,75.3823,3.11097,2.01059,8.25033,2.89444,5.18791,5.44043,2.4901,2.18662,0.118513,0.973334,1.19636,0.0762043,3.78256,5.53834,2.59968,0.964226,2.33639,6.07918
16.6364,50.0822,65.6125,22.1885,0.068795,0.560382,4.97143,1.51036,5.55303,3.68408,7.33327,9.6457,2.34774,0.806783,0.504527,0.464068,2.14081,4.06908,3.23374,2.04021,3.36746,7.74711
21.7774,18.0169,5.6106,7.86233,8.23425,10.1791,13.0654,3.63197,10.4977,5.35703,9.82444,9.40861,0.960313,0.400814,0.998351,0.204938,1.5531,2.5961,2.87141,3.10439,1.59601,4.84192
22.9249,11.0433,13.1189,7.38244,27.3334,40.215,25.2613,5.12577,10.0801,8.35214,3.98335,4.70754,1.02801,2.04577,1.50793,3.29843,1.79322,0.0804663,2.18798,2.79022,0.00683754,3.19058
34.3739,41.5545,32.3493,6.22927,31.4293,14.6832,7.39165,1.33955,8.45296,0.114087,11.305,4.89534,6.89672,6.49921,1.17825,3.25727,2.47399,3.58384,1.53802,1.64787,0.904917,0.81603
44.334,37.5769,3.08387,4.96801,12.0936,14.202,32.9083,11.4818,15.7782,16.5873,0.479641,4.68695,0.672092,5.43748,4.86971,4.16627,9.66616,8.8756,2.98593,1.71407,1.00197,1.31057
56.1081,70.7144,56.3172,13.4958,11.995,27.6613,13.32,6.90984,5.33934,4.19875,9.4496,1.60233,12.7043,15.5308,1.76778,10.2761,7.4746,0.972111,4.43202,4.63016,0.210169,1.26004
63.6919,55.3779,8.68422,25.2238,23.1578,17.9658,2.65422,2.36695,19.4435,18.4259,0.0270164,5.5551,7.55701,8.01336,0.756843,1.96533,11.3164,8.22132,5.05156,6.28055,2.5956,2.42483
68.55,80.933,54.5829,16.2745,35.4857,37.1011,0.548507,13.2619,3.62767,12.2194,3.8686,5.88149,10.6208,12.0602,8.07826,5.9839,4.4706,1.32809,3.2183,4.79185,0.553384,2.60286
72.3409,70.3424,27.7555,24.9473,30.2269,12.5078,39.4924,22.9792,26.372,22.3943,6.1193,13.0463,11.4929,15.2056,5.64703,2.35742,11.7333,12.8152,0.65279,8.15699,2.12815,4.09148
72.8747,79.5891,46.3763,13.0362,30.6237,30.3711,7.7809,9.99068,22.1228,11.0928,15.715,16.5795,1.03629,7.21,0.0811213,13.3514,2.05874,14.9092,3.23327,8.88486,1.6451,2.41894
75.2884,83.4267,49.1879,0.14039,12.2673,22.9354,25.469,15.9904,19.5746,25.4579,5.4804,6.67484,1.16607,2.93373,2.70583,4.97252,24.7386,24.0077,3.89817,6.45332,1.75836,4.93783
79.5801,78.9596,34.9429,6.53891,20.9258,30.8603,0.55599,23.267,27.7263,13.8814,13.2403,13.8147,8.00309,7.45852,2.85908,6.07299,6.95236,4.83137,1.69196,5.8278,1.02338,3.59483
70.5962,86.2914,63.197,26.4655,26.2109,3.40036,25.1538,6.73662,11.6774,14.0237,1.45572,9.56441,5.7414,4.26471,2.29669,5.4469,9.2563,7.08319,2.86082,1.5893,3.04608,6.6405
71.2902,63.9417,17.8844,22.2654,30.4139,22.7438,3.04826,9.03558,32.8775,20.4578,15.9067,17.5905,6.00986,1.53498,3.82925,6.30591,0.497728,3.93956,5.4603,12.465,11.6102,10.3154
67.1444,87.9014,76.4401,37.6704,37.551,46.392,37.7836,17.469,9.15897,7.34064,14.2917,16.333,4.89658,0.981743,0.640074,7.43396,17.2457,12.98,4.14009,10.0321,7.87482,14.2083
61.358,48.6721,4.10086,18.2628,0.00649634,14.2786,6.63915,13.5889,21.4875,11.3414,23.5903,16.4439,3.60242,2.47972,3.36752,5.59306,2.45925,3.009,4.94437,9.43359,7.78786,11.2644
53.3199,73.1435,71.6751,28.5282,7.48156,19.3195,26.9178,1.36186,27.1285,19.8618,14.1388,19.3667,17.4253,13.7142,0.0644436,9.43729,8.61815,2.6595,6.00947,8.81983,11.6709,16.3067
42.551,29.5686,8.00056,6.4676,17.7681,5.98623,2.36364,5.61244,4.57265,15.0873,21.5965,10.3921,6.83063,13.5324,9.38566,13.9725,23.7691,17.0033,4.64488,0.939686,5.08744,10.6291
27.3707,43.8231,49.4766,13.8425,32.2642,58.0803,52.6972,17.2828,21.4068,27.8294,25.1178,19.2571,6.17584,1.78594,3.05296,3.13125,4.0174,6.4392,0.684906,6.85094,0.874084,4.70712
16.9528,7.96893,10.6701,3.26925,15.1895,9.98684,2.38011,6.91589,17.5536,26.8494,16.8113,0.416811,16.728,16.1317,4.50544,5.77479,10.6853,4.96489,6.5933,9.53536,0.311919,5.90232
0.161889,4.22415,11.2749,4.00058,15.5663,22.8414,14.0671,7.47319,11.6963,19.5438,26.3429,19.4627,6.3923,4.00031,0.528998,3.47594,2.64393,5.97556,11.5162,11.8421,2.53932,1.57557
12.0982,12.878,5.08551,0.244673,4.76969,15.2787,0.505302,3.69364,21.7028,24.9604,6.93689,4.64699,13.7302,12.5589,3.96587,22.6437,31.2589,18.7239,8.40211,9.32812,5.66627,0.654775
30.0212,37.4076,31.6645,4.74756,29.5727,57.6017,50.5725,15.0384,9.29649,4.22552,24.3554,16.7837,0.915303,4.66277,3.27852,16.9324,20.2075,2.75043,4.70225,2.83182,2.33045,7.20628
46.8068,38.3584,3.72239,5.29715,23.1518,7.00218,10.3497,5.92525,5.93843,2.20782,9.40695,12.9408,9.15215,4.94034,2.01825,5.96974,12.8227,1.49436,4.9121,3.48772,0.192914,0.0407554
54.0354,72.443,66.6151,12.0347,27.4628,17.9861,5.44807,1.80271,15.6671,0.380554,16.7718,6.66752,5.02387,1.13862,5.88823,5.16864,7.61503,11.4408,10.2544,8.85319,1.67617,6.02209
71.4912,57.7689,2.68317,8.68307,41.4908,40.9407,1.92562,9.51464,10.0105,16.0668,21.9836,19.9356,14.1215,8.34814,3.32603,5.63379,20.4706,14.584,10.3918,10.1408,2.10983,9.83506
74.5743,99.7906,87.7603,11.6971,22.0482,19.0463,46.0417,23.2527,5.30542,7.0119,7.6,6.08937,8.9774,2.92743,6.91196,19.9196,18.6848,5.89941,4.84547,9.70687,2.67574,15.5441
86.909,71.7076,13.2884,5.57615,18.1824,18.5957,10.2266,5.07449,16.9411,25.7885,25.5323,17.694,12.3123,7.80807,3.77191,0.638582,2.92421,2.96519,1.12814,6.94224,4.24629,10.887
88.0146,113.246,98.5495,45.2533,26.8062,4.88884,15.5762,9.09819,4.39952,0.442391,15.1841,16.6496,5.54964,4.32648,7.93607,0.138786,14.692,15.1067,2.34123,4.30021,1.20206,9.17685
102.491,94.7954,41.4825,3.9141,37.9914,52.9547,3.24913,18.2491,9.20022,16.8688,24.2109,18.554,16.2389,14.5789,7.98355,4.41408,3.15864,7.9116,4.98325,1.71732,1.99221,4.2783
96.0968,113.042,84.3788,43.9262,30.0449,27.0384,47.3594,20.7887,18.2495,5.84791,21.0938,20.0119,9.09949,5.92973,0.195107,4.54177,1.71134,0.967232,4.48198,8.72553,6.20835,7.59354
101.926,105.712,60.2777,2.05428,24.1058,35.1328,17.4593,0.456751,10.5043,1.08907,16.3664,15.7822,13.5902,9.97139,4.1946,8.2767,4.03238,5.29149,1.63788,8.91692,5.29442,3.95475
104.748,106.936,59.1008,14.3815,17.7349,24.3694,29.6037,19.7709,11.8459,7.24762,28.304,22.3145,12.0448,10.822,9.88153,4.33234,26.2269,22.1254,1.06952,8.30963,6.47215,0.937163
100.713,111.559,77.3407,24.9402,30.5251,35.7077,1.90188,23.7209,31.3973,21.9529,8.75569,15.8067,10.4749,8.39322,0.610536,14.2884,14.0862,0.221182,0.409488,1.38979,2.93817,2.16477
86.3162,83.3047,36.9278,12.6138,19.9014,13.3859,38.5362,18.6506,13.322,22.9826,29.2713,23.5892,15.0712,11.1875,10.9602,19.9205,17.8671,3.71869,2.56779,6.47111,5.21413,7.84024
84.0678,103.764,85.9142,51.6361,58.2504,40.133,10.6842,5.59032,18.3008,19.4314,4.9143,15.7636,9.08348,4.66082,4.18703,8.42432,2.20363,5.50958,8.41681,13.3479,8.59082,4.92608
77.4636,62.2348,6.26722,28.5752,35.6117,45.1679,32.8845,20.7348,21.5806,22.3938,25.0583,24.8772,14.676,8.09382,7.65312,22.2083,32.6347,20.4275,1.88107,5.51215,6.81563,12.0582
61.6385,81.9563,70.2759,31.5056,6.7782,17.5062,1.35368,20.3898,8.51685,0.61358,6.25952,10.8177,8.24352,4.12532,6.75654,3.18671,14.7421,3.29305,0.239799,1.65036,5.45772,11.5648
54.1958,40.9766,3.77136,15.2741,8.12675,41.3343,50.2856,17.2877,11.5104,17.1534,22.8282,22.4539,10.2668,6.33076,2.83764,4.96664,4.01909,2.57199,1.69508,0.79767,6.15038,14.2297
37.1378,53.9286,54.4895,8.40185,30.2822,26.0145,4.56551,3.20265,9.53796,4.69911,10.6667,14.1297,5.88876,2.65781,3.34197,4.15055,8.92052,14.5771,3.48321,2.61949,6.94301,11.7582
26.2585,15.8117,9.24659,2.16968,42.8009,53.7002,42.5924,18.9347,8.95862,16.6486,2.29583,19.3925,11.2373,3.51483,6.77512,17.6255,20.4636,10.9908,4.79755,7.55945,5.97954,15.4884
15.2234,23.863,25.8083,7.10985,22.0232,2.73653,9.02269,14.1413,19.8822,27.2434,18.5505,10.9173,5.00235,1.16022,4.80651,7.83162,9.14778,3.88809,1.75928,1.30137,5.80358,15.4587
6.4316,0.0951704,16.8572,11.0498,27.6504,54.9964,47.6965,15.4041,14.874,15.2343,6.2595,14.0424,10.091,5.13102,6.24829,8.41571,9.04796,13.7027,11.0143,4.96982,5.992,9.02721
3.43621,6.25498,14.4738,26.1607,22.7061,4.18054,1.59689,1.11882,2.47858,11.1026,17.5368,10.9255,4.34483,1.79094,1.37568,1.38267,10.4406,13.3626,9.38892,6.33522,1.26446,4.4364
13.7354,11.9126,6.07146,6.06674,14.1135,30.5943,34.9652,6.24268,19.7884,9.63213,10.1548,8.9096,4.36601,1.98994,5.22838,6.9542,5.07801,4.34757,1.99979,0.119479,1.96815,3.94724
31.4006,39.3123,38.5762,12.6725,1.84007,16.4268,1.27451,2.95719,23.6845,8.52441,17.6538,11.8397,0.824505,0.427388,0.16708,2.44316,8.33424,11.4103,9.15972,6.20453,0.616059,4.15905
42.1691,37.0502,10.2115,9.16769,42.3372,55.8553,44.0731,15.6834,5.81143,11.1427,6.44059,4.41899,9.43401,8.56192,1.16581,8.32143,4.52873,0.568893,0.0516896,0.615561,3.32188,9.03079
48.8747,59.8383,51.7231,10.2525,15.308,8.25744,4.09853,9.04097,11.2943,7.00293,3.97515,6.13983,3.39853,1.02008,0.17744,3.52304,4.05621,4.21569,3.18372,5.31188,8.52682,8.39527
54.0285,47.7663,15.7701,9.85319,21.7333,1.4982,8.46983,1.02204,16.3936,23.4628,8.04776,0.273994,2.19156,0.766112,4.20432,6.47187,1.6061,4.33966,2.1499,7.51503,14.9083,9.15507
53.8285,71.5669,63.9406,18.8653,19.6037,35.3209,15.6415,1.53719,1.35188,0.0620881,1.05384,3.41657,8.80485,10.5973,9.63041,7.06026,0.052912,0.792514,6.58441,13.5627,9.62445,2.79864
63.8285,57.0587,17.0824,1.44262,1.36484,27.7263,32.0152,21.456,24.2473,6.57523,10.6275,5.02789,2.14079,1.50452,2.40151,1.50207,1.80945,2.48813,1.91083,0.08236,2.11652,2.41158
63.8857,75.9771,53.5106,9.9237,6.01744,7.48728,5.49824,24.6353,45.869,33.3973,2.3255,3.07614,6.05331,10.0891,7.4878,4.50991,6.78912,18.0904,9.55828,7.91119,11.9235,6.31114
62.5355,58.1464,18.9424,10.5224,9.40505,17.358,13.1359,11.7103,33.8189,38.4194,20.2068,9.30481,0.0956814,8.3314,8.92655,0.00881062,14.6612,14.6834,1.73907,1.07126,2.08735,3.07012
49.3369,48.3225,35.9487,74.5093,95.5131,28.7202,3.50224,9.47059,35.7293,45.7841,29.8132,12.349,1.91996,6.13486,0.610949,4.61039,9.17363,0.459741,10.3008,21.1952,17.822,4.03381
2.81621,0.752895,7.94538,29.3168,58.9986,38.9578,4.80949,13.0361,36.414,25.657,14.8215,7.34019,1.42226,7.66058,11.1408,1.7727,4.25096,4.70483,5.78198,1.10818,9.80034,10.9541
10.3135,0.274261,30.3915,15.706,10.3322,12.1577,22.8516,0.346971,23.8879,15.2409,0.527029,2.50125,4.64523,5.35394,1.11724,2.72789,14.3357,14.2426,1.44689,2.29062,0.663105,4.49379
3.80097,5.32668,25.7807,31.7348,11.6692,2.98793,4.0015,2.44772,14.3083,6.42559,7.67223,7.95817,4.81399,8.65009,3.69074,3.48541,11.7609,14.3141,6.28063,1.7798,1.32738,2.91204
10.9005,20.6114,16.2221,3.52905,1.29824,7.83657,6.395,8.09979,3.41911,5.34545,0.556961,2.60029,1.29833,1.77763,2.04271,1.38055,1.70479,1.73436,5.16849,5.45146,0.0670914,3.75793
7.77721,6.64117,11.6726,21.8022,13.9532,0.213395,5.37855,12.9663,8.80621,3.91319,7.49319,2.53068,15.7654,15.0743,0.93858,4.47231,1.30168,5.35784,4.75887,5.55691,11.446,3.85458
1.89434,1.50331,0.513893,6.62668,3.10126,19.1621,21.9451,17.8368,15.76,4.75341,9.83952,11.2676,1.03574,11.852,8.04212,1.07981,1.6412,0.396913,0.535395,10.6667,12.0189,5.37633
5.6207,6.64296,7.26799,1.3996,7.28391,3.16102,7.09016,12.6605,18.3772,10.5612,6.79614,7.65941,1.31408,2.62885,1.17665,0.888494,6.36585,6.75767,6.60836,13.1764,15.2448,9.79792
3.96373,0.380779,8.94472,2.24452,14.8106,17.4336,8.10568,1.73548,4.62213,4.65264,11.1247,12.0331,3.35481,1.22649,2.97981,0.895241,5.28144,2.71171,2.76299,15.877,16.7321,1.03763
3.11777,4.64903,4.06108,9.41591,16.0023,5.24477,7.96666,12.7849,6.43038,1.32596,10.4169,10.1776,3.44303,11.0979,6.25181,6.08519,3.99014,2.41844,3.14205,1.53797,6.46733,4.15587
2.12392,1.65879,4.36054,3.22331,12.7797,20.6415,18.0413,13.3624,9.12698,4.93232,4.29799,0.976198,17.3099,16.9364,6.72609,2.71177,1.47786,1.60165,1.5966,0.269797,6.24061,6.14653
1.45719,0.240899,6.29229,16.1648,15.8897,7.9065,7.17385,9.95776,7.55451,1.64397,0.638453,1.79287,12.1628,12.0984,0.417585,6.61605,3.39815,1.75921,0.776884,10.5004,13.0575,3.18294
0.878261,1.1882,2.26805,7.91685,4.41307,4.79286,5.52246,1.59518,4.7957,2.69272,15.4844,12.8453,10.0835,19.3233,5.33821,3.34599,2.37876,0.581126,0.0498518,10.6756,19.836,15.182
0.530084,1.71881,7.50584,8.94429,5.21607,7.46864,0.572922,2.77471,4.45469,5.34844,14.2289,7.01801,0.16878,0.255605,1.48234,2.76027,0.223698,6.35669,8.00068,5.11815,6.22925,11.4039
0.201125,2.82178,4.08067,5.93885,18.2677,21.1486,17.6361,2.50731,12.6308,5.63677,2.43567,5.49869,9.68879,13.8034,2.82125,2.98061,9.17408,7.49417,2.86171,9.96649,20.4597,18.456
0.583711,2.63625,8.87635,0.788206,12.3214,7.51793,4.09582,1.09555,13.9288,6.78702,5.47788,1.25005,1.3136,5.43074,2.68939,1.8138,1.02337,1.85204,5.97722,0.249971,5.04331,5.13996
1.1159,4.09875,8.19972,1.4546,13.8085,2.66789,10.4485,8.60339,4.21753,4.95776,17.0018,5.66262,21.557,19.4152,4.42913,3.95084,4.79082,1.77078,4.90205,13.2405,20.3602,18.812
0.242575,2.79685,5.59512,2.31852,14.9286,11.5336,7.10146,10.3232,1.12255,2.9215,0.16563,4.7729,13.5192,11.4739,0.0259241,5.59189,5.12563,2.0588,2.52563,10.8998,4.48376,9.50569
0.281706,3.2045,8.34753,6.55406,4.39002,14.5814,20.4985,8.5944,7.06625,9.1183,4.6178,5.4421,15.9044,19.8765,3.50681,2.42259,2.89117,3.54651,8.02798,15.3443,0.123362,14.9888
1.83911,1.3358,2.54539,0.310058,0.451905,0.0856923,4.56102,6.89308,2.83389,0.79196,3.29423,3.21441,5.54673,5.86608,2.04639,0.398449,3.34783,4.53251,0.398761,0.668903,12.3652,17.9179
1.11323,2.80805,7.47141,15.6908,18.3256,6.35684,3.97844,3.47963,13.1338,3.6724,12.5444,4.99,20.5026,21.5187,4.35281,0.68012,0.146377,1.56075,1.3679,2.68494,3.38185,4.84719
0.788019,2.64503,0.715567,0.514599,15.69,13.8719,6.58867,0.676615,19.8598,15.0467,0.540094,0.351317,6.76104,3.93039,0.9982,1.72437,1.15426,4.58812,12.024,27.7215,28.9742,16.3405
0.770788,0.290058,4.9571,16.7036,19.6115,2.07448,18.7566,9.12424,4.33981,8.5445,12.7973,7.60347,11.5223,16.1251,6.13782,5.03764,7.28627,2.43138,5.11372,11.3771,7.98744,7.64548
0.550316,0.828033,1.63261,0.331758,12.8119,10.3722,3.99008,4.92753,4.52577,0.884479,7.60626,4.52974,0.905497,4.16493,4.14141,0.407753,4.60395,4.92685,7.39044,10.6426,1.09816,6.7875
0.583921,1.42077,0.616512,5.09671,6.62793,2.48117,8.62041,7.03015,6.0943,6.37064,7.92152,4.79286,2.83494,3.31593,0.537214,2.10431,1.59548,4.41075,9.62809,20.2537,11.1654,5.52646
0.984494,0.957376,4.5025,3.02443,0.859298,0.173718,1.01572,0.793678,6.0036,10.7781,9.81554,4.47576,0.514995,1.05304,0.340822,1.79327,4.29833,7.77127,5.99502,8.51077,5.30966,0.527738
0.221702,2.16833,2.74505,0.708478,1.31486,0.387033,2.63236,0.326969,1.62578,5.63564,2.04937,1.88025,2.96594,2.1273,1.64265,1.55767,1.86519,0.0211742,7.2583,9.15417,3.83913,1.87131
0.51493,1.92778,5.09816,4.38068,4.54043,3.85042,0.884556,4.82964,1.69732,5.16663,3.70365,0.171722,2.35862,5.7253,4.65793,1.9966,0.633941,2.94273,4.19107,1.1461,5.18678,9.51828
0.474806,3.90018,6.24865,1.2045,1.55618,7.48599,3.77453,4.81728,10.0499,14.1313,11.1184,0.220184,5.80949,0.880383,5.0022,1.00995,6.0172,7.34114,9.41128,15.8548,9.26412,9.39431
0.693702,4.19313,11.0057,2.62444,6.03941,1.47452,12.7869,15.4859,15.7886,14.7833,1.83156,6.4058,11.6901,14.1908,1.35362,2.26051,2.35335,2.51321,1.11392,4.39041,10.0974,13.2333
0.766271,1.71584,4.98696,1.15899,11.4395,8.52723,1.67573,2.89803,5.37065,4.5483,8.40993,6.73507,6.71501,7.93304,3.26102,4.48749,8.15348,10.8426,12.064,10.7103,3.82604,0.259422
1.07025,0.474842,4.24944,2.76561,13.0005,7.06959,3.66485,6.22749,6.45253,0.0485004,12.1793,4.61033,16.1454,16.6678,3.50341,0.284993,0.032623,0.353724,1.076,1.53133,5.23615,6.29818
0.242132,0.378835,0.14124,9.35464,19.1463,21.3542,21.5323,12.038,2.30541,4.02315,10.0989,10.1345,0.0378167,3.89848,0.880556,4.04509,4.90814,1.09353,2.42352,4.2024,6.78613,2.21476
0.205236,0.633334,2.23272,1.56397,7.81407,11.3303,11.4746,3.51001,2.61879,9.63774,16.4396,5.52058,12.0905,14.2645,3.47253,1.06435,0.323074,5.77796,5.86546,1.84487,2.45332,9.85209
0.465041,0.969333,6.77513,12.791,7.8923,3.0815,2.89037,4.37291,18.5275,16.7755,7.78509,6.27646,3.93945,7.79484,3.32881,1.72624,2.93994,7.94376,13.0698,14.2623,12.0969,13.3351
1.0334,1.2168,0.327666,9.92112,8.60634,0.783724,4.6242,11.0385,12.4825,1.32916,5.51478,2.32621,11.8848,15.0604,3.56334,1.66149,2.32099,0.751499,0.540525,8.76055,11.6351,11.3724
0.721687,1.23743,7.56215,5.26541,8.29066,16.278,19.2781,13.4103,5.88348,1.31607,12.7019,10.789,10.1103,12.0082,2.25988,4.1628,5.00847,4.03459,8.98197,9.89261,10.748,12.4924
0.246209,2.99767,6.26982,4.58257,16.9849,14.077,9.75822,0.780035,18.4534,17.9566,6.98806,0.618053,10.913,11.0854,0.604261,2.2041,5.6206,13.6769,15.8383,4.19394,9.16349,11.8228
0.105333,3.8331,9.96225,0.399219,13.1797,3.95749,3.4362,4.92375,9.85506,4.93173,8.8385,8.81121,10.3032,14.9286,1.69881,2.60347,3.86656,1.73455,10.9608,0.971384,1.24377,10.7432
0.181775,2.87653,7.05932,1.87831,11.0757,14.912,6.01364,0.408228,2.33386,0.250295,5.2577,6.22191,6.54161,4.99251,0.887238,0.894423,3.1253,12.4976,16.4179,16.1256,4.82036,10.0311
0.888776,1.82478,4.82468,2.18575,1.49217,5.53516,6.62915,0.200518,12.5937,10.1638,8.76073,9.07943,9.4694,14.2945,5.23026,0.3257,1.30862,5.31202,11.5215,9.98852,12.03,12.1931
0.321994,2.67683,4.82378,6.26814,10.8823,9.64289,5.89238,3.64646,0.88507,3.03118,0.450573,1.5907,3.83886,4.40749,1.85488,4.36422,9.90515,2.16795,8.96482,7.60248,2.20017,5.82775
0.994305,3.65452,36.3084,18.0766,52.7452,29.7381,23.7914,23.2061,11.467,1.18924,16.4746,13.3236,8.1403,11.7676,0.778262,3.90087,1.96005,8.71626,17.4449,23.1644,25.3144,16.4123
1.96707,4.41568,58.7833,190.611,184.103,50.782,7.77007,5.6987,4.94869,0.526476,1.9618,12.5154,7.80853,2.1917,2.83305,10.0771,9.62811,2.33994,1.86185,1.19602,2.31254,5.12215
0.733279,22.2371,104.269,125.574,36.2514,8.93258,6.63469,9.11947,7.01406,4.60001,1.94795,2.37384,3.92687,1.19201,0.995767,1.04174,2.00739,6.16084,9.87823,4.79081,2.35557,2.80428
5.17283,42.1059,69.0196,22.312,9.10345,5.20207,4.08236,3.6498,4.88784,2.3751,1.23477,1.10514,2.30987,2.89499,0.434695,0.0927255,2.07954,6.96241,10.4734,6.27296,0.435844,1.22992
13.134,34.2367,37.626,3.01546,9.25257,1.00054,2.21891,2.72677,7.83204,6.80498,3.95535,0.0320505,5.71765,6.58917,2.1614,1.46042,6.76727,4.28836,2.65551,1.31293,2.43411,4.37604
13.2118,14.1486,6.88575,0.0554975,0.626702,1.38931,1.52622,2.87488,4.27059,0.519279,0.401655,2.01394,0.522998,1.3757,0.580093,1.84056,4.87424,11.3658,14.4767,7.78769,2.68545,5.78279
8.38948,6.49318,1.20659,1.81748,2.41445,2.96287,1.46773,1.62085,4.72102,4.28728,0.227475,0.972401,7.29139,6.87829,1.27944,0.229245,2.28396,8.63969,11.9919,3.31136,1.36359,2.91736
8.46008,5.42775,3.68466,5.96874,0.41992,0.478956,0.0956433,1.02187,4.0022,5.0637,3.05886,0.643086,5.16628,4.68455,1.00907,0.927088,5.47354,2.19426,4.64039,5.26352,13.5523,7.86806
5.84217,5.12066,0.97094,1.77134,0.381872,1.84877,0.306601,0.928712,1.86788,4.37027,2.87844,2.12189,6.77073,8.70166,3.33804,1.77279,6.08302,11.1447,11.682,1.33157,11.2585,3.3416
3.81062,4.0968,4.91637,3.12545,0.530571,0.535554,0.973224,0.704206,5.25428,0.667747,4.04066,1.51422,0.222409,0.474892,0.798753,1.05879,2.56126,9.29504,10.9761,1.60698,8.02386,7.97812
0.703495,0.430412,0.0055115,0.698448,1.03231,0.206226,0.936797,5.36337,12.5611,7.20058,3.29759,2.84654,2.06396,2.22858,0.859434,2.21558,6.10267,5.22602,3.95968,5.58274,4.77107,7.04319
0.262259,0.125636,0.0461919,0.0352539,0.0152177,0.339636,0.38064,2.24802,7.43974,3.43056,3.04571,2.08839,2.41322,2.70931,1.00278,0.878863,4.53081,1.32151,6.02456,5.67929,6.76731,10.5983
1.14937,0.675998,0.305633,0.952981,1.28744,1.29814,0.24208,0.27286,2.12113,0.185497,2.118,2.10425,2.65607,0.9085,1.82075,2.32176,1.41072,4.86484,8.52185,4.85576,0.378643,6.04965
1.17901,0.78173,0.0514515,0.862155,1.48112,1.28249,1.61383,2.48297,0.362431,1.13128,0.360296,0.0860065,0.0985882,1.51444,1.25491,0.488425,6.37684,16.7822,19.3127,11.4329,8.3012,8.03691
37.7679,36.141,20.7316,73.3903,0.317584,52.3149,8.76515,14.7357,6.09939,2.39063,6.29219,9.24854,5.77918,8.24334,1.64439,2.27407,0.419464,6.98477,11.697,4.86423,2.21453,1.896
28.6476,48.0086,25.0257,171.039,127.59,1.3192,11.7886,4.34244,4.98429,7.23872,3.48515,17.0722,12.7097,0.738191,1.89281,3.9552,5.96286,7.23867,12.4315,14.8951,8.39573,0.351631
20.8441,35.1598,153.084,131.462,12.6714,16.5425,15.9029,9.79348,7.13211,9.36115,4.99921,5.01377,3.13613,0.495813,1.21245,0.976333,0.521955,4.51835,6.68303,0.846685,2.75034,0.84999
18.4522,103.864,144.925,41.8511,10.3378,10.0744,9.97153,1.16754,6.26013,2.19054,4.76241,7.46442,1.02519,6.92223,4.26279,0.427332,3.3442,0.30287,7.75367,1.94772,4.71698,5.34265
31.412,37.8606,38.0674,16.0577,1.67124,6.43158,8.50235,5.32236,2.88435,1.09791,2.37794,4.78545,3.96174,12.3264,7.29559,2.63106,3.80648,8.09182,14.0044,11.581,5.46081,4.11829
97.9619,117.155,81.4434,18.4857,3.26699,4.18017,3.47835,10.961,8.53732,4.39427,4.13281,6.89044,2.04841,3.53148,1.31817,0.199888,1.90986,8.06933,8.13093,1.11003,7.61324,8.22452
127.976,126.165,70.5219,15.2828,6.01694,6.25678,4.45959,0.588467,6.8057,6.26458,0.732037,5.88551,4.43757,2.33517,4.18627,1.64159,3.17983,2.55985,12.6434,6.8792,4.17884,8.46044
129.212,103.664,40.1383,6.19192,6.50653,3.09489,3.40493,5.36271,5.30986,7.60173,5.59548,4.96505,4.52968,9.10936,2.66379,0.185524,4.14845,16.6103,20.8032,11.1487,0.259239,5.73035
70.2786,52.3272,16.544,1.8778,4.53979,2.70448,1.58707,10.4243,7.75374,3.92324,1.59896,0.202975,4.78926,8.4638,5.79419,2.07253,0.55119,2.6845,4.17941,1.32529,0.644764,5.87188
36.3736,19.1744,1.40096,5.75258,9.45914,0.322688,14.1893,13.5904,12.7829,8.96749,0.857314,2.53135,9.72515,10.1581,2.88938,1.82576,1.44822,1.75663,0.203366,0.875394,6.26672,7.60244
133.721,89.837,15.4851,4.68093,7.40693,9.46103,3.67335,6.34816,8.82186,1.52283,4.8179,5.16976,0.268333,6.30137,2.8543,0.444634,5.01697,12.3455,11.9963,12.256,9.68607,0.568096
179.967,142.287,48.8536,4.8479,1.38668,5.73483,19.085,16.8637,0.315644,4.1721,0.464011,2.90652,5.64979,4.27949,9.08458,1.66769,3.8201,2.17354,3.27378,1.76259,11.5891,9.41476
146.397,130.548,57.6302,7.13345,13.9051,8.69033,10.7886,11.5983,0.544295,5.2117,2.80775,1.34254,0.0332287,0.679974,0.832354,3.2045,14.2387,30.8433,25.3084,5.00225,0.913419,5.60095
24.2607,29.7211,17.0157,7.46339,18.7968,13.6149,8.08926,4.54448,8.31948,11.6798,5.23212,2.21428,0.637283,3.08877,0.0917327,1.99826,7.40526,13.4727,1.87841,3.11911,4.71773,6.13049
91.6117,84.0929,35.0157,0.809276,18.6085,17.6985,7.51616,16.6524,3.25886,2.62322,0.25319,2.47983,0.774307,12.2721,12.9848,3.18574,3.05909,5.55865,2.43766,1.81328,1.56873,3.0883
151.963,135.476,53.4905,19.6406,21.1171,12.7769,13.2105,13.4508,9.45378,3.17665,4.82879,9.77317,8.98879,2.36178,0.157471,0.253839,7.18424,21.3871,16.6102,3.57235,1.42165,5.29154
106.594,77.1332,10.2947,18.3684,6.94983,4.79218,1.57813,8.69156,7.52926,2.5271,0.503085,3.66593,4.35827,3.34011,0.111227,2.58984,9.27884,20.5323,9.94896,5.13662,10.9966,6.55031
4.88037,14.1304,26.1806,3.6726,11.247,13.6093,23.5422,21.3965,6.051,0.889313,0.882287,0.884246,0.870618,10.6425,13.342,3.00805,10.3443,16.9301,9.84898,10.6425,11.5788,2.24353
33.5457,29.8113,6.97758,7.42936,9.67523,12.5794,4.96738,7.25086,3.57268,5.11475,0.0347898,2.41824,8.13116,12.3013,3.39046,2.36562,1.26307,4.21271,9.13301,9.04121,10.4839,7.42516
2.79353,24.6055,45.996,32.5057,18.3597,3.26972,21.644,14.3277,2.47543,5.69791,0.261955,0.0206366,7.61405,11.4345,7.30042,1.65642,9.55586,16.2292,9.5058,0.637336,3.49043,0.194882
24.3317,44.09,47.8478,11.9933,10.769,6.85511,12.0684,18.4612,3.88352,3.15661,1.33305,7.21102,11.6072,17.2171,14.8981,6.18081,19.4443,27.5625,9.98134,8.50981,16.4862,8.57426
11.0501,11.4584,7.30513,1.87369,9.33715,10.4103,3.97523,3.14689,8.19293,8.49787,7.10004,9.68018,14.0413,14.964,3.99339,1.92577,17.5942,31.1652,10.5923,14.6621,16.2934,2.00626
28.7253,55.8491,60.2436,22.9153,5.91444,5.10361,6.06509,14.1314,1.62134,8.02361,6.09465,9.42287,7.27333,9.07563,10.5767,1.56227,6.76613,24.4951,17.9529,2.65818,3.10817,0.783626
14.0863,29.4643,41.4152,32.3601,20.5431,6.4545,12.2741,20.9192,13.7388,5.20816,2.80416,6.49999,3.35759,17.4718,15.8263,7.87018,8.38764,7.61663,2.10264,4.63639,4.37455,2.50455
25.0283,41.8476,22.0472,12.5205,9.60388,25.5811,13.8686,2.2735,0.950455,0.654053,1.48239,2.24046,7.63479,16.8246,6.55439,0.107813,11.8176,14.9744,0.14405,4.55822,3.41174,2.46341
33.3379,58.0458,42.0028,13.8219,20.2073,12.4014,21.2579,22.9544,12.1643,6.72056,0.298664,3.32807,3.62793,13.8208,16.3535,6.702,11.5688,20.9471,12.4524,0.853916,0.172672,3.66934
3.91371,5.90046,7.93044,2.34188,4.32492,7.65168,25.1311,17.6291,0.770915,1.11824,4.35664,10.0609,2.34643,5.32085,4.32843,1.35491,4.48552,8.80243,3.26801,1.36122,6.66118,6.28101
37.1928,65.4386,51.9905,0.189475,4.67399,8.77993,19.6938,14.2102,2.18142,3.04999,2.07863,11.8376,7.9587,3.06904,0.338381,2.23756,2.64264,4.06734,11.4944,0.195746,8.13295,4.32572
17.4576,33.6013,16.4465,15.4355,1.62534,1.23257,29.3464,29.8064,3.92219,3.66035,4.55563,12.9881,9.24163,11.8511,17.2381,5.88156,11.5412,16.554,4.23706,10.4702,15.7742,8.90812
22.8674,45.6376,58.0378,39.8389,18.1236,12.3321,16.8271,0.0155037,3.98721,0.453677,0.492004,8.60809,2.51874,5.91994,1.11474,0.569361,10.6166,19.3704,11.4085,2.75776,4.87687,0.483568
32.9869,65.662,70.2898,18.5055,7.88983,4.30733,10.67,14.3152,8.58653,14.3401,5.54752,0.79966,8.15265,7.17478,2.6559,1.52861,6.27388,4.12819,4.07314,3.73882,14.9616,7.58559
0.839115,2.41546,7.45537,4.68547,12.9712,22.3288,2.17536,24.3281,15.3959,3.21705,3.26143,8.48473,0.130327,12.7322,10.0041,2.66938,13.9297,36.3824,27.6794,6.05679,16.5898,1.98927
30.1017,63.2319,71.951,30.816,12.0382,14.4926,12.4671,3.11242,3.58544,1.41032,2.67409,14.1857,5.7347,8.59286,3.37327,0.860212,10.131,11.4986,0.342367,8.81728,18.4799,9.25428
21.1384,45.0546,60.4725,38.1841,19.5224,13.8561,6.5794,25.5081,15.1638,0.834101,11.8949,18.5767,11.7453,5.62417,3.61434,0.520499,1.80068,5.41902,5.90431,2.78798,5.45771,4.98518
20.1812,39.5399,24.2111,9.16043,8.13609,29.9927,39.9602,26.3876,3.96867,11.2514,8.08259,14.5876,20.244,20.2662,8.03316,1.56151,10.0895,12.3259,5.11966,10.6241,4.86292,3.18581
42.7983,76.2037,65.4337,2.07146,21.4445,8.45481,3.72359,9.91524,14.2545,13.5764,9.67419,10.9011,15.3391,23.2998,18.9007,7.087,18.7376,36.4213,26.3411,7.57141,6.07483,5.06467
0.781342,4.47491,9.28547,16.0128,18.2718,10.7193,47.1654,33.9026,1.47227,6.96567,0.406444,0.122567,0.894957,0.733421,0.823584,0.440075,6.79411,2.78567,17.1207,13.2295,3.03724,8.1891
36.8754,70.3566,50.5791,8.90678,2.4793,4.15922,9.89864,17.8428,9.01838,4.50425,0.653627,9.16404,10.6378,3.994,3.77424,1.93778,6.10645,5.63242,1.99421,0.257583,0.224116,4.82782
26.6752,49.1816,28.0541,18.4428,11.6954,17.9216,33.9999,18.1921,4.13631,5.01726,9.26727,16.95,10.2615,16.3261,19.2065,6.87219,8.76517,5.28348,6.26597,15.4737,22.3401,13.8551
18.3885,39.9319,50.9538,34.3226,18.4159,2.4255,15.842,31.9212,21.9914,10.4209,9.64669,16.8645,16.263,12.6696,2.82961,4.1827,8.42879,17.331,9.08318,8.53568,10.9635,2.97709
37.8606,73.105,70.7405,8.91689,22.9718,26.4648,9.02529,2.34575,2.22124,1.28569,7.67638,16.689,20.1562,22.6417,18.2093,3.41615,5.56997,24.0467,20.9052,0.947363,14.2634,9.43892
6.64182,8.2331,3.69888,6.32014,18.9507,23.1625,7.98061,24.1272,8.91938,0.130137,2.97714,9.40493,4.40176,11.203,14.8181,5.11632,0.160451,2.64689,7.36457,2.6055,11.295,0.685101
31.9181,65.4154,74.7935,39.7014,20.8895,4.60761,13.8527,21.1137,4.83063,11.3054,0.954428,0.981517,14.4626,23.3946,7.02259,3.22969,5.06828,7.97605,0.642197,12.1436,24.9673,13.2066
29.8778,53.3755,59.3701,25.1226,5.03327,13.5804,13.4188,0.541072,4.08068,3.11953,1.51247,3.41596,13.495,29.5798,24.9969,5.80944,7.60833,23.21,19.7429,5.12857,15.6049,7.09093
13.9761,27.4862,21.138,7.42766,11.0041,2.42074,26.6096,30.1295,3.51499,10.244,15.8376,18.2553,9.12208,5.65546,6.17093,6.0411,13.2282,11.6517,5.51557,9.47756,2.17331,0.240539
33.7727,65.7119,66.9229,24.343,10.7511,22.0673,34.8483,22.8044,8.69033,6.14914,1.19939,11.8221,5.3613,2.57303,2.90418,5.57362,12.7362,21.7025,14.737,5.02807,0.388611,2.85681
7.32709,17.2452,28.8728,32.4352,29.6471,6.80862,21.8862,23.9629,12.9318,9.45746,10.0544,14.8716,9.15242,10.0267,14.4258,3.65128,10.5047,17.176,5.75252,2.28278,3.35925,5.42547
28.6104,55.6613,39.2405,1.56378,21.9885,34.8485,43.2824,36.8645,10.6133,0.394212,1.43711,9.20289,1.58172,16.3448,11.7882,1.45543,0.441132,9.06665,15.3736,10.8855,5.31875,3.11212
29.3672,49.1318,32.1745,16.5737,23.6597,16.2803,9.23577,4.55277,7.86632,8.04267,0.0781475,2.95605,11.1305,21.7883,9.99784,0.0653811,7.79031,18.7327,17.4086,13.0728,10.0188,5.92075
11.3782,17.9821,13.1979,0.530172,1.02203,13.3209,37.4001,30.4331,1.01037,4.98215,0.926084,1.29,8.2956,9.51001,2.2407,1.05345,9.84705,17.3879,6.98551,2.81242,5.19374,2.68231
32.0896,60.9524,46.6475,6.28131,6.76582,2.79284,12.7929,19.5082,11.1733,3.7149,2.1419,0.547014,8.15183,13.477,7.8542,1.28747,3.76594,7.85972,6.89272,4.54107,5.23331,1.44206
10.5516,22.4005,10.9691,12.4691,0.788607,2.3872,19.1035,20.4008,6.94717,3.29986,1.77483,3.44723,0.878935,4.29789,1.40602,0.660339,6.73864,12.6326,10.7466,3.86966,1.51522,1.98276
21.4501,46.4691,55.5355,35.8007,25.3598,12.7349,22.0957,27.3844,8.74172,0.302308,2.33113,4.22482,5.7657,1.10807,4.14993,3.69844,6.43935,2.61432,5.83473,5.32798,1.23068,1.306
27.1272,51.6101,55.7887,11.2891,21.9175,21.2174,9.71842,7.22544,7.114,3.95256,1.87477,3.72206,2.1464,1.5994,3.44033,1.92515,1.54971,4.65793,5.29602,0.586632,1.90147,1.64435
3.91517,8.23681,5.00741,14.5928,24.0297,4.78645,24.5592,20.7562,5.0623,6.52669,0.514435,4.73582,5.72044,1.55102,0.284712,0.915178,0.90883,1.87745,2.06344,0.0517076,0.670939,0.0908198
27.4335,54.651,50.5337,11.71,7.69091,2.81089,1.66925,5.28004,8.59717,4.95207,2.08291,3.78918,0.19421,1.13815,0.488095,0.0510816,1.61199,2.3792,4.33756,2.80497,5.45935,2.41787
4.62668,28.8216,41.582,14.5803,15.8598,2.42576,29.2434,20.1016,7.61566,4.05137,3.62769,3.66004,1.46474,1.85567,2.49183,4.1193,12.0221,5.56605,3.44196,6.20607,5.97477,2.30075
46.4465,61.0426,50.9229,48.9628,59.3499,20.8813,2.64288,24.4305,43.1858,34.5229,17.2142,15.8037,11.6768,1.03374,4.1671,3.87348,6.51961,1.55163,6.02429,3.49527,1.33776,1.97187
13.8573,27.7534,55.709,28.8587,9.48558,6.12123,8.52198,4.63803,4.23333,6.01757,1.06024,2.68197,3.67189,7.30829,1.49218,8.01442,14.2934,12.3156,3.61323,3.3076,1.53559,6.40609
7.45778,26.5703,50.1051,34.6035,2.13741,5.75787,4.33246,10.8409,16.9159,13.1737,1.50148,5.66084,5.91352,1.82134,1.68547,3.05314,0.729186,0.718496,3.30333,7.27319,6.22231,1.66446
30.5111,73.9472,75.7228,15.2357,0.281352,9.88375,7.4479,3.41555,15.9461,14.743,4.07261,2.28192,3.39653,7.14229,5.39413,1.46682,6.98309,11.3186,8.22691,0.234556,0.673104,4.30133
19.8106,21.5854,12.6831,7.85975,10.7305,0.268834,2.45292,4.17428,8.85883,5.4133,1.33486,2.16127,3.26189,9.22827,4.00885,2.71902,5.39826,0.864575,5.04309,3.44499,1.66922,1.02534
43.758,42.6193,21.0875,0.399572,4.969,12.3422,5.53395,3.17126,1.13196,4.69301,3.01149,5.64473,3.95261,5.09637,6.8601,0.910545,3.43641,1.01434,3.52597,3.11172,2.11684,0.270497
22.7439,11.9536,0.829302,3.69058,8.45743,13.037,11.7081,6.03974,2.47833,0.317271,6.36727,11.2711,8.47155,3.74037,1.2482,0.50978,0.292116,1.78535,5.3294,2.88231,1.09924,0.0526361
44.0769,40.2965,15.0658,9.17114,8.51404,2.93433,6.05318,1.96611,4.35622,3.95284,2.82018,9.06119,7.4689,5.89197,5.48643,0.268386,12.1556,21.964,15.1235,3.2444,0.797294,0.947576
122.493,89.735,19.1906,9.13347,0.600045,9.39,19.1519,15.8094,14.3837,9.30558,3.07162,3.31266,6.12062,11.3357,9.15738,0.987627,12.7977,5.55593,8.65022,3.67652,1.0312,0.766218
135.012,95.8798,23.2355,6.21555,3.76426,5.79689,8.86182,5.99101,2.42242,2.81757,1.08238,2.34363,3.28542,10.4365,6.77897,0.258873,3.52758,12.9807,9.37832,1.50909,2.71778,3.73901
75.1502,55.4602,17.1244,0.695906,2.31736,10.3298,15.6917,6.91392,2.7666,2.13198,2.69267,4.36323,1.84742,8.05718,6.22377,8.3539,25.9875,24.5562,3.61497,1.37482,3.73451,4.25064
11.8964,3.48295,15.1612,9.94359,4.00221,1.77387,4.73512,8.38853,0.538278,1.71308,2.36548,7.59575,9.12225,8.85984,7.25507,2.53079,23.921,27.1163,6.21673,3.31803,2.50286,0.296191
29.8182,11.2458,10.6267,8.14853,4.42629,13.384,7.82689,2.99895,7.02409,7.47699,8.43826,10.1096,10.5626,13.8183,10.8803,1.13747,8.15272,14.0058,8.91654,3.43104,3.13458,0.801367
8.07453,2.62629,3.95822,4.60356,7.34946,10.3737,1.41889,7.17154,0.467393,4.78197,6.04565,9.59286,10.6396,11.0185,5.38448,1.78847,11.9123,19.1759,11.0272,1.0119,0.355281,2.18978
0.13846,1.69931,3.5256,5.57932,3.87408,4.4886,0.560178,6.23981,0.466386,1.6317,3.61154,8.14764,2.72421,3.28105,1.92219,4.71829,24.9877,29.8156,7.92172,0.381286,1.119,0.521794
3.27113,5.5727,9.19423,7.42613,3.5858,9.66969,10.627,3.62595,3.74755,0.888559,4.78711,6.32712,2.18916,12.183,7.32414,1.28341,14.0532,23.7012,12.3368,0.542057,3.80614,2.50882
2.00028,4.27912,9.21203,6.6362,0.277192,0.599114,4.26217,13.4063,12.4116,3.86834,2.68777,0.226118,1.40345,9.59959,8.90039,6.66248,10.9664,11.0587,7.24062,2.49157,0.955647,1.31307
0.123135,0.909206,4.49727,10.0861,8.86326,7.02495,17.7016,3.31765,15.1628,11.6961,0.611991,0.497344,4.9638,12.019,9.16074,2.84858,7.07463,10.9538,4.4333,0.605967,3.26035,0.407923
0.425419,1.7642,0.38754,0.784387,4.70915,1.18305,8.21057,5.60872,4.5985,5.35995,0.351597,2.53237,6.26467,7.799,4.67445,2.84978,3.99056,13.7553,11.3817,5.79577,2.85686,2.87998
1.66107,2.23156,1.96849,1.00261,7.36415,17.4638,21.6097,6.4092,10.5209,7.01381,1.32898,0.960695,3.90895,5.92457,1.21186,3.08929,20.5345,25.2337,7.76906,1.38886,0.915626,1.59036
0.183974,0.796048,5.62685,9.63694,7.78485,7.86064,9.82241,1.8915,22.1771,18.1688,2.44343,1.68572,3.63945,15.9759,14.7611,6.74618,6.2829,6.12783,0.956546,0.813662,3.167,2.40418
0.0935239,0.00310342,7.95462,11.9938,3.93567,9.62779,20.5673,17.6901,11.0354,3.40725,3.64896,5.61392,2.46618,11.7006,7.20097,1.14392,7.61176,6.6704,0.295883,1.00746,0.740588,0.523053
1.14692,0.385954,5.92664,10.2862,3.10379,4.92255,0.943318,5.30857,4.7296,2.69666,3.32837,8.56109,0.194908,11.325,9.16845,2.48823,1.51061,1.26494,0.50578,1.1968,0.752846,0.894558
0.214543,0.344912,0.12415,0.362149,0.604029,10.1864,18.8553,12.0143,3.05763,0.761069,4.26098,11.6191,1.50947,7.92006,5.2347,5.00275,5.06778,4.3644,2.60891,3.35281,7.14024,3.66109
1.50262,0.320698,5.95713,10.8146,5.46171,4.40502,1.6405,4.12786,1.66115,2.75411,7.95961,16.5115,8.21544,0.0297436,1.13326,3.08025,5.69106,5.27722,10.3386,1.71739,2.10245,1.58935
0.0292871,0.582993,6.29985,6.24406,4.83981,10.4008,9.29515,3.62136,5.69688,6.37647,7.02391,14.2924,9.92703,1.3422,2.16852,3.72838,3.93982,10.0511,11.8266,4.92181,0.95965,1.59435
0.209092,0.65958,3.77262,7.49562,9.83803,6.82844,3.80038,10.0901,4.63865,2.14699,6.33133,8.59089,4.88877,1.52551,2.18477,5.64087,4.31183,8.07824,8.10224,1.90567,1.60018,7.00307
0.191214,0.16296,1.9773,6.17716,5.49944,3.59128,8.33173,8.17799,9.36376,3.34164,0.718456,0.353624,0.779324,4.48607,2.58485,1.87111,2.75874,16.2714,12.7714,0.380619,0.288776,0.0581209
0.245737,0.156213,2.81622,5.70164,3.51055,5.14195,10.0762,11.2771,19.479,18.7541,5.1308,1.37266,0.367356,0.0982624,7.56896,10.4076,20.2345,26.6797,10.5277,0.286673,0.53058,0.254748
1.02286,0.83393,2.43065,2.74506,5.6301,17.1205,15.7347,3.36847,4.70115,4.24896,0.885813,2.53292,3.07809,9.28175,9.18287,1.57069,20.2613,33.0625,22.224,6.0803,0.157669,2.22755
0.259697,1.10245,6.53995,9.72114,6.10614,4.41607,1.69618,7.14268,19.0438,15.9172,4.76973,2.82685,4.62493,10.5403,7.84404,0.469732,6.88841,5.11246,5.39467,2.38492,4.97072,4.4433
0.291888,1.13819,8.4459,12.6809,8.88243,11.9612,9.72278,3.31436,7.39426,6.95269,2.14126,7.98617,9.42603,11.7644,8.81891,4.57419,8.22458,6.25539,1.03865,0.201789,1.66903,3.71154
0.00143299,0.222741,3.86595,4.68286,5.1774,13.344,9.17035,0.372385,8.10974,15.6539,7.56809,7.52227,3.83464,4.34273,1.54971,6.79037,18.5152,17.9384,4.89484,3.60368,7.34527,2.54915
0.404786,0.475065,0.143417,3.64089,7.4175,0.132951,4.83612,1.64699,14.1439,12.8786,6.07514,15.5602,2.85513,15.2735,14.0359,5.95929,22.7331,12.1322,1.2991,2.74765,5.71625,4.76104
0.718785,1.11408,1.54928,7.39709,6.50029,9.47367,17.0472,4.665,18.923,7.3362,1.89316,5.3478,3.24526,13.4059,13.4925,23.2063,38.336,28.021,5.68971,3.62867,5.66341,7.98775
0.582425,0.227088,4.35057,5.66808,1.58803,1.62687,0.774699,10.2042,12.024,1.3579,0.578881,0.383301,0.695741,1.5002,4.28681,12.8589,34.06,31.3109,2.87855,3.1182,0.260461,1.21436
1.0522,2.78586,7.47052,7.69024,4.97312,11.7855,18.3438,16.1127,6.59113,2.68495,3.90671,3.20388,4.7318,10.3034,7.07083,12.5783,0.535938,24.2694,17.7813,3.57212,1.3847,4.06026
0.330057,1.39124,3.65895,5.2405,2.72246,3.84216,4.04056,4.63074,7.89738,1.78452,2.10511,9.99604,1.78308,14.2305,9.56559,7.44761,8.86006,1.16848,3.90427,0.71964,0.977915,5.24543
1.50151,2.90522,2.83076,2.4461,6.03295,10.5188,11.3921,2.80563,18.1123,10.2694,5.22162,12.0059,3.50916,10.3267,4.47248,2.30237,17.7782,26.6417,8.14551,1.27623,4.17175,1.36761
1.11736,3.24673,6.47455,3.76184,6.21601,12.5658,5.47162,13.0835,28.6806,19.5914,5.83138,9.81415,8.12005,0.791884,0.279667,4.85009,26.8751,25.6738,1.31113,4.95741,1.62978,1.65497
3.07869,3.50918,3.12924,11.1632,7.88359,0.399303,3.56089,4.88288,5.46481,0.958912,3.75103,6.02862,5.47088,7.25516,7.91624,12.1732,18.352,6.68491,3.48987,0.998075,4.04377,0.731619
2.16714,6.1301,1.37281,5.46798,1.61296,6.39225,6.51405,4.03903,12.3306,12.6996,4.27774,1.98863,0.951964,9.498,5.93879,5.04371,5.18695,18.718,8.01014,2.74545,2.3096,2.52816
3.20226,5.33352,6.14953,3.47376,0.715584,5.33787,7.24372,10.7196,9.8831,3.90639,7.64905,7.04727,5.63676,11.7068,7.56536,4.11315,23.1198,22.9644,6.43251,2.93021,3.59115,2.15786
3.95116,10.9775,9.05633,0.372388,1.26112,9.94635,13.0062,10.2833,37.7331,17.3232,16.9596,13.9675,3.50745,15.1845,9.99737,0.86563,7.25351,22.5917,20.171,5.6166,1.00272,1.37258
2.65601,4.81569,8.27097,11.8678,9.51447,4.53839,19.4402,3.50642,41.9599,40.7856,6.92081,4.29994,4.12693,3.80205,4.69305,6.04462,53.5287,73.2684,18.7549,7.2715,0.832183,2.99053
7.39645,17.6328,22.5022,8.42763,6.65603,9.85166,4.98911,0.627698,2.1175,2.27203,0.694656,9.77425,9.45608,10.8144,4.48027,0.782493,49.6307,83.0295,33.3857,3.85086,5.63724,4.4829
1.4306,0.768442,3.20933,6.03258,5.93036,6.73937,10.5112,10.3104,55.0081,46.644,3.80115,6.61728,5.22435,11.3811,7.03486,6.91424,34.0563,38.0305,10.0396,0.493047,1.49477,0.186824
10.8991,22.7576,21.6785,4.59318,1.86515,2.64272,7.22498,21.2826,49.519,38.136,8.08256,3.56104,6.9542,8.56204,5.55542,11.6662,53.878,55.9276,11.3699,3.39239,0.881831,1.85137
1.25186,5.76893,9.65472,5.29119,1.40454,6.58203,9.64685,3.59539,2.84621,3.16291,0.813196,0.787169,2.86994,2.82466,3.50346,2.6755,57.1916,77.8721,22.4178,1.38755,2.6628,1.54099
14.2679,26.7087,20.8147,2.54308,3.22193,2.53878,4.26301,15.5794,42.565,33.8994,3.70467,1.03907,0.471252,0.471492,0.256501,5.03509,26.6052,27.9871,5.05505,2.8464,0.982002,1.02673
7.40965,16.9232,13.2329,4.19036,3.64048,7.37327,7.77564,11.0504,33.9479,29.671,2.15949,6.64148,6.67404,6.05053,4.76829,0.143817,30.938,45.2524,14.0087,2.38077,1.10843,2.15028
12.6296,24.4237,24.6831,4.42001,5.90157,5.96567,4.23161,6.17736,11.401,11.0229,1.35796,4.11746,3.1524,1.78914,1.26806,16.2332,77.2018,94.0273,31.7275,1.0764,0.0236918,0.597208
14.2042,30.6031,28.7574,6.06686,6.51532,10.4028,5.45226,12.1585,34.728,29.6277,6.58088,3.74151,5.33384,3.81069,0.911469,7.21616,3.82372,37.7282,26.4886,1.52555,0.59708,0.327319
1.4865,8.12618,14.2768,6.77755,2.38954,1.40084,8.63616,0.606009,13.3332,6.0496,0.394612,1.29345,0.0829388,1.50347,0.954473,0.226953,10.6955,31.1667,16.63,0.279249,0.101586,3.12534
16.8129,32.8418,30.8355,7.87437,6.15643,5.55581,2.13109,10.3078,12.868,6.86697,1.07814,2.43861,2.79515,0.357487,1.88461,5.0066,64.9622,108.69,57.408,9.20868,1.51625,2.34415
0.659194,9.39286,7.1878,1.36658,5.1628,5.44273,4.20136,4.60224,15.519,11.4629,1.16555,3.52456,0.860367,0.90851,1.83214,1.73883,61.9962,109.465,48.6521,0.507538,0.169641,1.14922
0.593421,12.5076,39.9193,19.4811,44.0955,44.0189,1.87026,14.5573,17.2993,8.97007,6.59616,17.1863,11.1538,5.67915,12.6155,9.73322,20.4169,49.633,24.9311,0.811777,3.29023,0.498956
1.71348,40.0043,102.343,115.726,62.0872,2.21807,16.6106,3.33613,15.8773,15.2447,3.07842,11.0115,2.51316,5.68733,2.63217,4.02107,10.3557,5.51688,0.167012,1.68758,0.62324,1.74692
14.4642,87.0205,149.478,61.7652,15.9788,11.1696,1.67318,17.9762,33.7438,25.7025,5.84856,5.19863,7.36393,7.22647,5.76692,0.56935,7.90336,8.19051,3.2075,1.95693,0.809038,1.80436
28.6034,72.909,85.0325,21.4381,6.4344,2.16966,1.90118,4.41056,6.73925,5.9771,3.89623,2.00465,3.89457,11.0187,8.13563,0.623189,16.8986,26.824,8.307,1.94712,0.849914,0.226838
75.8449,101.556,70.1436,4.41195,3.39321,4.30866,1.20544,20.4557,39.6743,28.9475,7.53303,6.57947,3.70156,4.42229,1.50364,6.52586,42.0261,44.8167,7.22064,4.05682,0.347551,1.36343
57.0557,76.9995,55.8788,11.5627,6.39195,4.0558,14.8122,11.6036,18.5492,21.6541,2.19886,13.9722,8.69724,0.538652,2.88744,10.9091,23.0118,10.697,11.4352,9.63306,1.92525,2.01368
72.605,73.7467,39.5102,2.69477,2.04993,1.56964,11.2609,4.7946,13.9087,18.7816,1.44169,13.8115,9.69635,6.6029,3.06099,0.179609,20.0713,28.7554,15.224,8.27297,4.62653,3.10098
110.823,84.1623,23.0368,1.84152,5.12951,3.18633,14.5378,6.87502,22.8311,27.2881,15.0542,15.2048,10.5579,7.97291,3.77508,1.67806,4.79219,1.15403,6.08783,1.01776,0.885058,0.194303
146.114,99.1772,20.0619,6.09646,4.44099,11.4802,20.8434,20.0023,5.18686,0.369417,1.46302,8.44942,9.39915,5.19897,1.42285,0.134996,1.79195,18.0997,19.9945,2.51273,2.36192,0.102591
119.283,92.4294,27.6493,7.34808,0.378515,9.42418,6.51215,9.83075,20.7325,15.1604,1.69515,4.26474,3.42256,4.75944,8.63672,5.60367,15.59,3.13031,14.6664,6.01864,1.73003,1.96233
32.8278,51.4375,32.7771,4.62039,3.00763,8.1339,8.93054,13.5109,12.2058,5.53803,1.7461,6.44477,8.49646,5.30549,2.75168,3.30553,15.7411,7.59008,2.76933,0.874864,0.246327,1.30953
40.8395,6.53763,13.2064,8.88336,16.0024,17.0412,1.2512,11.7169,0.509104,1.20697,3.27113,13.9098,13.8191,8.29047,5.9265,2.67021,20.2079,20.5653,5.78445,2.95088,6.81346,3.08165
44.005,43.6302,27.3037,4.72052,6.32068,12.3616,13.7585,10.8536,12.2178,12.2174,4.18582,18.3183,9.89267,4.98947,7.91393,4.40135,5.56697,7.69551,3.58709,1.89012,2.45547,3.72268
25.7684,46.9134,39.7422,5.13218,1.1747,7.3439,0.870287,6.01057,6.34667,7.32324,6.84389,17.3193,5.65952,0.849921,6.08805,7.4101,19.2359,19.2029,3.7889,0.455623,3.70432,4.1476
5.72593,7.09226,0.40995,6.08158,3.50206,18.5816,31.2349,34.5788,38.6655,27.4069,12.3853,16.4558,8.99716,3.37542,5.07685,4.75533,2.01221,9.09572,4.17548,1.3414,2.18846,0.574796
22.2636,41.5622,44.7225,22.4007,14.239,4.25527,6.98888,6.39765,2.90821,8.2938,3.59469,4.39343,5.3139,4.85844,8.40437,10.592,11.0148,5.06704,1.34758,6.96579,11.7683,10.1659
17.2982,33.2653,39.7024,15.1688,3.91922,9.65372,26.1603,25.3179,34.4719,25.7876,6.20235,6.86705,8.43036,14.7834,15.2134,5.28865,7.68196,10.7883,3.54209,7.85978,10.8123,6.19936
15.8896,24.3395,14.4138,10.0639,11.4066,4.90608,16.6393,17.1642,13.4817,19.3384,3.45453,17.9869,23.4838,22.7588,8.07121,1.92525,15.6864,15.5446,2.96408,2.6963,6.30164,3.55419
27.7972,52.653,47.9064,7.87992,4.96054,17.7298,17.0186,8.10149,2.63458,0.22265,8.02229,19.5075,22.2861,24.9933,19.8945,3.92875,1.55629,0.731803,1.77002,3.40062,6.79296,4.4821
5.04387,11.806,18.1959,15.4265,7.21589,3.56239,9.11389,26.1232,7.67274,4.5084,4.25342,12.8645,7.61078,5.24889,7.9331,4.32778,3.08467,0.345121,3.63199,6.07824,8.13285,1.18175
26.0659,48.1674,31.8813,8.49076,6.57632,16.216,5.19327,18.3277,19.0194,14.5888,1.33869,3.89932,7.83707,16.2655,6.3071,0.125438,2.28291,6.71381,1.26882,8.78752,12.5857,5.942
23.4219,43.7239,29.1464,18.1326,25.7937,20.9254,15.5027,0.32483,14.3258,10.5855,2.40297,8.18782,13.4526,25.1867,21.5673,3.18794,8.39552,8.97589,3.78513,4.43665,4.23746,0.559162
14.8707,25.3056,28.7769,8.02431,11.1375,11.8016,16.5139,23.2883,15.7419,8.75328,3.70405,13.7587,6.6856,1.1432,0.587356,1.54068,0.390883,1.64964,1.85667,0.619026,3.20907,7.89634
33.3877,65.6721,60.3514,13.6694,7.03952,5.51153,26.7492,16.6049,12.5063,14.2598,9.02239,17.6732,7.57053,3.60455,3.18165,4.87487,8.50582,16.6369,8.06427,2.69055,0.52675,5.83997
11.5731,18.1248,8.15864,9.95703,4.55152,6.45446,11.6541,7.0086,1.49164,2.59384,5.015,14.9837,8.309,12.0039,13.5884,3.64881,17.8082,29.8364,10.8978,4.59452,6.52435,4.85942
28.6571,57.0911,65.315,33.3097,17.2333,0.456428,25.8688,23.3828,3.81854,9.92537,1.51268,9.34998,4.71174,8.52907,7.15542,2.97191,7.34854,23.7243,13.8169,1.96019,7.56438,9.77124
26.7977,53.9007,64.4295,24.6658,4.17238,2.80856,4.20762,8.99755,8.39332,2.93315,1.08345,0.526735,1.60703,7.75722,4.72677,0.807019,10.0281,22.3792,12.5408,7.42241,7.83979,1.9018
8.99769,18.7609,8.99124,18.9793,22.1565,10.857,10.316,12.312,0.726789,3.22432,3.2385,8.51551,7.93675,3.07742,7.40208,2.80835,5.74159,15.1214,7.88534,10.6172,19.0231,8.5222
35.9443,69.4707,64.9633,15.934,14.4985,19.5841,5.95654,3.58157,41.4404,39.8693,0.89816,14.4917,0.497867,19.1346,14.8555,4.07611,0.22637,4.13534,1.59676,0.218878,6.09159,0.090816
10.6025,23.2132,32.9474,22.4099,0.512741,19.2008,29.0401,46.8868,42.8561,0.332465,7.45796,18.7358,8.696,6.69289,6.1642,1.83197,13.8105,7.32652,0.0403639,7.11415,14.298,10.6003
29.7142,55.371,40.1921,1.85233,13.0001,21.811,4.0248,9.30989,33.11,28.9594,22.3433,26.4216,12.7112,1.65544,8.57573,7.34447,10.6679,16.9707,6.07298,13.2461,22.0148,11.2716
29.185,55.8231,44.2051,4.70097,11.9713,19.7832,37.2231,36.2081,17.4498,3.59195,7.5113,21.4138,22.5656,12.6965,11.298,19.254,19.4079,41.2868,15.8638,14.412,20.062,3.52505
12.7657,21.3072,17.6909,3.69261,12.3021,4.95252,7.31271,20.154,20.8044,8.23186,3.79851,13.286,12.5428,10.6469,6.71659,6.03065,34.8609,46.5746,17.6661,7.00902,14.4438,5.70302
38.9161,73.1949,48.34,14.5595,1.1378,9.02975,41.7121,24.8501,5.59592,7.28028,5.85277,0.89204,6.64902,2.54051,15.4826,18.0149,12.5347,9.41478,2.44571,1.12442,2.47207,10.1712
17.9256,30.0245,5.74514,37.5438,28.4298,7.18902,16.7592,28.6627,10.5299,2.61553,5.84586,12.458,13.2829,16.9782,4.09678,12.4881,9.14003,25.1454,9.52111,5.1137,14.3442,10.6584
29.3488,58.601,71.9901,36.4566,5.38008,14.914,18.9273,3.82262,12.3561,0.219389,10.3144,21.4524,15.1362,5.00541,8.04882,17.9199,13.6428,35.4896,15.9362,6.6981,2.17913,6.68626
32.0771,63.5733,72.7488,31.1597,7.26875,7.56822,13.4219,33.2824,9.47283,6.57312,5.63719,21.1106,14.556,8.03865,3.83016,6.91806,13.2207,26.2563,6.79556,0.774383,1.69872,8.23752
9.96493,13.8392,2.80442,18.6749,22.3792,16.1519,7.61255,39.3845,31.9167,5.80846,8.13585,19.9886,15.7481,2.48376,7.5369,8.20331,4.55606,14.8262,6.03097,9.61907,17.087,8.92856
36.056,74.0377,73.2401,24.7818,27.0201,34.1701,9.23335,22.5041,26.0505,12.1522,1.29996,6.27932,2.71328,1.44674,6.25231,7.84484,1.42644,0.558639,3.44296,10.1487,11.2053,3.87693
17.4509,35.1118,46.0447,15.0035,15.3096,14.4956,27.0883,32.3079,1.64387,7.82883,1.13265,6.0688,15.4922,28.2806,22.8103,5.71557,11.2181,20.6026,9.05884,2.96179,7.57181,7.34443
25.5932,47.2413,29.2402,17.1234,10.4158,16.4158,21.9906,3.33443,1.0036,6.71214,7.32968,14.874,17.524,10.3925,0.378343,0.64438,16.3091,22.7111,9.39091,8.59202,15.9519,9.98904
36.5755,65.9343,52.8129,2.81536,9.55885,11.9534,34.8177,29.5783,7.01729,13.1866,9.09842,16.2482,5.02237,0.75949,12.5063,10.2308,4.3994,6.86077,6.60052,14.9148,19.678,4.62248
2.40025,3.60715,2.49426,12.7647,9.08216,17.7793,42.2678,43.1617,38.5402,22.7009,4.33061,16.3615,0.028821,22.6415,17.7192,1.73638,4.25679,8.86055,3.95619,9.30163,18.2798,9.9129
35.0241,66.1091,47.9448,2.53233,8.26807,1.04251,22.887,20.3533,19.2238,12.2729,5.96695,14.2354,8.40205,7.32359,4.64602,0.337179,6.36926,10.3388,6.17628,1.52832,2.99473,8.41855
19.1841,35.2942,22.3599,16.3532,23.5877,27.4791,43.564,44.0415,27.9595,16.1081,9.87455,11.9622,6.95588,8.61793,12.2547,1.2152,5.80961,1.21932,0.52485,3.52145,0.886492,4.76833
21.5958,41.8288,42.5306,10.3146,10.0467,19.4736,4.5995,3.82545,20.2909,22.6897,1.63494,4.44459,2.57361,3.49242,1.83687,1.35255,0.309311,3.33934,2.77608,1.88506,1.41835,3.91779
36.0424,65.8447,57.0737,8.64558,3.81212,2.21283,26.3447,28.7901,5.03243,3.66543,0.192143,1.67748,0.623099,6.86491,5.62395,2.01171,9.3566,14.5223,7.88626,2.51731,5.61179,1.44304
1.05616,0.190529,6.9732,12.0746,0.793873,13.4072,10.7311,24.0193,5.43207,14.3342,0.626818,4.31356,9.41685,22.1921,13.2329,3.6246,6.63734,11.985,5.6091,9.50057,11.7071,1.68681
31.1964,60.222,62.2722,27.9243,15.7398,2.12563,11.2345,4.25646,17.9272,16.4106,6.0968,9.62715,2.0641,17.6093,15.1203,7.62363,0.54613,1.5406,1.56019,5.7779,9.72414,4.67761
22.239,41.2585,46.9754,11.7275,13.804,7.54361,20.6216,40.3146,26.8146,11.3891,1.26714,12.7211,14.5477,6.93667,1.41766,4.66584,6.67624,9.20126,6.82684,2.90682,2.33685,3.69501
16.8637,30.6827,20.0019,19.7155,31.3087,15.5065,6.47573,15.0934,10.1118,6.20797,1.35064,5.35785,5.31678,2.47882,1.77978,2.70933,3.88221,10.9576,5.26967,0.577774,2.31867,1.73879
26.9488,56.2163,47.7957,6.10087,16.4486,16.1071,16.3436,30.9105,22.4769,9.94212,0.885734,2.3924,5.37838,0.976614,10.6012,7.77746,4.73975,9.87858,2.98184,1.51524,2.20583,1.23817
6.5888,8.86476,7.53416,3.90083,10.0269,5.56501,19.3506,17.0379,18.6875,19.9631,4.46608,6.8297,3.94466,0.999681,0.460067,1.07514,0.362366,2.361,1.13014,0.560487,0.865684,2.4911
25.2999,48.0645,38.8205,3.64938,5.86353,0.302149,10.0951,2.8213,15.3517,10.0767,3.05947,7.6627,1.7462,2.44262,1.27837,0.804911,7.41991,6.45287,0.196472,1.67974,1.28825,0.516168
21.7107,39.169,30.6363,1.52022,0.973046,5.22821,13.8449,18.8192,0.213609,5.60752,1.51649,7.65944,5.53628,0.294722,1.91048,2.13019,4.43823,8.40384,4.62345,0.477155,0.932292,0.797686
10.1631,18.0644,15.5442,0.274028,5.6051,6.59936,8.05917,0.19708,11.1,7.98779,1.87656,3.30939,4.12742,2.76736,2.34791,5.26192,7.22176,10.8216,5.43736,1.48243,2.25592,0.779649
20.9939,24.8299,70.2896,79.5832,27.4551,78.1849,26.787,3.32984,0.991499,3.9871,0.600065,4.56296,16.7059,18.1916,0.49122,9.75948,16.1743,21.7473,12.5374,2.61902,0.66694,2.86965
26.1654,15.4515,79.7181,184.088,115.698,7.21006,17.7795,2.53259,11.2756,5.19619,5.01508,3.07271,0.0725382,20.6732,15.5369,1.90443,9.42972,21.4429,11.9191,6.06304,8.24238,0.915473
28.887,35.6246,47.2204,40.0234,10.4011,4.38824,10.8141,20.9976,30.8748,23.0542,1.37506,1.72219,12.3379,30.3016,21.3632,0.823783,16.9183,21.6855,3.39632,5.5659,2.37629,0.858011
7.66784,13.3107,14.0195,2.69677,12.4634,22.0395,18.7346,15.0239,14.8578,11.4762,4.01232,2.13772,14.5282,33.016,17.2217,0.825097,0.487239,1.84585,2.00174,2.52642,5.61079,4.49297
84.1616,119.568,93.8434,22.5482,17.3308,14.7671,2.93621,21.3228,31.0456,19.5401,2.663,1.82905,2.62763,10.5141,5.41249,2.88533,6.3539,18.3229,7.19083,4.16993,3.2733,1.02993
105.898,122.336,73.9571,0.841019,11.2123,3.4362,5.94385,4.71784,22.0424,22.0485,0.279161,3.6687,2.56428,18.6483,26.6181,6.12676,21.0351,27.0581,8.89511,0.83495,0.755696,2.51617
128.391,120.8,55.6231,2.77941,2.75816,10.5284,20.2889,19.1111,9.19257,0.22219,2.59812,7.99604,8.26825,0.0166477,10.9338,7.87766,10.5012,17.421,7.93092,0.446759,3.56686,6.25904
147.2,128.252,56.605,2.01687,2.8533,5.92524,7.62084,8.23271,9.07465,7.09371,3.27399,4.12195,8.39223,16.9028,11.0066,4.1574,7.68634,7.89165,4.88609,3.46268,10.8574,13.6945
129.703,104.296,36.821,3.18443,1.74779,13.0123,18.9708,8.22069,2.22517,1.75722,0.772279,0.501264,5.13673,11.8326,7.22592,1.30979,0.960358,4.16969,3.52734,4.33198,6.51072,5.08034
38.5964,34.9524,9.09025,7.27223,0.807992,1.741,11.7203,20.863,14.5089,6.83955,4.25577,6.7201,15.1993,24.2381,12.6358,2.87482,6.37827,7.21698,3.38217,0.0152406,0.11555,2.06243
49.8051,28.8377,8.84782,10.887,12.0676,11.3244,1.86979,8.68616,1.70416,4.82849,3.48238,10.5326,20.243,39.1012,30.7487,7.98608,2.09939,6.97501,3.55199,1.90295,3.22613,0.159056
57.317,39.9055,14.0497,5.01055,2.76771,7.08077,7.40437,16.9248,10.8011,5.36104,4.7075,14.0079,20.0022,23.7288,13.2865,3.05364,3.50828,3.89239,5.18209,8.73742,1.85545,6.288
14.7819,13.7657,4.70882,0.0184938,1.27588,1.12359,17.5068,15.9638,10.5117,8.60872,0.0935045,6.84192,15.1044,18.508,8.15113,0.878629,5.49511,7.46016,3.98534,0.88851,1.24323,4.21468
0.89945,0.813225,2.73808,6.93462,0.781868,9.48713,0.61997,6.46656,7.79287,7.40235,2.02179,4.10687,14.5728,19.9173,4.74601,4.26802,5.01528,8.64404,1.32282,8.91392,8.93184,3.03808
1.23261,1.14856,5.68692,11.2149,6.96371,5.70629,26.6294,28.6633,2.23632,10.6348,3.4026,2.47407,10.7726,18.6603,6.66674,1.48249,4.06005,1.06762,1.07197,2.87082,2.82358,1.87727
0.36812,0.0229601,4.54934,3.31588,1.8316,8.21697,10.7972,3.65685,10.835,12.3119,0.0105352,7.82851,4.17232,19.4342,12.9951,2.76745,4.67063,7.69343,0.428624,6.68497,7.38119,1.18622
0.457047,0.487743,2.66096,7.07264,9.71657,0.0600736,24.2363,21.7152,8.09066,12.6171,1.46295,11.2957,2.67923,17.1882,12.8887,0.632487,5.43993,6.98099,3.74589,6.085,8.24339,2.52704
0.178214,0.0759702,0.0997132,3.00164,8.28972,17.6197,25.0691,24.1769,26.6725,19.1091,7.51353,9.10936,1.62844,9.92582,6.02794,4.60147,5.64037,0.351825,1.96865,1.09384,1.19304,1.37366
0.797949,0.124759,4.98966,4.77597,3.55635,11.4696,20.5156,22.1173,14.5287,6.33316,3.5585,7.10403,2.60779,6.05435,9.3701,1.24198,6.79011,4.55665,2.45425,2.31233,0.371392,1.89787
0.0309717,0.37067,6.119,10.3378,4.96917,10.819,37.5918,39.7624,16.72,6.04165,0.16701,5.96579,7.70505,8.6928,5.09595,1.56938,1.89915,0.287961,2.74002,2.51153,8.21937,7.98895
0.31214,0.74133,5.74858,8.2334,6.22038,9.86624,7.26115,22.4277,1.6154,11.6228,4.25621,8.51817,13.9318,10.3226,2.01544,6.45065,2.61944,9.58284,3.72064,2.21247,1.51849,0.660387
0.518775,0.298952,0.838665,0.313215,2.75278,4.97696,9.37461,0.343551,2.50933,0.564854,4.16415,9.27152,12.042,25.2546,24.6135,12.773,20.8505,18.6633,1.28986,1.50222,7.65394,12.0653
0.0142042,0.190057,4.28613,3.13962,1.37066,7.56794,6.55565,4.81905,23.8279,22.653,2.05496,5.20458,4.48465,2.88116,11.9719,8.11787,8.23218,11.1382,3.69593,1.28266,7.50808,11.9224
0.664268,0.580088,6.40577,10.958,9.62545,8.75219,8.89641,3.50138,7.35052,8.37429,2.06831,1.6028,7.98536,11.3751,3.86608,4.19859,22.2627,29.1976,8.52107,3.84162,9.94088,8.56939
0.122663,0.448419,3.77862,3.83702,4.95871,13.3596,10.2845,10.1952,25.4361,22.1967,4.8158,2.96953,7.45777,33.8381,28.7704,0.366741,24.3066,30.9768,10.5811,4.73286,12.2662,4.3316
0.0680951,0.0231087,0.399901,0.696826,3.18772,1.45887,16.973,7.1039,26.52,23.2721,2.13178,3.57307,3.87069,22.3923,15.3553,1.72662,9.1735,19.6791,7.36531,10.1698,10.9569,2.70346
0.211785,0.0958606,3.03913,5.89182,1.34902,6.46122,4.72272,1.70507,1.67465,0.76246,1.23058,3.10716,16.4903,21.9861,6.84716,0.574344,1.58271,6.43229,2.7503,3.0631,0.605884,2.84589
0.143867,1.00654,5.56549,7.01122,0.452307,8.67669,14.9199,1.15542,21.7638,18.1404,2.88506,8.13034,25.6106,21.3711,0.897731,0.377001,10.0846,8.77886,2.52266,1.49838,2.08259,2.93895
0.562985,0.490847,4.44495,9.58639,2.36208,3.97656,22.0368,23.8475,0.342807,8.02168,0.979304,3.64897,5.79563,5.94585,0.68279,0.525557,1.64442,3.82947,1.49575,3.7144,3.05379,0.54932
0.545245,0.536799,5.16955,8.27042,0.264922,14.9029,18.5646,11.4775,19.0805,21.2481,1.43542,10.9345,7.83037,24.2092,10.2677,2.3128,5.34238,7.81724,9.25574,5.31599,1.67065,2.4821
0.210009,1.05229,5.40943,8.83575,10.226,9.7749,2.36126,2.89224,8.78441,3.68656,1.51109,6.3603,11.0305,28.3269,12.592,1.69283,1.05056,2.49721,4.56456,9.70243,10.9039,3.31963
1.04841,0.469596,0.0549512,3.28632,7.84319,1.5774,18.7293,16.8351,1.70762,3.27359,2.58914,3.47299,14.6308,30.17,18.2661,0.150795,0.101829,0.637178,2.39905,1.87933,6.98699,0.635102
0.460086,0.581187,3.14262,1.37993,3.67786,6.27641,2.66729,20.6803,8.27988,1.53961,3.39323,7.18417,8.10228,13.1554,11.6585,5.01733,4.04137,2.32946,0.858778,4.74213,15.7725,13.7434
0.176193,0.336934,5.54975,11.31,8.96913,1.52432,14.4949,26.8432,16.7429,4.20685,3.33703,10.8972,3.51789,8.97943,9.02901,5.78352,5.31983,4.93745,3.00667,2.64968,3.14668,10.8895
0.517566,0.432452,5.65553,8.73133,0.131666,11.2476,25.9513,33.8164,9.51283,9.54037,7.91125,10.7525,2.09315,22.1413,17.3379,0.686656,2.79604,2.66162,3.09557,0.281248,8.69843,24.6397
0.0605447,0.504494,2.7576,1.08208,2.1913,3.02625,11.3552,30.1404,9.26854,8.2581,7.05821,10.7238,0.811388,8.77563,6.07926,11.6105,3.33157,8.13964,1.34433,0.43389,7.60266,14.8739
0.560971,0.148562,1.69447,0.371734,7.13225,10.8114,8.27354,27.5248,15.5569,2.05566,1.67137,7.04448,4.08857,7.76606,10.7993,4.70925,9.53065,12.9672,6.25208,3.84179,5.54356,2.3702
0.142007,0.314817,4.1525,8.97745,12.5638,11.8034,2.87815,4.47127,14.7048,10.1859,0.0512749,1.37112,0.587942,3.87018,4.32849,1.99068,1.56296,4.0088,1.82877,0.732387,0.678258,0.633587
0.582091,0.8787,6.15978,6.06387,1.94203,0.26467,1.89702,6.65278,0.700486,0.76914,0.61378,5.46429,2.95664,9.80286,9.35089,0.187114,0.312292,0.716762,2.31471,1.29566,1.93795,4.46815
0.238159,0.776,5.51799,9.00649,2.9574,11.2362,8.99352,0.710209,14.9396,16.1965,1.56678,8.4659,0.99288,15.1681,12.5029,3.13706,3.87183,6.12996,4.30492,0.66832,1.00401,0.566028
0.280018,0.0790697,2.18072,3.29035,1.43015,6.18941,15.788,16.2618,13.3348,8.12873,5.42483,8.66356,0.853395,3.9585,2.16779,2.90385,2.38045,4.18186,0.803457,2.5971,5.86328,3.21006
0.409794,0.0428997,1.28428,3.96607,3.26022,5.78434,6.6563,0.638388,2.91941,4.27895,3.39357,8.08277,9.54033,8.35902,2.69979,1.84421,3.17147,3.91714,2.17264,0.152983,1.10974,1.33176
0.0495884,0.514761,5.09012,4.05841,2.76297,4.00614,13.7428,16.0868,16.9283,10.7642,0.409096,5.15899,11.3571,20.0482,14.8689,3.8316,4.22354,4.76397,2.1107,0.0951671,2.02017,4.39736
0.736088,0.304143,4.98746,8.48905,8.00376,7.67144,8.57597,6.44541,1.23015,1.32573,1.80453,0.264087,1.4223,4.25715,1.31714,2.16007,2.4155,5.87141,2.79752,2.8327,4.10152,3.6022
0.00207601,0.298716,0.912077,1.96029,0.938813,3.74638,0.0406651,5.21203,5.76547,2.14995,2.97554,1.90693,1.99908,4.74024,4.94826,0.366875,2.71448,1.73463,0.789022,2.84004,4.28502,3.42189
0.160407,0.166176,0.318698,0.11902,0.737558,2.952,4.00229,1.43909,4.28812,7.71297,6.62129,5.73289,2.98233,2.81366,5.95492,4.27296,2.69979,5.19651,1.10148,0.352838,0.922412,0.404576
0.044265,0.00388126,0.0906929,1.17612,3.27933,3.832,2.1082,2.79526,6.90979,5.74907,0.297178,3.5635,0.514404,1.98569,2.25557,4.52044,9.45687,10.5334,4.29298,0.891279,0.120927,2.80445
0.174343,0.278988,0.555351,0.088774,0.763006,1.68998,1.1195,0.789338,4.78988,5.77334,1.71079,0.514076,0.939277,0.369693,4.11166,3.64656,0.322469,0.786989,0.593315,1.33649,2.65563,2.17956
0.25779,0.432589,0.34758,0.323091,1.46193,2.14935,2.65258,0.681202,9.02208,10.1416,3.15245,2.20052,3.76526,6.83978,6.66691,2.54805,4.16558,4.27217,1.39045,0.496451,0.337971,1.20404
0.0137929,0.158924,0.353993,0.969299,1.80307,2.57184,3.29708,1.81325,0.465791,0.192236,1.76174,3.91011,1.3749,3.30622,1.10416,0.89694,0.986577,2.48741,2.70577,2.16119,0.0302968,0.437528
0.126008,0.0348406,0.0498714,0.821319,1.53254,0.317496,2.61773,1.97217,3.84704,3.73033,1.57815,4.7088,0.155057,11.3567,13.1168,6.9671,1.00759,0.731059,0.711312,0.611215,3.43447,1.46788
0.157454,0.0128171,0.311858,0.247767,1.03785,0.109608,3.66149,1.57556,7.10362,7.34494,1.73941,3.13095,5.31314,8.05965,7.73001,0.514797,0.855767,2.82187,0.489544,2.07893,0.517753,0.721471
0.168133,0.0483484,0.130721,0.694223,0.92391,1.18006,7.4442,13.9598,10.1531,3.96941,1.49477,0.456647,3.64048,4.20897,2.33987,5.22474,3.47125,1.43823,0.34663,0.583002,0.504903,2.11723
0.0578756,0.145034,0.272766,0.172565,0.0568463,0.0660314,6.50645,9.61349,1.33093,2.24252,3.38144,8.66491,3.85844,2.30513,0.223092,1.00997,2.36338,3.88017,1.82284,1.63108,1.60647,1.165
0.0652463,0.0414339,0.269164,0.0258985,0.889373,1.62103,1.50366,5.83205,1.67206,1.36,3.92363,11.5334,5.00681,8.25361,6.92934,0.463087,2.24499,3.97667,3.93609,2.31167,0.018346,0.741616
0.120091,0.177879,0.40605,0.708287,1.08381,0.633121,2.52353,8.54455,11.0505,5.54897,5.15782,12.4296,6.81928,1.89544,2.15468,1.44182,3.39285,2.13917,0.0205091,0.649643,0.93372,0.833028
36.2393,38.5024,17.9788,79.0939,9.92587,45.9613,9.06549,14.4617,6.47183,12.2219,2.17463,12.1558,4.24808,5.96438,9.68998,14.0061,6.09078,8.36033,7.55699,0.690361,1.21439,1.08786
32.8799,46.2148,27.8442,153.435,94.6463,31.7619,37.2619,25.4773,44.9161,29.5634,8.44993,43.9796,56.0274,20.7901,5.64267,1.09817,2.58493,12.4767,1.44597,11.0552,1.4069,7.42137
19.822,33.3916,138.596,119.549,16.6676,4.31982,3.46125,14.246,37.4056,25.4324,6.32003,32.29,37.1216,9.1669,2.81689,9.0951,37.6244,54.0554,26.729,1.48292,5.83155,5.22131
18.1799,99.7464,139.497,41.1195,9.91624,9.73038,10.548,0.645038,9.17923,8.27545,8.42537,27.4908,34.8023,18.2906,3.38387,6.54028,41.8917,61.4831,28.9389,1.01482,2.43396,2.37802
30.6358,33.1593,31.186,14.1533,0.110848,7.44267,14.7214,16.5998,21.8684,16.398,0.687095,17.9482,19.3023,1.55312,1.75509,1.53725,15.9093,39.9894,27.5005,2.73451,0.394466,0.626302
86.3689,105.373,73.2429,13.3288,3.30162,4.1033,4.60103,8.2154,21.1732,17.3012,3.92223,5.0506,1.59244,0.673702,2.88253,2.70837,49.0537,94.6848,61.9611,8.11819,5.95112,2.8851
119.828,118.845,68.6694,17.4749,10.2973,0.410166,7.95826,6.67607,3.35282,1.48187,3.66638,12.6683,13.6084,5.64596,2.91362,5.85422,42.4681,25.3556,35.9997,23.8212,2.29785,0.93433
117.79,96.518,41.2653,9.78926,9.1112,8.35236,4.26606,9.47517,22.0384,14.3752,0.236473,4.50008,4.79763,0.9732,0.997506,0.159873,16.9021,55.9411,59.2764,20.5716,1.36681,2.50444
63.727,48.0131,16.4388,4.78273,1.3531,5.41438,0.946661,12.0667,22.4367,17.142,0.404855,15.782,24.431,16.1514,5.9571,1.03474,7.47595,14.4362,44.6666,24.4713,1.2081,0.592411
28.4898,15.0897,6.1219,13.884,9.92525,3.33417,3.46467,6.27016,8.10739,5.93648,0.809889,6.55863,19.2998,12.8631,3.85238,2.53626,11.1893,3.35043,35.6937,18.8567,1.67748,0.786034
122.523,81.957,9.14202,8.71585,5.75377,9.21757,15.1073,17.4055,23.2835,18.4357,4.48542,10.8808,12.923,0.949773,2.88841,6.08239,51.5827,86.9845,53.7017,11.3597,1.33569,3.73624
169.639,132.967,48.4884,4.92677,5.36271,12.9535,28.8502,21.4023,16.3293,12.1658,3.2252,9.50394,12.2933,3.29111,2.89763,2.53882,42.7016,60.6825,24.6373,0.426171,0.146379,0.355767
120.663,111.12,60.0789,10.234,2.98827,8.21148,24.1244,12.4319,2.05623,3.56675,4.5417,0.278171,11.7193,12.07,4.45698,1.80188,6.24987,27.0824,35.4678,7.39584,5.54876,2.70718
23.9571,25.8898,21.886,20.2439,16.2486,4.89373,4.63954,10.9248,24.2938,23.7455,1.81543,16.9124,18.479,8.76648,3.81499,10.3232,37.5757,16.6518,33.5301,19.5284,1.43924,4.336
83.7319,76.0813,26.7205,7.12939,12.4316,32.5842,39.4624,27.663,16.5191,6.10343,2.37182,0.505245,2.25165,3.79985,4.0855,1.28975,34.5806,75.3237,68.6054,26.7317,0.663096,2.13792
137.093,120.678,49.0723,9.71945,11.42,18.0464,26.5067,10.0372,8.52965,5.2348,0.112216,2.85372,7.65727,5.35329,1.91536,5.06154,10.8674,13.2396,49.3452,30.1256,5.62523,8.74453
91.5312,69.1928,23.5259,1.25244,1.3204,11.0939,11.8489,11.9946,28.1908,23.4725,1.22819,2.12072,1.9098,1.98241,0.968845,5.14665,26.6128,5.34033,49.8999,33.5054,3.74911,4.24477
6.77048,11.2688,14.6475,10.0069,16.5642,26.8976,37.1488,25.5765,21.4827,15.8344,2.0059,10.929,28.1093,18.4826,4.56491,2.32923,26.1759,48.3687,51.1035,31.6429,8.84796,3.18581
31.3491,26.8117,2.60865,11.8887,1.87018,3.72029,15.1685,12.1294,7.32656,5.78539,1.94546,18.1543,45.1327,39.8965,11.9206,0.916191,3.40532,7.64039,27.978,33.4719,8.42013,2.49523
3.78121,18.6483,32.976,20.3285,10.6531,2.3434,0.82909,2.38271,29.9573,25.9631,4.9413,0.334845,1.16416,3.65091,6.49019,4.51007,11.5157,21.5775,14.7034,3.61938,2.36995,3.56265
18.0884,37.7587,38.9815,8.2111,8.04028,7.42358,0.863545,7.57137,17.851,13.8734,0.0352294,2.73604,30.5208,32.5596,2.10482,0.322052,27.7863,37.2069,34.1712,33.177,10.601,1.79549
6.15483,9.5979,9.96879,6.31117,0.265148,3.99337,8.16198,9.67573,7.66166,10.1326,0.968187,2.44522,0.408039,6.36446,7.01745,5.92866,24.1438,43.4853,52.9652,46.468,16.0659,1.04706
27.2931,50.7814,53.1496,17.124,2.56128,10.0096,20.7189,12.2027,14.829,15.6488,2.34086,12.7944,39.7705,36.6727,12.0979,1.64753,8.16381,6.17289,8.31835,4.55817,1.76414,0.210438
12.5304,26.2212,33.7601,26.822,20.9611,14.3487,12.4417,5.29472,2.12799,2.32866,1.69081,7.45382,15.8922,12.4816,6.34082,3.24877,0.0121204,6.5973,28.2453,31.4577,8.93829,2.21642
19.5001,35.8396,23.7571,2.81819,13.7362,18.1891,2.80729,4.73863,13.1614,13.2496,5.09845,12.6995,16.8143,4.90276,3.76857,4.9109,27.1352,33.1916,5.43929,21.7129,8.90573,1.15492
24.2922,48.4428,38.2878,9.32596,18.653,2.42326,20.5717,15.3567,9.35622,11.832,0.524704,1.20456,4.05573,0.193489,7.13871,3.59529,19.9284,27.9358,4.23454,18.4922,5.56586,0.0602563
3.16761,6.09432,8.64012,2.01417,6.31788,3.46793,14.7744,9.33724,6.11693,4.80619,0.851024,8.27665,9.24344,0.753415,4.84729,2.19901,1.92187,6.36183,10.7346,5.1105,1.90759,6.03748
34.0317,60.04,47.7494,0.89994,7.6178,3.63415,4.94899,0.0967451,21.3125,16.7161,4.64089,3.90108,22.2174,15.2371,2.47718,6.36516,21.7139,32.7644,24.3604,8.39593,1.09134,1.1453
20.1807,33.3613,16.77,11.256,3.67519,7.36399,39.4838,22.6292,12.7055,14.0094,0.0518399,20.8507,38.6128,18.3602,3.91996,1.51853,22.0366,22.5934,14.9158,22.7679,1.07854,7.8897
24.339,42.4522,49.4912,31.0558,15.3968,24.8869,55.4495,33.6012,15.8717,11.9784,0.882525,11.3467,31.4301,19.0382,2.44277,3.6432,1.29266,5.68033,13.4579,4.94652,4.61266,11.619
31.191,62.3365,65.6646,16.3298,11.1719,1.33195,21.5943,21.7802,28.9892,22.0213,1.85442,0.431813,14.3917,8.63331,0.882477,4.37454,18.2212,22.6697,24.8698,26.3155,6.46241,6.20677
1.44376,1.13077,2.41015,0.370956,12.8434,26.6423,25.7506,4.5253,13.7702,11.1499,5.8711,11.4001,13.1744,6.92175,0.227875,1.02289,1.27117,1.79582,1.22051,9.32989,3.46724,3.01846
32.6807,64.7522,69.7523,27.5933,9.06708,22.773,40.712,26.6405,17.5837,14.9234,5.3299,15.309,23.994,10.7126,1.33265,3.46949,18.5889,16.1536,9.81285,17.0719,9.87471,1.33323
22.5311,45.7144,59.4474,35.1545,17.1521,1.91872,24.9858,34.3434,30.6684,20.9722,1.51702,0.783965,33.0466,36.9355,7.9927,0.978396,10.4127,16.8361,24.5294,26.7844,9.43025,3.31112
21.293,38.1635,19.6655,15.4934,6.17721,20.8661,0.0805779,13.5108,11.5369,6.55648,3.83238,6.80229,6.17323,17.6612,5.72548,2.7029,12.3574,18.6105,2.98634,17.5308,4.12529,1.33285
35.1645,67.3858,56.3459,6.37758,19.0531,10.6134,10.9989,13.6574,19.6846,15.5074,2.15981,1.0592,1.57866,9.01876,6.61592,4.47529,31.0455,36.6766,0.584297,17.5536,2.60225,7.0927
2.60867,7.2245,13.5223,21.1776,18.7986,9.13506,24.3378,33.4887,27.6206,18.9291,4.38972,1.86286,25.4217,37.0045,8.42946,2.30916,18.4094,28.3746,7.89309,15.9051,10.3872,6.91957
37.029,67.4325,45.0247,10.3968,1.72389,14.7157,32.0635,23.7709,0.387693,0.0152478,1.72444,0.572226,34.3105,59.0591,30.4694,0.166202,14.1067,13.7617,1.17945,2.67563,5.05954,5.04224
27.1832,48.1037,26.1895,18.3796,12.7397,19.9718,27.3909,1.7331,26.2696,25.4103,3.8676,7.18659,27.3588,48.8022,12.5285,8.16286,24.943,31.5194,2.83657,23.4521,16.1443,7.67341
17.0683,36.3644,44.66,28.0267,14.8328,4.07868,11.6084,21.5512,23.1079,16.3705,11.8073,12.2038,19.0862,39.2704,20.3588,4.3868,15.3347,25.57,1.8057,14.5434,9.70355,9.45914
38.6799,69.6984,63.6165,5.64117,18.2374,30.1986,40.5597,21.0451,5.98609,5.24629,2.36875,16.1271,30.866,28.6282,13.3923,2.3621,0.716518,3.71878,10.0406,7.03372,3.44618,4.0805
4.92237,9.15416,0.415187,5.62989,15.5537,31.4844,30.6609,4.25266,28.5831,22.0227,1.47551,9.28637,47.3068,52.6072,9.12923,3.20732,12.0171,18.1504,0.0479985,4.57285,3.63594,7.01797
33.5611,62.8798,68.5623,33.6976,17.515,0.867028,12.9972,11.4281,13.8912,8.10036,1.15547,6.33182,23.8025,28.2441,16.3034,3.66166,15.6838,20.9728,0.41418,5.23701,3.22429,4.48442
24.7164,49.4835,59.9304,22.3395,6.89077,16.1832,42.8072,18.5084,7.78443,8.61669,6.85002,13.2653,54.4411,48.8216,12.9297,1.88144,8.5217,13.6511,3.55979,4.52582,1.95871,2.1362
13.6873,27.4619,13.6155,27.0529,27.088,3.82941,30.1086,15.5361,19.6767,21.3229,12.8146,7.89404,14.7981,25.7345,15.5811,5.42098,2.22957,8.23818,11.8778,9.27325,7.95176,3.64235
33.0884,62.053,52.191,0.399977,2.4011,10.5184,1.15117,3.01616,11.7759,9.41517,8.98543,5.14015,28.0919,27.3243,1.12332,0.908103,14.8603,14.2082,6.86649,13.3705,0.475346,7.13937
8.9188,19.0404,21.0844,9.82396,6.57597,8.03426,20.489,7.80517,4.83044,4.10502,3.48762,28.9371,55.0918,32.5799,0.0421258,4.47257,13.4805,15.0187,2.89926,12.8145,4.9303,4.58171
27.1403,54.6433,49.9549,15.537,23.3378,12.3004,22.1114,13.6255,19.3176,18.244,11.5683,7.86778,14.7039,15.1423,0.328571,2.26147,2.10834,2.09628,6.59624,4.52381,3.84532,0.426891
30.1393,51.6312,42.1741,3.69725,22.4613,6.60016,30.0229,22.6204,9.13415,10.783,4.93721,14.4299,0.328181,8.24999,0.432465,2.14457,11.448,19.6503,11.0595,3.71084,5.97413,3.08403
7.38033,16.9596,15.9146,5.39988,10.5699,16.1424,37.1648,19.9651,4.19911,3.47019,5.74106,18.7497,30.8358,25.9739,5.20114,1.38221,7.03483,6.98143,6.29061,9.44312,2.36065,0.170179
28.154,58.2302,46.5368,7.17683,9.59395,9.29334,10.8949,1.20226,4.81239,8.41532,7.06043,13.7302,34.8304,39.0039,12.7824,0.267125,3.21678,3.27186,0.0117768,0.741856,3.21179,2.50028
14.3188,21.0188,2.58892,16.7929,0.938418,0.747614,17.4269,13.1202,2.92227,0.0189064,0.188537,5.85135,15.9057,9.48612,4.56335,5.5439,9.71049,10.1787,1.25492,4.71171,2.76738,1.09522
20.5145,42.4227,49.8583,33.1936,26.5717,5.9755,8.94523,3.41658,4.28305,8.6372,3.55346,7.09309,30.8053,33.9479,8.18209,0.0893962,13.2857,21.9564,13.0333,1.18447,1.59144,2.3745
25.0538,47.5653,45.8537,1.76514,20.1964,12.4441,2.86197,8.32211,12.4293,7.34174,2.87468,9.32143,36.9936,46.732,16.7269,0.430784,5.97222,5.34114,7.93282,9.53552,1.76809,0.340793
1.18804,6.29415,10.0753,2.24669,15.3555,2.80059,13.4304,0.217588,19.8576,14.6775,0.387034,4.64916,18.6618,30.2598,13.3329,0.469165,2.28755,10.2778,10.1773,0.914624,1.34117,0.141664
26.0944,50.0539,49.7281,21.2544,17.8776,1.78939,19.8168,7.96825,15.3249,13.3653,3.77191,13.4765,30.3127,22.4649,2.52146,0.495649,0.330691,5.96235,6.51862,1.35847,0.127838,0.841641
2.07789,32.931,47.8816,7.18974,11.1942,16.3598,7.99132,8.6942,12.7707,6.40511,1.334,7.9668,25.6096,22.1035,5.60392,2.43568,0.475403,8.80729,3.8733,5.26206,2.90292,1.30303
37.1141,56.3319,58.1496,61.8526,65.9469,29.0302,10.393,19.4154,32.8456,24.5134,12.3186,15.483,17.4531,10.5707,3.34578,0.0361029,20.9974,18.6983,7.58989,13.6277,6.26224,5.79857
11.9394,23.3435,52.4771,31.5086,8.57822,10.1105,11.0248,5.93428,14.29,20.2843,4.1659,3.18272,3.50221,3.90527,3.66008,4.31338,9.05477,14.8737,9.80809,1.66372,6.00918,9.28725
8.85885,26.5815,49.2245,33.7818,1.07482,4.46589,3.87612,3.71183,3.38905,6.5165,0.548927,15.3683,25.5789,18.7831,11.0135,2.65098,13.4623,17.2888,4.94651,4.89734,4.31857,0.0879046
22.4781,68.5485,74.8545,15.767,1.29761,12.5505,12.5637,7.95692,17.9788,14.9765,5.795,8.40174,39.4508,33.1772,4.81842,0.394903,15.4295,23.7715,9.70301,0.973773,2.49645,1.02912
15.3658,20.8566,15.0116,6.90779,10.515,3.78476,9.99138,10.8346,17.3111,13.4962,2.14967,8.85486,21.1912,15.2489,0.0415348,6.78763,16.7592,20.2776,8.62626,1.95029,1.22152,1.93341
49.3802,46.098,21.1378,2.3027,4.08467,9.79392,1.29244,4.40461,7.81388,9.64736,2.63603,2.63995,18.3888,24.8289,8.44253,0.473818,0.853218,2.20079,1.64153,2.47358,2.25148,1.17365
25.7657,14.82,1.02631,6.55785,9.60435,6.9058,6.61462,5.52248,13.3022,13.523,0.604251,5.821,1.15117,8.55574,4.05294,0.411088,11.2106,19.6728,7.64188,2.07037,0.996495,3.71066
41.3404,38.7912,16.9284,5.06359,6.17529,3.29086,5.77663,1.20365,5.73629,6.63502,0.0874229,3.57897,0.183716,1.18989,0.372698,6.63972,25.3601,30.7722,6.85492,4.79265,0.255503,1.06842
125.556,91.6509,21.4271,5.82206,2.31532,4.99285,1.61168,0.154071,21.1667,20.4678,4.27046,7.13459,16.6713,14.4809,3.48765,3.30963,17.2128,23.5894,6.15355,3.9128,0.890043,0.290735
139.415,97.4187,22.4247,5.73042,4.19541,4.42688,2.05168,6.49379,7.32702,3.05812,3.13976,4.49566,8.93905,11.5904,3.57519,0.773302,0.997199,2.42718,1.74045,0.938008,1.69293,1.19947
69.4798,53.1327,19.3146,2.67316,2.14671,5.45105,0.0267724,1.12961,17.1774,14.4773,0.823037,5.30082,14.3777,18.5311,7.28872,4.62327,19.59,21.7101,4.07749,3.22973,0.743956,0.202722
10.6037,3.25057,14.5799,11.2664,5.95388,1.46412,0.515592,6.42053,25.0087,21.3575,3.73794,4.65722,15.4674,12.4127,2.18549,5.19884,19.8666,22.7453,5.09854,5.72634,4.0396,1.87834
29.8583,10.909,12.0776,10.8791,2.65601,11.2706,4.39683,2.89764,1.96529,2.0502,3.04755,4.42631,11.5784,10.8457,1.53711,7.64289,11.4893,9.8146,0.35487,1.34444,2.41616,2.25877
5.80967,1.1564,5.94069,6.44948,6.11082,4.65032,6.30095,1.31231,21.3849,18.5864,4.41023,10.7546,23.4596,21.2637,7.85836,2.95221,11.9614,14.5936,0.700573,5.99128,1.41896,2.60727
1.56816,2.32575,1.91907,2.70304,1.70523,12.7465,22.0581,1.17502,24.2744,17.9818,4.09976,7.88361,1.51358,3.51559,3.32052,6.08118,25.3917,31.2801,12.4494,2.23508,2.89701,3.68334
1.92787,4.98391,9.61992,6.77053,2.08192,14.1254,21.6164,5.52938,6.02104,3.59498,5.82966,20.0459,24.0099,11.5309,4.47223,6.9089,16.3582,18.4923,5.53908,2.24396,2.04196,1.70638
1.54212,4.25529,10.7293,10.3943,3.33957,2.33322,7.58587,12.7562,21.2849,15.4523,8.34286,8.21205,13.0136,20.644,4.50108,3.19703,0.0733367,5.37954,6.86019,4.01254,0.880645,1.72029
0.233878,0.467623,3.50029,8.15867,4.56154,4.08786,2.41747,10.6614,24.2222,17.0395,6.18643,16.6319,7.76974,2.40775,0.0905538,0.971737,18.3077,23.5544,5.90845,3.90661,2.85342,4.29242
1.95208,2.6118,0.455454,0.895171,4.87574,2.42324,1.33944,4.54821,5.00349,2.57678,1.69425,9.2903,21.3117,19.0795,7.77356,0.109409,17.3489,22.2786,0.395534,10.3409,5.00539,1.33324
0.890794,2.07682,2.497,1.57607,11.1579,15.9709,5.50557,7.31562,16.9571,15.3401,1.51654,5.80345,3.90845,0.154052,1.9378,2.19395,2.2768,3.83499,3.83486,8.56491,2.39767,1.58774
0.301474,0.338825,4.25205,9.18273,12.0772,8.60917,4.87526,12.8778,11.4415,7.65516,7.39803,10.2483,4.94214,0.964549,0.813731,1.14324,8.66586,10.4703,1.57871,1.04674,2.55395,2.21551
0.705668,1.40272,4.54844,6.09663,2.32444,7.93373,1.05216,11.4388,14.2702,8.38814,7.34598,19.2121,17.0741,8.59818,4.18082,1.23223,9.85037,13.529,2.29004,6.56775,5.65428,6.12271
1.01666,0.263608,6.00491,9.24698,2.09948,0.434832,13.1972,21.3683,18.3119,11.1894,8.3651,25.3664,26.8729,18.5855,5.088,3.29022,11.3287,14.6378,3.30662,4.34166,2.9366,0.411574
0.212198,0.418379,0.13734,1.89673,0.522355,6.47968,2.74014,4.1624,1.73461,0.683839,9.35078,19.942,19.7343,13.1837,4.59134,0.163953,6.70851,11.3142,6.66506,4.87659,2.39239,2.34338
0.910523,0.173698,5.00552,10.1574,5.85991,6.50661,21.123,23.0256,16.0928,9.84141,4.83863,7.74848,3.46716,0.83206,1.46479,2.99501,1.22872,1.54354,4.98236,8.9537,5.23604,2.14766
1.07195,0.324051,7.75347,7.71673,4.29559,17.8395,25.4467,17.644,11.4012,7.19308,1.64947,2.83178,3.23225,6.67761,2.97356,1.58751,6.0892,5.38267,2.74998,6.49088,2.50191,2.2258
0.246373,0.299276,2.2739,7.15538,8.74283,4.32298,2.13756,4.40139,2.04999,1.67431,2.39007,5.11058,12.5389,11.8814,2.256,0.777658,5.17577,9.98976,5.95335,1.80721,0.128194,2.90944
0.774421,0.704201,3.43625,8.8757,7.59382,4.23475,18.6992,18.987,14.5975,8.86473,0.68577,6.74773,9.12439,3.66919,1.1998,3.63469,11.0454,11.3605,3.81509,2.4011,1.29619,0.286258
0.853975,0.871861,3.13842,7.6782,3.42935,1.04284,11.3428,16.2865,19.8287,14.5735,2.43403,0.996085,9.05058,14.5293,2.96836,2.26398,1.42813,0.472659,1.04255,1.22322,0.797703,2.78857
0.809214,1.02418,1.84589,0.0347548,8.59739,15.0085,2.04154,12.3059,9.86104,4.26988,1.24571,0.905753,5.62871,11.4272,5.45016,1.42831,9.88879,14.3203,7.55447,2.76334,1.70996,3.86945
0.762453,1.41141,6.4348,9.6129,7.86042,4.15052,3.69809,12.4919,22.3579,16.5425,5.12239,8.42427,6.01347,0.746427,0.315594,0.778794,10.9203,13.8999,5.26714,1.33631,0.32113,1.17885
0.457903,0.221795,5.80816,9.44462,5.79263,11.2029,6.76116,2.68912,8.36698,12.1651,1.54183,9.06248,3.43442,10.4847,0.664427,1.71133,3.13431,3.2587,2.60336,4.41438,3.05286,1.08332
0.493434,0.0518136,4.94289,6.39192,3.07807,13.8918,16.1791,3.55924,10.7269,7.82807,6.46969,15.1151,8.13846,2.12689,2.42671,2.77505,12.7508,13.1649,0.822399,5.90553,0.381963,0.135432
0.343444,0.0168517,1.03422,5.13521,8.09053,1.48836,5.09284,7.1281,16.5428,20.5471,8.06946,13.2894,15.8932,8.81609,2.46844,2.31221,12.3175,18.456,9.01365,0.643438,1.52217,1.21158
1.48506,1.55199,1.35932,6.81567,7.12713,11.3597,33.0102,23.4605,3.51793,0.0726874,2.78877,7.47839,5.40332,2.70757,0.70548,1.71618,9.35763,10.1066,2.63854,2.14258,2.9253,3.02534
0.0899321,0.494322,5.77859,5.718,3.49275,1.17267,10.0996,0.0328768,27.9927,26.1554,4.0498,0.121619,1.0891,3.53223,5.69165,2.60845,0.316921,0.0579903,2.99582,3.7971,0.950351,1.39237
0.881215,2.49491,6.58481,8.4134,5.61911,15.2243,28.4045,23.7455,20.2809,14.2915,0.750075,8.23026,1.76796,6.23136,3.26508,1.94139,9.77037,11.308,1.00339,3.51821,2.33701,0.899218
0.444469,1.80346,3.73156,4.57386,3.52387,10.1476,24.0582,10.4145,10.1321,10.988,3.22033,10.5504,4.65266,12.0235,2.00852,2.76588,7.32225,7.92111,0.795988,0.624596,1.0075,1.42437
2.12592,3.30888,3.68126,5.21639,9.82188,8.64971,0.675287,5.32806,22.2829,14.8323,6.594,14.2844,14.662,9.79314,5.71589,3.15427,2.26575,1.14119,0.685205,0.647934,0.288338,0.631064
0.9523,4.06961,9.31556,6.60345,6.65965,14.1413,4.98596,9.10619,24.9728,14.7834,2.16018,12.0101,26.1449,24.2175,7.91806,1.64008,2.39452,3.29783,2.49975,1.67061,2.47107,2.53939
1.83942,3.03768,3.82577,13.8237,9.8839,0.627836,4.66927,7.02682,21.8349,12.6951,0.197163,3.839,6.4747,3.6156,0.777686,1.34127,8.13405,10.0984,2.89301,1.47772,0.577811,3.33105
1.51082,5.60692,0.498505,5.74239,2.43046,7.57922,3.80256,15.7966,3.48847,3.00825,2.4242,0.195523,14.6924,15.3263,1.60347,2.15606,0.558496,0.328307,1.08008,2.29342,1.92651,0.779161
3.91875,6.17233,6.4767,2.2078,3.77464,11.6264,10.4404,10.8923,22.2786,10.7731,10.1279,9.55399,7.79962,14.7215,14.2031,9.0617,13.0381,12.9985,3.59636,3.03511,1.85079,0.729562
5.33156,12.9808,10.548,0.335648,2.21719,0.866196,14.1509,21.9188,20.2543,21.3793,9.64923,3.26765,19.8645,27.0978,9.61687,0.136766,6.57843,6.88585,1.68862,0.865967,4.69244,4.87943
4.20015,6.14142,9.01108,9.53765,4.80711,4.7024,9.49048,6.96056,7.30233,6.63685,0.155879,5.00597,1.28569,5.79859,3.19004,0.171763,2.68237,5.39342,5.14472,4.04537,3.11881,2.12227
8.58788,20.8507,25.5831,7.26431,10.5589,14.9715,6.83835,4.85454,21.4692,25.6246,14.4587,11.6612,10.2749,3.07836,0.2656,2.57134,4.34162,3.59115,0.134128,1.89925,2.40999,4.22612
1.37877,0.195061,4.30087,9.36422,11.2698,14.1143,18.1003,6.53079,7.02315,2.26869,5.35818,8.22946,3.7537,1.02714,3.49691,3.67634,7.04699,5.5062,2.23598,3.95606,3.83565,3.87912
12.7558,28.411,28.2337,8.45347,3.57986,3.19847,6.21028,1.38465,2.7164,5.30887,0.434358,3.24445,2.62976,2.11122,6.28548,3.04061,5.16574,5.78807,2.04138,2.21812,3.59864,1.91861
1.49313,7.67844,14.0251,7.75599,0.166831,4.40789,9.25251,3.45844,5.35163,5.43397,3.3312,10.6623,22.202,21.6158,8.21038,0.023909,0.917471,0.145259,0.531093,1.00872,2.41052,1.56007
17.1608,34.5554,26.681,4.19089,3.83358,0.401457,4.13034,8.3591,10.6824,4.30962,3.88244,2.47472,3.18148,7.85978,2.83413,0.0794455,2.3356,3.12831,3.63183,2.63865,1.95757,0.591251
9.92023,23.3752,19.8011,3.58351,2.46476,5.70021,1.11546,3.31016,0.456752,2.37387,4.41486,10.0557,10.2763,4.84813,1.71504,1.244,1.63232,3.40737,1.2275,0.270035,1.19345,0.880328
15.851,31.9223,30.7998,4.789,7.85897,14.3374,11.5789,4.76434,4.78766,2.74173,3.24477,5.34569,2.16164,2.52332,3.58706,2.35059,2.43069,3.19673,1.92353,3.69695,0.519681,2.59914
20.1675,41.7222,37.325,5.66786,4.16756,8.47758,8.33331,4.48965,3.03353,3.65836,1.73433,6.8292,3.89632,0.817691,0.708624,0.128314,0.0459466,0.892397,0.308982,1.98554,2.37516,1.25774
7.70824,15.1661,14.9156,5.85693,3.19531,1.63365,6.3958,7.70751,1.69393,0.566921,0.100091,1.75349,3.20314,2.50784,1.03738,0.243099,0.262207,1.42992,0.908734,0.419288,1.04625,0.748232
26.9181,53.3706,48.4392,9.17062,4.70317,1.57578,5.31834,4.39972,2.34642,0.028474,1.17782,6.21446,4.21633,1.30989,1.22285,0.221947,3.26474,4.15557,0.0346149,1.60953,0.582407,1.31382
0.252537,14.8063,11.0975,1.45363,11.5652,13.9196,7.38562,13.4717,1.33899,4.52528,4.42012,9.68831,5.06938,4.01971,3.80525,1.27863,5.00162,5.84247,2.30203,1.279,0.543881,0.137918
7.58284,12.77,48.6614,21.9756,52.0873,47.0428,10.0177,29.6616,21.3392,8.16227,0.720319,3.6653,7.26633,5.82292,0.276065,5.01596,4.8165,2.83365,1.59925,0.220702,0.859826,0.920827
1.9937,45.2844,114.425,132.846,75.776,7.64786,25.2697,5.37382,5.64489,7.52801,0.857586,0.124883,6.92543,6.0263,3.07558,1.79512,1.46428,1.13248,0.983337,0.109571,0.153878,0.876272
15.58,93.326,159.958,66.1715,15.7429,19.4209,24.8921,15.5993,1.72139,1.02936,0.696127,3.71515,6.94271,4.36777,0.803893,0.434886,3.28898,5.8859,3.20459,0.992472,0.284215,1.65367
24.9556,71.2646,85.3457,20.8989,7.63199,3.10826,0.0256643,1.59808,10.0876,10.0638,3.85608,5.2079,7.55897,5.00728,2.18461,1.16062,1.00309,2.22335,0.463582,0.892422,1.34473,0.956336
81.5968,109.388,74.7285,2.86711,2.84087,9.32986,21.6295,12.9203,1.10537,2.88026,0.738019,2.52387,2.3603,5.35136,2.56623,0.742202,0.742108,0.719058,0.812821,1.40356,0.728036,0.801528
62.0329,88.1237,63.8228,9.40593,5.2814,8.93372,15.5459,12.8718,8.92552,7.23388,2.28244,2.30966,5.20189,3.18009,1.37393,1.5306,1.83958,2.54599,0.796209,0.253564,0.362936,0.363855
88.247,88.8534,47.4866,0.574799,5.51743,1.97561,5.95053,3.27884,6.3114,3.32726,2.84951,7.33517,0.160859,4.25636,0.914919,0.809432,2.2309,1.83796,1.37924,2.43028,2.16765,0.0391826
123.766,89.2816,18.6041,4.87015,7.8322,6.47776,24.8737,17.993,6.56296,5.43118,2.52202,8.83838,1.78383,10.0633,5.31083,0.691275,2.81602,4.02815,0.372798,0.775932,1.43983,0.367012
147.284,99.6923,18.5435,7.05371,5.54614,4.04641,13.181,14.5019,4.5428,2.4736,4.77928,11.1076,11.6175,6.72347,4.53719,3.39304,7.29146,9.05445,1.96252,0.416565,1.8825,1.47608
128.611,99.6314,29.7166,8.58428,1.88494,8.03741,6.77201,0.66383,5.63111,6.09025,2.9108,5.9215,9.45781,4.42623,4.07093,2.98863,5.37179,8.63322,3.25551,1.48119,0.932675,1.93089
38.9677,57.7083,36.7665,3.9999,3.99185,4.34695,8.35767,8.79168,6.845,6.52501,1.01575,0.393538,4.15509,0.961048,5.64558,3.82766,2.4102,2.78752,2.73168,2.64887,2.43372,2.72802
47.6564,11.1655,12.288,8.27939,17.0454,15.6139,1.23968,8.09161,4.61794,5.61159,0.455316,1.87472,7.02083,10.4677,8.04343,1.97976,2.41714,5.51944,1.89309,9.7198,7.95641,3.48274
50.6258,49.1429,29.4632,5.46749,6.85875,7.43564,7.4792,5.5879,12.5688,11.8177,0.707244,2.83539,3.22633,7.09651,6.87848,1.80391,10.4207,13.1621,0.672078,7.52857,3.65164,5.16313
30.1412,52.0617,44.1279,6.68825,2.43509,10.9029,12.673,2.91736,4.84405,4.65213,2.18928,3.41312,1.10584,0.596178,5.22527,2.97579,7.93012,12.4204,1.72528,1.95496,0.478063,0.933114
3.15023,6.69034,1.23186,6.41222,5.88987,10.7378,10.2234,9.08019,14.5046,9.33718,3.92909,14.8368,11.5428,1.1486,8.18423,3.73925,5.27109,5.4833,0.32011,3.67136,5.25783,6.21348
25.466,46.5316,49.425,24.0006,10.9314,15.3238,40.5598,20.6436,19.2079,19.771,8.64181,19.672,7.39333,2.54955,7.72802,2.17188,7.43278,7.35394,0.658819,1.23509,2.82725,2.4921
16.1234,34.7594,41.9516,14.1308,5.38128,10.0592,22.6533,8.82892,2.41458,2.07405,4.27919,9.64161,0.872746,10.9467,9.39448,2.5013,7.9959,15.9035,4.59827,7.89867,5.78394,1.99687
13.0432,23.4786,15.8299,8.93574,14.1752,13.6674,19.4591,9.66796,18.6019,20.6711,7.80904,8.7638,6.42787,2.86242,6.00385,3.38738,12.4585,18.9689,0.252355,11.4881,5.27361,1.50665
27.8947,54.6362,50.1469,7.86056,2.09838,21.6072,37.1729,14.2113,14.8761,10.9847,0.264978,5.70941,9.38992,0.132223,7.90275,6.11236,14.2058,17.974,2.07752,4.87136,0.585226,0.0300666
5.52219,10.3077,14.2336,13.602,11.8578,4.19335,22.0003,14.488,2.32361,1.57566,1.24258,5.66083,12.6725,6.85177,3.91456,4.07548,1.52047,1.77611,3.94409,5.30871,3.96666,4.45813
29.4535,51.1847,34.2795,3.95704,8.89349,17.3347,13.9664,3.27366,13.6759,13.2196,0.799239,9.21917,7.05223,7.87416,8.88212,0.671705,13.3985,18.1823,8.37763,4.58788,6.24175,4.68141
23.7999,44.0902,29.0767,19.8975,26.1442,28.1093,41.1781,23.3363,4.78823,5.34313,4.33522,11.2829,7.32701,2.5703,5.21932,4.40946,17.8616,23.7679,4.76106,5.63556,0.496709,1.48609
13.892,25.2974,31.9869,11.2812,11.8153,22.4272,30.7806,22.7887,8.10686,3.15758,1.65859,2.71105,0.470336,1.88152,6.554,1.92864,9.59716,13.65,0.400035,10.5414,2.25451,7.47865
31.8639,63.979,60.959,17.7793,10.8973,2.35742,4.08179,4.53247,14.2928,10.5861,1.09498,0.876582,5.70857,4.68068,3.06646,2.09289,5.6833,9.12936,9.41127,9.07187,0.258533,6.28027
10.1587,16.5204,6.50919,12.9434,7.52917,13.5273,24.88,9.5391,6.33607,5.00513,2.93234,7.77869,2.01979,5.55621,4.70756,4.12307,18.5701,25.594,13.0563,3.61209,4.72631,6.32208
29.724,57.3234,67.0781,36.3746,13.0143,8.80102,24.0588,22.491,10.6417,6.16736,2.66688,10.3603,11.4422,8.77335,6.0331,0.309076,16.7037,22.7574,9.51855,3.51622,1.96011,8.31356
27.1278,55.5583,68.9018,28.3618,3.19785,4.44786,12.116,20.4086,15.8405,9.71526,3.20744,6.95825,9.897,4.44066,1.04576,0.711439,3.40477,6.26315,1.21227,0.876162,0.509446,5.33957
13.4321,21.0906,9.71578,18.8935,23.9001,10.8506,2.56618,4.02179,3.79198,1.31468,1.75508,2.82771,2.42048,4.20225,0.171879,2.56414,9.23558,10.837,8.05313,9.79865,7.42117,1.77948
35.7223,70.2132,67.4754,20.109,15.291,15.1203,2.00225,11.8503,8.8218,6.40914,3.30109,1.13202,1.05206,0.0318124,3.87101,7.10418,20.5677,25.6684,14.8794,13.9235,10.2119,6.48632
12.1321,25.9797,36.6732,28.6396,11.7479,2.04215,17.2929,19.4515,4.74757,4.13578,3.03416,5.52108,4.58848,2.62926,3.04684,5.08083,17.7518,23.4826,15.3911,8.44198,4.53544,2.74865
33.2309,56.2189,37.2659,1.19928,8.78319,24.1379,37.8025,20.5582,2.66139,0.0941257,6.56801,10.643,5.90704,0.532481,2.03155,1.74935,3.4083,5.08737,1.03629,1.19636,1.67216,2.79755
30.2861,61.6316,53.7937,1.91513,23.1961,32.7507,26.8942,5.12569,9.61455,7.68302,4.25541,10.2312,10.5058,7.71564,3.90157,0.552655,13.3665,18.92,6.0674,3.85623,4.68894,2.90386
9.57845,21.1318,13.9155,23.4331,33.0661,2.31165,31.9342,21.8128,8.83501,5.91165,3.91534,10.794,6.22942,1.56682,6.06254,2.98818,10.8424,17.0344,10.6733,5.03877,3.20956,2.85064
41.9576,76.2412,47.9533,13.9741,5.15997,16.5485,59.2353,31.9681,5.21087,7.87976,2.73073,7.78159,1.81687,2.87702,7.15655,0.617186,0.766312,0.779622,3.18688,12.8477,14.8175,11.4918
17.6475,29.8175,5.33356,37.3846,28.1802,4.89357,29.4078,16.091,10.813,9.98534,2.72322,5.34892,3.00586,5.90507,9.42099,7.43527,11.7756,10.6304,3.3173,7.59412,6.27071,4.89746
31.8911,58.9824,74.9159,50.4858,15.4716,17.3692,20.2911,5.36948,0.0112219,1.24456,2.21415,1.89796,1.43739,5.76536,9.71941,6.59258,7.25672,13.4714,7.01001,7.34335,4.91259,3.14405
33.5144,68.1874,81.8766,36.2541,0.539552,12.3282,41.8095,21.8593,8.70549,6.97388,3.92729,10.9546,4.8785,2.29154,7.91855,3.40482,2.29365,4.85921,3.39841,0.255831,4.72721,7.16933
5.78506,12.8745,4.02468,20.5183,25.6384,4.75378,27.4363,21.5434,9.51466,13.0609,4.83311,18.852,11.4653,5.42899,9.48661,2.9322,3.96964,3.91711,6.68595,3.91526,8.34669,7.23043
39.0111,75.8573,70.853,15.4664,17.2446,23.2195,0.405666,11.7159,6.22178,2.12943,9.2563,21.274,16.8088,12.0836,12.032,3.81082,9.5073,16.0048,4.33149,6.07599,1.60434,8.75933
20.9453,37.2483,46.0689,18.0574,11.0026,9.50039,2.93137,3.46487,20.6744,16.9463,8.87827,17.2168,17.7417,2.51884,10.1585,6.83356,5.3374,10.1824,4.50105,7.38412,9.3602,2.17171
30.6313,51.5291,29.5261,22.7729,13.7812,3.39943,15.0247,14.2212,14.104,13.0023,2.71545,4.41405,7.26226,6.61287,6.1289,3.82173,0.328252,2.95261,0.630642,4.95197,2.06273,1.58033
35.6698,66.4201,51.0777,8.53002,14.7167,7.85883,33.3703,22.8716,4.14384,5.43433,0.186921,4.02633,10.997,13.9382,9.65946,3.49138,4.02065,10.7354,1.79973,11.4096,6.28261,1.65106
3.44398,6.19366,4.60584,4.69218,9.69281,9.71968,24.6596,15.5526,18.7448,18.1891,1.77435,4.66699,7.39158,16.8139,11.0502,4.55361,5.93258,5.51884,3.37654,5.70646,2.08244,5.55513
39.7975,70.3776,52.4979,4.52376,16.5554,18.5001,13.3684,2.94275,20.3943,16.3373,4.38004,5.27593,1.88076,2.76375,5.76932,2.69013,4.61703,2.34678,2.65528,3.7695,11.7752,11.2564
19.9984,35.7707,22.6739,23.1361,34.7273,34.9031,45.231,28.4851,2.1596,0.838426,4.19722,10.1644,20.3343,13.1514,2.75941,3.31763,0.364754,4.41149,9.36925,4.13843,0.918422,2.52012
25.537,44.7037,43.913,2.38282,21.8032,31.4616,41.6246,31.3209,20.2649,13.6144,0.156636,4.59783,5.38231,6.23705,3.38463,0.0668109,4.24911,9.9908,6.82145,3.18058,0.904007,3.35676
33.491,63.9848,59.0434,14.1097,7.68468,10.8403,13.1458,14.7467,20.6987,16.7535,4.15508,1.13946,13.1703,13.9653,3.50646,1.49356,2.12473,0.87337,10.5974,8.02689,2.27815,2.06923
5.34064,3.51936,2.80953,3.89291,1.10778,8.98169,16.3651,9.9587,3.32041,1.53412,1.11219,0.50585,0.553137,1.93205,3.18866,0.217025,3.56265,7.93836,10.0685,1.32296,4.32536,0.724606
31.6773,62.5654,65.1176,26.4642,13.7264,17.9373,29.5816,26.0094,20.9774,13.7739,2.08033,0.368005,12.2127,17.0654,6.42218,0.861896,3.36801,5.5482,5.53451,0.778343,3.22808,1.26248
21.8281,39.6204,47.0522,16.11,11.7938,18.9884,25.5646,26.5025,21.8747,12.1629,4.49989,10.3515,7.61361,4.64752,5.499,4.92544,5.40366,0.900416,16.2572,15.7322,4.21269,0.900983
18.9436,31.1409,17.9286,22.9848,32.3649,21.4647,17.6198,12.3714,8.91555,11.3174,9.77618,13.0227,17.1303,8.64178,0.554269,1.82812,6.70082,11.5123,13.8213,7.25446,1.08505,3.88843
31.4467,57.8418,45.6996,9.59582,23.8194,22.0445,5.65392,3.89333,18.477,19.2721,10.5069,9.27085,2.65992,0.808368,3.3297,2.35322,1.82338,4.85087,12.9044,14.4772,3.07245,3.10456
4.80161,9.38268,8.81211,7.67808,19.6732,5.63455,9.98561,14.762,21.8912,13.6499,3.97396,7.41938,1.22031,4.76809,0.742082,0.650237,1.78186,2.62473,2.78923,3.94076,1.03013,0.741493
29.3949,50.284,37.5489,6.4826,11.9263,0.811154,10.9273,12.5767,13.0226,6.19205,0.904037,3.35999,7.76564,4.38764,1.29632,2.59225,6.33408,12.0095,17.0654,14.5946,3.59938,0.325219
24.1207,43.1589,31.3305,3.12906,0.546624,1.31086,8.02601,4.94883,3.97478,2.86469,1.79694,1.61677,0.841557,3.32373,2.35484,1.25832,4.64294,1.41275,3.50357,12.9741,7.4624,0.41108
8.3239,17.6617,20.5041,8.7311,0.472192,7.30993,10.7103,0.234669,10.3984,3.07489,3.31882,0.780053,4.81596,5.75948,3.67436,0.635875,3.21176,0.0191284,12.3841,16.8503,9.06153,0.227459
1.63412,0.865375,59.9142,89.1305,19.3098,79.4995,48.7245,34.4649,25.6964,9.93933,0.78625,4.1239,10.619,5.8595,4.46452,6.49219,0.88775,7.42941,7.75572,8.04142,13.761,10.6327
2.54002,10.7319,72.2617,198.614,120.511,13.253,23.9661,0.344685,10.0307,0.106964,8.46552,1.75855,15.4589,18.8892,9.86297,2.80693,4.73089,5.53489,0.00580263,3.33648,0.064528,4.15339
40.248,55.706,69.7085,53.0609,16.3733,2.42001,8.04504,0.0250422,7.77225,5.64049,1.99283,0.651322,6.26638,8.62318,2.00681,5.28821,12.7506,6.58235,2.10165,0.0617063,4.75621,3.89058
7.67814,34.0763,28.2312,3.17478,12.2835,23.9425,13.9261,10.3348,15.2948,7.38857,0.581694,1.34317,6.89468,5.76212,0.25443,3.76785,14.3612,15.6075,7.65381,8.12429,12.8444,7.2953
81.5949,117.204,93.2795,24.3957,17.3941,12.9487,4.08581,7.16521,14.3518,7.47472,2.58367,3.4857,1.216,6.07576,2.97605,0.187431,9.02974,10.8025,3.9519,12.0275,8.23144,2.08503
111.859,135.763,87.4838,1.02306,11.1089,1.46624,7.76246,2.81076,10.6514,8.44305,2.40811,1.33017,3.71951,3.71314,2.76071,1.27693,1.47338,1.7126,0.509557,0.775143,0.287601,1.25563
138.735,130.726,59.2388,1.78487,7.67085,0.0721739,5.04974,0.1977,3.0403,10.5404,11.3228,9.39131,5.96677,0.0767083,1.96053,3.73773,13.7795,15.1036,3.97873,7.12106,5.58546,1.01686
146.471,126.307,54.3576,2.53475,1.93131,7.29664,6.60593,0.301668,6.75379,9.80354,3.88277,4.00941,2.32845,5.54219,2.40933,3.56591,5.30266,6.18427,2.59565,8.1656,10.1723,5.7057
129.699,102.496,33.7992,3.99533,1.72513,7.9749,9.03874,1.33089,4.89647,5.99001,7.949,8.95598,1.15306,4.07272,0.172544,4.6386,3.12408,0.686839,3.41304,12.7151,11.672,3.52484
39.4338,36.4412,12.2776,6.67026,0.13962,5.59543,6.88052,3.3415,2.60853,2.86238,3.12681,10.4475,11.1867,0.86883,5.75657,7.58186,15.297,16.5228,7.49148,10.8978,13.7679,4.61853
52.0932,31.0486,8.50236,7.65821,8.98987,13.2435,12.2828,1.77259,5.90673,7.84979,5.79415,3.73146,5.17795,2.32356,1.1051,2.0066,5.99782,5.07606,3.97296,6.69598,4.8119,0.363652
59.1925,40.0357,8.80657,4.38596,5.64114,0.844394,1.85594,0.875911,1.20608,6.46899,8.02185,4.42312,1.97251,0.306689,4.44718,6.74146,1.27359,12.1024,9.4161,2.9555,3.09693,0.862392
14.8732,13.8509,1.23939,3.52372,4.31982,3.15868,7.02456,2.42272,6.65137,1.11831,6.38101,8.36656,3.39148,3.20089,1.56033,1.8481,14.3369,13.1918,4.0283,8.32502,3.20737,0.878326
0.844064,1.10632,2.74265,10.4723,10.309,6.60247,2.87393,3.92112,9.25254,1.52692,8.15449,1.88079,3.20113,0.867401,0.757151,2.59233,9.72875,16.2971,14.7075,7.10183,4.51647,10.1674
0.199901,0.114607,3.28172,2.25767,7.09541,11.4034,6.48578,5.34296,6.88304,4.44686,10.4601,0.224902,4.60462,0.511297,1.69302,3.12729,3.29443,2.51663,4.30373,1.53063,0.928493,0.577329
0.591033,0.336722,0.104305,2.07044,4.53663,0.866498,3.74212,2.45621,9.99942,2.10478,6.66464,1.06616,1.98539,2.32779,3.70678,3.43564,1.75027,0.420357,0.71785,5.55771,9.91165,9.07398
0.158949,0.729054,4.04184,5.63187,1.06243,5.00048,5.58651,2.91355,7.55639,1.68379,5.46345,6.0454,12.1605,6.80306,4.40419,2.95803,1.83947,1.68384,1.88866,3.54251,0.537547,1.83865
0.328637,1.08075,4.22238,5.81066,2.3533,1.03428,1.11833,4.66332,9.07638,3.77795,3.15574,0.436305,6.67128,6.22211,0.49675,1.43651,5.60439,8.12495,7.90874,17.1934,19.7006,7.37895
0.255248,0.299517,0.576932,3.37846,5.74267,2.05575,0.390126,1.58695,2.0374,1.9769,2.06029,0.875477,0.764036,4.42464,2.34645,1.98638,0.31206,4.16247,6.06954,3.31044,12.8581,6.82808
0.573163,0.231965,4.10478,2.42078,6.10648,4.59689,2.08536,2.85444,3.55124,8.46664,11.5215,9.63993,7.87181,5.65811,4.37296,3.88833,3.51576,0.214287,2.22683,10.9321,12.7348,1.66653
0.333636,0.106025,1.87378,5.69257,7.32832,2.71293,3.08822,5.24692,4.29198,7.88546,10.7815,3.74811,2.64167,3.8373,0.898816,2.36925,4.20507,9.02512,5.65774,6.60933,15.3772,8.44611
0.277291,0.111916,0.271327,2.23452,4.97224,3.75348,0.679491,2.20427,6.07877,13.6196,17.8143,9.99419,1.22268,0.908243,0.561545,0.508169,1.54577,5.66693,0.138094,27.7631,36.3708,10.6054
0.0471365,0.544838,1.78721,0.273603,2.8966,1.86573,0.367514,0.818188,4.50755,15.3631,18.3891,5.83284,1.49484,1.24882,1.82263,2.28574,2.01289,1.08178,0.153021,9.22721,16.8096,10.7626
0.00425297,0.325318,1.16785,0.746338,0.155197,0.398828,1.4351,1.27906,1.52917,9.75109,13.5922,4.22663,2.32012,5.74981,5.31322,5.47152,3.13413,1.28753,3.81695,2.30874,0.0615568,1.55674
0.329937,0.193233,0.744113,1.18876,0.222454,0.141684,2.5093,4.117,5.13501,1.28124,6.41814,6.69513,0.0412077,5.28919,4.68112,0.524006,1.16956,3.42975,0.727738,10.7959,10.1296,2.20952
0.0839401,0.0124929,0.429207,0.55334,2.79867,2.11444,0.0442457,0.592862,1.73432,3.15451,3.93803,3.84441,0.381089,3.28057,3.772,3.3402,2.56787,2.68856,3.48156,3.33369,1.81018,0.735698
0.284352,0.018295,1.04153,2.08737,1.92126,1.08933,0.830585,1.62342,0.945965,10.9146,10.9924,0.802697,0.546683,0.374755,0.890952,1.95002,4.89773,5.08741,10.6535,18.8099,12.2438,4.3744
0.302385,0.0998958,0.465715,0.1354,2.15816,3.687,4.24275,6.607,7.46121,1.98587,11.2264,9.26893,3.34241,0.715569,2.50816,3.46466,2.08406,0.683332,13.6659,33.4091,24.3322,4.12331
0.651712,0.826135,0.546046,4.38449,1.16254,5.858,0.989068,9.42946,17.2137,10.6788,3.21819,10.2677,6.38881,5.06336,7.16728,8.8808,5.45083,0.770334,7.82055,3.37807,10.3956,5.6389
0.0773057,1.47652,7.33272,8.84666,0.082475,9.44158,4.9891,1.58442,9.30155,0.153646,17.3322,15.1622,3.85942,12.4637,5.34416,1.81184,11.8033,18.8892,23.5071,19.4949,6.40533,1.96709
0.461577,0.149747,5.34096,10.1818,10.0533,11.5739,8.92225,2.12754,0.972398,0.879831,2.21003,13.2417,10.3071,0.437488,0.0875055,3.31114,13.697,19.4033,13.832,5.42139,4.99746,4.40706
0.457945,0.63875,1.50435,2.49254,7.78623,0.984082,2.77958,4.95077,15.2731,9.54636,0.588288,6.47763,11.5646,7.41827,1.68301,3.21192,6.77311,4.15081,2.58458,9.34123,8.18975,0.212397
0.387096,0.253481,5.31235,4.23018,2.2067,4.60876,5.06791,3.49002,14.5638,7.87151,6.52769,5.47935,1.24372,0.0327109,1.21177,2.10434,12.1259,18.3793,16.4744,6.41877,5.60294,9.22492
0.222122,0.654226,6.29607,12.4964,10.4666,7.52492,6.6645,2.02693,0.51059,8.29574,15.4471,13.8867,15.212,10.7727,1.25218,2.58592,5.81684,6.32542,22.225,5.49012,4.64134,2.73762
0.765021,0.013983,5.13833,7.46855,0.859498,12.5641,12.9149,7.87019,14.9285,22.3907,13.3285,3.48098,5.01346,0.419431,1.59871,3.1481,1.63375,5.37518,2.78933,13.9439,11.4086,4.05972
0.507934,0.354965,2.19982,2.93732,0.733159,2.20677,1.42031,0.614186,6.47034,12.123,17.0446,11.9755,6.70015,13.2168,5.05858,3.15189,3.89733,4.86351,7.57159,0.968133,0.958082,3.16138
0.106879,0.0285024,0.760018,0.376711,5.42421,16.1836,18.0432,8.9712,6.20492,0.906861,3.40541,5.15701,5.93947,0.968009,0.487423,0.250974,8.40893,1.66313,15.2814,15.9219,7.67763,1.55864
0.0963553,0.725114,5.23322,10.3198,10.0726,11.4281,12.1571,8.64754,7.68588,0.306181,10.5683,11.6669,9.8952,4.59313,0.216055,0.388071,8.44282,22.1246,22.682,23.3662,17.8758,5.80613
0.0789107,0.727275,7.4367,6.39988,2.14971,4.04072,7.81195,1.75811,13.8159,13.1081,4.87925,4.97426,0.170087,2.38221,0.156818,0.453152,2.8673,14.0668,21.2167,12.2925,0.50135,2.50969
0.453877,0.355651,3.78776,8.68416,7.40876,2.26451,4.99312,0.469802,0.0508817,3.1811,6.50407,8.76989,3.74672,0.149396,1.40278,2.78472,10.1342,16.897,10.1799,6.50017,6.40856,1.9841
0.430864,0.130351,1.48759,4.64002,9.23981,12.2146,6.95016,2.94828,8.37604,4.98309,3.26162,7.60411,7.21092,4.9613,2.2632,0.0263242,3.83779,16.5404,23.9299,10.8984,4.51425,4.59148
0.284246,0.758017,6.23238,6.12066,4.85746,8.77806,1.13037,8.1645,10.1497,0.571736,6.24099,0.400299,1.08877,0.551714,1.74202,3.15966,0.0858901,9.3128,12.1686,4.69307,7.58358,0.308231
33.9862,45.8972,8.27822,88.7333,65.5192,34.4338,43.7076,16.5627,4.10437,1.28755,3.27756,2.96254,12.7394,9.47655,3.20628,10.0375,7.19817,4.2167,10.8566,9.89692,9.68996,10.3791
35.7638,48.0391,6.33194,59.8209,10.0337,38.5252,13.2502,14.0742,21.5464,7.62682,2.40761,4.29412,8.90025,0.510767,3.04985,0.322113,0.657371,1.69006,3.43494,6.52723,3.34911,1.25977
32.2222,23.4899,125.911,89.3584,0.976905,2.92024,6.93632,3.54182,4.83944,4.97129,6.92153,3.7399,0.315091,0.943721,0.822836,1.77694,2.9171,11.867,11.8259,3.58315,1.31436,2.17668
13.9482,92.8961,127.565,35.218,6.38765,3.8068,2.81099,2.16005,2.70803,4.39302,5.1877,2.41732,0.851182,1.27863,0.169257,1.00622,2.39147,10.2998,12.8537,4.3151,0.126263,1.4776
53.5193,65.5192,52.0231,11.2574,1.31297,0.599709,0.110504,1.44022,2.91725,1.80176,0.243783,0.947647,1.49595,1.20135,0.427083,0.0112436,2.52238,7.11319,3.38799,5.02768,5.11742,1.02339
103.93,124.571,81.8478,13.4204,5.8717,1.58893,0.233338,0.526704,0.956661,5.64878,3.8076,1.40384,1.90867,0.476495,0.362514,0.671024,0.49011,11.7679,12.1975,2.22366,5.2611,0.66954
141.84,138.844,73.7673,9.99927,4.69964,1.4687,1.14975,1.19538,4.75379,3.89339,2.794,3.86234,1.4925,1.21578,1.1172,0.605635,0.569346,1.89945,6.10598,3.93423,2.51332,2.42512
147.727,129.105,57.4729,4.13881,1.65508,0.217062,0.503341,1.06964,1.7186,7.39651,6.57496,0.231332,1.61839,1.04836,0.279379,1.45355,2.79549,13.021,25.5274,13.9961,3.91884,0.00695501
88.1908,75.7784,29.5577,1.75776,0.0640821,0.670195,0.0210787,1.09207,2.75444,0.50449,3.61949,1.93876,0.26017,0.38636,0.0440895,1.26524,4.9048,21.4456,20.0416,1.3791,2.52093,1.07686
17.8309,5.48741,3.28312,0.0492046,0.258706,0.25092,0.310704,0.315811,0.069254,2.74218,2.96452,0.95961,0.630473,1.27632,2.15762,1.95372,1.43251,4.43074,5.1963,0.237093,0.296775,2.64991
91.3071,60.8406,12.6846,1.56097,1.11128,0.049269,0.737957,1.66009,3.08412,3.78855,2.56399,0.91864,0.368262,0.548817,2.1171,1.9702,4.80984,15.6758,9.3999,5.27294,3.11811,3.24659
66.8602,50.0389,15.2645,0.720226,0.297147,0.0288484,0.534706,0.513495,2.3246,4.97147,4.62842,0.835133,1.2438,1.30057,0.641785,0.225821,0.198889,11.6642,15.8783,1.49527,6.16214,2.83675
7.56108,11.5215,7.44982,0.301047,0.551983,0.800217,0.219283,0.215896,1.07556,0.872868,2.04042,0.0350548,2.42513,0.382311,0.504678,0.808056,0.870951,0.0446175,1.82424,0.722048,4.19517,2.43062
4.82044,0.863169,1.90408,1.14053,1.26131,0.27393,0.386257,2.39915,6.15297,9.11199,7.40867,3.1707,0.328667,0.550184,0.622175,0.206304,2.86519,12.7794,23.1548,19.6297,8.0696,3.02905
29.5992,31.1605,21.2047,69.2238,1.97781,47.2265,8.59285,10.4744,2.36193,5.36326,3.66625,4.50214,4.67864,3.64003,0.583714,2.04235,8.8525,16.8219,13.7542,1.49288,2.8361,3.35737
30.4109,48.9203,22.8772,169.103,135.281,12.0151,6.43107,4.7587,4.82956,10.961,4.55413,10.9569,16.746,6.66112,0.305668,4.98579,8.19315,10.4287,10.7819,3.15768,0.836367,0.966107
25.5889,30.4509,149.504,132.953,21.1598,0.224607,4.38472,2.43476,8.08919,9.52628,7.28682,0.638228,7.27178,6.27065,0.936569,0.623046,2.85517,8.32479,11.2155,7.15568,2.34103,0.845161
21.0681,103.121,134.664,30.9964,16.6183,15.8027,10.3298,3.2166,5.86657,4.37001,2.0579,0.446425,4.90028,6.20986,1.35214,1.20867,5.11967,5.00832,0.589355,1.99707,3.15897,1.57104
31.2042,30.9055,31.8824,18.7947,7.20949,6.33978,7.32491,13.0193,5.62861,0.443598,2.28169,4.83579,7.99329,5.65342,0.514245,2.06095,5.83747,1.71532,6.57777,3.01923,0.981477,0.544087
89.1599,108.369,72.7621,13.2622,9.85379,12.9625,14.2897,11.5379,9.68897,7.85397,4.03107,3.67423,5.8301,4.23903,0.131624,0.566103,0.045928,8.91789,13.9488,6.48725,3.9568,2.99373
132.968,130.333,67.6118,7.70577,11.7907,13.7559,7.43205,2.82519,2.55418,0.449513,2.79757,4.6671,7.88735,7.66336,4.32735,1.99216,9.53015,23.8926,23.2093,15.7159,8.81538,0.744743
135.269,121.876,59.9416,9.99475,10.6,6.50898,9.21269,10.9381,4.34094,13.2048,9.95095,2.07495,0.534914,0.422627,0.205796,1.0957,9.99065,14.307,5.2568,0.645359,2.12275,2.30825
77.6189,69.3148,32.8001,1.60697,0.488086,11.2293,17.9896,7.84119,0.30555,2.46039,5.71014,1.62376,5.11304,4.28786,1.40835,0.852541,5.74328,15.2719,9.30704,0.711329,0.409008,1.8484
37.1753,28.1171,12.9769,2.40055,14.0352,20.3943,8.10558,2.19765,10.1883,7.46295,1.85629,0.434979,6.4547,4.89222,0.322934,1.10022,12.1807,27.4976,19.8898,4.32924,0.677607,2.32226
147.685,120.659,46.0819,1.76116,0.167961,1.57172,9.39554,3.85238,12.2631,6.34483,4.5982,4.37423,0.66793,1.44616,2.29164,1.854,11.2365,16.4039,1.32089,1.2245,3.39996,1.63788
197.854,162.535,58.8987,7.49219,2.75549,5.67617,14.6912,9.73954,0.304008,0.353721,0.545481,0.0458732,7.84419,8.82813,2.192,0.373203,13.8972,26.6749,16.0067,2.00621,0.306211,1.53589
137.068,117.096,43.7859,11.4248,14.4428,11.0967,3.38111,4.41163,11.2316,8.18874,3.43369,5.46173,5.1841,1.63005,2.14981,1.21745,6.23379,6.9951,0.00487298,4.42267,3.71852,0.679003
24.4419,24.8147,12.2725,7.85701,15.4706,10.5627,12.0234,7.6958,4.7073,4.92479,0.908939,5.83921,12.7325,9.0983,0.317099,1.67586,4.51097,15.6194,17.4734,3.62442,6.03544,4.22021
89.9119,75.016,24.9788,2.9906,21.8244,25.6428,25.3137,19.3151,7.7823,0.5696,6.68082,5.81743,1.62117,0.482232,0.0987715,1.13614,9.00591,3.54228,5.95829,1.00853,2.1069,2.08786
165.932,144.897,63.8644,5.51317,10.5451,4.62175,8.92225,12.4162,12.1659,4.95417,5.20157,5.24751,9.9419,9.52818,1.20812,1.49254,11.2345,14.5856,10.6162,10.7049,3.45228,2.86165
132.776,121.888,56.0746,2.05815,1.07679,5.09689,3.89539,7.03424,0.809159,0.646527,5.44566,0.927658,2.32945,3.32258,1.33738,2.01604,7.9332,20.1801,15.647,7.38072,0.654006,5.20447
29.7525,35.5528,13.0772,6.47931,9.7198,19.7634,23.599,16.3137,9.75194,9.49932,7.66107,5.48235,1.93629,4.44782,2.79074,3.35257,0.112367,3.3888,0.536263,1.1716,2.88569,3.774
40.4325,37.6333,26.5582,17.4313,13.1416,13.8068,22.562,16.0897,7.31144,10.0147,4.81348,3.32599,4.69172,2.75287,0.0407313,4.95918,10.123,8.93124,7.26644,9.40139,6.69775,5.65143
54.3487,57.3866,23.9579,16.2411,21.0051,17.4667,11.8669,6.31308,3.01881,3.53295,3.02943,5.22429,6.7872,6.208,0.692961,4.80213,9.46375,13.2284,8.50436,7.43643,8.15387,4.82466
38.1817,48.7519,24.6988,1.0803,10.2559,3.66453,19.2463,11.9447,5.45751,1.44384,3.72303,3.52272,0.112522,2.2661,2.10369,5.67733,8.64575,21.9053,28.4599,11.4059,2.04063,0.248684
10.8099,21.8634,31.9086,16.0725,10.8414,5.09594,23.7152,20.5057,6.42502,5.57965,2.97148,3.34091,2.53601,0.587415,3.41604,6.14396,1.56922,16.5902,18.0211,7.07758,15.0844,8.31774
13.5836,18.3996,0.518775,17.7338,2.47796,15.0563,25.225,14.889,6.62804,10.6349,5.99309,6.98441,7.24334,3.53274,2.55382,3.80311,1.93896,9.41039,4.99699,1.79359,2.95373,2.91389
35.5867,54.5617,49.4203,7.69436,8.76022,1.4796,1.87731,2.99749,8.61557,5.77363,0.375433,2.59968,2.90372,0.50688,2.1181,4.82906,0.56308,6.21644,7.51127,10.0933,13.7481,5.59976
41.0404,61.0869,54.395,21.8397,22.8357,11.9235,16.4811,16.337,2.90373,0.748457,0.589805,0.733724,6.5844,8.09468,1.87917,5.39349,5.96999,11.804,11.1358,4.1504,5.57042,2.82896
18.1028,23.5507,4.85868,19.4938,16.3334,4.0942,28.7743,19.273,2.41763,3.91358,0.798216,1.84294,7.16237,6.25794,2.35908,4.0892,5.73538,9.39739,9.31454,16.082,14.9459,5.71089
16.0186,24.0563,27.4164,11.1519,7.13513,3.14386,13.8071,9.37055,7.11228,7.73341,2.40857,0.0450457,8.27087,9.56683,2.62979,2.95148,4.4889,4.46522,2.74016,1.97831,4.32874,0.44454
40.1682,55.4008,27.8294,11.2534,2.42199,4.09181,7.61085,5.14785,1.37851,2.65907,0.770579,0.706974,8.23001,9.88455,2.3246,1.16753,4.60538,7.01634,15.2178,7.53568,8.64522,8.33475
48.826,65.8576,39.9518,2.04151,7.10902,0.142641,25.7422,20.6276,4.04197,7.74543,1.74853,7.68365,12.206,10.7193,5.83993,3.02664,1.92762,2.67532,1.09933,3.37673,1.63081,6.60119
27.8598,43.8151,48.3511,16.1021,9.64069,7.92652,36.2082,23.8123,2.55994,5.17185,1.19279,3.32726,9.04889,6.21079,1.43249,1.37047,6.70221,1.64143,12.7536,11.1025,0.445141,6.51781
14.6129,15.6652,7.45128,5.55239,16.8506,10.7407,11.6136,14.3153,11.7882,11.657,7.31017,3.02487,8.32255,11.8564,4.33897,0.27248,7.81737,13.928,4.55392,4.8995,1.73599,6.02055
38.884,66.9055,71.6161,32.39,6.55132,5.73346,3.53433,5.4182,12.7163,12.5743,2.24066,2.40858,8.97881,10.4448,2.1489,2.33175,2.66753,9.9363,12.8265,12.3283,6.09329,0.731876
49.5604,72.1565,53.7888,2.73028,13.7212,29.1045,35.0344,15.0032,4.98301,7.63739,6.48689,4.03062,6.58899,5.8601,2.15386,1.20748,7.35513,4.91076,6.63179,11.1963,11.7618,6.16757
32.2428,35.6626,1.23195,29.5322,25.0219,13.5334,16.6511,20.0023,7.78094,1.038,6.861,0.3644,11.0169,8.30618,3.60275,4.87826,0.448215,0.0507187,5.71795,0.907124,9.12924,3.71999
14.6963,15.4455,7.31579,7.14507,3.24919,16.644,19.5685,15.6718,21.8844,12.2392,3.03744,0.620645,12.5675,11.3371,1.04995,6.51032,3.76482,6.48816,9.37674,3.24654,8.75545,1.52895
48.3175,59.8152,17.9982,17.875,26.0382,44.5069,28.7842,9.1587,6.17646,2.58799,4.30444,4.73804,11.6495,12.5521,0.972224,5.40241,9.27438,9.12233,1.91327,4.73159,9.48912,5.89837
56.6262,81.652,62.5565,0.500751,4.07557,3.86741,20.8401,30.3737,19.0547,13.2246,4.68256,2.71423,9.95222,10.583,5.4889,5.97674,9.87093,16.8643,16.2036,9.4245,2.94184,1.83176
31.6532,55.8614,64.0068,33.9763,28.2026,41.6242,38.2339,24.8695,22.0133,14.4905,2.49414,3.35881,13.1472,12.7743,4.69663,2.62774,0.692885,4.66257,9.00853,10.3688,9.3635,9.63687
3.72907,9.1378,11.2114,3.89293,15.5882,28.1914,11.9019,1.1759,4.47658,5.30585,3.13324,0.45693,11.3827,11.4755,0.0571873,1.48461,5.40584,4.33807,3.92206,10.5446,10.4155,7.89056
47.1785,70.3577,70.3498,35.2061,4.32442,10.0772,12.87,23.5176,16.3517,8.59231,1.06504,1.87939,8.87371,11.935,4.0154,0.849424,4.85631,11.7323,13.7242,6.89358,2.50605,2.95521
56.6113,79.9693,57.3315,7.63741,38.877,53.9289,48.0269,25.9679,15.5914,8.38278,4.53983,6.08657,8.26116,6.21004,2.25278,3.68581,1.12712,4.71217,6.99729,3.69096,6.00256,9.02784
42.9085,54.5554,19.943,6.43907,10.8468,2.7519,15.202,19.8476,6.98996,5.65031,0.934512,1.48628,8.33752,7.32698,1.80962,4.59818,3.02674,12.848,14.1294,8.81843,2.11236,3.9408
10.5133,9.52827,8.11795,4.14843,32.1427,35.8985,13.7889,2.3615,8.98363,12.4905,2.9651,0.0192557,3.09531,5.10302,5.08026,6.60414,2.38315,3.69413,6.78886,1.62251,7.84264,4.47329
42.1031,51.4744,21.3075,16.9478,1.15797,27.5089,38.1927,24.2471,14.6396,8.13649,1.89799,1.22951,12.1283,11.1715,6.45503,9.56812,5.56477,0.153101,4.23954,13.4751,15.7079,5.26015
54.5728,77.4222,56.2981,8.74903,19.7116,12.5229,30.0899,35.9409,12.6171,2.71063,11.1114,9.63268,3.3433,0.836065,10.8529,17.055,0.254256,14.0763,5.37146,5.49954,5.11654,0.229044
39.1329,63.5751,56.3616,7.22616,5.63478,30.5965,33.9246,13.0891,4.47336,5.60962,3.01253,3.49571,13.9621,15.563,2.4194,10.0598,10.0577,25.0164,9.29129,4.03181,0.416127,4.98022
9.43221,7.8084,5.94278,23.9192,15.7157,9.82721,11.5059,7.97242,18.8157,17.3505,6.29666,1.27364,1.81434,0.633002,2.45044,3.55632,5.09764,12.0872,2.2948,3.61158,2.91744,4.48947
24.7273,41.2996,46.4471,6.66955,41.9421,34.7773,8.18005,9.6832,2.51168,2.59806,6.91971,0.690992,18.0474,15.9874,2.38292,0.55056,1.818,3.14526,16.3291,15.2794,4.51508,1.13782
46.2872,68.253,48.2869,9.52269,10.9782,15.5397,39.9087,17.131,10.3984,7.48471,2.01579,0.204836,7.7567,7.22352,0.938332,1.34768,0.73016,8.2366,17.6879,15.2068,7.39372,3.16662
43.1092,53.0515,19.9794,21.0406,19.9871,7.011,23.0096,20.6711,9.04849,10.8285,0.510001,7.54234,21.9889,21.6124,8.36678,4.39862,0.133352,1.86799,12.6501,19.0317,2.65306,6.43324
10.5866,15.8005,10.4136,1.60375,2.24081,8.55377,12.8005,0.80769,13.2429,5.12202,3.419,4.59793,13.6056,12.899,0.271973,4.09766,5.54505,14.2718,0.908276,17.9968,13.7157,0.0143315
21.211,27.1221,15.2995,1.15681,2.98709,2.58861,6.87409,7.25266,0.5978,3.91426,5.99427,1.55527,11.8273,10.9325,3.54701,4.96139,9.38576,18.1349,12.2262,11.4101,15.0922,8.13285
43.1836,65.0773,61.9844,30.4024,23.0498,6.35695,14.1803,1.14371,20.6523,14.3709,3.41583,2.80242,15.0638,11.8334,0.708038,2.15705,1.23106,6.39791,4.78234,0.973768,9.08129,9.0585
37.4094,54.7598,50.4432,7.00771,23.5646,8.43071,20.9848,7.98629,14.4662,8.20417,3.87269,2.73392,2.58476,4.62585,3.57373,2.50264,2.25311,0.209884,3.20999,0.304995,5.27915,5.73121
15.5563,19.8642,8.76797,7.94777,22.5785,6.17025,12.5577,7.84113,2.38801,2.9016,2.16311,0.491192,10.4812,9.83035,2.54897,0.364949,4.45827,10.4609,9.53792,1.30064,0.0717465,9.99979
9.77723,18.2675,16.446,7.34459,14.8615,8.57291,4.96143,2.86068,4.37706,6.31438,1.45346,7.84616,6.30148,1.33422,1.50279,3.24659,0.25356,2.76604,2.17746,5.40461,2.84197,5.39965
18.0732,54.5689,46.8708,32.6976,20.5553,19.1567,1.57105,1.75922,19.0089,8.76936,1.44655,5.69197,5.30495,3.00587,3.62875,2.88012,2.15599,2.5528,9.70756,16.1526,8.17711,10.2185
7.56489,6.13222,27.5195,77.1452,77.4121,22.0681,4.35658,14.8204,36.0727,22.716,1.5515,0.743443,3.16674,1.51635,4.57336,12.6526,15.7653,18.313,11.3514,0.951926,2.64079,1.08397
6.84559,16.9873,14.808,23.6086,6.56446,2.64204,0.433417,5.35876,4.94908,1.27462,3.76531,1.20655,1.2063,4.43011,1.55255,0.129849,4.21849,7.4522,3.3611,5.9437,11.3082,14.1005
4.25827,21.2084,44.6213,32.777,7.95198,8.63429,10.58,1.36814,12.5829,13.9143,11.0348,8.00657,1.36661,9.08545,8.15787,2.03169,7.48676,16.49,8.90396,1.42906,1.08783,4.93798
35.8904,100.106,104.753,18.8561,0.534907,5.37231,1.81597,6.53071,18.6689,17.6804,8.02173,2.38229,8.57814,5.10707,0.432806,3.91825,0.178188,5.17614,20.8849,17.8735,5.70104,4.82171
15.9869,17.97,5.68132,0.162782,8.3282,5.59205,2.42025,4.16358,10.6839,5.77217,0.18971,0.0733717,0.756515,1.63667,3.59873,5.52451,6.18345,1.65153,1.77167,4.83323,4.48613,0.452876
33.1952,27.9776,12.5461,0.430348,0.165728,0.148959,2.0869,4.1229,1.21943,1.57609,2.78596,1.25553,6.9083,5.69832,2.48074,7.29474,19.2995,17.1274,3.9921,12.2322,5.78512,5.58688
28.22,18.5614,2.76319,13.3274,10.1875,5.81136,0.854482,0.911195,3.39447,6.70246,5.94477,3.82219,1.10958,2.27963,2.74599,5.60457,13.6701,22.605,7.06217,15.0137,12.4388,1.29695
39.6374,29.6197,10.918,0.887833,7.88309,5.57819,2.41434,4.48919,1.67625,6.07324,6.27384,0.290149,5.37624,11.3165,7.67745,3.66056,4.47275,5.00202,1.472,3.98661,6.56691,7.45908
114.922,81.6057,14.3725,8.01286,4.40021,1.54169,6.75243,5.58196,9.04275,4.2227,7.68643,10.1712,5.80007,0.910693,0.691373,4.08481,14.5833,16.3094,5.01081,1.30503,5.19234,10.4521
138.11,97.874,22.3359,9.35059,9.18401,7.36508,0.416923,4.86829,8.52604,1.70046,4.02459,4.77302,6.96236,1.0493,2.37923,6.02333,11.5713,6.76476,4.41683,2.56917,3.95437,5.6995
70.7432,54.9445,22.2467,5.48815,1.02702,7.41017,3.86034,4.12942,7.55401,0.0414823,12.2388,12.5245,1.68134,9.9453,8.06866,7.41872,4.03621,7.4357,11.2461,0.522932,3.43954,2.35308
17.5186,6.02021,4.68285,2.41107,6.35647,13.5484,7.74252,0.0141376,4.23698,1.74433,2.71231,1.64153,2.93203,0.820054,2.26191,0.364313,9.97919,13.2979,7.17924,4.43315,3.67262,3.82139
38.2756,24.416,8.32606,6.06117,10.4888,10.2917,0.850844,7.04045,8.81548,9.98722,4.178,3.48324,0.353708,8.0114,7.8157,5.19833,12.9577,17.9711,8.15576,3.79812,6.64012,5.03286
9.54479,6.49841,2.89788,0.0881342,0.0385794,8.10531,9.06088,7.76968,13.0052,7.95384,4.94567,10.932,5.68963,1.15813,1.57134,0.286987,6.93943,11.6856,9.89675,7.45657,6.59507,3.93333
1.11155,4.87357,8.44271,0.742586,16.0601,13.6666,0.396719,8.42467,12.4336,8.40932,0.715075,3.42368,3.73354,2.91075,3.3535,1.3698,2.68071,9.19583,11.1333,9.35524,10.6635,1.69189
6.04844,6.3303,1.11972,0.425419,4.42007,2.80279,6.88341,6.08419,5.43655,0.46679,1.93424,2.75457,1.42517,1.05178,3.72699,0.654802,4.49911,5.34546,3.28509,0.535829,1.39106,2.85972
4.76358,3.69603,2.88515,8.37442,9.69422,7.59439,2.23773,1.01483,5.65546,6.74426,4.97961,8.4822,10.3115,5.81482,0.0862251,4.92915,3.38154,2.14018,0.770623,1.09791,8.14658,7.27207
2.22634,4.13041,7.14054,7.80101,5.49278,2.02433,0.198446,1.65807,1.89143,3.03918,4.73153,1.27465,1.7335,4.66263,3.57833,2.8253,0.0285053,4.89985,5.83807,3.28517,1.72056,0.916532
0.375377,0.847975,4.00586,2.64452,1.0511,1.7409,3.01439,3.39751,1.68923,5.5887,8.18465,0.732278,2.27428,1.98148,2.02072,1.47594,0.0269572,3.3528,5.90874,4.78854,1.672,6.62265
0.00198796,3.42021,8.55423,5.11914,1.78066,3.49143,3.61032,5.26307,6.41815,2.98689,13.784,10.851,2.69285,1.55119,0.928785,4.23328,2.90752,4.05703,7.52781,6.08593,0.1162,0.76386
2.14197,2.34303,0.778175,1.46091,2.81847,1.61034,1.72687,5.17411,9.76256,3.60276,3.89527,1.78738,3.10686,0.737403,1.53352,2.05314,0.291966,1.78237,6.30706,12.1455,5.74476,0.815554
1.77563,1.06508,4.54822,5.34743,2.10046,2.49947,0.845608,2.18148,0.621091,5.36128,9.87891,8.87303,1.9878,0.502891,0.497672,1.19348,1.01205,3.0663,7.48945,11.4082,4.15913,12.1209
1.13023,1.7469,0.710935,4.99228,7.62544,4.75055,3.41228,2.00744,1.92106,0.722664,3.56632,6.85997,4.82647,4.55611,9.51996,7.9486,9.90991,15.2636,15.0634,9.36236,10.1693,2.00071
0.200055,0.0519255,0.110921,3.18993,8.28347,14.2596,14.2165,0.786569,4.56649,0.761707,1.69205,4.48659,13.6302,11.1232,5.53896,2.26042,15.2996,16.5585,8.16024,3.41928,5.03318,0.938692
0.399371,0.603392,0.308964,0.18822,3.83391,9.83329,11.3005,6.002,23.6503,14.7467,6.13856,11.6799,5.31558,2.21042,1.45864,7.85518,16.4903,7.72859,10.213,17.9185,8.78049,4.03401
1.21295,1.19755,0.166799,1.09632,1.88207,0.0901069,0.493308,11.8843,29.5226,18.9811,2.81049,25.6156,32.6607,8.76235,2.4158,0.199785,0.434967,12.294,17.9384,6.88829,0.848558,0.707768
0.671051,0.765797,0.714043,0.209155,0.862549,7.39488,10.5276,13.9083,27.224,19.7213,2.24104,30.8417,43.7506,13.41,3.80106,2.47236,12.1625,8.66414,4.523,1.6005,1.93388,4.69832
0.0312079,0.590852,1.47748,2.01068,1.37986,6.50257,13.3583,6.00275,2.88925,8.11353,9.42699,14.9148,50.3479,32.1786,0.820025,3.58442,4.68058,15.9973,20.5369,9.61642,0.54018,0.666808
0.259869,0.95569,2.4279,0.814574,3.10771,9.88916,8.78181,13.7117,48.8061,40.6571,3.67671,26.3887,71.4107,44.3848,6.0373,3.21733,7.76098,7.3902,8.05364,4.17374,3.19496,1.91884
0.720739,1.57806,0.944378,1.84235,11.352,18.7154,12.2308,14.7022,32.8306,23.1791,0.86716,22.0518,49.7961,32.1954,7.3531,3.86539,10.077,2.0783,2.41192,2.34968,6.94886,9.22205
0.174823,1.05201,6.38151,8.85939,1.66683,5.57675,10.0578,5.11182,17.3308,17.1399,7.01622,6.9771,10.4156,2.03456,1.28684,4.2279,3.30271,1.14859,3.84437,3.70119,1.43713,3.41527
0.328118,0.064825,0.77051,1.90777,3.66703,13.3675,20.9775,5.43347,37.8316,46.5131,19.6763,2.61384,2.85998,0.706913,3.09374,0.0632553,10.3882,11.4427,3.52092,0.53098,1.07139,2.49258
0.796232,1.19726,6.59921,9.44455,12.5981,20.3777,23.5421,14.1032,4.58799,10.9776,16.8944,7.92069,2.44359,4.05095,1.22551,1.79375,4.82794,0.919716,7.40662,4.06718,0.00517066,2.66682
1.14042,2.04805,2.48527,5.02589,1.3604,2.05788,31.467,18.8679,41.7136,33.3382,6.44494,4.24878,16.2133,5.66491,0.00867482,2.45846,0.300611,8.51933,10.4709,6.63268,0.38863,0.0515334
0.539683,2.99033,8.81042,5.05755,10.2829,16.8042,16.3877,2.45051,35.7197,21.0611,15.5078,11.0408,10.2973,12.1071,0.357574,1.02892,9.93157,7.61357,5.04885,1.24057,1.53483,0.22218
0.310545,0.36633,1.74233,0.0941563,0.720259,14.5933,28.6737,15.2589,10.1538,18.885,12.9427,0.651428,2.56247,2.95989,0.345632,0.150204,8.77629,13.5565,5.86059,1.84486,2.91465,6.95604
2.06258,4.53074,8.35293,6.52182,7.95635,2.18709,33.1666,10.975,45.8088,44.0095,15.613,3.20679,5.59437,9.95717,3.67299,0.899063,0.0824701,2.32115,0.963402,2.13167,0.520885,3.09987
1.94364,2.39035,1.2488,2.90349,2.74037,14.9958,31.3047,12.2177,31.7137,34.8158,14.9177,5.30958,5.16928,8.21691,4.5168,3.53974,6.01215,6.25755,1.84218,5.75146,12.5978,5.36983
0.993573,0.121903,4.30561,6.38471,1.89145,4.47449,5.304,8.0019,26.2207,18.9849,0.847035,5.13442,15.497,9.70944,1.83952,5.44308,13.2623,19.2804,11.1377,1.34881,3.30023,1.11147
2.70946,2.02852,2.92415,6.93928,8.87559,4.81042,34.6361,11.34,47.8643,42.5075,10.4233,6.67095,2.36002,10.0175,4.09201,0.599703,1.58141,4.73675,2.87194,1.14663,0.295136,1.17716
4.82611,6.43663,2.13586,0.538033,5.81402,11.9549,44.99,23.6245,22.7768,22.4421,0.783793,13.2602,15.9373,8.53537,3.12296,1.63343,7.56771,17.6968,12.3132,7.20214,9.83127,7.92463
0.630397,4.84847,9.77025,4.75101,4.17917,5.4417,23.1647,23.9759,22.0639,10.6329,10.3312,20.9859,25.4022,16.3495,2.93633,1.19162,9.27381,11.2176,0.176412,6.82227,7.76229,5.64821
4.69949,5.04076,0.120994,5.74739,6.82894,12.1996,26.7188,2.83981,54.0323,37.2998,4.41286,3.88923,1.19093,13.4696,6.1874,3.35983,1.23205,4.35992,2.34881,2.27309,2.47615,3.36553
8.64396,16.364,19.039,9.32755,1.86448,10.1038,47.994,27.7448,24.3738,6.40267,23.1961,9.15807,14.0544,22.6239,13.9248,2.64333,25.2759,29.3254,7.55717,3.91527,2.83449,1.96198
4.73999,9.75846,11.865,6.37751,0.681031,17.507,31.4164,26.3039,21.0463,17.3462,11.2428,6.84014,3.87404,3.1549,0.356127,3.17951,3.38903,15.5037,5.35909,5.94784,3.9333,6.06649
5.84149,9.31139,10.3912,7.01684,10.4488,14.368,24.6119,9.73643,34.6046,28.784,1.44473,6.08382,3.31459,1.39897,1.6313,3.18217,4.65016,3.36969,2.19366,1.84868,0.753147,2.35712
15.3208,24.3639,20.4026,1.83995,3.74475,6.4509,17.3461,16.651,19.4288,22.6261,12.2666,21.3071,19.2796,5.81351,1.37019,2.72016,10.1128,17.5276,11.5652,1.4796,0.536009,6.60975
13.1934,19.6931,11.4204,1.07167,8.4385,5.43223,20.6289,17.9033,15.3762,16.2768,7.12197,13.6313,4.1485,6.17957,2.72732,0.139163,4.88682,6.31607,0.953582,2.41935,2.12744,0.341019
3.35645,2.08029,0.534958,0.979807,5.53671,5.73827,34.0175,19.1606,32.7774,33.3683,0.544077,16.4311,13.253,2.66335,0.270292,2.05217,4.17929,1.62951,5.469,4.55406,0.708262,6.02028
17.9075,26.0865,15.9821,5.33553,6.09014,3.79468,6.29506,6.15413,1.96023,1.42721,1.30301,0.234176,3.44237,4.49038,1.15623,1.51409,6.63025,6.39131,2.50822,7.7078,5.88474,2.31248
23.2422,37.3533,31.4815,7.92305,4.55649,15.0723,42.1551,24.3933,33.9899,37.1121,8.05175,2.00828,6.3499,6.41194,0.140891,2.18535,6.6063,11.5057,3.73446,1.0764,4.17764,5.83604
7.82855,15.492,16.0173,4.29627,3.41733,0.205203,17.6384,7.74478,27.1218,28.1239,13.076,14.4561,13.9628,6.88601,1.52218,0.311247,5.47547,11.2097,7.42585,1.71894,0.715046,2.45451
13.441,20.151,16.254,3.21159,2.17891,3.26646,23.1693,13.7356,19.9161,17.5582,0.667022,2.07336,0.56482,5.54911,3.09856,0.870343,1.14024,0.580748,2.07127,1.01349,1.81781,2.69811
29.2985,43.88,34.8472,5.68833,0.570224,15.6895,41.5377,14.1069,42.9018,36.0632,3.74655,0.0404365,8.70891,9.82454,1.79248,0.682132,5.61075,6.96126,1.07102,2.53618,5.24844,1.32441
27.3716,41.2314,32.7657,2.05078,9.34849,7.14634,8.80963,4.03709,19.8816,14.4188,2.13083,5.66829,4.8236,1.41736,3.16234,1.2401,12.8025,11.9023,4.8143,1.29297,1.80774,0.140824
9.83742,8.45243,8.95355,2.32756,4.87894,13.2376,31.7136,46.475,22.6683,8.1915,5.23661,3.24796,10.5532,9.62206,1.45186,10.7724,17.5951,6.41627,1.01234,0.945148,4.36151,0.350007
1.16202,13.9375,8.92992,19.287,42.456,48.4107,4.67448,12.1172,7.9862,5.45365,4.13662,10.8511,16.4417,4.05812,19.2196,8.45825,9.72773,19.9491,4.28114,7.62315,2.53594,1.46896
22.1278,1.19365,72.9518,125.874,74.8233,1.95023,17.3661,4.16293,0.18663,10.8747,12.9183,1.74907,16.7215,23.5697,14.876,18.0937,47.5588,39.3701,5.29163,1.14253,2.07788,6.08162
11.0822,81.2199,132.52,43.8431,22.6913,18.4773,17.9447,16.1666,10.2215,1.17474,3.42981,0.0692494,6.67243,9.71122,55.3439,82.6226,82.6916,53.3359,11.0961,0.0323552,4.17998,4.51655
41.7133,88.497,88.2258,12.7535,4.95116,6.5622,13.0706,12.3346,10.9404,21.2465,7.8234,8.06132,16.0723,11.2318,33.5266,40.8688,6.9235,20.2972,9.72532,8.95192,4.92307,2.82043
86.9783,119.817,79.0706,3.02509,1.8532,5.31448,12.8938,16.9744,14.1329,10.856,6.17031,2.82912,2.22215,7.25692,25.753,79.6899,30.6325,35.2319,14.6411,3.00842,3.00107,3.28445
70.6034,83.7615,53.6729,6.18012,6.11121,15.7451,18.545,16.4204,21.6084,22.1393,14.0476,8.85639,13.3261,16.7213,7.71285,66.5731,76.7955,0.463861,39.8558,18.9218,4.66502,6.63449
68.8771,72.414,40.1272,4.82526,5.46798,9.14733,11.547,4.86417,0.512394,5.03409,7.60983,2.87252,2.78708,7.34946,15.9131,32.8034,122.332,105.081,26.6604,1.66185,1.89195,0.705522
117.27,99.1451,34.2468,4.27217,13.2472,12.3597,5.62512,4.79076,1.77557,3.34976,9.16006,3.28574,11.7677,11.0663,3.77915,11.4641,19.9367,50.0273,13.9138,4.05071,4.67188,1.82809
139.658,102.498,26.3014,7.32396,3.49354,15.0463,18.5031,6.8033,8.05827,14.3359,13.136,4.10901,3.06967,1.79615,2.91812,10.7971,24.1583,2.34471,9.14029,1.62903,2.85645,2.36391
97.6514,64.3523,18.2932,6.66179,10.5611,13.4216,0.66056,2.77908,18.3287,27.4925,18.5669,11.7311,11.2397,5.96937,4.39907,0.857662,23.7918,28.8839,6.58338,2.30307,1.79475,2.71546
1.37954,5.59844,2.97025,7.03222,16.7957,19.21,4.89889,4.49175,0.670296,5.45364,14.5953,10.6564,8.45024,12.205,17.6063,16.7118,1.25823,14.9343,9.32092,1.33177,3.29826,6.30511
57.5478,41.5032,20.4634,14.7946,5.59448,11.9584,20.6991,2.69459,27.6017,16.6726,9.73567,1.08338,11.2485,7.6555,0.396737,11.0426,22.9146,6.24974,10.4212,8.77496,6.25474,9.62899
25.2756,8.5942,0.316694,3.90461,14.9153,15.71,10.9589,6.0398,19.2785,7.87921,16.6688,13.9791,1.53283,7.39306,14.3639,23.5941,11.4583,1.20884,7.16317,13.915,12.4424,7.73771
24.9181,39.1083,39.5186,14.0816,6.89065,14.4474,11.7286,11.3031,24.6739,29.7175,17.6948,4.52033,5.31966,8.43024,11.5975,18.3412,0.078938,21.5674,9.31685,0.659045,0.825156,1.119
25.7474,38.9058,35.8531,9.16072,4.12706,18.2284,26.2292,0.109878,35.0502,31.146,14.6347,11.5448,12.1158,8.41961,1.35821,13.7796,59.5382,52.0207,5.60612,4.23215,1.96368,2.45003
13.1032,9.64898,6.73879,9.28635,13.4192,11.5246,16.9158,12.7377,15.9502,24.2813,18.0227,7.73334,2.23412,1.01756,3.27314,10.3156,14.0472,45.5074,23.7155,3.65371,4.11549,2.4024
7.39347,15.9962,18.1827,10.3701,6.57353,3.0898,7.9654,8.79042,17.214,12.1334,3.17766,1.49637,13.4168,19.6232,4.69206,34.1602,172.32,180.535,41.7521,5.38073,0.70727,5.16942
33.7704,41.1986,19.3987,11.3457,13.0475,15.8634,19.0009,3.47773,23.1801,19.0797,0.88254,4.51776,2.89312,1.91978,7.96237,28.2587,31.9582,3.66772,8.08042,3.37717,1.7519,1.51783
29.7061,40.8295,23.6257,4.59666,3.15362,6.10554,23.2241,16.328,5.13981,3.54108,1.163,1.94705,11.5627,12.9834,2.93136,22.2825,13.8854,31.4897,26.2798,7.06693,8.71297,4.98903
8.22007,16.5057,22.2126,13.4929,6.39085,2.0426,11.5149,9.63476,11.9021,11.6551,3.27334,4.66462,9.00033,2.38529,0.990272,35.9818,133.343,133.666,34.2266,0.067817,3.50864,3.69587
11.0071,15.5908,5.6954,0.985619,9.02482,6.61655,5.91711,2.82528,11.2977,11.178,1.21458,1.89063,5.8821,6.74188,9.42508,12.426,27.8204,57.3691,25.0197,1.68862,1.49334,0.60573
37.2176,53.5944,50.687,11.0858,14.7387,19.5577,20.8469,18.4976,14.3166,11.0555,6.41894,5.2689,10.2726,9.82722,6.09104,19.5938,68.6094,54.6606,9.57565,2.99507,3.21928,1.46511
34.7211,56.3979,49.7793,18.2903,14.0621,15.9558,22.9105,29.9741,41.2426,31.6954,7.86011,1.14608,6.48244,7.25023,6.4819,28.6443,39.8561,2.16173,18.6335,4.41214,5.11526,3.11208
22.4515,24.2126,3.27896,18.4775,14.1643,11.6692,12.0161,18.4066,31.1504,22.7082,6.71429,1.50773,8.31966,9.08481,2.62686,6.66991,61.8957,78.1663,27.5588,9.03562,10.3711,2.57745
15.3739,22.9435,24.0419,11.0046,2.51216,5.43924,12.2783,7.84842,3.93209,1.60033,2.02475,2.1352,0.615901,8.88995,7.72761,9.93938,72.5025,109.746,43.6733,3.13561,9.80911,10.9549
33.2393,45.8605,21.823,15.5056,9.4099,12.3518,24.9915,22.9427,26.2893,18.7201,2.30447,3.70764,4.01959,3.21804,0.866101,6.28424,50.0751,76.647,33.8416,6.04134,3.91765,0.226691
41.5754,56.4928,37.4172,4.51127,10.8763,20.1128,28.371,26.7284,18.3138,7.2853,2.43602,2.09137,0.136835,0.000395589,2.75957,4.5574,2.95737,9.90092,6.60909,5.23545,6.08403,4.93818
11.0294,24.9117,33.9109,15.3248,4.09046,5.19697,0.49397,8.68167,14.5547,2.52835,2.18855,3.65193,2.47759,6.01951,4.23991,2.32176,69.1552,102.565,40.7853,8.61992,6.64313,2.38411
17.4962,15.2809,1.27788,10.1604,13.901,8.25562,6.37228,14.3226,28.072,27.1886,8.65801,1.12098,1.06806,0.265223,3.26737,15.941,110.706,141.593,55.7413,11.8249,6.07167,3.31782
34.1005,59.6595,65.5111,26.8321,1.72908,16.0672,26.7509,15.7348,9.99762,15.4852,15.212,10.7774,6.4821,3.4995,2.1288,10.0177,41.5433,32.339,1.39651,3.59391,9.53383,7.51332
33.6165,51.0505,42.9809,15.5379,2.28828,4.3412,11.8136,13.253,6.67212,4.79804,7.73164,1.48902,0.659784,6.48575,4.88391,15.8794,121.488,136.034,29.5635,9.19191,1.66068,4.56848
11.1658,21.7596,9.91719,6.55855,7.58277,14.3546,11.7105,5.11594,7.40026,2.93964,11.4301,2.78463,9.37038,11.7904,4.79853,16.8441,85.4178,101.301,30.607,0.56906,5.12669,9.82766
8.45548,13.1004,4.73,13.7091,7.63582,19.1851,33.1754,25.1674,13.5166,3.65924,3.03351,1.86759,5.0066,7.08041,1.20052,25.471,53.4533,22.24,9.17922,11.2959,13.5056,8.36712
48.9648,55.0706,3.95565,37.4584,12.8381,24.2561,15.4271,19.8136,0.772189,9.81877,4.43993,2.49165,0.0439043,3.26767,5.93523,18.6275,37.9136,4.21302,5.22078,2.21789,3.63739,4.12704
47.0835,70.6969,46.4157,13.242,9.46319,17.7432,28.197,20.0411,12.2605,6.03893,5.69226,10.7948,11.8455,6.66693,1.01095,30.4084,117.996,119.451,24.2801,17.0367,19.7057,18.4404
27.5035,46.7546,52.0471,27.9417,23.9914,24.2544,13.9644,4.10285,11.7446,9.03802,5.6495,2.83394,2.90593,1.3986,3.60542,14.573,49.1591,54.0879,11.3243,4.77265,4.80339,9.97025
12.5379,8.60004,4.46874,6.00536,9.28115,15.1102,10.5049,4.08089,16.3418,3.27895,7.09215,0.74312,2.77093,5.23924,3.47652,17.2659,78.9472,77.2941,15.0889,0.0101572,6.77979,6.66753
31.0117,59.2045,72.6233,43.4205,7.91982,33.6433,47.8475,24.0043,3.34431,2.34155,3.83257,0.773991,4.27108,2.16703,5.27307,3.61142,40.5752,56.8641,8.55456,11.3326,0.658839,5.84023
52.9905,73.1706,53.4265,1.35966,38.5588,42.3738,0.840231,28.3762,32.4821,21.5683,7.09791,3.14094,1.49994,4.29696,0.695032,4.61324,5.98861,7.23815,2.2461,11.5762,5.13028,1.55343
42.762,48.1256,14.3618,6.62658,0.565605,17.7455,3.48151,3.38668,36.5773,31.7646,10.2785,6.8488,10.7168,8.91587,6.15358,4.9738,18.4562,33.0627,12.8376,3.30488,8.76035,4.71252
0.977821,2.3576,3.04015,2.04191,22.8892,42.6537,41.6414,19.9026,8.17681,13.6426,8.66521,10.5669,12.3324,8.10647,4.33089,8.61241,40.0063,28.4201,3.78757,5.39634,12.1935,2.63587
20.9287,33.1772,13.1111,12.1029,16.6401,24.2474,6.18836,14.4023,10.5658,6.18429,2.0476,0.988244,6.11805,3.7955,2.02017,24.6623,114.178,121.059,23.6282,15.8396,8.73724,1.96657
43.0865,63.1892,47.5782,0.426598,2.22918,28.9753,27.4834,17.0674,28.9858,22.3112,2.35803,4.70135,11.6207,6.96398,5.71777,3.90714,68.2468,90.8962,26.8688,4.36144,4.21633,6.21265
40.3602,57.1611,51.1093,23.5733,35.0616,42.9988,18.9133,11.9561,30.5017,21.8185,5.05984,2.57827,4.98373,0.620684,1.47569,18.7514,55.439,43.1385,4.75343,1.37079,1.05974,0.752788
6.57982,6.38474,1.76156,11.1883,2.40727,12.5641,12.3364,14.9206,7.36333,12.3585,14.3201,6.88105,10.5413,13.0033,1.93936,3.70251,43.5314,62.0066,18.896,2.30934,1.99115,4.45989
23.1733,37.8452,35.0393,3.55395,24.9942,44.9042,44.4259,30.4429,20.8815,4.98897,9.87586,3.33823,2.68734,1.99482,3.8823,7.74575,29.0476,62.3709,21.0375,13.6495,11.9503,5.87066
43.4664,58.2091,29.7528,9.1023,7.08892,7.5897,6.03546,18.9045,19.4781,2.10794,12.5317,6.98772,11.0217,11.3933,3.98497,19.861,72.5514,71.5287,19.2185,6.11836,11.7716,4.59402
31.8055,43.2793,21.3047,12.2109,14.2098,14.3481,0.11379,3.2627,17.0399,12.3922,8.64282,7.22913,4.00179,5.77374,8.00971,3.2475,52.0911,67.0716,22.852,4.44214,9.84228,4.5891
12.7061,18.8207,24.4733,10.9904,13.4363,29.1388,28.9253,10.0777,4.94962,7.07082,17.2945,5.10184,11.2501,8.70824,4.38886,12.1747,105.343,132.613,34.3324,12.1119,8.10805,2.84366
22.696,27.8105,12.8702,12.7154,10.479,6.17676,17.2769,16.79,15.4707,17.6935,9.4593,1.58425,6.36335,7.00227,0.82768,0.566692,37.9061,55.2745,16.9834,1.73161,2.73533,2.46748
40.7912,59.9854,54.3047,27.3355,25.9877,22.5242,18.1273,23.2059,30.8026,17.1854,1.03981,0.36503,7.15438,6.03242,2.41335,14.8191,52.0407,59.3091,16.2497,3.00922,0.717116,0.570985
35.776,51.6381,45.5612,7.64654,15.2769,13.9142,3.10648,5.76268,13.5582,7.47759,3.46296,0.0911864,5.87227,5.44739,2.32902,8.89862,67.0649,91.7408,26.4248,6.64481,0.331933,0.875458
16.1256,19.085,7.45135,0.418023,7.14475,0.393003,7.62495,16.5051,24.2198,16.9919,8.7413,4.73677,3.14859,2.30802,1.06469,9.06338,48.0888,58.3233,16.5926,4.82504,1.43721,0.671728
14.2974,20.7085,17.3301,7.60687,11.9915,7.23972,3.87102,19.1819,45.6764,40.0639,11.9321,2.3698,2.74463,2.88284,1.0478,7.67331,23.3508,17.1594,1.3031,3.79498,0.970581,0.50318
37.6344,48.7819,28.7097,3.15418,1.88157,9.99897,7.53331,12.1608,33.5816,30.5604,11.5281,5.29909,1.51904,0.742548,0.555987,8.92072,32.2829,34.452,7.73809,5.641,3.20566,0.197676
34.7315,50.9567,35.9605,1.61291,2.72343,0.453926,5.55672,5.63574,1.69927,0.411019,6.37505,0.590453,4.73414,3.53839,0.150179,7.12131,9.89749,8.10235,8.43545,1.13717,5.34746,3.99819
6.13352,10.793,69.1101,81.9809,10.2634,63.958,39.7416,8.64549,19.0534,17.2807,1.4653,4.75732,13.3943,11.6944,4.51799,16.2532,35.0731,46.7753,23.8269,1.8772,2.13129,1.96549
22.8693,14.5903,78.552,174.53,110.488,2.9499,4.34361,3.58813,26.4206,27.0083,12.5071,0.828347,1.56462,9.3145,7.58146,16.125,66.3636,68.2241,10.3578,5.4517,0.758679,4.06734
39.7864,51.2461,60.6314,46.4087,15.0592,7.36464,16.4544,16.3947,15.5305,6.37228,2.75034,7.63367,12.1303,14.9274,6.07725,9.23524,12.5688,6.43238,8.44072,16.1215,16.8843,12.604
2.68274,29.939,27.3624,1.15816,12.9609,15.0127,0.856121,2.29906,3.9204,5.49371,1.11609,0.55372,4.23145,13.8913,0.414412,11.5358,97.539,113.175,32.5421,5.71272,13.057,5.67838
68.3155,99.5338,80.507,21.2765,11.4819,2.53085,0.885275,0.617801,1.73668,0.562391,0.228766,0.867861,5.22623,6.40884,4.51043,4.57836,30.1937,44.3189,12.5083,3.59371,1.87258,2.53706
95.5025,110.208,61.0191,9.60421,17.3337,13.7033,6.13545,5.47974,21.8476,16.5136,0.980222,3.8657,1.48917,0.926804,0.809869,10.331,40.3853,37.4432,7.55742,2.89048,3.8636,2.04747
118.513,117.999,56.2159,0.103908,5.33469,0.592124,0.673094,1.02891,17.1298,17.0367,1.62541,0.0274387,6.00791,3.7633,1.43695,1.35773,8.76451,16.901,5.70405,0.0585746,4.78385,3.22984
148.273,127.269,54.7031,0.916732,5.34469,6.49365,1.48945,8.155,20.4312,15.8088,5.67213,0.93383,0.77178,3.58351,1.09341,5.79421,3.20555,20.5585,11.8936,0.313575,1.76259,1.96265
124.569,103.468,43.97,4.94828,0.468984,1.60495,4.81215,12.7447,54.3285,49.7401,15.3263,2.32618,1.67254,1.14747,1.54307,10.3212,56.5195,63.259,15.5055,0.509938,2.65235,1.84956
37.5529,34.5114,12.4649,1.34833,4.71629,2.68316,1.27772,12.8622,36.8574,30.5694,11.8899,4.41491,0.676062,0.537953,0.826646,4.23892,18.9137,19.8392,8.03706,2.80671,0.658019,1.31791
47.0401,28.0168,6.67138,6.29468,7.69776,4.90244,4.42641,10.5782,16.3096,5.27739,7.6032,1.09366,10.4463,8.53257,1.65511,13.9378,66.2016,73.5946,17.354,2.59144,1.9114,1.22309
53.1294,34.7015,4.57596,6.18473,6.72903,6.07031,0.942758,13.7819,46.1182,27.4173,10.9134,9.93384,5.52649,6.92139,2.35601,11.4103,48.1813,54.754,11.9724,11.0248,10.9245,6.86743
13.4639,11.5927,1.37649,2.47993,1.17679,2.21369,7.749,7.74578,39.6959,26.9061,2.74148,1.78145,3.64899,5.74124,5.06977,7.02222,27.3877,12.3391,4.32811,3.0603,4.58222,2.13094
3.02417,0.957388,5.08325,3.4752,2.851,4.15393,3.84722,1.30009,4.59405,3.55707,10.578,5.68166,5.51403,9.88507,4.24519,14.0876,26.7585,8.08048,6.60895,6.51512,10.6294,8.61908
0.362185,0.858898,3.47229,1.13803,7.44087,13.5976,10.5777,8.84953,19.5708,21.5217,11.7883,3.51723,1.7287,0.0676201,3.18506,0.0660548,32.8476,51.5965,17.7673,8.36891,7.81835,3.61072
0.550689,1.5008,4.85744,1.48979,0.438757,5.03152,2.46774,9.32729,20.5623,17.4718,6.15629,0.319183,3.51398,4.55515,9.28033,12.4184,88.9532,97.9541,24.2497,0.596857,7.05225,4.61046
0.459678,0.331721,2.00828,5.03449,13.7329,14.7323,1.45397,0.527413,6.60849,5.30557,5.4283,4.62775,6.70495,6.93976,1.43244,5.63654,12.2181,6.60128,0.232191,1.32373,2.88628,4.87196
0.415838,0.939485,5.06308,6.98704,0.0844355,10.9339,11.809,2.18372,2.22626,0.574796,2.24202,2.19455,0.760185,0.767227,0.950364,11.0315,67.7682,76.4079,16.0729,1.49151,6.47816,2.64156
0.196087,0.290346,2.02884,0.182771,10.554,12.7216,1.04213,1.28541,14.6901,8.51383,1.14013,1.97118,7.06717,7.68793,3.82006,3.55272,41.523,55.6304,17.0908,5.94324,5.81823,0.360342
0.449239,2.37422,7.17411,5.34949,6.19322,13.6276,9.77664,5.22359,20.1716,13.4671,2.88286,3.88021,1.2055,4.12597,4.70271,8.29395,17.1946,15.2276,3.58967,4.49049,8.56206,3.75878
0.240077,0.307261,0.12492,0.488282,6.33362,13.4415,8.07146,0.88217,0.278337,2.20254,4.58235,0.707366,6.7194,4.01047,1.77826,11.4408,52.1841,65.492,20.3901,4.20392,12.8606,9.3543
0.971515,0.973274,7.253,6.1372,8.6745,13.288,0.446916,0.811721,17.7957,21.6297,13.5481,4.92842,1.581,2.19564,2.3101,14.9581,50.9623,55.6323,14.2123,8.35214,6.88969,3.44881
0.0137829,0.274993,0.790506,1.64523,1.48144,10.8771,12.2003,3.86731,11.283,20.0749,14.6078,4.98109,4.81522,6.46251,4.18231,4.3556,21.9839,17.7501,2.96985,0.838585,4.18309,3.95448
0.107662,2.11126,6.91647,8.27989,12.5107,13.0779,3.54564,5.12737,13.4433,2.60245,10.6592,4.01039,1.22357,3.42023,4.28183,4.7323,28.2109,29.4358,5.0972,1.58294,0.516708,2.86549
0.53613,0.398227,3.81211,6.10776,1.53482,6.41611,3.32974,10.1138,37.4904,24.5116,10.5926,10.2286,1.5239,3.87351,2.25623,2.74264,15.9579,12.9985,1.26355,3.00923,0.471431,0.372603
0.179506,1.67067,7.55513,6.68763,4.0829,7.40044,2.91822,6.68422,20.2376,11.5376,4.36785,0.235553,4.31269,2.49744,2.94904,4.50322,17.332,3.94316,6.7009,1.01871,0.749096,0.329641
0.0235871,1.02937,4.07859,2.50448,2.01767,3.00992,3.2205,11.1589,24.5586,19.7857,9.09593,7.17278,4.52552,3.59955,6.76393,6.76461,60.9072,70.9093,17.647,3.36706,1.65682,2.89815
1.16827,0.475926,4.25295,3.7499,3.5223,3.95559,0.372594,20.0345,51.2664,38.4439,6.449,1.52023,1.48956,1.96315,2.30872,12.6285,49.3341,52.577,15.6076,2.03528,3.00043,1.18087
0.706475,0.215127,6.22602,10.9042,2.31814,4.88419,3.77523,20.8605,55.0649,38.6953,10.6922,8.69257,3.03617,2.65886,5.79529,7.43651,48.2305,49.4929,11.8356,0.40861,0.305672,1.27583
0.211964,1.11516,8.20007,8.96106,4.81826,10.4901,0.143761,6.09444,27.0015,25.4693,11.8735,2.52726,4.30097,6.4892,1.6155,8.71129,35.336,47.7149,16.0638,0.895476,1.87872,0.939393
0.137818,0.218106,0.744859,1.30588,0.744644,8.41055,5.25972,6.01602,21.7216,13.6866,8.68511,7.05215,1.21718,1.03162,2.31554,0.81893,11.7168,25.2098,10.4222,3.19327,1.73395,1.11833
0.427994,1.61422,7.02279,9.15185,13.2754,16.184,10.181,7.87496,31.6373,18.0488,9.39485,4.99125,7.04522,8.25673,0.849367,11.7543,35.6358,24.2688,4.79771,4.36787,3.96315,5.5717
0.240058,0.824501,2.16484,4.72424,1.27723,5.27098,0.177273,1.35707,4.29912,3.09072,10.4541,4.07986,1.8167,1.05778,1.43636,20.5927,70.9569,70.5882,18.2873,0.760298,0.449252,1.9437
0.657362,1.02651,7.17177,5.39588,7.91764,13.9719,6.20245,5.82427,22.7712,26.1779,14.4691,9.40123,9.2328,7.69142,1.27213,9.23315,12.6124,40.0099,19.1341,0.746457,3.44259,5.28912
0.116916,0.287426,0.952851,0.104039,4.02196,9.24942,6.88688,2.1836,20.2218,24.1751,10.2949,0.784225,4.63421,2.29775,0.868927,14.6206,28.7731,18.2623,5.21815,3.64941,1.73744,1.66436
0.364738,1.78877,6.81013,4.03193,2.82058,5.3224,0.582223,1.29999,3.02131,8.90825,2.04323,2.75387,7.08891,7.48722,3.78865,13.4001,22.5324,11.3866,1.91484,1.39201,3.34368,2.30961
0.194835,0.555835,4.22362,1.82876,9.17893,17.0234,6.72247,9.59294,6.59329,14.5672,0.796662,1.44026,5.71897,7.98068,10.152,20.099,15.3369,5.60787,1.78967,1.72165,1.88696,0.156698
0.676672,1.50017,7.22332,10.2413,3.89606,4.06279,1.74245,19.1152,30.1829,19.0245,1.0626,3.78908,6.45043,2.02808,11.456,8.58008,2.38427,0.687575,2.38765,1.32301,0.224068,3.46061
0.080003,1.50669,4.78159,6.83833,11.8636,12.8363,4.68208,0.166906,4.00617,5.89793,2.19728,1.6546,9.02407,18.7106,22.9318,7.42862,16.6197,16.546,4.15641,5.27277,7.39611,3.95375
0.107389,1.41537,6.35843,5.38445,1.8028,6.55159,3.11114,5.37952,25.2519,22.0621,4.43168,0.981868,9.29131,16.4672,10.1441,2.05446,3.42927,5.90368,9.6815,0.13289,11.254,7.52507
0.227588,1.09159,4.51262,4.60732,2.48317,1.98478,21.3511,22.8546,12.2511,6.85273,0.965134,3.60088,17.8738,20.2302,4.73111,3.0558,0.438288,3.81467,8.87146,15.5921,12.3157,4.06721
0.706281,0.975831,6.59462,4.78856,4.29133,13.6481,22.2866,13.7043,3.04741,6.76633,4.24759,3.63911,17.9056,16.4146,5.62471,4.20813,2.19075,12.7284,11.0821,0.473279,5.89347,5.74474
0.0229328,1.45503,5.11102,1.06431,6.54487,10.5556,11.5688,5.20107,3.21881,1.87019,3.06372,0.433255,3.53862,11.2435,9.37352,4.61645,1.59306,1.62139,11.0355,2.78501,5.11094,0.781079
0.375924,1.23368,5.62756,6.85827,5.7582,12.3154,12.7401,4.28919,6.26679,2.59759,1.99184,7.7459,7.75288,1.13462,1.5245,3.21075,10.557,9.92875,2.67484,4.28078,5.17187,3.85506
0.0558842,1.58639,5.64793,5.17425,4.54899,17.0423,20.5705,2.24006,7.16408,3.77805,2.09989,1.77885,5.14486,2.00573,2.56456,3.88997,1.78754,11.048,7.44867,0.81397,0.384821,0.755389
0.533916,1.14523,4.57564,4.49296,3.50891,3.58945,11.3428,4.51942,22.8901,15.5697,8.38567,14.0662,9.60297,0.264447,2.37561,0.133436,14.1998,10.0522,2.70166,1.74246,2.13348,0.656096
0.0424466,1.85173,6.6536,7.43239,0.334033,4.22353,2.41362,2.29329,16.3627,21.7212,10.3427,0.579937,3.02941,0.727715,1.8439,0.638854,9.94226,13.6669,3.60261,3.13254,3.84243,3.13089
0.37406,1.17798,4.64908,4.5113,6.54973,24.6925,23.084,3.9853,1.95428,6.87546,9.5211,2.34278,5.08072,3.44304,6.71718,4.5738,0.349813,3.12366,0.900407,4.43476,7.24563,3.86615
0.733565,1.79809,6.86572,7.55826,6.93162,2.1458,15.2252,4.04718,16.003,9.16245,8.75933,10.1674,4.12978,0.695734,3.47764,8.83523,21.0152,19.6441,4.58275,2.50858,3.70569,0.459461
0.0574355,0.368346,2.41592,3.26517,5.67643,6.2699,0.172961,6.74657,14.3365,10.0106,1.21462,2.50289,1.85988,2.45801,1.95156,3.12963,12.7158,15.358,2.60524,0.773814,4.19167,1.5938
0.44358,1.26497,4.3135,3.25422,5.69042,20.4273,19.6851,0.993935,8.12266,2.85237,4.64274,6.33173,3.48811,1.30504,0.893259,0.475789,3.33079,3.59016,1.72675,1.8325,0.791794,1.37667
0.077877,0.69493,0.59095,0.452687,2.87192,8.923,9.25879,5.4488,20.8367,11.2115,0.148669,7.45006,5.55834,0.799109,0.64433,0.15624,4.45133,7.70387,2.60793,0.37631,0.360014,0.999572
0.276849,0.131297,0.346389,1.5041,1.32325,14.6644,15.7145,4.8987,9.26608,5.68232,13.7571,19.9015,9.14981,1.67466,1.17425,0.58112,6.26967,12.0206,4.70714,0.337361,0.0365716,2.14301
0.312812,0.570887,0.0549077,0.348696,2.5941,15.6727,18.7166,1.04914,14.3555,15.8747,0.845353,14.1568,8.65043,0.0382001,1.15129,8.0286,31.6929,35.4178,9.45529,2.71535,3.86158,4.15749
0.136657,0.119455,0.512168,0.302118,1.87846,10.0631,11.9505,13.3417,25.1418,21.806,19.682,25.5792,13.0221,1.11807,1.46367,8.11415,25.1709,28.2356,7.24833,0.377651,4.27808,4.29559
0.287716,0.0283652,0.00923651,0.729886,1.74562,14.5641,14.4445,1.46048,8.31036,16.388,6.59575,30.6297,15.2725,1.29966,2.33993,3.32565,19.9927,8.31741,11.133,4.60839,1.70615,1.33172
22.9019,31.4166,13.3259,64.0268,4.17536,34.5572,1.88361,21.5962,33.4131,18.1797,21.726,52.8331,42.7683,17.0005,6.03097,0.687556,4.03123,4.75589,0.0282344,0.21355,1.55459,0.670028
51.0119,58.8701,18.7113,156.293,127,6.34643,14.7927,10.1505,39.2214,31.5862,17.2974,28.8967,21.3647,12.5021,7.29922,1.22339,4.9521,0.00534425,8.65418,11.5224,10.4986,6.34645
22.3199,33.6772,144.08,117.34,5.4136,12.6443,6.69853,5.10265,9.61167,12.3657,3.38862,12.7607,4.74885,1.14875,0.173912,1.21132,11.5812,18.3784,6.33656,2.28438,1.57211,3.70029
13.3804,93.7031,133.7,42.081,5.44436,11.2886,11.4035,6.86651,21.803,20.3634,1.12733,10.3539,5.94617,2.40891,2.27224,7.4125,26.7265,30.0424,7.79667,2.67105,1.25665,3.73497
26.6731,25.7177,20.4062,10.8842,11.0167,15.5077,12.317,0.00923128,20.0337,17.455,2.88047,3.17028,2.35054,0.0100024,0.153169,0.934224,1.77477,7.4647,6.61096,1.89436,0.732476,2.07678
85.5467,105.93,79.1589,20.7008,1.00266,14.6691,12.7446,0.699825,2.80517,6.47218,3.89894,0.975981,5.7805,5.96274,2.9911,3.90685,14.0516,17.2832,5.93909,2.07488,3.00981,0.459245
118.997,113.396,58.3083,6.92176,3.72189,4.8384,3.9142,12.5045,28.289,21.8446,2.95827,0.0261157,1.2521,3.85999,5.92792,2.99634,5.06229,11.5525,6.93391,0.292131,0.471698,1.09778
116.181,97.6183,41.518,7.61696,12.5203,14.4191,8.46445,5.76843,21.1967,22.6041,12.7558,8.11015,5.11253,3.87699,3.05652,4.88518,6.58378,21.8469,10.6049,0.239223,0.52706,0.00213068
58.8241,43.5454,13.5139,2.92885,11.8857,5.9673,9.31735,14.5745,30.8311,33.3371,18.185,15.5466,8.46919,3.71161,4.71688,11.3176,52.8973,57.2539,16.6248,0.566196,0.908197,5.6184
47.839,43.8277,24.1377,4.06986,1.99412,6.63392,4.01843,1.90868,5.91606,3.14428,22.5889,28.7522,12.364,0.93119,3.94793,1.37778,4.30769,4.05287,4.13841,3.75309,1.21189,8.08463
147.24,112.183,28.6551,2.72147,20.2088,11.7502,6.02405,7.85874,7.07933,0.0224678,23.3267,32.3373,10.7391,0.798338,4.31728,6.89595,22.6007,31.5967,12.9007,0.670003,3.7152,6.09661
169.338,133.382,51.5663,0.114126,12.3058,0.359272,12.9187,5.94146,16.827,19.8361,18.4159,22.7461,11.2091,2.43276,0.107241,0.124089,35.667,56.4894,19.4857,2.76558,6.49003,17.3962
101.173,79.5367,30.8614,1.70287,8.10479,15.0473,11.1845,6.5935,4.56929,2.88794,3.74292,1.01072,10.0214,8.01439,1.61959,10.1437,57.5454,64.6042,18.77,1.28228,1.28258,5.81871
2.26633,7.12989,16.4435,3.52895,25.8368,5.42359,12.2595,6.23701,13.1986,19.0223,23.849,23.2176,7.18171,1.2255,0.0196594,13.701,29.4194,20.6797,4.43819,1.04231,0.630545,10.1693
99.209,78.1111,13.071,12.8757,15.234,11.9723,2.98815,3.88658,4.07119,2.61613,15.2691,16.8107,7.61428,0.0012992,6.44173,4.83263,37.1375,60.7312,22.4428,0.360255,6.12191,13.345
153.065,132.102,55.2998,2.03716,11.1898,5.31302,8.28314,3.09559,3.64186,0.417613,13.7473,18.1315,6.5259,0.330168,5.45543,0.0151793,45.9193,51.8675,5.37334,8.07897,4.72578,9.0723
135.951,120.254,53.3552,4.20668,15.5855,7.68296,6.11432,0.389727,0.546494,2.86065,19.7321,37.2621,19.673,2.98039,1.84882,18.5772,41.2461,27.5927,2.01358,1.0718,5.4585,12.4574
61.4407,62.5533,29.9194,0.703313,3.8265,6.07758,0.382488,6.41153,17.7591,14.9388,13.5143,34.0614,19.0338,4.12285,5.23398,1.15786,12.4862,21.7794,4.38656,4.3233,0.150705,1.44327
1.14701,27.6986,44.1273,20.8483,15.3672,14.0165,3.04602,4.53392,14.9823,12.5644,11.3231,26.5622,17.4386,4.46316,8.96789,2.03513,12.82,19.2697,8.80148,2.33991,4.14051,6.18463
2.27281,3.86577,8.58297,8.6219,15.9418,16.8846,3.74837,3.1462,14.0668,15.3189,7.05193,3.5762,0.305546,2.62142,7.91325,10.9457,6.6307,8.13717,8.4984,1.3202,0.487347,3.367
0.480714,5.30541,9.82261,7.08412,32.2201,20.1854,2.44148,10.6065,21.5239,10.5654,2.6813,12.6847,14.6566,3.68794,3.8673,3.49018,23.0249,45.5424,27.6339,1.82196,3.77371,2.7102
10.8377,9.98838,6.59332,2.72717,1.84788,2.29985,5.47207,8.87717,26.7638,22.8038,8.77982,20.3388,28.3217,18.1648,4.82339,11.0612,37.4904,41.3419,11.0838,1.01497,1.1392,2.18562
25.3369,35.7314,38.8417,12.6901,20.9921,17.3951,5.66143,4.28312,2.58796,5.25117,4.4508,8.28647,8.41707,1.06041,0.378062,2.65709,18.8202,30.4241,6.91146,3.7056,2.73048,0.227713
40.3173,37.3338,3.8246,3.26879,20.7826,7.05959,25.1719,11.6396,18.5936,17.067,10.9353,31.3038,34.3658,14.4268,0.88207,2.07432,32.2815,37.9839,7.03959,1.09945,4.999,1.03253
54.0915,67.8378,53.3449,7.46715,5.08771,11.8117,15.3875,10.0337,17.9983,15.9788,1.45775,10.4148,9.98312,5.7719,5.78007,5.93877,16.3157,18.2973,3.66295,2.70338,5.00836,3.33027
55.7438,61.2551,31.2468,0.200163,7.29879,16.2572,17.4694,5.7394,3.85225,4.27663,0.181153,3.53533,5.34479,4.22747,0.281984,9.22618,0.000750333,7.62625,7.115,9.37434,7.19073,1.89712
43.9379,52.2262,27.6313,9.50029,23.6899,35.9341,22.1848,7.93508,22.3628,17.714,4.06924,0.910664,2.01462,4.84563,1.03337,21.0792,93.5824,101.411,28.6108,3.44415,6.7504,8.89667
38.8974,54.6849,49.1433,21.1386,17.4864,9.08393,4.45886,6.60686,21.6206,11.5712,5.24176,12.2252,8.4479,3.5276,7.00306,7.19019,37.5258,54.7237,20.2765,5.84544,7.80516,0.474587
36.0261,30.803,1.21562,8.41169,16.679,30.2841,22.4156,2.6306,4.35825,3.82852,12.0517,16.4165,7.17522,1.45744,2.7805,8.71405,17.1758,15.8386,6.78774,0.707635,1.56658,4.56489
16.1074,23.4555,27.5288,0.650126,39.4361,33.6818,6.11793,0.382768,9.08762,16.9596,23.8864,22.116,5.19378,2.25816,0.139557,2.90874,26.0596,36.7083,9.30264,1.99497,5.84136,18.4232
4.93045,4.42787,3.14485,7.9556,22.6952,7.47618,8.57356,1.75458,0.5394,0.252224,7.00318,14.7197,1.06213,3.51526,0.554934,7.73324,58.9841,77.2948,28.7724,0.238832,0.266713,5.96305
28.4259,40.1225,41.9375,15.8959,14.5984,24.3999,11.2624,5.22066,6.13529,3.17329,13.9316,16.9041,13.0545,7.55215,1.7583,3.24344,14.4602,28.1889,8.91225,1.40615,4.96144,8.73053
45.4373,40.7856,1.12281,12.369,17.7397,9.99018,7.64936,1.32947,18.8191,18.0814,1.90652,10.4309,3.62623,8.82435,3.22429,4.01934,5.42475,14.9292,11.4267,6.27102,2.39945,2.81523
57.9404,78.8296,68.0721,21.7287,17.3904,28.9398,17.8223,2.185,1.42708,1.65099,16.1965,44.9568,39.8426,12.5978,1.02226,1.78639,20.9853,16.1288,9.72354,3.87709,0.35952,1.34973
69.688,72.4535,30.6226,15.668,22.6021,15.6526,3.62955,3.86769,26.2674,22.2091,13.1776,15.5132,13.435,11.0472,1.17618,1.0991,27.707,32.5465,6.51754,2.89734,0.424534,4.12498
65.5307,72.7691,35.8454,13.9582,24.2073,30.4048,22.1615,5.75005,28.5245,16.5251,0.29058,12.3796,14.492,3.95503,5.46294,6.24382,33.4375,49.1325,24.9541,4.28155,5.46078,4.882
50.8311,71.0972,60.012,32.1886,53.8339,52.8761,18.9893,2.61907,2.33019,4.33613,0.764932,2.38132,0.0383698,4.12774,0.033288,6.42211,8.69721,1.19224,0.50556,3.93238,1.24656,2.90151
41.2468,36.4255,1.77832,24.6346,22.2013,6.01626,10.7839,8.97572,42.8512,34.9959,4.63461,7.11543,10.4089,1.42935,1.68715,3.25461,27.5105,30.4302,3.95768,3.39751,7.56091,8.33545
21.4374,33.8563,39.5938,11.8443,28.9681,43.7347,24.7775,6.8561,30.9361,21.2554,3.59782,3.84779,0.91455,2.98265,6.08277,5.54202,40.432,54.4628,15.1192,0.529775,1.16462,8.3985
0.285565,3.18889,7.6071,6.30752,31.4163,19.1643,4.38486,0.854982,6.90835,1.53015,7.53045,9.69137,6.32565,2.82211,1.94378,4.61644,16.4796,39.424,22.174,2.12918,12.421,9.52115
24.61,33.3154,31.3779,14.8342,4.68871,30.5516,30.6609,5.21898,41.0609,32.7482,17.0738,19.262,2.49335,4.08319,0.486053,12.1372,7.98807,16.5257,16.1211,2.16785,4.95858,12.528
42.5063,38.5849,2.86393,13.9943,13.1066,16.5618,5.75309,4.05675,22.9625,18.4597,16.5907,33.4751,14.4789,1.92986,1.33293,11.3581,73.1089,88.8079,23.5818,1.81971,12.4224,6.05522
45.2662,67.3434,61.3053,21.6948,19.2315,33.2117,28.0033,1.47534,22.6074,21.9828,0.70994,22.0377,20.7597,7.57545,0.903213,7.01973,55.388,68.7111,16.7422,9.17126,7.41816,4.92643
57.4891,61.2913,27.6961,24.4405,56.1689,52.2383,21.6922,2.36624,29.0925,21.7815,3.19393,5.64709,0.281266,0.906166,1.6456,6.14416,12.0144,3.01424,15.629,9.08098,6.51795,0.468345
65.7349,72.3826,44.6529,25.1249,36.537,8.73542,13.538,11.6684,17.3083,12.9013,1.49177,13.5465,23.5786,10.697,1.51356,10.2274,49.9947,51.5256,10.7874,0.250552,8.09808,4.3513
53.3288,72.4469,64.0292,29.7984,34.3003,38.9037,18.4196,8.15895,27.9519,20.7497,4.06157,22.2821,18.032,4.4705,8.08957,7.4439,32.1511,37.7378,8.03546,5.2525,1.49601,9.46265
46.5059,38.7796,7.37677,15.5028,28.1942,19.181,3.0844,15.9974,45.1741,36.7998,2.59331,1.74482,7.04694,6.94739,3.0999,6.75321,13.8638,8.85151,1.12476,0.269542,0.948805,6.2463
24.7618,41.0244,52.9719,39.4388,16.6321,5.86663,3.07594,4.7051,2.15671,1.29493,0.98921,15.9963,13.4579,1.38292,6.33182,13.9464,37.8884,44.7799,20.9423,0.674939,5.3171,0.288642
10.0043,4.08665,4.18183,1.26759,12.2581,1.44658,10.3268,11.8271,19.9429,14.3477,9.09853,2.1538,8.51725,2.4274,0.53579,3.72498,19.8962,19.4846,5.74602,7.33054,2.14122,6.36381
9.31587,13.6006,8.20592,4.75813,5.8083,15.9722,16.3932,15.8702,44.5698,39.5923,2.15982,35.4904,32.3655,2.86264,4.77441,2.88885,7.26805,23.7964,14.6579,0.677334,3.03058,7.0024
28.7156,29.3756,3.24069,11.9229,13.8049,17.707,4.89108,12.4183,31.8053,25.9018,10.6583,12.7529,1.64596,9.08732,1.70204,2.43964,16.1079,34.2294,18.58,4.60793,6.69527,0.189592
40.2182,53.1952,39.1398,1.60504,11.9624,5.92061,12.9029,4.23668,15.8734,20.397,0.405633,18.5119,17.1555,5.39375,0.6304,5.27401,26.7814,34.1674,10.0002,2.81095,0.744652,1.07593
53.1081,51.6778,13.1022,27.3271,28.6442,19.2761,10.2616,20.8705,33.4891,13.1568,3.30694,14.7999,0.951309,9.11562,1.08305,6.05647,12.7136,17.0081,12.245,3.76505,1.20057,9.79436
50.9052,62.981,42.2589,21.3226,35.3653,10.312,16.7093,7.6939,48.1761,43.9874,1.49312,23.6337,15.9844,0.325562,0.665561,5.92613,36.8812,46.5343,16.5339,0.34153,0.975639,7.22748
47.5634,55.2675,37.2032,4.02297,26.6884,15.6522,7.56049,3.84549,2.65637,3.44646,7.35902,23.6361,15.4801,2.60608,0.855792,4.78144,35.1206,47.0341,17.008,0.747624,0.343756,6.71535
41.0314,44.4943,24.8676,8.85943,18.5384,19.5329,15.7141,2.9487,14.1161,12.283,11.7969,20.9021,10.7141,0.171514,0.607928,3.22527,5.69224,3.89088,1.76686,0.588666,0.848017,4.08418
16.5062,42.2024,49.1002,2.8925,0.624055,23.2368,2.86024,3.51035,27.2315,16.9409,4.18068,11.303,5.2877,0.450493,1.10668,4.48168,21.0006,29.2536,9.32664,1.77963,0.310219,1.21902
18.4426,29.6747,43.4518,63.0009,59.3974,20.7675,3.59516,11.2389,18.2077,10.9962,1.62622,16.5007,12.4551,3.13217,0.107146,5.35703,31.6283,40.0522,20.2471,7.34776,3.3465,2.10269
0.606397,2.43335,27.6278,28.6131,0.417443,9.68518,4.8456,4.31519,9.90711,0.524394,11.8371,30.0166,21.5529,5.17601,5.98046,2.59312,10.3925,4.13691,7.32254,2.56314,3.51178,4.4775
9.73208,26.613,42.8021,26.9528,4.37511,3.99538,2.24883,2.5915,13.7442,15.1994,2.55955,9.13935,13.2347,9.58296,8.81769,0.657818,26.481,24.0094,4.8384,7.36668,0.818588,3.89674
35.5896,92.7992,94.7868,14.8327,9.72304,10.2759,6.07116,1.81183,4.10723,4.92339,2.95195,23.4725,28.4747,11.434,5.46254,5.99948,16.1941,40.366,23.5998,1.50437,3.90538,1.46224
6.20995,7.02257,0.213797,1.50846,5.82682,5.39247,5.91993,0.107132,3.1322,6.4568,5.70293,24.242,21.4005,6.12496,1.86852,1.97742,10.2261,27.5291,13.9587,0.387655,2.11484,4.21791
28.1264,24.7496,8.08928,6.92015,6.35579,1.1487,4.58374,1.19128,9.68335,9.67466,13.1281,39.1368,29.1488,5.50024,1.09533,2.15562,11.2667,21.3725,9.24079,1.6541,3.45881,3.12109
17.1236,10.1279,2.40424,10.0579,10.6591,1.42966,3.69852,2.08559,8.31362,11.0559,25.0897,32.3475,6.39747,4.18774,2.22788,7.92474,19.8325,20.4133,6.7466,2.84494,2.17669,8.59435
52.9098,44.8969,17.4205,5.14901,14.0772,9.97757,2.9136,2.14213,9.03108,10.728,30.4771,38.2804,12.2981,6.42551,5.24884,6.0207,10.6748,6.34715,0.00196557,1.65769,3.26997,10.7839
134.841,110.581,42.7906,2.94659,8.86375,8.94589,1.64379,9.76541,31.0928,29.0629,26.9311,26.802,13.0312,8.22769,3.61522,0.531151,8.48928,16.5836,7.33863,2.41184,2.88748,7.60749
163.566,123.322,34.4797,5.0623,10.3807,13.5939,4.65014,9.97224,22.0803,1.3214,37.3128,37.9886,12.3812,1.80252,1.37108,1.64283,0.583042,2.40481,0.181563,0.0658546,4.99195,4.94639
84.3658,73.4605,32.1259,2.10316,6.73802,0.725662,5.43093,1.52943,8.56555,5.47436,41.5863,29.6065,0.205815,0.764155,1.68837,4.98376,0.974802,9.80161,5.29063,2.45501,7.98543,23.7644
2.10566,12.2952,16.3675,3.56249,1.4595,2.75067,1.46444,4.28278,12.662,11.0797,7.23361,7.155,5.92986,0.467008,4.76395,5.3228,8.22874,6.86754,1.55419,0.687077,8.86155,11.8156
25.007,12.8025,1.9166,0.694832,4.71958,2.05782,4.81607,6.71686,25.9021,19.0235,20.2271,20.7123,4.26832,5.01678,2.94897,5.86626,0.85302,0.638593,6.54753,5.84056,6.02708,9.98063
2.54544,2.70112,8.75691,6.77116,4.98977,2.53254,0.81905,5.3667,6.66392,3.37172,3.13681,3.80474,3.9658,0.213114,4.89912,3.8671,9.8342,18.8098,9.52822,0.353745,2.77332,3.2227
2.62472,0.573099,3.77604,9.02339,15.3448,6.04854,7.15816,2.28806,16.1786,15.538,12.6128,17.95,15.4154,2.45331,3.0407,1.83629,15.0229,27.5569,12.5043,0.753539,0.3953,5.10679
4.53599,4.24333,0.99899,0.425132,3.06808,5.58942,13.842,5.27448,2.33125,1.01931,5.63284,11.5357,1.51841,5.48044,0.527886,1.99717,4.64147,0.61651,3.21151,0.491376,1.68554,6.44048
3.90447,4.61757,3.16324,3.86472,12.2158,13.6192,5.31386,2.84354,5.50888,3.41645,6.75734,17.5721,11.4185,1.04659,4.42214,1.8695,13.8674,23.9161,12.9505,2.21352,0.479956,1.03883
3.22025,0.309186,4.79397,7.32809,12.6439,5.96153,7.27524,0.113667,14.0882,13.6449,13.1187,8.95048,1.67234,2.60879,4.74021,10.6216,5.7305,0.975156,4.26128,5.38818,0.990257,11.8031
1.0678,4.21339,8.89903,7.79907,0.426723,8.94341,8.14375,6.11778,16.576,13.5141,4.76608,2.66479,7.15057,6.73938,3.14395,0.510018,1.49878,15.5419,19.1904,6.32809,0.203393,10.1193
1.35099,1.23681,6.57933,5.46431,3.6191,8.4804,4.46812,0.508042,3.57839,6.96194,0.446658,13.3386,13.8839,5.14579,1.22255,0.852617,3.63565,7.95604,5.47234,2.01631,1.55523,2.54658
0.536131,0.0837194,1.00845,1.26637,5.87053,3.32518,3.27654,7.68271,12.0641,12.126,16.1574,15.608,1.1466,1.00241,6.11098,6.481,17.7146,12.5574,4.21439,1.99855,2.36167,3.74168
0.201425,1.76405,5.77907,1.03585,16.3032,13.707,2.63686,0.185964,1.86263,6.14406,2.38226,12.8883,17.1018,7.05737,0.818522,0.424473,17.2528,24.3043,9.1005,1.42448,3.4268,6.79031
1.55867,3.93602,6.40558,1.79943,12.1525,5.2783,2.73943,3.59942,10.1509,5.63056,7.0566,10.4766,3.3742,0.280497,0.550628,2.88632,0.711311,7.82277,4.83783,1.10914,1.06273,6.56425
0.99178,2.0539,8.71706,8.82846,7.06907,10.8243,10.4517,0.688815,11.6986,11.8585,10.65,9.55356,0.0313448,1.9753,2.48988,1.4799,6.32406,6.92453,2.83068,2.93438,1.12439,0.333144
0.914449,4.07638,6.66211,8.61437,13.0443,5.83111,1.87038,0.8832,2.05819,2.28127,10.2,15.872,6.06896,1.02187,1.98128,5.51052,1.19526,5.98842,5.06761,1.95465,0.142409,0.789924
1.1565,0.944507,1.27621,3.98386,10.583,0.487537,9.19061,1.80731,6.91425,2.83013,13.8191,20.7509,10.2214,1.96642,1.82483,2.2924,0.693264,1.63925,3.9954,5.75665,5.20425,3.7752
1.45137,0.477651,1.4827,2.11508,6.00656,2.16808,0.91003,2.23114,6.51111,0.694221,5.22499,0.689065,2.48298,1.09277,1.54356,3.28332,6.20021,4.87998,1.32961,1.37632,2.82992,5.41927
0.540921,3.05309,3.96714,1.18416,5.17663,10.5401,12.0736,7.99704,5.90249,0.0924417,1.19777,1.94588,2.46835,1.03833,0.255838,3.81961,4.05488,3.45147,6.72633,0.62367,1.75209,1.31908
1.33084,1.32182,7.6345,6.01994,7.00039,13.5532,7.20614,0.0134705,3.92873,2.46572,1.61638,1.74283,2.29825,0.962558,6.33077,2.79782,7.58497,7.29265,2.87406,2.21369,1.38289,4.83404
0.771745,0.82425,4.52104,5.18692,7.35903,16.4527,11.4419,3.57398,2.12802,3.84417,4.69858,17.337,15.5104,7.47303,4.54874,4.7321,2.40088,7.46205,10.7051,3.03535,1.13078,1.02538
1.31336,2.24096,4.80225,1.23638,18.7944,23.9586,14.4575,1.99318,16.2616,19.695,1.82994,18.8641,12.5804,1.84459,0.232306,1.62283,1.91017,4.43489,10.6953,7.09167,1.11376,0.794668
1.09985,3.45256,8.39767,4.29489,5.7563,0.612765,7.72562,5.98684,1.81787,3.58094,7.46228,23.5152,12.7553,2.66459,3.61286,2.89176,5.75854,7.78018,3.34937,0.401802,0.120367,1.07673
1.00366,1.56699,5.29529,7.40701,16.8981,27.2331,21.6941,6.19626,1.5777,2.10111,1.01985,8.8668,3.61598,4.32348,4.09078,1.3923,3.08204,6.20683,9.06031,2.0157,0.563347,1.08245
2.32968,4.1759,5.37855,9.50079,20.2025,23.9138,21.3998,6.07975,21.081,22.4293,7.7613,4.25349,1.09361,1.45913,1.1128,5.79126,6.97683,2.90448,9.88854,5.20525,0.270589,3.55381
1.20382,2.78782,3.60314,0.0727635,1.58065,0.130131,0.732084,0.50923,1.44373,2.82231,4.72621,0.879348,1.24651,5.65033,3.69795,3.69386,2.49649,0.00222065,5.398,5.78727,3.12682,1.65722
2.94108,0.483178,4.30661,4.7687,8.51296,10.1257,0.571695,16.8894,39.7315,33.4104,5.63807,6.2102,5.16308,1.48376,5.7956,8.12201,7.23862,20.9649,12.8322,0.406399,0.667379,0.788122
0.477557,5.43132,11.3589,6.3543,0.0535685,3.72018,7.03394,17.3539,5.80709,16.4636,11.4053,15.9143,9.84492,1.12955,0.165447,2.77678,17.2213,22.8787,8.57256,0.555086,0.701692,1.60714
0.199489,2.28036,5.62363,1.56846,10.4567,12.8956,17.5098,24.5577,4.27323,7.25465,6.34774,15.8556,10.0914,3.16203,7.53042,5.05164,4.26234,0.928163,6.1368,3.72194,1.12278,4.53951
3.82664,3.47827,0.146042,3.65665,2.06503,3.60543,13.7199,32.0368,48.5064,36.0761,2.06573,15.6622,8.46034,3.86188,9.06939,7.58023,8.13198,6.91016,0.0283572,0.398815,2.40944,4.34187
5.09634,5.44478,0.478386,0.858998,16.4503,18.167,5.33882,20.9327,10.0034,2.97032,4.22313,13.5971,6.75146,0.338481,1.65999,1.68452,16.4331,19.6721,2.32125,4.90311,2.95034,4.11491
8.75962,13.6541,14.5519,1.56306,17.7857,11.2042,13.6541,15.281,13.7735,16.1809,4.40837,11.6385,11.1781,6.30789,3.17996,1.08701,12.7859,23.709,12.7191,2.54354,7.33337,12.5099
8.25458,7.59233,1.73185,5.59095,1.37293,11.392,17.4529,17.8719,31.8094,20.8819,4.3707,2.09071,0.26163,1.62984,2.0461,2.87511,2.85612,5.62602,5.63519,4.82717,4.39389,4.45597
6.15968,11.2499,11.8291,9.25829,16.7771,26.0279,32.6026,22.2776,1.74333,6.62895,10.5336,15.4393,17.5419,18.4614,12.6083,7.7633,21.7016,26.2126,9.88125,1.56489,1.92644,3.16326
1.79331,0.456339,1.58501,0.612969,4.22718,4.35822,5.09245,10.9522,32.8729,15.8839,14.5107,18.9731,16.9112,18.3713,8.50133,1.41006,10.7545,11.1148,0.826045,3.36508,0.796787,6.26007
8.85274,12.6178,10.1484,3.59731,8.41178,11.6496,4.18552,10.1556,24.4983,12.622,6.95526,16.6867,12.6842,8.86079,6.94637,0.271608,6.99024,3.62079,4.13353,4.35325,4.3015,2.66868
20.7505,21.5955,9.02428,1.79072,0.401605,1.347,3.08261,6.40418,24.6675,26.6923,10.2496,4.64174,6.563,1.19388,0.591117,0.363851,10.5405,9.30835,2.26146,1.13744,1.00512,2.156
23.6914,32.9978,27.7639,1.61708,15.2334,15.4864,5.19019,6.04995,9.61293,2.90182,4.00969,7.87479,0.145688,7.39638,5.948,1.75373,3.82442,7.36469,5.95293,3.59392,1.01157,0.692337
24.2603,29.66,16.0102,6.03952,19.0001,11.7159,1.40165,4.39798,9.1718,10.7945,10.951,14.9469,8.27536,5.28496,5.66016,0.740263,6.24175,8.96944,1.48401,2.66931,1.99615,1.15498
17.9128,23.7068,17.8299,0.00255023,8.05385,5.81695,0.668184,4.59955,12.8193,9.46246,1.73794,3.05664,8.34165,13.8961,7.35779,0.742398,15.5729,20.9808,7.46349,0.632462,1.03458,2.31159
0.97872,3.93589,6.27038,1.08478,6.12305,3.8731,0.077031,3.47985,11.003,7.34915,3.14035,6.56622,1.98537,4.37315,2.70476,1.00693,2.75446,4.76516,0.511379,1.64893,1.10504,0.582413
16.9047,21.3438,17.7429,1.36249,9.72176,6.99214,1.25221,0.985012,2.3846,1.89822,0.958413,2.14396,7.24089,7.81149,3.91652,2.99517,6.4482,5.93259,0.317718,2.23342,3.55826,1.27754
32.0208,33.3565,12.3995,2.7434,9.39657,11.0353,5.14073,4.55148,8.2972,5.82887,0.837102,2.92695,4.86605,0.929585,0.421642,1.01705,5.40895,7.77792,1.53175,0.696814,0.907816,2.42072
42.8408,55.2136,41.1655,6.67269,2.39028,3.76726,1.20279,0.821092,2.57023,2.58931,1.88133,5.20421,6.30302,3.78977,0.643893,2.50204,0.715589,3.65624,1.32957,1.471,0.902412,2.90803
47.7915,55.4696,31.3701,3.777,8.0977,6.92628,2.24438,1.88918,5.60146,4.46705,0.852743,0.709306,0.988678,1.48766,1.82122,1.41533,2.51845,1.89014,2.15752,2.06156,1.24815,0.0527522
42.7376,51.2567,28.8747,1.81677,9.77348,11.5081,4.99615,1.56169,9.09574,11.4526,2.77161,1.61282,1.29744,0.100093,0.261603,0.0810002,0.566106,0.118951,0.06735,0.113015,0.203168,0.667884
28.8856,46.5648,33.7905,6.2113,5.21993,15.8712,13.3199,11.6801,1.77079,8.64524,2.58744,1.53888,0.504852,0.674693,2.57851,0.239759,2.82345,4.70153,3.2067,1.20124,1.40147,1.34073
30.3699,22.3078,31.6828,35.0894,48.6323,59.7569,6.77513,21.5052,15.6151,4.00612,13.5196,14.5141,10.3721,0.0934817,6.47085,6.59893,6.18193,2.71771,2.12907,2.22513,0.491519,0.515457
5.98206,30.8616,99.9049,132.922,78.3168,2.83018,9.01266,14.2457,8.93417,2.56099,2.86703,2.61619,6.80119,6.00002,3.25986,0.19587,0.107587,2.01857,1.14457,0.511872,0.277796,2.31622
3.3709,71.2051,143.642,63.4853,26.9989,31.8113,24.7209,7.3259,12.8379,16.2613,3.71675,3.92084,3.17844,0.0616865,1.32858,0.315089,3.30317,6.75335,4.54837,1.2232,0.384721,1.28754
62.697,129.487,137.288,29.4841,20.294,19.3953,10.649,3.19086,9.71006,12.6415,3.53279,1.32424,3.08351,3.48344,3.46272,1.3585,0.274986,0.211899,1.18543,0.730545,1.07319,1.93712
102.983,132.583,77.0284,13.0554,13.4334,12.81,13.2013,3.90723,3.36479,1.73872,4.2233,8.42383,5.81163,1.65247,0.980674,1.07524,1.88147,0.0866889,1.64771,0.446272,1.33585,1.33701
77.5214,93.122,54.0371,3.05593,19.5433,30.4325,16.5711,2.22089,2.15178,1.75296,2.65379,5.8657,5.2073,0.796048,1.96077,1.86162,0.628481,0.668377,1.04441,0.846796,0.441736,2.07648
98.7242,98.0462,47.8905,3.10037,6.13783,5.93329,1.4777,1.17014,7.9596,7.90366,0.0414839,1.77619,0.322771,1.13522,2.03643,0.928323,1.24127,0.607175,2.5284,1.48567,0.679759,1.91095
149.205,123.497,35.6384,16.6154,14.0304,25.5913,18.1532,3.14029,3.36414,3.90766,0.192388,1.84425,2.44784,2.40801,0.517822,2.99707,0.730115,3.88587,1.70275,0.790765,0.569853,0.774826
182.811,156.795,73.9523,9.78559,3.07028,14.5614,20.164,10.3914,13.2864,15.5253,4.54753,0.630856,3.08658,1.63274,1.04106,0.187103,4.6505,8.7032,5.6115,0.296591,0.100233,1.622
129.599,102.959,30.6885,2.70161,16.9552,17.679,6.42844,5.54938,14.9741,16.5682,5.89615,1.40267,2.65517,0.770901,2.02731,2.75249,5.1838,1.30958,5.83002,1.62597,2.43154,5.88025
15.4514,18.2964,9.87154,0.10191,5.73524,20.9231,19.3919,7.93836,7.18761,3.13109,1.20383,5.63492,7.0078,5.81147,2.10192,0.112864,2.65806,3.91834,0.506485,0.146164,1.16448,0.0596541
74.5972,46.7847,0.0579519,0.253708,26.4845,16.3668,1.81163,1.15281,4.55361,11.788,2.11382,9.6257,11.0244,5.5128,1.19919,4.37878,15.9024,16.886,3.92199,1.28768,1.64592,6.44222
67.1848,66.9187,45.6299,4.89277,30.1977,37.2395,16.7948,10.24,28.5019,27.8273,2.69426,8.81441,3.07401,3.71338,4.58152,1.75276,13.3057,22.7203,9.83943,0.668934,2.84326,3.49697
46.7566,46.257,13.8525,13.2101,7.01897,7.06683,13.7709,7.1637,15.8285,14.3871,3.29071,3.89121,2.18331,5.47965,0.532698,1.70492,1.00173,0.632881,1.40551,0.12628,0.247868,3.06827
44.2795,56.0475,39.5563,16.5676,34.8887,28.1027,0.879653,4.35716,26.0339,18.4168,3.18902,3.0628,1.4879,2.00028,2.48692,3.43763,8.047,20.5634,9.86107,0.682733,0.0747997,5.53607
44.4681,52.5344,35.3187,0.989213,16.7118,17.3951,2.07314,2.44506,28.7639,23.8426,0.706812,0.665957,4.16244,8.5477,5.60128,0.138062,21.0635,28.1956,5.52234,4.44972,1.31176,1.74055
36.4657,37.336,11.3769,8.99922,6.49342,4.72898,3.2639,6.2056,15.3379,19.3043,0.168092,13.3399,2.51419,3.63712,1.01604,5.79152,19.3998,23.643,9.4782,2.83107,4.65441,1.0245
27.847,43.0419,44.5733,17.8367,5.45529,12.5082,12.3349,11.9942,35.4016,37.4799,3.39915,19.2964,20.2567,15.1374,8.22515,2.1606,1.93947,4.14015,2.35877,2.53532,4.34499,0.115444
15.158,11.2309,7.8027,8.9954,9.95972,3.29804,15.6202,15.8815,32.2784,22.9746,7.63128,13.5489,13.721,12.9826,6.42446,4.83888,13.0324,12.7651,3.63245,2.12753,2.58253,3.47071
3.54245,0.786284,5.79867,4.62835,7.19356,10.1879,3.33413,0.378404,3.87283,5.95823,0.714371,7.16648,8.38216,5.47869,3.55203,1.90926,15.7509,19.1159,4.84325,1.65001,7.49158,2.1622
21.1266,21.5448,5.47218,2.94879,20.2592,0.750093,16.297,11.0624,30.449,29.1831,4.47222,2.16278,11.0738,11.9977,3.33575,3.50256,5.61641,14.8535,6.77001,3.62012,4.45381,2.52687
34.2784,48.0457,47.4538,7.32883,30.3877,18.2336,6.00585,10.0221,23.0712,19.3263,0.373339,4.9205,3.63887,4.93558,3.4293,1.67573,1.40658,0.772979,0.0124718,1.67978,7.0632,6.59481
51.4012,48.6948,10.8917,9.69889,10.0864,18.6448,15.6052,7.76132,10.8757,9.31024,4.01523,11.8523,3.66061,3.88361,1.27211,5.12381,3.99917,13.5577,8.17473,4.1797,2.14986,2.59603
59.1517,73.8898,53.2627,12.1859,8.56586,7.57092,18.174,14.9062,33.6048,26.8824,6.59253,10.3329,2.27261,7.98182,2.12766,0.916015,14.0594,18.8856,1.57969,5.91745,7.29093,9.82647
65.6436,75.9913,46.5503,2.2572,4.28216,6.41907,3.83131,5.97799,20.8798,18.2766,0.644197,12.5654,11.4266,0.0163947,5.36001,7.55559,19.6396,24.1177,11.2072,2.73519,0.275106,0.523857
56.7968,59.1219,22.4329,14.5943,13.3733,6.12909,20.4358,13.5106,23.7929,22.3554,5.73454,0.428817,3.10892,0.455744,3.65418,2.69832,1.83326,1.12532,2.81769,3.96149,7.63625,9.42405
43.1828,62.2974,60.169,19.9625,1.03315,4.31589,8.087,16.2553,36.6846,26.98,2.28698,11.7386,10.0634,4.6662,0.348143,6.93168,19.9259,23.8623,10.7601,0.700903,1.72313,5.12954
26.9713,22.2327,6.96232,3.2721,33.9993,14.0617,13.2178,0.359793,17.3671,14.5631,8.97648,16.866,13.3844,0.301424,3.57905,4.54712,21.5505,23.5111,1.0968,2.55821,4.95442,5.26018
1.47002,8.44047,16.0311,5.92608,38.7122,19.7863,11.0196,14.703,28.7942,24.0723,12.1966,20.9299,10.6726,6.97682,6.74756,0.800191,15.5633,30.8325,16.2256,1.16508,0.225909,1.80634
16.3172,16.3181,0.0585625,3.11044,15.65,7.29743,8.56417,2.40657,24.7005,24.0977,1.77885,20.8414,9.20128,7.15099,6.82204,7.03836,7.73894,5.0493,3.26176,5.23889,8.10417,8.24536
42.6235,61.9762,55.3616,11.6145,52.7478,16.3234,17.1178,6.17983,3.51012,5.33608,5.52956,16.7407,13.158,6.02867,0.436746,7.27412,17.8816,40.3505,21.5148,5.27848,2.48419,4.53743
59.2487,51.9576,9.86406,34.4075,17.1656,22.4655,3.84003,6.33035,18.23,9.58967,2.90429,0.751603,7.72216,12.5598,5.14314,1.00305,29.5671,37.1646,6.19108,0.775156,5.44034,0.0655242
65.4659,87.1432,58.5093,9.01633,6.13081,4.96552,5.15124,10.6818,38.9149,33.6505,10.5687,8.03673,5.58326,1.1882,1.86849,8.36206,22.0271,21.9604,7.64733,1.42485,2.048,1.18307
67.5969,80.2289,36.6362,17.6567,6.93059,3.08739,4.68662,5.12736,14.5482,17.7584,11.9095,18.1961,19.2948,9.50854,1.11335,0.290968,13.7266,18.5767,4.64012,5.82716,10.7714,16.3487
71.2979,69.6883,19.9457,35.1094,43.8193,18.5691,13.0861,3.53825,31.0632,21.3622,7.92888,22.2497,14.4256,5.72653,3.99508,10.3878,42.5346,53.3147,19.7216,3.20805,1.40171,0.72739
45.6561,70.7232,63.2216,21.342,24.6994,13.0989,13.7741,0.168213,21.7511,15.5993,11.5296,22.1908,7.81737,3.95527,0.56387,3.15351,24.2895,27.5973,0.16714,11.5989,13.5738,11.9696
39.8144,30.877,14.1169,25.3864,11.9516,7.83792,8.90828,0.248902,10.7296,4.3145,8.92775,25.0517,13.6419,2.79926,2.66123,4.98371,7.23269,2.21667,0.83162,3.33033,4.05985,6.93955
14.4448,21.4121,18.9176,20.4389,55.1014,21.8692,20.012,1.00315,43.2082,39.3338,1.65268,21.7883,15.6404,2.97064,0.0658853,0.84128,20.0619,23.5751,2.71403,2.69626,13.7047,5.97561
10.9672,9.83493,9.86199,0.483999,23.596,20.4855,1.00462,7.23762,19.0081,11.5763,3.97679,7.32391,3.01735,5.14878,3.08372,1.81491,23.505,43.5126,20.8117,0.700734,4.09362,3.38003
30.9197,43.7287,43.0077,18.4309,3.94444,13.3574,21.1511,1.06405,20.5646,12.5434,0.627442,0.751895,4.48149,8.53281,3.80905,1.27884,15.6976,18.274,2.02267,2.1516,6.40005,0.497798
53.8765,49.5009,2.30319,23.0026,2.20468,1.95522,14.6026,7.1616,47.7468,42.2716,12.1779,10.8748,10.4975,1.21905,1.31387,2.26736,4.74283,12.3989,5.74516,5.48726,10.1453,8.44105
61.6748,84.802,69.613,18.0411,7.3109,5.95364,15.3536,11.13,17.3403,9.25164,10.134,17.9219,2.83008,13.9096,6.81628,5.1504,27.8131,28.3893,2.43071,5.21704,0.865567,1.31405
70.5493,77.6578,41.738,4.50869,8.23656,5.76129,19.1923,2.83559,16.5236,12.895,4.65607,16.4495,5.01822,11.4681,8.31606,7.31863,25.661,32.3044,11.9519,0.353909,6.2075,9.4581
67.9231,75.9629,43.4294,10.4208,27.785,10.1235,9.18952,16.2485,40.9624,34.0001,7.71435,8.93275,10.6833,3.54712,1.24805,3.47499,5.72714,6.74564,3.81335,0.334111,2.81156,7.78818
57.3574,70.0187,49.007,27.731,48.491,16.445,19.1435,9.90792,12.5157,8.5381,2.2308,3.75559,9.08754,9.42366,3.29589,8.96425,30.8688,34.5937,10.8904,2.39723,3.31173,2.60299
36.4625,34.8722,0.864403,32.8589,33.219,19.5256,3.37027,8.64367,21.3339,14.7775,5.47302,11.5813,11.4117,1.27321,6.86268,8.48657,27.9927,34.4964,11.0068,4.26053,5.62411,2.73847
19.1852,26.8714,22.1901,2.13315,12.746,7.35969,16.6619,15.2014,36.557,27.9437,3.86874,16.5577,11.6448,1.80468,3.02705,4.06456,3.08131,2.63207,6.32821,0.457552,5.86175,0.0318258
0.38089,2.98452,6.66257,1.6131,17.438,10.0346,1.52045,7.72253,31.1209,30.7431,15.3797,14.3554,1.69441,11.5398,0.802558,10.0172,23.9922,19.6218,0.631304,1.04308,4.5297,3.76035
17.23,24.2436,22.5269,10.5805,8.39276,17.6163,16.581,7.90585,18.5432,17.1211,8.89646,16.2474,9.433,0.733648,0.340283,0.643639,13.3496,19.1587,4.57325,4.41989,5.67258,1.9474
36.3934,35.7521,9.86972,9.77933,0.3306,0.7408,1.8557,13.0498,42.2004,31.6358,4.48655,18.324,19.1482,14.1593,4.34705,5.46255,5.52724,6.80858,11.5098,4.57835,0.411052,2.58305
46.0412,60.2725,48.4773,24.082,21.0926,1.76135,13.1728,11.2906,36.5744,26.4556,8.67047,10.4782,9.62,8.518,5.97431,0.923101,11.6547,18.2419,8.86678,1.06186,2.60577,2.76109
54.2714,58.0456,31.0848,16.323,41.5171,23.493,3.15119,2.17475,4.83129,1.83046,2.40564,4.29651,1.07809,2.59102,0.329318,1.20013,3.25579,13.1225,13.7816,5.44564,0.310678,0.501229
56.5321,66.0661,42.4926,17.478,35.9287,34.0144,7.97968,15.5503,30.0353,21.3518,3.34787,0.798958,0.265039,2.45484,1.58795,3.80529,6.0967,11.812,16.6553,7.8983,0.0779505,0.836327
48.4639,59.5143,42.4449,6.45941,2.00768,2.65752,5.78576,8.58505,34.8676,23.7767,2.5136,7.30232,0.930672,1.98627,0.355858,0.459785,0.287275,3.69809,9.7201,6.22132,1.35225,0.312356
41.0431,41.3012,15.4391,6.88572,12.0416,21.306,6.66866,0.64308,19.9484,19.6498,7.15853,6.91202,4.63448,0.338121,1.0238,0.551668,0.909827,3.5325,2.99863,8.47576,3.2681,0.367761
30.7194,36.2931,26.6136,9.99504,9.14096,4.44775,1.34357,1.31974,10.1568,15.1128,7.99812,8.45574,8.45964,2.58681,0.384152,0.251068,3.06704,2.04665,5.07209,5.63486,1.45566,0.378259
57.7139,59.826,90.4293,86.3018,11.3079,50.6637,23.4374,25.625,20.4549,5.15573,2.54664,0.675447,0.967292,3.18153,1.64892,6.22151,4.86039,2.37344,4.36459,1.30697,1.10576,1.08371
28.9586,10.5433,74.9829,190.368,122.743,2.077,18.4085,5.57242,2.10624,8.57029,7.21045,2.97261,9.64865,12.0232,6.82335,3.38216,6.21414,1.52378,11.491,14.1115,2.68411,2.89207
27.1204,36.2414,48.0961,40.4177,5.25371,13.7603,5.65235,4.64317,8.81327,11.3021,8.31062,2.07933,3.56597,5.73088,5.11341,5.96228,6.66489,7.01745,0.32567,15.6976,14.4797,1.63445
0.653036,17.0707,11.2899,7.39318,8.63215,14.555,5.7307,10.5968,20.5321,16.2255,5.41157,0.468785,0.997232,0.134923,0.0745314,0.65268,4.86107,6.08993,2.91012,8.65567,9.31387,3.56766
91.4111,122.366,88.2517,14.8485,6.54234,1.07824,7.28585,4.2928,15.4038,6.1162,0.555148,3.26744,3.0482,3.24261,2.94499,4.26086,16.2701,21.3456,2.86518,12.6654,8.11168,2.09635
104.358,123.466,72.8836,4.39162,6.68479,2.89191,3.08087,7.15703,18.2518,15.9503,0.884055,7.57393,7.40594,2.07727,4.27016,1.84335,6.79658,12.2219,1.19125,16.0066,10.9464,1.38983
135.667,128.83,59.2852,3.11788,14.8329,12.5786,2.8544,0.673507,11.9735,19.7767,6.36054,4.18335,3.16863,5.22166,6.18567,0.985638,8.65444,12.5855,12.191,16.4759,12.1038,0.307959
156.209,133.109,54.9283,2.91233,13.3428,13.9059,2.73123,4.35565,6.84999,0.584027,0.0108491,7.58717,8.45704,5.82116,3.10506,0.415829,8.03183,10.8938,9.14576,7.26954,1.5569,2.67348
131.141,107.795,45.1822,5.91574,4.10251,2.35634,3.33417,1.75793,2.9117,1.84313,4.37348,7.26755,7.30234,5.58196,2.09638,0.0634606,2.69915,3.2728,7.2014,13.842,7.08792,2.89819
38.7724,33.1238,8.33549,1.95796,12.4398,12.4125,3.6394,2.8692,7.99364,3.52148,3.79901,2.95293,2.10057,5.26293,7.62319,6.48155,4.28881,2.82406,12.0734,5.11134,6.41051,2.79662
51.6798,27.7778,1.1237,1.94213,14.2391,12.2858,5.48936,0.47726,11.0833,13.0313,5.49062,5.66105,5.22322,0.0482952,1.22415,2.54783,5.95851,3.78594,4.44231,6.05238,0.301908,2.88578
58.766,37.9325,4.85023,6.2979,3.41457,3.48838,5.62016,0.731236,0.783248,2.34239,4.40508,0.429319,5.98022,5.78918,2.45658,1.90917,0.0571413,9.06925,19.1731,12.5617,0.899517,0.890621
12.387,14.7428,10.515,2.34391,1.89433,5.34084,5.20497,0.912682,8.38142,7.96068,2.07431,4.03929,3.84354,0.0208531,1.60161,2.41914,2.00783,1.61235,8.27146,11.5782,4.24908,0.635241
0.189239,0.745557,4.95506,6.85443,3.88436,4.90001,4.75698,6.30704,17.3249,12.4496,2.69026,2.42233,0.35059,2.41076,0.337205,2.02372,5.25023,12.5352,6.00262,0.46874,4.03712,5.5886
1.08538,2.73009,7.01314,8.22555,10.9124,8.55226,3.97291,7.63637,1.66049,16.0909,15.0859,0.450831,6.32719,5.17877,0.718211,0.270907,3.12139,2.44483,8.07559,18.5601,12.2493,2.06619
0.274952,1.83842,4.27115,7.1514,11.7301,5.14764,4.74927,0.87603,15.3378,17.3845,6.58705,5.14403,5.53929,1.60992,3.99507,0.240861,4.42303,2.13482,9.80243,31.2323,23.8534,0.943801
0.660234,0.104538,0.421618,2.42293,5.52122,3.42635,2.06123,4.54411,2.01747,8.94178,1.5121,8.6473,10.3672,2.64761,1.63174,0.0564854,2.24043,3.78277,6.84309,11.4265,9.34143,3.75181
0.68878,1.1738,1.31632,0.504368,1.24875,5.92982,7.72307,7.71745,9.30438,7.26309,3.77525,3.79182,7.39361,5.49849,1.68506,3.88437,0.195753,1.0728,10.1004,25.4247,19.1989,0.797777
0.6954,2.08575,4.97985,7.99288,9.39019,5.2813,1.50407,1.84509,12.5205,20.6809,14.6209,4.55483,0.474274,1.32202,0.578534,2.38394,0.662343,0.954185,7.49887,9.81946,3.01239,2.47116
0.0968129,1.93157,2.83258,3.851,10.4281,10.6871,2.80351,0.801633,6.09107,7.39778,2.73782,3.30884,1.20944,2.70652,2.93031,1.72809,3.1563,6.0348,7.41353,4.86841,1.51121,0.336888
0.094491,1.54859,3.9244,5.82156,7.41711,3.58659,2.61851,6.13104,12.4695,15.3541,8.43385,3.44176,3.84545,3.51588,2.54896,0.267187,1.20734,4.93079,1.48238,24.529,27.8977,3.51079
0.767935,1.73071,2.99104,3.94158,4.51222,2.43303,1.21119,0.241364,4.93964,13.6709,7.79535,0.257279,2.01836,1.15691,0.582705,0.64182,1.46835,1.01288,8.36572,12.7013,5.98325,0.435577
0.579259,0.834331,1.24618,1.53921,1.26362,0.437065,0.718845,0.449309,15.1506,18.485,3.13062,1.23343,0.0552775,3.12496,3.82875,0.0417125,4.0033,5.55842,2.37627,16.5777,21.2085,0.224175
0.15843,0.29917,0.0810776,0.393805,0.229063,0.264965,1.54611,4.44188,0.235188,10.5145,10.2606,2.04908,3.06769,5.59555,4.48835,2.69015,1.16796,2.79287,6.48557,0.411288,4.39159,3.61644
0.0421387,0.370713,1.18048,1.71354,1.94026,2.51104,3.02491,2.78676,0.946946,0.39312,2.14337,2.03587,3.68904,6.59807,6.47329,5.86251,1.9712,0.0944703,6.55268,24.6702,22.9915,5.89822
0.10415,0.316972,0.747245,0.145294,0.891991,0.285345,0.661297,1.34071,2.27069,2.47565,2.01724,1.57768,0.0756611,2.92843,4.18729,4.13211,2.42286,0.447512,9.01971,23.5905,15.6474,3.0943
0.0815372,0.0470438,0.829009,2.04762,3.01976,3.00373,2.1571,0.167516,4.959,7.19262,4.12344,3.4023,5.09077,1.98291,0.535048,0.28843,0.717762,1.8672,10.5211,24.9586,12.4239,3.92678
0.0877384,0.089943,0.405352,0.617931,4.64639,6.04877,4.7969,5.56287,5.84278,3.79156,0.685774,2.67913,2.0892,1.15573,1.70242,0.852336,1.63937,3.51676,11.5287,19.7409,10.1146,2.02044
0.214972,0.696358,1.93198,0.627245,4.59263,2.8482,1.3975,3.86219,3.4678,2.14595,0.256063,2.79483,0.745127,0.0338087,1.2055,2.02892,1.02497,13.4436,9.67093,11.6058,13.3422,5.53446
0.0893368,0.622489,0.271638,2.27163,5.6134,2.10983,1.7252,3.91928,17.6854,18.1858,9.9294,14.3826,6.62255,6.09849,4.53349,1.12744,4.45062,3.80732,23.0756,21.1698,4.54766,4.79529
0.0276104,2.46048,7.97091,4.53977,7.84254,6.3251,1.12343,0.790371,2.89069,2.03764,4.6549,9.71083,0.917482,9.61837,5.58849,6.06586,16.8245,16.8983,10.5542,9.24049,4.42356,0.00664896
0.291107,3.47993,7.50216,7.4949,8.0001,4.32808,0.916532,4.11022,16.7975,11.5801,4.19113,9.44401,5.52802,1.51081,3.45017,0.466951,1.36452,22.2322,30.2378,9.20603,3.24306,0.956859
0.204136,2.43176,4.64129,9.72446,19.9747,9.29489,5.71943,7.04788,8.68249,3.31768,0.526183,2.11432,1.27091,1.22326,0.082953,0.937508,7.01105,18.4421,12.9868,0.249547,4.37098,5.60195
0.189225,0.765764,1.80772,6.74356,15.8881,11.4069,1.84884,5.75494,11.4295,17.5505,9.49479,1.31992,0.300772,1.96352,1.67985,1.24193,14.0634,29.6928,19.943,5.96076,14.2823,4.48618
0.150293,1.36014,2.90763,3.53599,6.2447,0.216712,7.64477,8.6602,22.2292,26.5398,11.1797,5.20115,2.39556,3.91245,3.15788,0.0140037,1.20578,5.04601,0.123753,9.0915,6.6835,0.0930064
0.490984,3.34854,7.95448,8.99829,13.4235,7.96075,3.33845,3.63943,1.28724,1.19281,0.993087,7.3171,3.72327,3.12654,1.67092,0.578429,9.06584,22.3623,13.1795,13.6131,17.559,10.5512
0.603515,3.48165,10.0759,7.92048,4.23023,7.85741,9.282,6.37938,3.79728,0.475287,6.38916,11.5125,6.55849,1.92483,1.77495,1.76612,4.826,2.71098,12.4415,8.9109,5.55313,1.756
0.0429856,2.47056,6.56177,3.09555,6.31094,4.12854,2.31426,3.41436,6.45949,3.88961,5.21994,11.6,8.32482,3.20094,0.587593,0.90352,1.09877,5.99219,5.39543,1.31322,2.15887,0.927924
0.215316,0.395299,1.0045,1.4857,1.23599,8.03356,11.4418,2.95016,14.432,16.538,1.15999,11.0815,7.0916,3.88969,3.04425,2.56977,9.78456,2.6575,4.43887,0.643965,1.25654,8.23901
0.24197,0.708705,3.24861,3.09763,13.3596,4.80322,4.10571,0.208025,2.44388,4.42786,4.38503,9.22079,2.65391,0.486288,0.586733,0.00678504,6.08987,17.7391,15.214,1.23785,6.08937,5.06769
0.629035,2.36146,7.06478,2.12282,19.4554,18.2996,8.1853,1.14963,5.02466,1.03927,0.773035,5.57832,5.42275,1.19077,2.20892,4.00822,2.69193,0.47755,2.84755,5.71997,2.07168,0.15024
1.11531,2.80924,8.84641,2.95875,9.91017,12.1058,3.98683,6.32288,12.1916,6.18865,5.20559,6.46291,1.61619,0.500223,1.21416,0.021436,9.43913,23.8829,23.7671,11.2154,5.45595,0.837163
32.0597,49.3522,21.7941,75.4753,59.4592,36.4558,43.0445,13.9287,5.56989,11.873,1.06096,3.13701,10.3447,11.2266,0.494897,3.26338,0.769577,15.4955,20.5468,9.11111,3.84135,1.49334
37.668,47.2471,4.18832,58.4549,10.8654,32.9521,7.86613,10.3713,14.9272,4.26763,9.30523,3.75627,7.06855,2.36305,3.57912,0.686856,0.319512,0.374751,1.02789,3.58833,5.63193,1.30053
31.8449,22.8929,125.766,89.4161,3.22533,1.85285,8.38592,5.50889,7.2298,0.877463,2.54077,0.295223,0.256242,0.552588,0.959884,1.23922,2.163,11.5528,15.4616,6.76791,0.184629,3.32917
16.0194,93.8836,126.356,32.64,7.59352,2.41059,1.33793,2.75412,4.44736,2.55637,1.69711,0.955356,1.00216,1.42459,1.24102,0.63664,1.88208,11.7249,12.8235,2.71676,5.81828,1.88219
53.5299,68.3743,57.4043,14.8017,0.979324,2.39578,0.313644,0.153031,2.30284,5.65593,3.81371,0.286019,0.518341,0.147562,0.424561,0.159066,0.918098,4.2009,11.6517,11.3067,5.50501,0.841191
107.065,125.736,79.3575,10.8134,5.20122,1.45918,0.209003,0.702724,1.80718,1.14447,3.16418,0.221598,1.50804,0.927308,0.285858,0.818993,2.83826,4.45006,3.12847,1.6221,1.83996,1.75702
141.474,138.608,74.098,10.0142,3.81788,0.319835,0.422047,0.611083,0.407344,0.939808,1.06552,0.371437,0.436406,0.499266,0.0326455,0.276552,1.90941,7.18563,7.66116,5.99744,4.67669,1.04727
145.826,127.082,55.3085,2.9715,1.41836,0.3575,0.0903435,0.00324389,1.3268,4.89803,4.81736,1.14052,0.0767297,0.0351894,0.579186,1.13265,0.905656,5.59983,6.10182,2.23395,2.94511,0.611394
89.4035,76.5067,29.9465,1.65027,0.0519188,0.130918,0.445131,1.00466,1.09321,2.20738,2.65655,0.526986,0.781478,0.972743,0.588666,1.19717,1.8287,1.75459,2.3889,0.263232,3.45896,1.0216
19.4236,6.66497,2.60169,0.775934,0.272347,0.0510876,0.322301,0.744264,1.5192,0.511498,1.03471,0.962119,0.718689,0.243228,0.915162,0.0466532,5.36605,0.826246,12.0834,8.35822,1.74414,0.0461546
90.8825,59.8461,11.5756,2.0974,0.909406,1.11837,1.10904,1.02821,4.08331,4.90142,2.17928,0.277079,1.21644,1.69943,1.44133,1.44914,9.12321,25.3673,25.9024,6.96463,3.39358,0.365474
65.3747,49.4441,16.0608,0.30955,0.847054,1.54704,0.356007,0.036199,0.0316023,0.084183,0.712758,0.893707,0.0538191,0.421256,0.592863,1.45323,1.93672,3.8763,2.11034,6.58807,7.56583,0.862859
7.71986,11.4007,7.14403,0.124271,0.264422,1.3051,1.37897,0.163593,1.52501,1.44108,0.400947,0.449118,0.570385,1.50657,2.34567,2.36613,9.08834,22.9661,18.3826,1.6816,2.21606,2.16212
5.54019,1.28527,1.5983,1.41009,4.27939,6.63297,6.2589,4.26141,1.74655,0.895816,1.21738,1.11534,2.47514,2.25715,0.245078,0.0238042,4.19111,4.69186,0.920854,3.09276,4.83397,0.184156
29.0135,32.0303,18.1193,70.0078,2.40801,46.3748,5.4567,17.5589,10.0099,2.11668,1.33448,8.03598,0.451263,3.4897,0.228839,0.801518,1.91463,10.9179,9.64345,1.35724,0.865037,3.7375
34.4819,51.1226,20.4835,158.618,117.811,1.33461,1.22488,18.7678,9.72942,3.35495,7.78725,18.262,15.559,0.427275,6.30589,5.76202,16.0757,23.9863,6.04911,9.72504,7.13667,9.30019
21.3478,35.698,153.548,139.405,29.9617,8.17134,10.5132,1.42021,12.2291,10.4779,1.80364,5.12787,5.09704,3.81891,2.5297,1.24863,12.7611,29.7077,16.2704,3.46548,1.56304,3.69906
18.1715,99.851,134.11,38.9765,1.78135,3.99399,14.4588,1.11393,11.3257,5.29175,1.71516,7.58457,6.41483,1.74523,1.83032,2.63169,4.66176,2.75993,7.55514,9.20541,5.87979,0.565971
27.0864,27.3085,26.6802,12.8923,4.65656,1.17343,2.10707,9.85245,16.8412,14.2969,11.6208,11.0375,5.52616,0.329972,4.31707,7.1559,3.91927,6.38988,7.60863,0.245887,1.64042,5.80319
84.637,104.796,76.8542,25.2031,18.6067,2.3343,18.0977,3.82427,2.51289,6.18213,8.72656,9.00246,4.51916,3.07831,7.47707,8.28073,2.11722,13.6038,23.2944,16.3823,5.70605,4.289
121.477,117.619,62.3814,10.2353,9.223,8.41559,6.3514,6.21594,1.86131,9.13009,5.77468,6.75205,4.62711,1.01253,4.24665,5.31158,2.48218,0.813663,1.50591,7.79384,6.56385,0.227079
125.203,100.484,36.0283,7.08683,17.8511,10.5885,3.6505,0.505862,5.38785,6.12996,5.34591,4.35577,1.01767,0.281032,1.78344,2.55536,1.40029,2.31698,2.2615,5.21385,4.29515,1.07912
57.382,45.2129,19.4247,8.98197,7.70164,5.2928,10.9555,8.41141,7.72254,4.64359,4.54053,5.81454,1.80958,1.32694,2.56179,0.950665,4.84152,1.2293,2.34428,0.840128,1.19229,2.68304
52.9587,49.2158,29.4977,4.22582,14.687,19.2574,11.8491,4.90796,4.90972,7.8777,6.83079,7.9482,3.42539,1.16913,0.0424976,0.74671,5.50141,5.06761,5.23857,10.2905,4.18938,1.58172
151.213,114.954,30.7292,1.13703,17.0546,4.37744,12.1961,13.5153,9.56368,1.33427,6.82353,10.8848,5.8416,0.784625,0.839202,3.07088,5.58089,7.74901,6.5709,9.68633,3.267,1.58701
174.421,136.984,47.5006,9.68892,5.51683,15.0095,19.7402,9.57538,2.68278,2.21427,3.47332,11.9777,6.37194,0.742681,1.82655,0.92028,15.679,21.6862,8.76519,4.64191,3.47322,2.9895
112.387,90.3157,35.8097,0.626066,10.2681,11.4198,4.25312,12.1017,3.30568,7.22342,0.643965,10.2102,6.81504,0.709715,1.81931,2.64645,9.91155,24.5357,22.3128,12.57,5.13309,0.14421
8.75562,3.91088,21.347,10.1825,2.88854,12.5244,16.7756,7.23322,11.9348,14.5423,3.47969,5.74621,4.95519,2.09402,3.25179,6.21924,8.70748,9.5684,4.64146,1.52732,2.14375,5.7923
103.785,82.4895,22.4438,1.713,4.74879,9.95046,4.73308,11.9606,16.565,12.0563,4.33222,1.48012,0.440874,1.81773,4.20834,6.97329,14.4469,18.0855,7.98318,4.11616,3.91734,3.83172
171.493,149.303,64.4792,6.99952,12.372,9.49969,3.2233,2.80798,5.21693,10.1015,11.1069,12.4165,9.6956,3.02619,3.87935,12.514,16.8656,2.22308,13.7931,10.0596,5.76659,1.96164
148.367,128.546,45.2972,11.8844,4.70635,20.1393,15.5742,1.78266,1.39086,9.01338,8.36943,15.3363,13.4595,7.18533,2.06188,8.60543,1.91682,10.742,18.9859,5.05041,1.54744,4.91025
57.4045,62.2396,26.2041,6.22712,0.929246,1.061,3.49711,4.38077,0.672845,0.0592836,5.63502,15.4711,11.2219,5.10701,3.82415,9.94368,3.13472,3.92514,7.63838,6.88465,1.5217,4.20482
5.69081,29.9461,39.082,5.77911,18.0849,29.1668,26.1209,4.69992,0.621839,7.77038,1.56327,13.6011,10.429,2.51507,6.83914,10.3971,1.81197,15.1143,14.2383,1.8659,4.10578,0.997607
1.96565,5.10465,0.934564,0.0248482,15.2012,15.2453,7.44449,4.2356,2.45223,9.23927,1.97328,5.65727,3.36951,1.19711,10.921,18.9545,18.4224,13.7222,2.40943,7.77182,7.01506,6.0905
0.206434,5.65183,11.0807,4.91933,2.77189,16.9246,23.602,4.24866,19.2786,21.3021,8.41317,3.82878,4.16735,1.85469,10.3503,19.949,16.1679,7.05139,0.218144,2.92006,6.21298,4.44304
11.7269,11.0594,6.53074,9.86725,22.248,25.4253,9.0428,4.11711,13.669,26.7612,16.9746,11.0153,5.50785,0.163958,8.44274,12.2565,2.55269,6.44833,5.0031,6.4008,0.266026,1.8605
29.0461,40.0116,39.9505,11.1227,10.057,2.16713,4.40648,5.77189,5.91216,20.3252,13.7704,15.2344,10.4159,1.95291,2.6607,2.83532,8.24644,2.46355,19.2794,14.1541,6.66996,2.9309
37.4176,38.3521,10.5943,5.35826,4.85712,23.8594,13.1187,2.19781,3.46795,7.0416,7.14522,11.5001,6.4951,3.19302,0.372687,6.35336,13.0226,12.4307,1.02644,5.26734,5.30757,0.415575
52.2898,66.2176,51.163,15.9229,12.276,13.3875,15.1081,16.8763,8.92486,0.747846,2.11505,7.05335,3.53905,1.39093,0.332689,4.81098,18.0569,18.1221,1.50188,3.31411,0.870782,4.88232
62.3273,67.8107,34.7504,8.94726,3.72286,16.3887,17.7171,9.54502,4.98397,2.26261,2.70046,1.63686,1.42492,0.267123,5.15966,7.15827,2.61819,2.69075,11.056,2.1854,1.24417,7.3144
57.3494,62.1006,32.8614,5.54978,2.0278,20.1998,31.4485,24.1114,17.614,13.4077,9.17958,12.6622,7.5844,1.14711,9.31227,19.4586,11.6367,7.00523,3.23308,10.4647,10.3206,6.40953
46.4947,63.5396,59.0734,19.4885,2.63773,7.695,15.3693,21.7769,24.2669,21.9124,16.1886,19.4525,10.2955,2.26473,10.4195,21.4483,12.3562,11.8958,27.6151,12.6456,3.69989,2.7986
27.8709,26.8732,0.310523,13.3781,15.1426,34.6874,31.0058,10.5711,16.6624,25.3856,18.3611,23.0668,14.9935,0.00742343,10.9784,22.31,23.6417,20.28,6.99126,3.09298,2.25812,5.33241
14.6049,21.1622,22.7021,15.6874,9.58413,2.94245,17.1402,32.8875,6.85192,14.7994,9.81829,13.0786,5.63768,3.76362,13.7313,23.9763,20.583,33.9637,38.8218,19.815,4.33297,6.3648
7.99358,8.56445,5.56732,15.3343,39.8157,44.5884,18.3935,9.0592,0.787742,13.7857,7.29032,3.45978,1.44233,7.18833,6.86019,19.338,2.53389,17.7718,12.6007,0.561321,0.733794,0.152832
26.8332,39.787,40.3008,9.82915,14.5271,17.4217,1.45796,20.6654,13.8533,4.12812,2.22151,10.5733,7.92068,4.82885,3.76933,10.8155,5.64607,20.3467,16.6686,9.06784,3.78961,3.6118
51.4689,43.7819,0.211618,27.8485,26.6441,29.4279,0.109352,25.9248,7.2226,10.0418,13.625,24.7735,18.743,6.71191,1.07419,0.102467,6.70516,1.69568,5.97103,2.68076,0.628734,0.958241
55.6635,76.7865,65.6521,28.1176,28.2549,28.4907,14.7516,1.3079,14.3965,15.3954,19.0153,31.8033,19.844,2.78728,3.20886,3.5093,6.5662,12.6048,14.2933,13.8379,9.33229,3.11087
71.1764,78.7725,39.6624,9.46848,2.70226,6.0997,10.6553,29.7072,29.8674,20.4673,22.8446,37.8948,23.6775,1.87796,5.83697,8.31674,6.30077,7.66623,0.11503,6.73,4.42609,4.57797
68.8577,76.4505,40.0147,8.67856,25.3268,36.0825,29.4569,17.0974,17.4443,22.0224,22.7087,31.2527,18.8337,1.27674,6.50871,14.8674,3.52111,0.502273,0.503758,2.51036,1.3259,1.50114
60.4559,78.3256,65.9711,25.9208,14.5439,7.67144,5.70867,15.5466,7.73569,8.78937,11.775,16.1534,9.40049,2.30954,7.95182,17.3768,2.98191,14.354,1.88072,3.53518,10.2364,2.94225
46.8228,40.9408,2.83486,24.6469,12.1785,36.6073,35.829,19.7862,0.0234141,4.89305,0.155525,0.624625,1.5355,0.142526,10.2349,17.3987,7.77726,29.7145,14.1524,7.35807,10.0898,0.153331
18.2791,33.3607,41.7245,20.3821,8.56228,18.6118,2.19447,2.85296,3.54035,2.34199,4.35407,14.6327,9.69677,2.36109,15.9876,23.4507,3.25586,13.0878,1.94091,2.88132,5.21178,0.520817
3.84699,0.664617,2.53505,1.53907,8.04327,23.4262,20.8908,8.42957,0.936008,3.479,12.8246,28.4966,17.1215,3.83412,17.8649,26.9636,14.9041,3.59971,9.03309,0.761851,7.23048,0.195051
24.0718,31.2758,30.3877,17.1998,8.70816,31.3363,13.847,0.581569,7.81628,7.67281,18.6617,37.363,20.0631,5.73957,18.5234,25.5655,9.90366,4.93791,7.24409,10.9754,10.7118,3.56283
40.0823,38.4484,2.88046,24.0332,14.7321,9.66228,0.485009,1.95161,12.8151,14.4719,17.5631,33.8527,21.6527,0.441719,10.0715,15.628,1.87517,15.499,8.36994,2.17147,0.0202511,2.3412
55.8065,77.1496,69.3306,23.0406,17.478,32.8898,22.6486,9.38914,2.11639,14.4233,16.6943,23.5843,16.0958,1.89239,3.93218,3.82318,8.3939,15.6532,5.41659,4.58472,2.94049,1.13463
68.6859,71.8593,32.6007,0.524863,7.10372,6.11329,15.8317,4.43731,0.298659,9.10125,9.77205,9.80653,6.44173,4.66728,9.8878,9.98585,0.627392,12.8954,14.4677,4.04238,2.09102,0.732917
68.5592,77.3006,38.8238,11.8447,20.9406,33.8889,31.7917,18.762,14.4341,8.29165,3.02638,8.67647,3.7711,1.83398,9.715,12.5679,9.2529,24.4464,9.5161,2.87818,0.301861,0.32262
59.0478,76.3365,53.5253,2.19609,8.08931,11.4255,16.5829,0.852204,9.90493,4.95276,3.83338,16.1626,11.305,2.50253,20.0006,25.198,1.15972,8.73771,7.75743,8.92838,4.17628,0.0590459
48.5535,44.2184,3.59205,14.0053,16.6199,33.3304,35.3987,18.6316,4.12151,5.16012,13.5835,22.3172,13.6858,2.03051,15.8883,30.8826,14.5105,1.38978,1.15715,8.25463,6.71145,3.02552
30.8091,43.6076,40.9191,7.13133,18.8968,27.0771,13.808,14.4365,25.8706,11.5871,7.55084,20.4139,15.2965,0.773734,16.0431,24.2393,12.9176,7.91871,2.46832,1.40029,3.51525,2.89678
8.734,3.01847,8.59739,3.948,2.14324,15.0352,25.5222,9.38187,8.14727,6.37945,8.69902,18.9511,11.8866,1.13214,6.78461,13.4285,13.9934,8.44322,2.67988,2.89046,0.663339,1.76224
11.1507,13.1214,5.15157,6.70386,15.7202,24.4654,8.20732,16.2989,12.8158,1.2324,4.15867,9.90616,6.07252,1.19438,2.83878,2.77647,7.1197,21.7665,19.7944,9.9575,6.2692,0.518097
30.2822,28.9749,2.67079,7.07295,12.6934,0.617099,12.8193,2.13684,7.15768,2.43447,2.14773,0.539991,1.28158,0.586877,10.4371,15.9135,0.852956,10.2387,5.67467,2.36902,5.66922,0.373097
43.3993,58.9284,42.5278,6.00132,2.43804,24.0528,11.757,7.14541,3.27292,1.512,1.2661,8.13239,6.01904,2.35852,9.4565,19.5373,7.73986,4.41789,8.57442,2.97777,0.0979713,1.34107
51.5498,53.9719,14.7913,26.1051,18.9822,0.252412,7.24458,6.28706,4.79703,4.2266,8.62149,15.217,9.33759,0.0579818,10.8599,16.9843,4.89621,2.68679,3.5343,4.82439,3.13774,0.467313
58.3182,66.976,38.7799,6.85603,7.07764,7.55862,6.59127,2.10357,3.51042,5.46038,8.00351,16.6233,11.8817,0.693016,8.42642,13.5385,8.18946,9.98706,12.217,6.90632,4.36269,2.89084
52.509,61.9719,35.3379,5.74986,3.27506,4.39767,6.82238,2.53543,4.28992,3.04668,7.52399,13.6229,8.19668,0.774745,7.2042,10.7617,9.58862,1.18403,8.67763,3.33966,2.07754,0.16053
43.4004,46.9977,20.2632,16.3835,17.1334,3.00385,0.284095,2.09234,1.9674,1.27417,4.0868,9.56336,6.75725,2.53059,1.48265,7.91318,13.8031,16.0548,11.2292,2.89727,1.37623,0.207355
22.5458,47.3099,48.1747,2.11047,7.29264,33.4079,7.33851,2.34393,2.02866,2.93618,0.312415,2.07636,0.88351,5.30439,0.189347,7.76066,10.5261,14.8717,3.42757,7.73589,3.19888,2.85926
15.1677,28.733,48.58,81.8941,85.1143,34.0378,7.55785,14.8196,29.1723,27.3875,13.7425,9.87674,4.70733,3.22491,2.01887,9.45565,3.69785,7.83211,15.7272,9.01314,6.63151,2.91288
2.74543,2.37147,28.6856,24.2406,19.6946,8.50399,4.49515,7.9319,0.717685,0.916302,0.88238,0.56123,2.88041,2.54253,0.0727043,3.71414,17.5347,29.4755,18.7523,0.218597,4.90858,6.35589
8.89351,26.9211,42.0807,22.7139,1.16343,4.12347,2.38811,13.0054,19.1785,8.67209,0.000970423,0.146104,1.15313,5.36274,5.36209,0.941948,2.96288,0.195474,11.5464,11.0745,1.01017,1.79268
42.4305,99.228,95.4775,12.3201,2.18066,2.69804,1.01561,3.76454,12.7755,9.30324,0.288864,1.31223,0.58781,2.57243,1.97425,5.46993,6.39947,3.57288,16.6525,10.2023,1.02905,4.76763
7.359,8.17152,3.02237,10.0526,16.9266,6.2594,5.62732,7.59009,0.128571,3.54228,0.311633,1.01882,1.94028,0.909065,7.27333,7.77101,14.929,45.9409,42.3751,7.66095,9.53568,7.51829
33.1995,31.0593,14.8689,3.66806,12.0135,10.1806,0.516817,6.05259,1.84801,5.98231,2.98786,1.8625,0.0856339,1.2228,3.329,6.5225,1.71355,3.49024,6.0295,2.50453,2.49864,3.92324
20.9494,9.29168,8.30291,9.40414,4.89678,3.84233,2.23141,9.73231,11.3217,6.97969,0.181613,4.1308,0.981059,4.00536,10.1664,13.7994,18.58,32.2317,20.3971,5.44123,7.72882,0.912879
51.2188,41.8131,11.6725,2.3317,14.7204,10.4585,1.15698,7.84381,4.79225,1.46289,2.07681,4.80566,0.610743,4.17601,13.0873,17.4351,12.9,15.7412,12.0367,4.43666,6.42245,3.8144
139.773,111.423,39.602,8.10022,15.5008,12.2599,3.40296,2.1836,4.92304,4.8104,0.989229,5.74307,3.3264,0.0601483,7.48,12.0543,6.6523,32.7675,33.4029,13.2962,3.06904,3.07922
157.279,123.266,41.6926,2.94613,2.16327,4.1908,0.795532,11.428,12.8796,4.56371,3.64462,7.54936,5.99232,4.80796,0.304394,7.01547,4.76828,6.4175,11.1403,5.3139,5.08715,0.240037
90.4785,74.4615,25.0696,2.15048,15.1429,11.0454,5.01585,2.46119,4.11162,4.19721,2.45352,4.62037,1.86722,4.2275,0.915729,1.27757,0.931867,0.685438,4.89122,6.02531,0.327184,1.17594
0.87174,14.1499,17.8136,3.82222,15.2072,8.10642,1.15772,3.63716,1.92841,6.23827,3.1111,5.08742,4.32931,3.38877,5.42674,3.69578,12.8597,16.1625,6.55808,2.36609,2.12016,3.78252
23.9998,12.2498,1.7649,1.32307,3.07833,5.59982,6.15882,7.15992,2.77709,11.3359,9.19811,5.76515,1.7653,2.03283,5.16741,0.22615,18.9476,17.4163,1.75603,1.00155,2.08978,0.0848845
5.2387,0.66394,2.87453,5.12107,11.6559,6.60123,3.19212,7.88349,8.44233,0.0356899,5.07806,4.67488,4.19554,3.24871,4.88974,4.88728,7.77399,18.9555,12.8399,3.11875,0.931738,1.14661
4.88971,5.15127,0.639654,8.90699,9.71236,1.82972,3.8765,12.4077,23.5641,20.005,7.58604,3.73351,1.73859,0.729266,1.71292,2.65444,2.15944,3.43856,3.32445,7.75763,4.98203,4.36676
5.17275,2.19586,3.67021,5.39364,5.79764,2.3862,5.51611,6.3079,7.00235,9.00558,5.60711,2.54585,1.71824,4.12902,0.670201,2.49802,8.12532,11.7723,7.15076,1.8133,0.139211,2.73831
4.61581,6.91798,9.39128,11.8798,14.1957,7.14916,1.44051,2.44733,0.0260415,2.79127,2.60905,3.51133,5.21113,2.40069,0.751209,3.0908,15.0288,16.0343,2.49811,4.27515,1.67247,1.32546
2.84323,0.093713,5.67092,9.02313,9.53136,7.30604,6.7866,8.31514,5.86031,1.45484,1.04687,0.284338,2.05505,2.29638,2.54572,0.0253327,7.50957,0.734772,11.2116,6.8078,0.603582,1.78196
1.01525,3.42744,6.47072,3.17106,3.33439,3.5677,1.67341,1.89708,0.402936,0.875965,1.33796,0.795559,2.02893,3.7575,4.90936,1.45857,0.0892064,3.83949,2.7405,0.020325,1.15445,3.63643
1.82405,0.37067,2.85801,2.85477,10.2795,8.45432,3.79724,3.03557,0.582742,5.71141,2.30289,2.20993,4.06289,2.97916,1.35344,1.51465,0.678945,6.8428,9.93496,0.237416,4.03464,4.59983
0.480852,0.00729468,0.595896,3.3623,5.93801,2.16833,2.51928,3.18307,17.716,17.8335,4.02014,0.764221,2.77706,0.397433,4.57875,6.04332,0.210633,4.6779,8.32015,9.62978,5.77088,2.52166
1.24271,0.363102,3.17479,4.61165,0.579333,3.78936,3.65923,2.23971,2.87607,3.31656,3.12035,0.134781,2.70326,5.10564,7.50454,8.74517,5.59484,7.72069,12.7928,9.52115,3.88337,0.749947
1.05493,2.05368,0.760628,3.9206,5.19353,2.2222,0.767386,0.122556,6.79517,11.2885,5.61419,0.592612,2.42907,5.76743,4.73217,5.53364,5.53452,3.24382,5.0347,2.25199,3.25965,1.78748
0.94589,0.0926766,2.64921,0.745482,3.27388,2.27893,0.036015,0.97376,4.75227,9.04848,2.56225,1.53813,3.93712,6.58724,2.77023,1.21619,5.78207,10.0961,5.79219,0.513389,0.839979,1.43194
0.810204,2.63276,5.14896,3.28881,0.376456,0.244547,1.1419,1.23541,3.02272,3.77676,0.460927,2.26681,3.761,5.15549,0.172402,6.03708,6.9623,1.86142,0.713548,4.17094,1.47162,2.48185
1.3064,0.576732,0.68824,1.00676,0.573593,1.29154,2.15013,0.239265,4.50987,5.41088,2.79932,1.76261,1.98224,3.4474,1.19812,9.85805,5.36741,10.0115,14.4835,4.64908,0.711908,0.460464
0.915382,1.8544,1.55369,0.00511416,0.887839,0.275454,1.71852,1.91797,8.48469,9.5281,2.12297,0.981198,1.1884,2.06591,7.37967,9.75485,5.08211,12.4631,0.066973,0.392846,6.17666,4.88689
0.635041,0.521969,0.788357,0.304158,0.405465,0.84276,4.1382,6.80737,6.87647,1.43286,6.65673,0.182375,5.15544,4.36178,5.42281,3.46343,21.5386,34.5752,17.0216,4.46755,0.916203,1.25703
1.12036,1.38166,1.8391,9.26859,10.685,6.90651,2.77237,1.27209,10.6458,10.928,2.69768,6.50156,2.60359,0.963175,4.00695,13.5238,2.4829,21.3681,10.4205,0.45753,0.0357028,2.63867
0.500797,1.11861,6.18848,8.35461,3.8777,15.1518,11.9108,10.0792,4.41244,3.46276,0.982834,2.54327,3.56802,2.68919,10.5046,18.6405,6.58831,1.81627,3.06617,3.17901,1.05531,5.46111
0.540263,2.62817,7.58892,12.8452,16.7808,9.47171,1.91593,2.68025,6.72855,7.95973,1.86353,5.50548,0.68387,7.16483,18.5578,23.88,11.7187,0.339549,1.63112,0.424171,1.78564,1.08749
0.449819,2.47299,6.27263,10.9566,19.3934,18.1183,8.87734,12.6479,16.0726,8.1201,4.80859,7.52776,3.79452,3.65497,14.4154,21.3295,9.15414,4.22528,3.80038,1.15728,1.80563,0.713197
1.56955,2.20988,3.2892,6.09988,4.57876,3.47107,5.8858,0.0559136,11.8236,14.4847,8.11028,8.84362,6.52401,2.72865,6.98925,12.8419,5.94906,12.9313,1.70809,1.17937,1.78203,0.186362
1.42477,1.08177,6.76215,15.0645,24.7394,21.0916,10.2457,14.8838,17.0365,5.56187,4.57863,10.5162,8.09272,3.03099,5.7204,10.5203,10.7441,20.0283,2.80907,1.40482,1.24505,5.18089
1.87697,5.82393,11.6221,13.6308,15.073,16.7411,12.2326,0.30485,6.04123,4.06398,1.27062,7.33227,6.43081,3.66519,0.855234,2.90705,0.0719223,14.0632,24.9423,15.2738,0.561084,0.155898
2.39112,0.106684,4.58769,0.0727805,12.6117,12.0356,3.6511,10.8763,18.9817,10.6636,3.69442,2.86997,0.673586,0.114376,2.78418,0.0248527,23.5113,44.2773,30.0235,7.27502,2.15033,3.83853
1.25554,0.964116,3.04492,5.516,17.9733,19.7886,11.2025,0.299327,0.737202,5.49059,3.79357,2.25217,2.26031,3.76001,2.01707,6.95872,16.9539,28.943,7.72617,0.409652,0.246831,2.13949
0.170816,1.28441,5.42018,8.69403,3.96919,0.119448,0.647589,9.32055,14.0658,7.56799,3.16018,4.65411,4.72178,3.58296,6.07954,12.4906,1.61397,5.52841,0.988685,0.93109,0.982964,6.36307
2.68387,5.45754,9.21684,4.13969,10.2069,18.5781,8.79027,4.90429,3.79787,0.627671,3.74627,7.94278,7.01029,5.66182,3.96146,15.422,16.3194,7.46701,2.93649,2.75741,1.38306,4.01938
5.33494,3.15944,3.50888,2.06419,4.11444,5.37534,2.61149,4.43722,0.67429,6.00668,7.77551,10.6474,7.21423,2.11989,7.38844,18.3098,27.007,31.9187,20.0062,7.79432,5.26887,0.433894
8.11177,12.8514,10.84,0.0692977,5.12353,14.7458,5.07803,8.28776,0.642337,10.9708,9.58854,11.9259,6.88628,3.18221,11.8768,17.6103,19.2374,10.1284,5.41212,4.77773,1.00398,3.40529
8.7015,10.5294,5.87545,1.5417,1.8527,10.5043,7.18146,0.115494,2.54994,3.60231,4.69926,9.17323,4.55867,3.27724,8.80237,10.1243,0.501245,1.82007,4.55438,1.22179,1.62238,0.589168
5.46808,6.63304,3.00073,4.28138,11.1494,12.4749,2.29306,14.1438,19.4993,3.15042,7.78244,3.56807,7.1032,5.61104,12.9975,7.63571,13.0085,15.5846,1.71189,4.88469,3.38601,3.25747
0.808912,3.8697,9.57712,5.38785,8.81519,19.6145,17.0954,8.8004,1.85724,2.09067,11.9959,0.736549,11.7638,13.6025,10.0591,0.751747,22.7783,24.6866,2.34593,5.37821,2.14801,5.26425
8.63477,13.7024,12.5034,4.37368,14.178,3.92304,9.33029,18.958,28.4869,23.181,11.1999,8.578,6.39607,1.20945,3.31167,1.5959,3.67248,11.5402,14.9,5.57837,2.7952,2.39058
17.2325,19.9669,8.79062,0.631228,15.6976,17.4665,8.16788,7.54622,10.805,15.4997,12.2858,7.10149,1.66926,6.13414,8.12587,4.40618,7.69267,11.5036,5.51087,2.58066,1.85997,1.88773
23.9162,28.9732,18.6161,4.20764,4.73957,2.63719,2.75131,7.23823,5.57903,16.6246,10.3645,10.8889,6.1702,7.90028,14.969,11.9716,5.43529,10.8601,1.18808,1.33384,2.29194,4.19706
21.4088,30.3364,23.6337,3.99848,20.6312,18.1172,11.8964,12.3299,0.796389,11.1175,9.1066,9.89513,1.77029,7.45409,10.8317,10.6898,2.29965,4.3375,6.21004,3.27716,0.165931,0.330373
17.5146,18.7576,7.21947,3.12105,13.8034,9.87325,2.75244,2.32191,9.96872,10.1602,0.433628,8.83407,6.00632,0.874969,6.22864,8.38058,7.48175,9.67668,10.2749,5.20411,0.00414175,1.63995
2.46706,7.16411,10.5768,7.49554,8.55525,9.12687,8.44904,11.6569,1.7701,9.61535,1.13538,5.20363,1.2451,1.7129,1.06613,1.38293,2.98326,4.43209,1.14531,0.0469916,0.159041,1.87538
15.2998,18.7036,14.2707,11.6502,19.7108,16.4058,2.98566,8.00998,0.0971551,10.6786,1.39765,6.52487,4.92847,3.69942,2.94407,5.46859,17.2901,18.5404,2.64277,3.40867,0.196581,0.192388
27.8263,32.174,16.9675,8.22113,10.5514,0.749615,3.66517,4.18909,16.6105,21.4747,7.65697,0.0651788,1.5019,0.401516,5.13551,8.24052,6.75393,3.60641,1.34973,0.152708,1.26504,0.530547
39.3709,45.5592,26.1582,0.5078,2.36647,4.60957,2.22886,4.79101,9.36281,8.0521,1.22688,2.2161,1.11973,0.806713,5.36825,5.50761,18.0866,30.7371,12.5509,1.24935,0.178152,2.29827
43.8755,55.2962,38.5444,9.14932,8.26025,2.15636,6.66529,13.2502,12.7913,2.36176,1.63026,1.37454,1.26264,0.953939,3.39976,5.02212,24.1248,42.329,14.4932,3.14203,0.00339112,0.726432
38.644,43.4101,21.4356,7.37423,10.6235,6.2119,10.6818,10.1073,12.492,12.0028,2.6313,1.98457,4.2965,4.21972,9.97816,1.87861,27.8168,53.1231,15.5695,9.63698,11.0381,4.91608
22.8597,38.0614,27.6782,5.5417,0.67944,2.80655,7.95331,33.7721,32.4296,3.12171,13.0153,6.21104,0.903874,1.44214,22.0176,39.9427,14.7893,13.1611,18.7582,15.6749,3.41624,12.8719
20.5096,18.0864,24.7217,31.5639,42.0658,50.3562,10.3545,35.3495,20.5235,20.31,26.818,14.9129,4.80649,1.92459,57.0017,68.6886,36.4368,15.3162,7.31903,9.98763,0.883769,11.8043
17.0466,18.6587,85.7331,109.532,49.1102,22.5029,20.4701,4.71198,15.9035,17.2563,5.59437,1.32553,2.25436,13.9587,15.0267,46.1664,4.7629,24.1273,12.6476,8.47095,2.26474,6.66757
1.21728,68.7143,140.126,68.195,10.5391,16.6284,13.2873,3.66573,7.35301,7.2503,0.444019,4.52446,8.41029,12.5187,5.33382,71.3879,47.1118,7.31354,3.11558,0.291089,4.94417,7.65743
35.1898,102.593,119.015,31.8051,8.29392,12.1176,5.06276,12.7884,9.80873,4.51434,0.0401416,1.8052,0.65561,6.00017,6.78373,10.1284,11.9759,36.8245,5.55874,11.5417,4.42992,2.45374
88.4597,118.795,79.0764,2.74514,12.2423,12.8039,17.3034,21.6102,12.3217,4.57096,5.61485,1.33506,0.82539,5.68497,11.8631,47.1374,7.82188,67.721,21.2397,10.045,0.312989,1.14877
81.104,77.0566,31.2815,4.56817,1.00601,3.87981,10.9892,10.846,16.4772,14.202,3.37596,0.684811,1.33702,2.28667,0.092429,57.2309,135.443,92.1432,12.9735,3.20812,0.666659,1.88397
60.4922,72.6374,46.6716,4.76863,3.30856,7.53011,12.9401,9.93633,1.08379,0.340251,5.19903,3.90815,4.85755,4.55217,6.84543,45.4974,137.136,107.936,23.2842,4.00578,0.21084,4.28485
136.629,113.078,34.3942,6.15292,8.00849,6.4606,18.1447,2.25207,19.669,21.5424,7.20223,1.23257,1.78213,5.51545,4.84721,19.114,1.29558,49.1948,31.7728,1.5124,0.014232,3.41282
154.818,131.658,58.8446,1.10043,11.7821,4.13748,0.422581,16.8877,12.8613,3.10621,0.33307,6.05834,6.39792,0.38432,18.3389,19.3077,37.5654,68.7549,15.5077,14.8096,2.33449,0.443283
103.643,83.8723,29.841,1.76176,0.384993,2.66992,1.27759,10.9453,9.03844,0.0249231,1.81094,3.25045,3.95007,7.45437,2.1184,15.7936,95.6539,108.822,28.5701,2.17729,4.51364,1.40301
12.6069,12.8692,4.01718,3.51246,14.2,0.6914,11.3327,8.51897,25.3451,16.0048,1.27476,7.52298,2.61828,1.51195,6.8057,0.864292,14.7852,11.9714,2.55804,1.00407,3.8692,3.88912
64.2325,39.8989,0.913259,3.27228,8.05453,3.24254,6.13994,8.78127,3.9415,0.174415,4.15517,10.9812,7.24832,5.30958,4.20542,1.22099,51.325,88.8341,35.0119,3.52405,3.20051,2.41413
54.3742,53.8274,33.5903,10.9152,11.3823,0.945256,14.9487,7.71447,30.7699,20.2607,7.07879,7.10279,4.27041,1.80557,10.3863,2.38414,94.9263,135.295,45.5997,5.31299,1.45085,1.88099
34.4624,36.2072,13.5696,11.8589,12.8759,0.856904,11.6744,7.26526,0.259524,0.503863,1.09204,0.44005,0.0204136,2.53708,4.46932,12.2286,52.3633,98.0875,34.4272,7.41848,2.76852,4.912
38.4236,44.8201,29.0045,3.93279,3.55582,0.379254,9.3244,6.40517,19.0675,6.86668,0.688897,0.797427,1.76299,2.14106,6.49084,6.78274,28.346,47.16,20.5372,4.80898,4.77965,6.48614
36.8456,47.4988,33.498,6.10414,6.40743,3.7157,14.354,2.81065,15.9814,16.4563,1.87223,9.22468,9.05654,9.53788,5.19359,25.2676,32.2338,22.4421,1.11924,8.31993,0.971785,0.987734
31.2078,32.1656,8.94892,5.55732,5.42658,5.39121,5.02,7.62439,8.49699,7.33472,1.79616,12.0033,9.71571,3.54521,15.8031,41.4841,73.9677,80.3881,29.1339,3.20766,1.29694,1.51355
27.3773,38.1323,38.2049,10.4937,12.0254,4.88385,3.97102,2.27257,7.06898,3.5971,2.96197,10.9556,7.83326,1.23148,18.5493,35.4449,67.2862,80.3306,30.375,0.686563,2.83238,0.0187506
15.2914,12.2693,4.863,13.7226,2.94531,5.31199,18.0298,12.3718,7.00795,10.0475,3.06856,11.3511,7.03065,2.61644,22.0208,44.2123,38.3903,17.5405,8.00252,2.49534,2.1332,2.29394
2.32003,2.13315,2.11886,8.01816,22.0426,13.3015,1.24966,8.4417,11.3992,5.27976,2.50952,2.78607,2.50306,0.78532,3.34693,1.66997,70.3231,97.02,29.9018,1.92947,0.948651,1.84743
19.9001,14.2068,4.63044,1.7074,16.2602,0.694528,20.9507,16.408,6.07266,1.03312,1.36862,0.269736,0.019173,2.23918,12.339,1.13519,65.5864,81.6999,26.7145,4.76563,4.47803,1.80202
31.552,44.8085,43.8125,22.2854,15.1574,10.0674,1.86182,8.54162,3.19398,1.9197,0.182933,2.6146,1.29842,2.51611,13.4743,31.7227,53.3117,46.0907,10.171,3.9313,0.0540286,1.33051
48.9499,45.6689,7.47687,32.4055,33.1642,5.05302,19.7455,17.3176,15.6215,12.4646,3.09594,3.84507,1.67751,1.26748,3.132,12.3651,56.7536,72.8177,19.6841,5.55095,2.55088,4.48107
52.7761,68.8484,53.1469,19.5826,14.3418,2.67324,0.936198,15.1961,10.8322,8.02552,3.13746,5.38999,3.10872,1.00061,0.434728,10.3759,39.1937,47.3243,21.3683,6.29817,2.8099,0.518727
54.8235,67.0146,41.9598,7.25995,12.7718,4.70687,3.38406,3.87625,16.6645,19.5997,4.49007,4.32791,3.3208,1.66487,8.68201,13.7932,20.6377,11.385,5.37815,2.52945,3.07431,0.747886
56.6139,57.3134,17.4681,26.747,22.7849,5.58197,10.4654,16.8728,11.1042,8.41164,5.42197,0.436879,0.0376269,3.01463,5.00846,20.8589,26.1657,24.2172,14.9759,3.53784,0.32441,0.239144
42.9142,60.326,58.6144,26.8726,6.47395,5.72098,16.7979,17.8205,1.55342,7.28692,4.66296,3.4578,0.431581,2.87209,9.27249,21.7601,14.941,12.2152,12.2161,5.10801,0.528225,1.07908
25.3629,20.2801,7.3731,13.4561,8.02531,7.54381,19.7441,7.92153,14.8418,1.87597,1.99904,11.2404,7.3655,2.8758,16.1098,24.2285,16.1427,10.6505,2.76344,1.37683,5.04275,2.76026
3.14404,9.63144,13.6278,2.69636,0.417058,11.1959,24.2263,17.0379,19.1337,32.4232,7.67325,12.2007,8.97997,6.41013,24.7577,29.9599,21.769,22.6839,12.933,0.44855,2.06573,0.983991
21.4433,17.658,2.01912,5.86845,14.1015,0.0842341,21.6494,16.1231,13.8811,2.28223,4.19928,11.8418,13.1797,4.75223,18.6831,37.9709,33.7783,11.7123,8.95798,6.85445,1.15533,0.42541
33.8558,54.6276,54.2549,14.8742,0.784148,10.5383,14.3226,25.6502,48.4163,34.5117,1.02547,5.23319,4.81864,5.74996,9.21742,15.3522,6.30015,8.87272,4.28253,3.77807,0.883879,1.22505
53.363,51.06,3.08921,37.2226,30.9824,10.2954,15.7058,8.26875,9.91315,24.6674,14.4313,7.002,9.822,8.77822,3.86638,17.5556,6.93009,7.36095,1.86488,9.70746,1.50625,8.13899
67.854,87.3874,61.8763,4.76872,3.53385,6.1191,1.55207,5.24444,10.5804,3.4157,9.17587,8.37464,5.22955,0.46353,6.84874,1.14711,25.2374,32.4225,10.6195,0.418899,4.95397,4.5116
77.2552,84.2854,36.2627,8.38752,18.619,20.2294,4.09346,16.1297,29.2752,13.5884,0.301779,5.32275,4.22903,4.3062,13.241,12.1372,5.20447,3.32941,5.9465,1.18608,1.86742,1.83545
68.7109,70.0841,18.5785,34.1661,24.7717,4.02258,1.33061,10.1162,27.3737,29.4994,3.45485,11.7577,6.47801,0.96827,8.2344,15.2759,10.7215,20.1187,3.90401,15.4095,10.2081,5.78845
49.0086,72.8772,69.5984,16.66,16.5166,23.3735,19.719,0.637209,1.19669,16.9338,5.28864,8.85501,3.55495,1.50615,24.3213,27.0382,17.9253,22.1802,6.26309,1.60393,8.39822,6.32546
40.3691,32.0593,7.84094,13.277,19.817,8.29322,14.0055,27.6584,28.2936,12.5888,0.935153,6.08142,2.56042,0.623654,32.0192,69.1802,46.4197,5.2942,22.8531,8.77583,3.54215,0.156474
9.53429,18.2944,15.6832,4.91696,2.18251,22.2008,30.9373,15.1144,8.65141,18.3939,4.97094,7.31526,3.36824,1.17442,21.8423,40.1364,24.1999,16.9677,9.17319,4.53046,4.08297,5.57359
6.51373,7.78226,2.42854,5.08591,18.417,7.91338,19.0759,25.2985,8.26982,28.5139,7.96084,4.05092,0.529282,0.901436,15.2956,20.6041,18.7652,23.257,11.9857,1.50001,4.99013,1.81803
31.8706,46.6884,48.8669,20.7999,3.94138,18.7635,33.7751,8.83819,19.8782,10.3506,1.95127,2.30166,1.36526,0.195579,7.50399,11.8251,8.57652,1.10919,4.24239,1.42499,0.24674,7.15635
52.8719,46.2924,4.93686,14.343,9.66101,13.5792,14.4367,40.7935,35.1077,12.5137,2.45423,4.1166,1.13945,0.729793,0.628448,1.97274,0.165716,12.7631,17.4628,6.08578,0.573371,0.561513
58.2309,77.4764,62.5082,13.8382,0.0168677,10.8398,12.95,9.34641,22.3025,12.1443,2.16323,2.06851,2.03167,2.99919,15.9418,26.044,8.46426,5.72264,1.76514,4.94801,0.600612,3.02345
62.1053,72.7737,43.742,7.14582,18.7638,20.177,0.144287,23.1591,38.2092,26.5839,2.40266,0.547665,2.59844,0.451723,23.9434,43.3885,13.3799,5.71855,5.46351,4.94856,0.925367,4.52993
63.4082,69.3645,36.5887,5.11028,13.216,6.37117,4.93704,15.4844,13.7145,13.2521,10.0868,5.68541,3.92636,0.652687,26.9515,49.4135,15.5303,15.902,11.7162,5.99769,3.09224,0.0361488
53.2875,72.0137,58.696,2.15946,24.8606,24.5645,17.5611,2.887,8.72787,1.64926,7.79916,8.3323,4.71612,1.78669,31.0771,44.9427,1.71169,24.6488,15.8055,5.02903,3.16852,7.49574
43.5259,35.4871,7.76725,12.618,29.5759,20.6066,9.09344,5.86964,29.1868,35.4633,12.9264,8.1731,6.09427,1.46347,33.8557,57.6062,23.0206,5.52231,2.72287,5.56101,7.42986,4.97383
19.0406,27.7455,24.4615,5.05632,0.693991,17.1441,32.8033,25.2027,0.744849,14.6595,9.68708,8.31961,7.27377,5.35699,13.9785,34.8875,23.602,9.66061,7.25052,8.03776,7.01555,0.257577
1.08388,0.144801,2.11073,18.0355,33.3414,18.5428,4.81923,7.00453,25.2723,16.0726,2.83722,7.52009,4.38725,1.54973,1.8376,6.82049,13.4528,15.1595,7.33338,0.455758,4.86076,3.49437
15.5534,25.6635,27.8578,1.38737,21.284,0.4837,30.8892,30.8588,23.7132,12.1759,4.86022,7.6559,4.83631,2.99909,10.3594,5.58736,12.8374,12.0725,2.07587,1.99506,3.83446,2.90913
39.5829,33.9776,2.64113,16.5078,11.2219,6.95339,6.12784,17.1349,11.2925,1.01211,1.10907,6.63648,3.86273,2.62664,11.2366,19.2576,17.8933,5.5481,3.77498,0.0367549,0.421019,1.47789
44.3473,62.7461,56.9284,34.6835,36.422,7.00689,23.5698,18.1471,18.8449,17.6054,0.536428,6.27145,2.32366,0.622664,5.87711,11.9764,14.9341,9.7214,0.356337,0.713958,1.76452,0.69642
53.9035,59.0861,30.5547,9.34728,17.711,11.8596,13.2107,21.5929,6.33072,4.06527,0.718309,1.99154,1.04352,0.701913,1.22355,0.031802,2.4368,1.19008,1.15564,1.93151,2.25546,0.504754
55.4819,62.9773,39.592,0.566614,10.273,4.08847,19.6736,3.50536,10.4161,5.11558,1.70144,2.56516,0.558325,2.67881,4.9626,12.4284,15.6006,16.3754,5.4505,2.82263,1.44087,2.52717
46.9947,57.6485,41.7448,19.3191,27.9882,21.7044,18.3152,31.2871,16.5543,7.12902,8.11755,7.95528,5.88013,1.58368,11.5794,35.4752,47.5275,44.1271,14.8376,3.18533,0.2157,8.84711
41.2706,38.928,7.8957,16.6179,11.8628,15.7795,11.9965,1.00602,3.91553,6.94137,4.0639,3.37351,1.10294,1.47289,19.5558,66.6159,93.5945,69.4996,22.1895,0.409386,0.656345,3.89106
26.0337,34.2667,31.2722,7.34819,13.0861,18.5237,14.4658,10.8742,6.7757,4.23669,3.61136,3.23396,1.71999,0.392071,16.8718,41.8732,30.5315,2.81755,6.44719,2.70069,1.24168,3.11974
61.2793,57.0643,80.3578,88.5873,3.94626,44.7461,17.1199,3.63092,8.51808,16.0573,3.63322,1.61485,10.1122,13.7337,13.2678,13.0257,51.4881,42.3513,11.9722,3.27736,3.03753,0.378368
22.5158,8.28568,70.8153,174.418,112.485,2.79525,5.42069,5.00903,33.0612,35.6409,8.47391,10.2541,6.38911,9.10886,7.35267,9.18295,6.15846,19.7997,33.0118,16.7461,3.69883,9.82675
24.0494,33.2373,47.8433,43.2479,17.0243,4.92127,8.13061,24.0989,40.5472,21.7691,0.95184,0.0315178,2.4105,5.82236,0.57547,2.81809,5.51836,11.0117,6.4593,2.53115,0.484559,0.791481
5.18463,13.337,14.7038,3.7681,1.39886,1.11874,7.33281,18.997,10.6362,10.8379,4.19337,5.30355,3.55615,2.47425,0.152787,2.79841,9.33957,13.9893,8.66627,1.25653,0.117136,3.03965
93.2421,127.331,95.1883,14.3688,5.36305,1.41248,4.07815,1.90332,3.53522,8.49817,2.15008,9.38601,7.0036,4.89358,5.48005,4.43929,11.9412,22.3643,11.4649,4.14645,1.6434,3.6021
105.832,123.481,69.638,2.82416,8.86519,9.49904,0.619362,0.0880507,4.61754,6.36414,0.112321,10.174,8.01108,4.89458,9.93073,9.55276,1.7276,8.5437,6.75759,4.91414,1.5035,0.901686
144.003,136.574,65.0905,3.2139,9.32207,7.13593,1.40137,4.77807,12.5868,11.6603,0.561119,10.0081,2.89886,4.99892,3.73726,17.5265,18.69,7.13186,3.31719,3.14841,0.444273,3.84769
156.877,135.439,54.7363,0.59291,9.04801,5.1426,3.31253,1.88115,4.99613,1.97745,0.0800242,9.70311,5.60429,6.26749,4.27523,0.38092,3.83348,13.1878,10.439,0.879231,0.870167,3.63702
135.234,108.415,40.5344,4.48605,6.33278,2.9556,0.84985,0.926085,3.74864,3.61133,3.14098,2.54628,2.41843,4.60858,2.01199,4.15145,3.88518,16.5963,9.40352,1.32193,3.06487,5.51916
38.423,37.4108,17.7438,8.4124,17.4646,10.0955,2.58875,6.73262,4.77276,1.92184,0.147547,3.36719,2.17203,4.17882,9.16082,7.26529,3.27776,7.61578,1.05625,0.789823,2.66689,9.29958
50.3939,30.8813,10.5331,3.31861,7.54544,5.88934,2.3534,5.87533,0.522965,9.29031,1.98908,8.11198,7.54474,4.0199,7.59088,8.98108,0.154032,2.82844,2.16712,3.70681,1.90159,2.86633
58.0757,36.5711,3.22521,8.10024,9.98806,9.16117,5.32846,6.70145,16.5395,18.5309,0.624059,10.8242,6.3899,2.67564,8.07516,13.2339,5.31335,2.39275,0.913669,1.19835,3.06048,8.25169
12.7654,14.3513,10.0644,11.2139,20.6924,15.0263,0.0740985,8.9517,10.8616,9.57753,2.49399,15.789,10.6683,0.260695,1.41552,11.0346,14.5234,9.62278,4.10028,2.71169,3.62074,6.1173
0.475924,2.15383,1.18633,4.00164,0.927563,5.66852,3.36207,3.27958,8.51718,12.1898,1.48119,11.9574,2.8735,8.05156,2.54014,1.59092,5.09707,1.43452,5.36517,2.57059,0.446552,3.91644
1.51923,3.04663,4.7659,7.68363,15.6498,13.4786,1.14517,6.33527,5.33964,11.4546,1.88685,12.0594,3.55716,6.93437,0.872005,6.34037,2.19533,0.000938594,3.87454,4.14362,0.423191,0.8964
0.558244,2.29938,9.24389,15.3249,12.9078,0.412992,4.69585,7.09699,11.2075,3.78199,1.01639,1.8775,3.42226,6.05595,3.50763,13.6201,11.6877,4.78544,1.87817,1.54799,2.04731,1.33682
0.148896,2.22756,7.81678,8.87937,2.17293,9.53774,1.68752,6.1534,2.5428,11.5091,2.50085,4.48302,2.45154,0.260484,2.95718,3.39926,0.305044,0.246693,0.202081,0.353438,0.81048,1.06766
0.773381,0.964456,1.76959,0.695203,6.82853,2.69767,0.739816,8.78974,6.73212,23.2979,6.86117,8.23828,5.68157,2.57501,3.96105,2.20008,10.6661,11.8894,1.75488,1.41493,2.87886,1.03852
0.16705,1.42316,4.27238,4.51571,2.43849,6.83346,0.281028,4.82386,14.2623,21.6081,4.76122,10.8893,8.3951,5.11413,6.69758,8.79605,6.39772,24.7565,15.2388,0.250468,3.5397,2.94948
0.0204442,2.73307,8.87725,8.38111,3.3419,3.75432,2.51358,17.2058,19.0017,9.91181,1.88287,12.2648,6.5065,0.145287,2.80524,4.88458,1.53264,6.40541,3.9043,2.44798,2.28175,2.44621
0.484404,3.15512,10.5916,11.9634,7.94918,6.1799,7.24926,8.02752,1.67278,3.41323,7.21615,12.8164,7.4631,1.70732,3.53884,4.53623,7.8131,11.2514,5.73321,0.636502,2.59822,1.74845
1.00422,2.52316,5.68545,4.96485,9.9448,7.45976,2.89804,10.6567,9.69935,2.02948,4.53459,10.9847,6.53648,3.60466,8.0535,6.05198,4.04979,0.432198,3.63775,0.45335,0.220076,3.92027
0.173242,1.27006,1.07146,2.4465,0.708165,0.736379,8.96852,16.78,14.9124,5.79769,6.04881,9.71399,1.39121,5.49653,2.35464,10.5266,5.93859,1.64388,0.24324,2.4354,0.147484,2.11493
0.347876,1.23704,3.76338,10.1211,12.8526,3.39228,1.31299,4.08815,4.32664,0.826873,3.15813,5.62626,1.59564,11.6377,7.20944,0.931393,8.38499,13.0135,3.83809,0.825612,1.15975,2.62084
0.349293,2.91075,4.31885,5.30374,10.9509,9.4134,3.79342,12.2565,8.43494,13.2026,7.33693,9.00562,0.781532,7.16098,8.77212,9.5336,5.23774,4.85903,4.94336,2.98761,2.02806,1.85064
0.0332077,3.98249,8.89209,3.34871,0.589834,4.64795,13.8125,30.1318,43.0705,30.092,5.54257,23.7161,12.2282,1.17942,5.51493,11.705,1.00543,9.31002,4.44671,0.180962,0.268322,1.45865
1.34869,2.4546,6.97513,1.79671,9.10838,4.60161,13.0558,13.5968,3.00318,6.85748,5.69361,5.09754,2.4198,11.7049,13.788,6.70398,2.82455,2.75294,1.82622,0.598118,1.77229,0.63058
0.971341,1.00162,4.74241,3.42849,5.55987,6.95811,7.50907,4.04704,21.25,21.86,5.59198,2.20247,1.2721,4.35244,6.61385,6.62887,8.71674,6.91006,1.79804,0.372799,1.18728,1.65897
0.303123,1.5752,0.0184881,2.41386,6.00809,13.3584,14.812,0.0524997,27.1136,22.5274,1.53863,3.91342,1.09001,0.860095,0.286187,0.220118,6.96939,6.49546,5.64958,7.97338,6.24233,6.4562
0.913797,0.797301,0.0572349,2.36578,3.98633,4.3162,23.8183,30.8772,20.15,7.322,5.15951,9.62909,6.57136,4.31227,6.96968,6.79688,3.31562,11.0614,4.79767,0.0704692,0.346132,1.3872
0.49459,1.35659,4.33769,2.103,6.36432,12.0462,0.440233,20.1567,25.1929,9.14698,2.03533,9.36433,7.85377,5.23016,7.47234,10.8333,16.3386,14.3169,3.37181,0.458338,0.892618,6.93925
0.647764,0.506606,1.5737,1.6075,1.99017,1.37948,19.7074,23.2398,29.9658,31.0218,5.60273,10.0928,7.32102,2.8396,2.03525,2.10812,10.6998,15.6168,4.22404,3.8678,3.89024,5.79278
0.099601,1.39473,3.3859,4.30418,10.68,15.1906,5.20846,23.1091,13.8606,7.30694,1.32836,5.68076,3.16381,5.90277,10.8421,7.22663,2.56634,0.623469,3.74789,2.21555,0.340907,6.00963
0.58529,3.11615,7.22685,2.57703,5.3311,6.58894,9.26321,5.58897,15.3349,17.2812,5.93071,0.118097,0.387504,1.93264,1.13174,0.959466,14.0656,14.319,1.77697,0.0210601,2.60598,6.08806
0.130443,3.10168,6.29793,3.00696,13.8589,9.11196,13.865,23.5172,1.54594,13.1066,5.19767,5.78379,5.67057,3.46602,2.45747,7.87552,0.43314,7.52648,3.14978,0.351173,0.124639,4.50636
0.538852,2.21869,5.99717,0.733105,17.3744,12.1349,12.7592,3.57901,29.8624,27.0985,1.95715,8.50125,5.7309,2.61156,0.956438,1.55428,4.71103,6.0538,2.81937,0.504476,0.31862,1.2673
0.267385,0.414672,0.591297,0.367537,0.757294,3.29102,5.44901,21.2698,16.4363,0.738779,3.27854,12.6901,9.57478,4.78458,5.1761,5.6564,3.19931,13.7795,9.69535,2.4923,0.963863,4.16461
0.473634,1.51914,3.55892,6.71509,22.5036,15.0605,4.41404,2.33803,12.6667,1.34713,1.34809,12.0946,8.85924,1.95194,6.35569,8.16238,7.99214,12.2825,0.318572,0.951069,2.57547,2.76292
0.159264,2.89549,7.17316,2.82694,14.9207,2.21897,9.5337,5.94732,27.266,24.7216,2.89683,8.93353,3.65191,4.29534,3.48182,12.9934,0.729832,12.0276,4.91522,1.06603,0.680629,1.12
0.693176,2.44389,7.09681,6.05439,9.78656,16.0128,11.3011,10.7408,19.2569,18.9038,6.21352,2.61623,0.224942,1.95919,11.2416,20.0734,10.6148,0.454056,4.7659,2.76476,1.20275,2.31267
0.00643396,1.89399,4.56866,9.2425,16.9097,11.6621,1.48139,0.656647,1.70979,3.70175,4.42425,2.83032,2.87255,1.93375,8.63848,19.1006,15.6247,13.6453,10.2678,3.63714,1.70244,4.53232
0.429133,0.927705,0.601212,4.10282,0.983826,10.0593,11.7459,12.4294,9.18234,0.586431,3.9893,7.32667,4.16488,0.499787,5.86811,13.8807,12.8477,5.0276,3.08819,2.12033,0.429313,0.426058
0.862647,2.30921,5.24357,2.61301,8.34875,12.3766,0.840805,8.32595,5.19093,4.04524,2.38106,11.5894,8.24009,1.01486,6.28477,4.77152,3.97723,10.6141,10.2138,2.13553,0.775375,5.94869
0.767541,3.16019,9.86095,9.5829,2.95975,2.83905,1.8521,0.694952,5.472,9.57263,0.0661317,7.9451,3.08386,2.33912,0.966319,0.582202,3.40332,7.05857,3.39085,0.184117,0.148837,1.65689
0.569061,2.12614,7.39553,2.8231,12.9425,14.5114,0.90203,5.92603,2.41909,5.46441,6.47727,2.53002,1.42793,0.522309,3.33665,0.264974,7.6397,6.0372,2.16836,2.97099,0.0640439,2.91157
0.82956,0.464787,2.74772,0.998139,8.58639,6.09785,1.99572,0.327377,7.05949,2.95709,3.90104,1.37062,3.09089,8.91023,10.0873,8.27648,5.22663,3.55178,8.65038,1.92008,1.5798,2.45148
0.511429,1.47608,3.05784,1.74631,11.5041,10.5478,1.59473,4.14921,7.94139,6.32341,2.58954,1.78695,2.19872,6.27025,7.23964,8.31125,9.36634,10.3247,8.71573,3.92326,0.262635,1.79539
0.668202,2.51213,8.68571,1.52095,15.6612,14.5638,5.51264,0.59511,7.05018,5.36408,1.36161,2.67992,0.52482,2.89646,5.7419,4.44543,1.73364,3.95491,2.83082,0.812229,2.90117,3.61275
0.631826,3.15429,8.93363,5.47802,0.0779102,1.56007,3.06341,3.51338,1.428,8.59181,5.84464,0.989073,0.962988,1.14982,4.17512,8.09096,3.87602,0.549567,1.59166,1.34699,1.52367,1.51004
0.234948,3.08134,6.74203,8.44793,14.6593,12.8185,3.92369,5.8353,14.1101,12.0948,1.9302,0.621791,0.481532,0.975526,1.54474,6.23647,1.34701,2.89832,0.317539,0.839992,1.72261,0.438664
0.101148,1.19515,2.10443,4.93621,12.0294,9.58884,1.03918,2.00266,0.3825,1.83541,2.19317,0.917518,0.0763603,0.956143,1.71266,6.02779,6.60251,4.89457,3.24548,2.19024,1.04534,1.25813
0.0747894,1.31645,3.10938,3.3167,5.06787,2.85623,4.0729,2.01857,5.96684,6.06859,1.44875,0.417797,0.439853,2.52524,2.07781,0.579517,2.70746,4.87772,2.43464,1.63947,0.963307,0.261454
0.419055,2.64014,6.37371,8.29805,12.9207,6.38172,7.7005,6.00504,1.1946,2.4493,1.49696,0.708829,1.1939,1.41405,0.382011,0.584994,3.77882,6.55409,2.79284,0.25703,0.334143,1.23825
0.73124,3.05617,7.97743,9.29183,11.0107,8.10755,5.34451,5.94034,3.03381,1.57843,0.834122,0.0235486,0.640789,0.356921,3.52618,6.24716,5.11725,2.34427,2.47721,2.82358,1.32393,1.28332
0.367232,2.62896,6.2401,5.44592,3.60727,7.33502,8.56403,0.416923,0.298045,0.370107,2.50427,1.49644,0.403986,2.06847,1.43956,8.34439,6.61677,7.24621,17.365,6.94657,10.3574,6.87046
0.497079,1.28874,3.45784,1.63279,3.97483,1.25054,11.9141,13.2821,8.79198,9.08155,0.506173,2.75852,10.3692,13.5119,7.60641,5.18332,11.2287,34.2844,28.4332,7.70005,22.6741,7.70475
33.076,32.449,20.122,65.7203,2.95433,49.5082,15.6746,1.63285,13.4099,14.6152,0.664999,4.95347,2.754,10.2339,3.62975,3.82412,11.4438,19.8768,6.8117,5.49029,3.10792,0.620612
32.9867,51.7335,18.5839,163.185,128.046,9.56404,1.48175,24.5441,31.2839,23.5747,7.89657,17.1107,32.8259,11.9821,9.6528,0.595709,12.1039,6.03195,17.0647,15.6894,2.09554,4.36178
26.9326,30.7798,149.197,127.109,10.5826,15.6738,11.4929,10.0675,6.87409,3.92903,2.24017,18.0561,33.6839,19.0395,0.524317,0.325366,1.71729,4.25101,0.473014,2.40429,1.05841,1.94038
17.5105,97.4834,135.039,35.8627,15.1349,17.995,20.4196,1.87547,21.5515,14.1125,6.151,7.43824,1.26134,3.90131,0.76274,1.08518,4.06899,2.75272,19.051,20.7755,4.22311,1.75932
35.6211,33.7355,29.594,12.7942,7.93187,11.8526,11.4653,0.894369,19.8681,16.8843,0.695215,2.4657,6.09238,4.17897,2.98543,6.56301,10.7914,24.882,16.2044,6.23659,0.36388,1.64891
79.7146,104.505,79.0009,22.4989,12.4945,2.26585,1.41701,5.42014,2.16257,6.20502,0.214104,8.42791,26.0665,17.8994,2.72043,6.7995,12.4707,29.4349,26.6807,14.1782,2.012,0.896948
122.162,118.278,62.9999,11.5699,10.9319,9.48328,2.60382,8.08367,20.3936,19.0868,3.92198,18.5855,38.1374,23.7965,8.83901,9.31928,4.32461,0.753368,24.7599,17.9448,1.32412,1.46556
117.262,102.86,49.961,5.82174,4.25711,1.63188,6.57511,3.15058,13.202,12.0773,5.19925,3.74442,27.3671,25.2913,2.17016,7.84925,12.311,3.67819,17.176,12.7341,4.02335,6.30744
61.1274,40.9565,3.34037,4.257,20.5907,0.0161313,14.1385,1.19523,8.9519,7.03422,6.40306,22.0429,26.7648,8.70452,3.11246,9.09877,21.6854,29.1897,14.2881,0.603709,0.0634951,1.28627
49.5061,35.3693,1.04272,3.7219,14.8602,2.60569,11.5954,3.75367,22.7927,17.3523,1.27244,0.621971,16.3303,13.5007,3.38574,11.8869,25.0741,27.6808,8.36143,1.86109,1.03544,5.16727
158.435,127.545,47.4693,3.0827,9.42384,14.8623,8.08098,2.3009,6.62389,3.71619,3.23537,5.18832,14.8555,8.40187,6.9559,11.2093,6.89523,0.553087,6.48422,4.69276,1.68158,4.65958
193.405,150,44.6975,10.6797,1.31346,12.8694,15.2143,6.34058,17.3894,9.40998,0.787281,6.65783,8.50148,0.277459,6.87527,1.54744,24.2151,29.3428,6.79758,0.651256,1.50007,3.47644
144.08,124.404,57.7757,16.4618,20.0142,11.3252,2.43528,4.05178,14.502,12.8957,0.383229,4.6715,7.12361,3.63191,0.237264,2.68558,24.1992,33.5139,12.2157,1.7515,1.86812,1.18421
44.7982,43.3509,19.8594,7.02456,21.8748,30.696,18.0778,2.14168,7.86564,3.36101,2.12289,5.64108,8.43754,5.23215,4.26928,5.82413,8.02537,5.03724,6.80509,8.783,2.64148,3.27433
39.6478,17.2187,10.4206,14.1206,17.6566,17.7131,6.73336,1.38877,2.17258,3.33135,7.51423,13.0785,12.3043,4.93542,5.82075,4.76572,16.9053,19.0543,4.12579,5.46165,1.82238,0.158803
88.9892,58.3821,7.85514,5.05791,6.43746,1.55369,9.53809,2.15402,1.64536,3.12135,3.30176,8.09636,30.5064,20.7862,3.37513,5.00739,17.0854,32.3809,26.6272,15.082,2.96217,2.66683
64.5889,41.3341,10.3926,1.84778,0.99903,9.77397,14.9578,17.0483,24.935,15.9644,5.73233,13.9067,45.8665,31.7044,4.90293,0.0390855,17.2511,22.3229,4.18377,4.32346,1.20729,4.51833
15.5977,22.5525,16.8312,2.13015,4.38493,2.79254,1.83122,14.6431,18.4388,7.40571,3.91749,2.44816,23.2061,19.626,2.75327,10.9702,13.9287,18.416,26.994,23.6848,4.39893,3.40624
68.2795,47.9092,3.67058,18.219,18.0489,6.78317,9.68367,16.9445,16.0299,7.10554,9.99757,5.76818,20.9009,21.9569,1.94806,12.5389,24.9662,29.6111,16.1224,7.80163,0.285463,2.68787
58.0944,63.7202,43.2299,15.3375,15.9368,4.5567,5.86511,3.72951,7.08345,3.8668,1.89005,14.862,37.5358,30.1988,7.97164,5.85177,18.8548,24.6459,2.20872,10.3036,2.72087,1.47076
41.2799,35.27,8.1666,11.0639,18.0648,15.8366,6.8894,14.4307,6.95815,4.86636,3.80841,12.419,22.7126,15.8501,4.32398,4.95326,18.9994,17.9423,15.1375,25.5884,6.18318,0.590849
36.7032,48.3142,46.8058,29.9585,25.3163,17.1557,0.654085,11.3677,8.42216,1.32864,10.0719,6.95085,27.6236,30.4084,2.7127,5.49448,2.38005,2.58458,2.39537,0.978815,1.35702,4.20656
26.49,20.3592,2.89344,16.357,12.8824,2.049,15.7135,21.2553,12.9143,3.14223,5.73366,17.0402,19.8999,8.23685,3.40107,4.09391,17.1845,13.4336,30.2021,31.5691,5.67586,1.28478
25.8356,36.0292,37.113,19.5858,0.336305,29.0756,35.2611,6.95589,7.29609,2.45604,1.43966,8.42225,14.0392,6.13964,2.89361,2.22218,19.7585,39.4078,35.188,16.8179,1.4949,1.24246
14.1327,8.56001,10.2191,7.45468,14.9792,26.8837,26.968,9.68496,2.2045,3.01161,1.266,12.1073,24.8033,13.2798,3.00224,1.29982,11.0305,13.5672,3.82716,0.644094,1.38978,3.19195
9.102,15.5348,16.5047,8.53534,25.8921,8.81861,1.08556,14.7933,20.0477,8.7463,1.11407,13.0189,31.5032,21.2538,0.35122,2.36932,4.77235,8.51083,9.1232,5.78194,1.21704,4.13751
2.04249,2.7982,2.59918,11.098,17.8146,8.43732,17.7195,2.10634,2.04734,4.60941,4.98716,27.8627,53.6606,35.4473,12.1622,9.49571,10.3149,16.508,9.57637,15.5179,0.692212,3.84795
11.0509,13.373,9.23473,3.17002,5.58203,2.42252,9.576,26.8567,36.742,20.8568,8.44856,13.6414,15.3043,23.7564,2.01904,11.5829,9.16532,21.1661,3.44989,6.98922,0.658469,4.59983
21.6146,16.6032,1.48947,1.80405,14.4851,2.56007,6.35336,8.58301,18.2397,12.6123,7.90639,5.10292,31.8266,42.4669,4.30453,7.27342,15.2685,25.9885,16.4109,7.43115,3.89249,7.06556
29.2556,39.2879,34.9732,7.35047,36.0223,19.8327,8.25194,3.07802,24.1728,12.4291,3.99893,0.168638,5.08151,4.45089,4.93661,5.74161,6.70653,15.6004,5.65988,0.857422,4.58359,0.586762
37.7183,29.7407,0.392661,6.79716,43.5036,38.0252,15.2196,11.7945,36.6214,26.265,1.28115,4.58953,25.6432,42.8544,21.7704,7.4631,9.50236,10.8666,14.1219,12.057,4.265,2.14309
46.6412,61.0913,53.7683,6.76101,26.0865,20.9755,2.83649,4.23735,9.09979,1.13945,2.59401,4.0039,44.5357,68.4642,28.1977,6.98047,25.7472,29.6635,5.55165,2.20236,5.25776,4.48812
56.3036,47.3636,2.61463,18.2172,0.557994,6.98691,17.8108,6.33511,14.5793,14.9083,5.23482,5.16051,44.9961,66.1668,28.0871,10.0615,26.2025,27,1.77443,10.1897,0.149901,4.23047
65.6697,80.3936,62.1904,21.168,17.3517,17.4635,10.8968,8.01881,1.03352,9.65596,12.06,16.3916,18.248,10.8034,0.607151,0.895133,0.233355,6.099,9.90043,6.13236,3.21636,1.41724
64.6842,57.5307,8.25921,36.0539,35.7893,10.7472,16.8461,14.0015,2.26975,0.549344,4.61209,19.6736,72.1528,63.4855,17.5677,10.8401,21.7048,20.6034,6.99719,0.46686,0.325688,2.04775
74.7776,88.0401,60.3496,24.5833,34.0271,5.3541,33.4211,25.0039,0.668883,7.62422,1.10157,8.89129,36.6216,23.4279,10.2269,19.3217,24.0521,22.3743,6.73524,2.34572,3.65312,7.20791
70.6519,70.1278,30.7724,12.6694,23.3137,8.68946,10.9422,8.42332,24.1236,15.0436,8.57376,11.6824,16.2237,12.3026,13.1695,16.6839,10.4447,3.97406,6.81162,8.63021,2.69738,0.202235
76.8976,82.6923,46.4407,2.59872,11.0822,21.826,16.9869,12.755,10.8125,3.82802,2.8169,0.115206,10.101,8.12435,6.28526,10.2551,5.34394,17.1954,7.18994,2.19647,5.31955,6.02219
78.263,82.459,47.351,7.86207,4.27442,9.76531,13.8164,12.3185,27.4948,14.4415,11.1445,35.5202,54.3335,28.8211,6.56324,11.2017,19.7289,33.3072,1.99369,10.4568,1.13826,2.35174
71.9294,71.3524,30.6021,10.4864,16.293,16.1683,5.21635,9.8909,22.4289,16.8432,3.07568,3.74979,53.1354,53.8519,23.174,16.5553,17.3579,32.9399,10.1551,1.18583,1.73984,0.749684
64.8377,80.0677,57.307,15.4419,25.2113,32.7966,6.81535,17.6717,9.83807,0.521404,1.13173,13.8531,11.4705,4.7653,15.8197,22.0485,10.7515,2.6447,12.9033,13.8713,4.50899,3.95633
59.8574,52.0583,11.1015,21.4717,26.5505,14.3041,9.00966,9.70947,2.90175,1.04289,4.56835,7.601,18.7898,24.2737,2.64053,14.3355,28.7755,32.9136,12.2817,3.97762,4.62555,0.584469
51.7608,66.8958,55.0302,26.328,25.2623,4.80915,0.267424,22.3573,10.0044,6.00194,0.474227,7.89515,28.9199,37.686,20.8178,0.797496,31.7084,42.5286,24.0643,12.0864,1.56433,1.02792
46.1579,35.7358,3.28295,20.3863,5.61422,2.90526,9.98781,4.13238,10.4649,7.47635,1.08553,6.5248,2.47905,6.86829,18.2394,23.4124,4.32516,11.5321,7.90521,4.02338,2.09471,0.00502142
40.0101,54.1508,46.5048,0.997186,17.9513,5.01852,7.69503,18.6811,20.3127,10.7536,16.0824,19.2829,18.893,23.507,7.54581,14.2919,14.8708,9.51803,4.60372,1.38857,2.24867,4.59798
29.2178,18.9919,15.3607,14.5174,16.5184,4.78555,10.9569,15.8696,19.9612,5.73491,1.10691,13.958,20.4666,22.0724,10.6389,6.93775,16.1085,14.1956,2.95462,0.854793,0.619318,0.404489
16.712,29.6786,29.0525,13.123,47.4565,39.4079,12.2008,13.1888,23.0705,12.7251,6.81181,18.2355,9.38483,3.20737,0.379937,8.53757,7.817,6.32085,7.68247,4.70916,1.72243,5.89709
13.091,4.65771,17.3543,3.59174,37.9212,40.8597,29.633,25.0043,4.77801,11.0525,18.3359,19.9806,6.0762,0.418218,7.48343,10.5479,6.71375,10.1459,0.370299,4.46639,0.714596,2.6623
6.51901,6.63253,0.426617,24.2482,34.6865,9.82596,0.659571,9.30648,8.76824,2.18822,2.21697,10.8241,37.0206,36.2021,4.53061,6.77849,2.67032,6.14234,4.63114,1.68107,0.944369,1.0229
7.36603,7.49329,7.04453,0.22171,7.17024,7.48593,24.467,11.8316,18.3582,21.7779,5.68037,0.231991,19.1844,27.3927,12.9423,4.85533,3.44965,8.16488,4.36067,1.44844,0.865206,4.48562
12.0632,16.2478,16.6515,7.29435,0.199381,4.24914,12.4425,9.16471,42.9616,30.7746,7.72966,1.33269,3.04609,1.575,11.1613,14.8879,0.00971453,5.0405,0.357889,1.11136,1.63755,3.92184
22.3157,20.4747,11.9795,19.0179,18.3525,0.828117,8.62235,12.3954,0.374914,0.460638,1.33116,10.7933,25.9241,23.8976,3.62768,18.6908,12.0718,3.86981,1.9866,2.92468,1.1725,2.48618
29.8137,37.2733,35.37,10.2513,13.692,20.0674,18.7101,33.0954,51.1298,34.4684,12.2976,15.5902,26.2346,24.5045,0.898557,16.6012,15.3014,9.53101,3.89502,0.580938,3.05414,1.17668
30.4912,27.144,3.31949,7.42469,15.3131,24.5249,1.60713,6.62157,29.1681,26.7119,1.09601,8.48501,7.55162,5.16344,5.33326,14.3263,4.70622,3.49267,3.37338,3.66734,1.24868,2.25549
33.4362,43.0219,34.0472,3.40339,11.8969,0.907783,22.239,15.3891,3.72808,5.66068,0.507167,0.48346,11.8675,16.8029,14.8961,14.7807,5.18863,17.2563,9.80264,5.54333,3.00383,2.14411
42.6391,37.1659,4.96478,5.7507,9.20704,7.13623,9.36225,2.33461,23.8585,24.9393,4.96416,1.62765,9.83667,14.7397,15.1676,15.0188,0.844723,7.62862,2.56731,2.92997,1.57581,0.942265
69.7692,49.2038,14.1102,7.29921,23.9104,48.8969,22.2336,2.19717,18.1315,22.8332,9.00585,0.3439,1.72525,1.90676,8.12442,10.7534,4.08646,1.08346,0.0750523,0.0904997,0.590656,3.39885
53.6027,66.2718,53.66,65.8756,79.9669,28.8365,6.57861,15.311,17.402,7.9085,0.153008,4.01979,9.97309,10.1421,9.34575,14.2454,17.859,8.72599,8.01424,9.90351,1.17671,4.10518
29.5104,33.662,54.299,33.1085,4.73793,8.21606,18.2395,9.16136,12.2803,16.9787,1.70284,6.67538,3.74924,4.57049,4.77885,7.86201,14.6917,15.6166,4.5518,4.52966,1.30988,2.07251
35.3083,52.286,59.6961,29.6809,3.02745,9.93228,6.63035,3.01229,10.3266,11.2113,3.3281,5.51482,14.5344,19.1777,11.1159,1.24938,1.60305,2.45212,2.52308,2.86464,1.33041,2.02257
53.8063,108.935,96.7351,7.23862,7.86998,4.94694,12.0196,8.94652,0.530301,0.819249,0.525261,4.32292,16.7785,21.7834,8.69073,0.533437,4.98401,7.71522,7.56856,9.16014,6.28375,1.81809
21.0372,20.638,10.7943,13.3624,18.6322,10.0832,16.6917,12.7169,11.7031,14.6242,0.660762,3.3672,2.97193,2.88104,0.571919,0.972123,3.49331,6.12259,3.47248,3.02909,0.226169,2.07643
28.7647,27.7787,15.2219,4.57636,10.7093,12.2688,7.97416,4.03668,20.1658,14.0291,4.97008,6.87056,1.13206,6.77289,1.26127,1.06472,0.700845,1.18346,1.07584,0.0121834,3.56296,1.61703
15.7276,7.21952,7.55367,13.0503,10.7409,5.70167,2.51888,10.6425,9.48774,2.85934,1.56688,9.06804,9.49534,0.0378733,3.26191,0.854255,5.57084,5.68668,1.75271,1.56527,2.3887,0.682675
52.654,42.0934,13.5417,0.235828,0.586042,1.36835,0.348347,10.4284,19.5403,11.1907,2.18575,4.04504,6.06112,10.662,6.93839,5.70174,0.544537,5.8552,0.514245,2.98187,0.641131,2.55157
139.63,113.873,43.2724,2.1724,0.543668,2.00398,3.64059,15.6827,27.9368,17.5042,4.7729,6.16896,4.63114,0.455273,6.00441,9.21634,0.949912,4.47939,0.289285,0.777131,1.28076,0.806451
164.339,125.232,38.5465,0.791463,4.93567,2.77666,7.99932,11.6965,4.00098,2.08855,1.18901,0.351026,4.15065,5.10643,4.28379,10.7572,2.11753,5.08369,5.1535,2.96362,1.20838,1.13992
96.3384,80.8131,34.2501,0.808519,5.26305,9.4933,14.5878,18.4625,17.7422,12.0091,5.51636,6.77981,6.583,4.30559,12.1271,18.1552,7.67092,0.339811,1.76943,1.16674,0.689311,1.54761
5.37306,8.99508,10.3216,0.20129,3.76659,6.60332,7.00477,0.266036,0.49918,5.46232,2.42274,7.01884,1.51625,2.49571,4.63424,11.2232,8.31947,4.488,1.08352,0.868031,0.170828,0.995876
23.0364,10.0495,5.20247,5.29234,3.89027,8.14484,0.187896,4.1402,2.96093,4.20809,0.836191,7.17158,4.07982,2.69086,0.0967424,4.77283,6.70549,5.57641,0.0416958,1.59985,3.37453,0.834549
2.3155,1.17653,3.72885,2.21708,6.25446,4.90744,6.05241,3.67525,1.22293,5.51177,6.35897,10.6409,8.79778,2.69768,1.66082,3.00504,2.66514,0.310372,4.13701,6.0147,2.97207,3.43584
6.45161,4.77503,0.87433,7.64617,7.43426,3.21926,3.8756,0.284254,4.58723,0.930586,5.69384,10.5485,9.29965,6.40177,5.72146,2.59529,3.0135,2.83072,2.9256,4.40297,3.17297,2.68651
7.55891,9.06434,7.33805,6.09816,1.82299,1.57661,9.57339,7.43499,0.396199,4.08632,0.171114,5.61848,3.09682,0.559906,0.373636,1.94225,4.03418,5.58012,1.60894,1.73535,0.280338,1.95562
8.69796,5.0983,4.87055,4.73805,6.01668,9.3921,6.99836,0.667195,6.50435,3.02041,1.0158,0.211239,6.05171,7.77154,7.22068,7.91852,2.72672,1.75462,0.773018,2.99103,4.38825,0.98757
5.47466,9.21739,12.1843,2.34296,15.9495,10.9338,13.4649,13.022,5.46601,3.47926,0.875476,3.88569,4.51724,2.26746,6.18511,10.7002,3.82758,0.422513,2.42976,1.53177,1.49658,3.0568
5.34653,2.00841,3.18525,10.3938,23.8647,9.2923,3.267,18.2217,25.5865,14.9225,4.7042,2.78491,6.84927,9.98419,2.51449,6.1094,1.58737,3.98571,0.58095,0.377871,0.716803,0.164551
2.8907,6.62301,6.51304,8.85099,20.8469,7.9203,13.7508,11.8964,0.491992,1.96087,6.68136,8.47046,0.51489,5.39001,0.859545,6.10198,6.96462,3.35138,0.920907,0.773772,4.83727,1.71106
4.24036,0.973032,5.79807,4.17888,5.90549,1.16387,20.497,28.2215,16.573,5.29539,2.14497,7.65001,5.01242,0.358289,1.00103,3.02734,3.59389,6.02084,5.65931,2.74282,1.99641,4.68446
1.94601,4.71668,8.25304,11.6798,14.7238,19.4835,16.8578,3.09245,2.04747,4.58135,4.56754,8.04488,3.59602,0.873452,0.457119,3.16552,7.70573,6.57903,1.81289,0.946101,2.73084,0.757338
1.43328,0.352739,1.29782,10.4493,19.9607,19.9516,12.9715,0.460116,1.92962,6.6809,2.88124,8.30695,4.4384,0.170947,4.16654,7.35621,7.90252,7.1585,2.19459,2.90875,2.91139,2.73509
1.82318,3.65225,5.54054,12.247,17.1692,10.1087,13.7408,19.129,6.1937,3.4818,0.447172,5.33749,5.60553,3.44002,4.35356,6.7473,0.56132,1.27894,3.39937,3.93051,0.116117,0.299951
2.59394,0.959923,0.134446,2.59185,9.42289,7.7484,3.21362,0.975827,5.35969,5.6423,3.92733,6.26317,6.50501,5.90771,2.02898,2.28087,2.36869,4.65362,1.23477,1.84142,1.4688,2.56059
1.53078,1.80214,1.46476,1.60281,8.03582,8.51194,4.53314,7.63429,1.28753,3.34764,2.51822,3.01611,1.57455,1.96357,0.402089,0.0922845,4.16731,6.50888,0.898326,2.27858,1.94198,6.30096
2.10174,2.63146,1.96949,5.75318,13.5583,3.47468,11.9359,4.0553,10.385,6.36308,2.71396,5.82848,3.79163,0.449129,2.55299,2.85465,1.81542,1.02997,1.20113,1.43481,1.29502,1.79904
1.01829,0.440148,1.97558,11.5355,15.0605,2.00317,19.9874,11.3,2.23829,2.98939,1.30768,4.1379,0.632604,3.64832,3.64189,5.99755,10.3025,9.60017,2.2744,2.67556,3.50095,1.28674
0.932875,2.35881,4.42255,3.625,0.788482,3.11695,3.28416,9.00944,15.9776,11.2129,1.10031,4.95535,2.54753,7.22451,4.65984,5.70871,9.83953,8.92902,1.94933,0.607883,0.136144,0.329003
1.18636,0.775292,4.12043,5.21704,9.99735,13.0322,8.0349,8.31266,9.38165,3.52887,3.2689,7.41706,4.54511,0.923796,5.7105,6.67617,0.815834,0.549227,1.66469,0.592945,1.70122,3.74168
1.75128,5.05701,7.69121,2.24583,2.31528,7.62735,6.0343,11.9542,17.1064,6.02055,2.80166,11.4183,11.7417,4.66024,5.39994,8.94025,2.8709,9.90791,5.86346,2.5283,0.387986,2.66218
2.66672,0.581038,4.87826,0.737549,4.88397,4.80925,6.53073,4.50263,7.34944,8.73769,6.84877,14.7896,4.69222,3.00881,4.87908,6.3764,2.37924,5.4483,0.354784,0.748486,0.19523,2.92065
0.660144,3.53953,7.37388,4.20105,6.10187,13.8303,11.5176,5.07009,0.53773,0.156882,0.110602,6.38004,1.22004,5.64836,6.1287,9.06508,8.03051,5.68255,2.98548,0.149113,0.943163,3.32872
1.27576,0.545427,3.3446,3.02696,4.51219,6.0584,0.539426,7.22807,26.0451,20.7932,4.44673,4.16835,3.65773,0.8634,5.82014,13.3188,16.9188,15.8589,6.88165,2.78478,3.16914,6.84367
0.782011,1.40186,3.24822,0.477421,6.94061,1.44538,2.40654,24.094,48.3555,29.4544,1.80025,1.55158,1.24699,3.39134,3.76106,11.4735,12.9716,11.5034,3.5512,1.52541,0.173465,3.00796
1.64826,1.60067,1.05821,5.807,12.4461,5.68586,1.50745,4.72342,5.02594,8.60702,3.51198,5.23646,3.04293,0.674051,7.28579,13.378,12.7447,9.06466,4.0272,2.27787,3.89762,3.20982
1.34451,1.53643,2.71391,8.81953,13.2851,11.1139,5.47058,30.4435,69.5795,45.0866,0.128618,12.845,8.09971,3.18882,5.52215,7.40266,3.60848,2.47981,3.82789,2.99984,1.23202,7.28046
1.94168,0.224983,5.3864,9.05966,4.9014,4.37045,3.81341,26.3066,47.8575,21.0326,3.74134,11.2249,8.17967,2.05599,2.70602,0.78584,4.87719,4.08495,1.74863,2.94479,2.85904,2.10399
4.17077,7.14582,8.2507,0.37743,10.2896,11.5748,9.20781,0.0704882,19.0333,18.4295,5.61454,6.37187,4.1905,0.135211,1.13955,1.41205,2.24726,4.20327,0.164181,2.71858,3.86127,0.546672
7.90809,5.2164,3.01144,4.06013,21.3472,24.68,16.5047,20.1886,49.8925,26.5883,2.34408,6.77691,4.64688,4.94991,4.47868,1.0449,3.75201,6.02668,4.80853,2.65413,0.344961,7.14318
9.15618,14.4691,13.3699,8.65648,23.2198,12.8824,6.75756,3.4826,7.35246,7.63844,3.45579,3.89097,7.8559,8.07662,2.28004,6.44009,0.518094,4.02287,1.59224,0.973705,0.229322,3.38048
11.2224,9.74014,0.521198,4.70679,14.5542,0.433573,1.8671,20.3596,27.1854,14.4338,0.106241,5.93086,2.87363,5.9419,4.81148,8.08854,2.16998,6.51567,1.83375,0.0499658,0.676774,5.41514
11.437,16.9598,15.7925,4.75944,3.76392,9.23852,15.585,9.82688,19.2534,30.3479,20.7556,22.3408,24.5449,21.9282,16.7465,12.1297,9.79529,6.70848,2.58806,0.297926,1.51874,3.87143
9.26952,9.37289,2.86159,8.27962,10.8468,3.31306,0.00532041,11.6511,23.4815,5.52738,13.2013,16.5077,18.8238,18.5734,11.6383,6.21924,7.97302,7.15883,0.749584,2.9135,1.04945,3.76329
2.1048,6.7177,8.53194,13.0763,16.6597,3.65734,2.87693,5.57393,7.07629,1.10471,4.60056,13.7797,7.0019,4.22503,7.362,7.05878,7.69904,8.69555,7.28006,5.14524,3.93976,7.8511
4.66434,3.65739,2.56794,12.2253,24.4044,17.0431,5.6799,12.9603,18.579,3.69744,0.53654,9.19324,5.81793,1.79382,4.70237,4.19939,2.76305,1.87168,0.173832,0.00454278,1.34177,1.7975
11.2106,12.0515,8.54767,0.803394,11.5563,10.3494,2.06032,11.5124,21.9037,12.8237,1.17821,6.86052,4.0595,0.715526,4.42783,4.875,5.47968,6.82051,4.19284,1.81271,0.382568,4.69576
22.7035,23.5362,11.1199,1.28608,0.61105,3.13225,10.8566,12.5329,2.11457,8.02127,8.38605,9.63734,6.10188,3.924,8.55212,8.79,12.7268,12.9518,5.43042,2.3553,3.33023,1.34025
29.3597,34.4386,23.5294,7.2664,5.85131,8.0264,8.87312,8.37957,13.2426,9.83627,5.6031,3.96017,7.46449,13.1299,7.50846,2.24941,3.95508,6.71627,1.5281,1.34735,0.215301,5.44293
39.2033,40.7684,20.6605,1.32146,2.22122,2.43038,1.15395,1.44305,17.5286,17.718,0.407974,8.31213,3.79017,3.79036,0.02174,4.11145,0.231808,3.54482,2.7096,0.293538,0.0132972,4.29122
42.1274,50.5348,32.452,0.590076,3.74318,5.64784,3.4767,10.2511,18.1846,9.3307,0.848837,0.901936,6.62488,8.264,0.0695202,5.4232,1.69666,2.15843,2.18929,0.921309,0.0282233,0.459395
43.8158,45.6081,22.6967,0.610153,3.68208,6.918,1.45432,6.24843,12.9891,11.1622,3.47852,2.31432,0.917155,2.074,3.93409,8.78447,2.32919,2.82214,1.2972,0.579363,0.624675,3.6155
43.4243,51.9492,35.6802,9.99905,10.4766,8.75022,3.03404,10.2359,24.4155,16.4355,1.62602,0.58912,2.32331,4.50389,1.58384,6.75912,0.0683851,3.25221,0.360351,1.35776,0.0887334,4.07271
40.3673,39.7787,14.5778,12.4207,13.7565,4.26598,1.11655,0.139744,4.9288,4.55351,1.09767,0.314861,1.8871,2.37736,3.58255,9.13533,6.0421,1.53397,0.271689,0.182054,0.84575,0.728738
35.9715,45.4975,34.4551,12.5321,12.6982,3.35376,8.4841,2.19012,7.91475,6.44734,1.75535,1.95485,1.56631,1.1757,5.08275,7.2193,4.76133,3.60036,1.53287,0.41841,0.373357,2.57155
34.3009,22.2282,8.5625,7.87696,10.6855,1.17084,4.96049,2.17246,9.66557,7.35729,0.591346,2.15525,3.31551,2.5383,2.19111,5.08501,6.2497,5.40743,3.55057,0.382047,0.766242,6.73516
16.6443,7.46231,29.6226,28.2525,45.3294,55.4196,3.99573,20.9386,21.6762,15.3273,9.90495,4.87233,2.73588,4.17807,3.50177,0.978321,0.844349,2.60363,4.01608,4.00903,3.29295,1.2144
1.57188,34.6105,99.434,134.323,87.2672,4.41853,12.4885,2.90249,4.51525,1.7516,0.578763,3.72344,6.90234,2.14321,1.90164,1.56094,1.30988,1.07992,3.36061,0.0926385,0.328794,5.16233
9.46402,80.0791,147.423,70.7031,0.277393,8.10593,14.3558,5.5081,2.60193,0.824728,0.50192,0.469353,3.35636,4.09514,2.52003,2.54524,3.55004,3.13566,1.43166,1.04213,2.72622,2.99113
40.6231,103.014,115.01,28.7144,0.52429,2.14341,2.09011,3.44611,4.98328,0.860154,0.155217,4.25159,5.22191,2.20465,0.989504,2.00553,3.49891,3.40304,1.4895,0.204819,1.21212,1.14378
69.4324,97.6799,61.895,5.34809,2.29015,5.57948,11.8317,4.64739,0.503853,1.96389,2.30163,7.45017,1.9132,3.6599,0.00528741,2.92588,1.92713,0.602639,0.146226,0.0712693,1.56519,4.30124
43.4606,52.9694,33.6457,5.7199,14.8411,2.46798,12.3727,2.9232,1.23598,3.22789,6.12364,7.42864,1.11025,3.33025,1.31137,3.22348,0.878999,2.62234,0.719295,0.237465,0.987004,1.70658
55.8834,42.7706,1.31365,8.27725,16.6193,12.4625,1.96787,1.28417,8.34005,7.54574,1.69165,1.17179,2.12527,2.2886,2.96395,3.13698,1.12503,4.12658,1.89682,0.257734,2.20037,1.90342
107.582,87.2081,33.439,2.9505,12.4441,19.9164,13.4026,2.45666,13.5592,10.8257,4.82782,4.11443,0.590041,4.02246,1.63609,0.446537,1.53085,3.05481,0.717493,0.60395,0.123083,2.96569
144.58,101.683,20.8345,9.49828,0.858842,9.44272,7.57222,0.786854,1.34082,2.16553,0.151304,0.0102421,1.62898,2.36554,1.17884,2.93898,1.90327,1.87063,1.15943,0.126116,0.824502,0.0406004
96.3751,73.6011,30.7261,12.2328,14.3054,13.0252,8.73137,5.67473,21.8345,15.8578,6.7121,6.16086,1.01643,1.86491,3.59631,5.27843,3.55189,1.54008,1.28999,2.08515,0.480472,0.952006
16.5493,19.8518,18.7811,14.1707,22.4355,29.1895,18.4993,0.192032,12.6072,10.5048,0.512886,6.31521,3.46494,1.34761,2.84847,1.93825,0.974944,3.44672,2.38895,1.5014,0.572588,3.22606
101.609,74.8819,20.5489,9.93192,21.5968,21.3831,7.98349,11.3059,18.9154,12.631,5.0605,1.01305,4.49215,1.8155,2.79612,6.21162,12.1291,14.1311,8.85007,6.62465,3.45285,1.96666
84.5796,77.6038,35.1401,6.69514,15.1862,0.693343,15.8016,4.58075,17.3877,18.2831,4.12674,2.18414,3.42324,1.96646,7.7975,14.7679,19.9451,20.0399,11.9813,5.7968,1.49072,3.01078
52.4526,57.031,33.2766,1.28527,5.308,8.5995,17.6637,13.0675,4.61011,1.75428,0.953693,3.9845,5.87904,0.590231,12.5254,18.8877,11.9082,7.87209,4.96296,2.5339,1.27161,7.2677
46.4846,46.2435,20.3684,2.89807,2.66671,3.25271,4.74047,8.0362,10.4635,21.075,13.6479,12.7688,10.386,3.48666,7.16719,13.9391,0.658874,11.4482,6.37957,2.20386,0.884742,3.3369
40.8154,53.5361,39.6812,11.5782,14.7526,4.80783,9.62924,1.17536,18.0745,15.9275,4.73335,18.8901,12.205,1.46009,4.69471,4.77475,18.2981,29.6388,12.4464,1.88072,3.03807,3.93762
44.1159,37.5153,7.53888,17.1585,23.8149,12.7101,1.07247,13.6755,14.3076,1.12654,5.66941,20.6018,13.38,1.31746,3.61344,5.66775,14.9688,29.0887,16.5151,6.50794,1.68989,6.24395
40.9838,55.1954,48.7746,28.7888,31.6729,26.3935,17.6034,2.42692,31.4261,23.1396,6.94578,15.313,11.7692,2.45327,1.70208,5.88327,4.64967,12.2426,2.6332,1.51366,0.908336,0.6824
38.7692,29.6722,3.49189,28.5637,31.8553,31.5702,17.9163,17.9979,42.8776,23.9761,5.9513,10.5174,0.631634,1.52807,1.32592,5.82261,7.00741,5.27937,2.29017,1.04841,0.471893,0.399594
33.7171,48.1776,48.4771,27.6171,15.3345,1.77541,2.48587,10.8698,21.9186,12.7027,0.336576,1.50005,7.84789,9.94177,1.93619,3.59781,16.9402,23.339,6.7472,1.89278,0.781142,1.20982
25.6591,16.1273,10.1997,12.9436,8.7174,23.8321,22.6378,14.0636,47.6134,31.4059,2.80135,15.0251,6.15745,4.59427,7.582,5.37625,13.0059,21.5388,2.82334,6.10533,3.8374,7.42611
13.2889,25.7247,29.1616,2.29687,29.0293,26.1162,18.6712,13.7563,2.10738,9.55906,9.10193,15.3505,11.4857,2.48851,6.86464,10.4532,3.86724,10.4678,0.547835,4.51208,5.26018,5.49077
9.92048,3.6486,8.31506,9.5155,30.5586,4.95435,12.2399,9.3143,29.2492,18.4455,3.84009,12.7828,15.5307,5.59037,3.86362,9.08847,9.65085,7.3357,0.191595,3.41891,0.388677,0.684191
0.651738,3.25152,6.74149,5.7107,13.7925,10.6999,28.3367,12.6754,17.4649,22.5565,1.30527,12.9287,5.52732,1.16172,1.47848,4.34418,17.942,21.2376,0.684692,10.3548,0.834264,5.88529
10.569,8.63301,3.71644,5.91138,7.26652,0.966836,3.51351,5.82866,1.05497,4.80555,9.12777,11.579,2.9633,1.96109,0.769783,4.50401,17.2661,20.2113,0.304118,9.39687,0.127567,5.55198
19.6671,24.5979,20.5165,8.49955,21.0104,8.75934,25.8941,11.517,13.3334,19.5319,0.61157,7.28199,3.5233,0.374063,2.68279,8.08587,8.36253,5.32692,0.806256,3.54257,0.625048,0.100653
31.9902,25.9201,1.8959,8.7063,32.6432,10.0855,10.877,4.18636,25.932,21.4679,14.1513,17.9946,5.61924,2.92153,6.097,7.66889,7.30786,11.0468,2.58476,4.93303,0.396471,3.89595
40.1129,52.3954,45.881,5.03545,25.689,28.0162,16.2064,12.9673,7.81097,1.3205,2.7004,13.9816,11.0011,1.85551,4.76401,2.9155,17.2593,26.3679,7.55229,3.55914,3.32963,4.41891
51.5539,40.4757,3.07273,15.7934,18.984,28.6889,16.1972,4.68795,30.4346,29.338,3.51618,13.3376,14.3449,5.2435,2.01463,7.26887,24.9803,30.2261,10.3505,0.604369,0.219754,4.79266
57.8436,76.6489,69.2386,18.1257,15.9364,10.0765,10.5731,24.4188,30.0597,13.2946,3.44626,10.6273,7.38612,2.34779,8.69354,11.8596,14.0518,14.8112,10.9926,8.49597,9.93304,5.66343
69.7733,58.4421,13.0336,3.95772,0.787621,22.6748,19.5436,5.09008,22.9695,19.2543,6.32284,1.36312,4.97566,3.72353,5.45624,4.59088,13.2003,21.2225,10.3076,4.07269,1.44273,2.72813
71.3443,91.097,81.6831,43.0238,25.7279,6.50102,8.37078,28.0689,46.1169,28.4046,14.4002,19.8598,9.87574,2.84458,1.81867,0.843914,19.2521,31.0577,15.0593,6.78166,2.39136,7.20976
81.4366,73.6957,35.0075,6.10546,10.5674,6.16758,13.1649,0.395552,0.718063,6.84978,7.50263,21.1452,10.9292,2.22264,0.80038,3.25976,15.6696,25.5044,9.44121,0.535778,3.92989,3.52012
79.2775,92.8043,70.2169,32.6983,29.445,11.3349,2.93097,17.684,35.9186,23.822,2.90008,13.6682,11.7258,0.324138,5.9846,12.3766,0.887651,5.22779,3.16382,6.49494,2.53169,1.95258
80.2205,82.3203,47.1852,4.8034,13.696,29.5509,18.5087,3.49863,20.1031,24.9486,10.6799,14.8428,11.2645,0.696874,8.23277,21.1768,27.0868,23.6907,14.5786,8.59095,0.745476,0.818272
84.9612,86.6778,49.6512,16.5874,19.561,22.2166,18.898,1.74635,5.21955,0.86884,9.57814,14.6021,6.19922,4.82358,17.6118,27.0273,37.0209,38.2205,17.8505,6.47538,6.74126,6.74257
73.9169,86.132,61.9309,16.7821,10.1286,15.351,2.31499,11.3061,14.4002,26.9486,10.0312,5.29315,4.54424,0.62458,9.47943,19.0636,23.5422,20.0907,1.60018,6.19746,1.26692,0.339148
70.4642,64.7688,27.0306,1.99342,19.3662,39.8319,24.7977,13.1699,27.322,21.5369,8.78547,20.2546,10.535,3.32441,4.31404,10.8688,4.69955,16.668,13.9897,11.2494,4.5321,4.6735
70.1375,86.6104,71.7471,40.4469,39.887,18.7666,3.20126,15.9105,12.0617,5.3805,0.162667,16.5156,11.3233,0.500997,9.16269,10.9693,24.2061,40.9712,14.369,4.83969,3.41412,1.02875
60.3172,50.5143,6.12967,29.8661,29.7713,0.723863,15.1317,9.09672,28.9618,23.6578,7.7184,17.5824,10.9673,3.96805,11.4446,10.9389,18.9296,33.4118,10.0112,1.37855,0.545353,0.172209
52.2097,66.8113,56.2042,30.3229,26.1903,8.21893,8.00523,24.4615,36.5076,16.4848,13.6758,23.9149,10.572,1.42212,3.90469,1.35691,3.99718,4.84275,3.50685,1.15885,3.78283,3.49803
41.7885,31.4488,6.01583,22.2437,11.3855,18.8766,21.3414,19.6848,23.0262,10.626,10.2854,19.4717,13.3743,6.50978,14.5633,15.0703,14.8728,28.3602,5.77199,4.20691,2.43535,9.07599
34.3866,46.385,45.1684,5.86807,19.6846,0.763394,14.9181,26.9731,47.2072,28.1767,2.35903,2.30703,1.82322,0.273147,16.706,19.8889,23.4651,39.2804,7.52985,8.78654,8.80504,6.68941
23.8261,16.4612,2.79937,9.73288,40.0161,33.6876,25.0019,23.8959,5.2396,5.44291,2.83423,6.88111,8.54371,3.1512,13.5105,20.6291,1.7395,16.1066,9.9277,4.72311,0.931581,1.53006
9.68005,16.8387,17.4852,13.9018,45.7641,45.3369,28.8143,17.56,17.0279,6.50715,3.53435,4.31256,6.3696,1.89468,2.84324,10.0907,17.1997,16.705,1.48613,8.44111,3.71579,5.64695
2.35677,5.55739,15.1702,0.996567,24.6529,16.363,6.35376,13.7456,9.27245,18.7407,7.20121,18.4517,5.99916,3.21469,0.0315445,3.3294,24.0536,27.7482,4.51852,2.44116,3.92945,0.553109
2.72623,8.01574,13.5922,18.2044,15.3843,10.2829,20.0465,6.85692,24.2259,15.3458,13.5321,18.0467,6.18872,2.6125,0.0458597,1.61381,12.7697,15.2869,4.78768,0.764603,0.717987,1.07692
19.671,17.2155,7.63999,9.86718,13.6801,10.5044,7.43697,7.67084,7.48116,0.798786,0.910225,8.98461,12.3551,5.29296,2.08641,2.27927,6.95013,6.40745,5.7041,6.59995,1.37621,3.5775
27.6109,33.8116,26.7613,3.01029,16.2467,5.04952,10.2666,21.1785,37.7745,25.0058,6.56244,5.349,7.0843,3.05877,2.5672,7.29916,18.1895,17.666,1.89544,3.25903,2.36297,5.33274
29.5562,26.4407,3.49481,3.43613,11.9897,2.73516,8.0466,6.47173,19.3878,9.11747,5.60023,7.6883,2.6582,3.18452,10.6883,14.5726,5.34207,3.86755,8.02181,5.81746,1.48827,0.727532
35.9816,46.3125,43.4657,21.4384,2.82542,22.1901,10.3599,11.661,6.83012,5.58191,4.20536,1.21322,1.35828,0.460184,8.59243,12.0572,2.3965,10.6166,5.44154,0.673612,0.735054,1.78581
42.9304,38.8137,10.3419,6.63114,6.15627,10.3833,7.21071,3.63337,2.55248,5.06261,4.54214,4.08751,2.57058,3.86954,2.23992,3.44096,3.58099,7.09432,1.8774,0.683382,0.12798,0.660965
50.0915,61.5592,48.9013,6.81613,7.01069,12.1677,15.874,4.0886,10.7024,12.1046,4.65185,0.00209026,1.03586,0.653139,0.683103,0.281038,1.08364,2.12275,3.0523,0.165259,1.90033,0.806197
56.4245,50.0851,16.5862,5.16566,16.8836,4.83443,4.90051,15.3631,23.7237,13.8175,4.14435,5.64218,6.52054,4.01761,2.43195,0.454225,5.9558,4.93539,3.57182,2.40342,1.72646,0.54077
54.2645,63.3648,41.816,5.49513,3.31808,13.9068,16.1571,4.27973,6.29158,6.92217,1.19805,4.2876,1.54907,0.218657,0.075363,0.688733,1.57157,5.83784,6.44211,2.88585,0.258292,0.487021
60.9415,58.667,23.5623,11.6185,12.9753,8.14314,4.35991,1.85963,12.4726,11.9304,3.05423,1.7179,1.74118,0.239799,0.566325,1.88693,0.431585,1.83666,1.74708,2.37194,0.108661,1.70344
48.9534,79.4285,127.813,113.422,16.2434,31.8541,7.95948,21.0251,37.4913,11.81,11.3963,10.907,8.9625,5.35941,1.71833,7.81361,6.05489,0.725179,3.47733,5.56934,1.24812,3.32842
13.9696,0.738407,71.8776,184.157,109.361,12.4469,18.926,11.7129,36.9821,21.6618,2.99513,0.0500578,4.01138,2.21508,0.164078,0.799807,5.40763,4.71434,2.36376,4.80347,1.81192,4.84177
32.0723,39.4533,47.2922,37.7717,9.48285,6.80201,3.26153,4.32055,9.01226,6.05428,0.689712,0.680969,3.48178,5.91765,8.91286,7.57773,4.89907,11.1862,14.9592,10.0787,4.59173,6.93361
7.43436,13.7813,15.0635,4.4776,6.30241,12.2208,4.4914,3.57917,10.8833,11.3621,7.31471,4.94387,0.236652,6.30127,6.99442,3.87807,2.0169,5.82895,0.338005,8.94824,6.07795,1.95746
85.5369,124.38,97.7645,17.1767,7.15554,3.54541,2.12189,3.92528,0.798096,7.83032,3.65706,5.24602,3.24097,0.611263,1.21446,2.41817,6.89956,10.3563,4.45791,0.320292,0.219046,1.02535
107.032,121.327,67.501,1.01792,2.35104,0.239124,1.10403,10.2425,17.1273,6.33116,5.9307,13.3444,14.2355,7.73621,6.17503,7.3542,4.91128,2.77964,1.18087,8.54106,11.6137,1.16964
127.895,123.288,58.2727,2.50721,0.0783363,3.38715,0.517992,1.33307,9.72078,7.70902,0.0244117,3.154,2.11164,1.88418,9.51026,14.3178,6.62511,0.838454,2.31561,10.5369,16.5652,7.65452
151.399,128.101,50.5356,0.940367,1.36792,1.39848,1.69695,0.145495,4.0313,1.79892,8.2184,10.7376,6.44608,3.16408,9.90413,15.9213,5.10922,3.0943,1.88103,10.4843,13.9,8.0211
131.258,109.299,46.6973,4.5415,1.30852,2.65753,6.13646,12.95,7.15269,1.9128,2.84907,2.18929,5.37574,4.84725,14.6081,17.0247,3.92081,12.0968,0.782747,0.0274029,14.4189,17.1322
39.3962,34.55,9.08431,4.29207,6.57242,5.99092,1.21625,3.86233,7.62246,8.12471,6.93924,1.20063,1.7876,1.10092,10.5789,15.6757,0.77797,9.41887,0.226016,9.62401,13.0055,5.81759
49.2865,26.6612,0.605633,3.70179,15.4916,11.902,6.53815,14.2854,17.1541,11.2689,9.18429,4.10083,1.89006,0.195806,2.26605,11.7009,13.9184,3.40566,6.85715,10.447,11.8601,3.9511
57.022,38.8562,7.21665,12.5412,17.1164,7.07346,2.9469,2.52356,2.11345,3.1555,0.318273,5.99555,7.99673,2.90452,3.37507,8.19847,14.7923,16.8933,12.6838,16.4875,17.5843,5.52097
15.8552,15.2011,6.60522,7.00064,13.3002,4.21773,1.22903,2.52845,6.54044,4.17588,0.510285,0.728024,0.257565,2.76203,4.28796,5.07527,6.29352,3.88982,0.460694,3.52434,4.52116,1.68128
1.30716,0.747982,0.829763,3.86781,7.50616,8.0339,8.30407,13.0484,14.2032,1.80332,7.52454,5.29612,3.12158,1.96751,0.731709,1.16581,5.29065,4.7541,4.36513,18.7874,18.5746,3.32542
1.37587,1.04143,2.59132,0.751767,0.949928,3.73357,2.74542,0.390865,0.563956,5.63649,9.42104,0.311684,5.22717,4.96652,4.58037,1.55735,0.796113,0.455499,0.715867,2.41054,0.32499,1.14742
0.120024,2.23108,4.14714,0.221337,3.7335,4.11657,2.95929,0.0967291,0.760478,3.88588,2.36374,3.9195,4.95961,0.358809,2.16255,3.6823,2.77844,4.937,6.21194,9.77558,19.0532,8.7688
0.862257,1.62328,4.93521,3.88159,0.43698,2.73972,0.740196,3.53159,0.0174634,1.15121,0.812322,4.25989,7.34738,1.85498,1.06393,2.65124,2.04939,10.337,12.6047,8.40461,1.71073,5.99577
0.721789,1.6737,6.14215,7.26746,5.40968,6.50627,6.56605,2.70028,0.727082,0.866034,0.0366085,0.971847,5.02073,5.28071,2.8179,5.0567,6.42507,7.13106,2.46599,3.39592,1.39545,0.336095
0.746157,1.71308,3.40237,0.5121,0.627968,0.820289,0.801797,3.19516,8.60423,7.43783,0.64983,0.148287,0.753377,1.38101,7.17392,11.0897,0.124356,8.61637,2.84829,12.0529,10.2933,0.645541
0.534673,1.65057,4.44657,2.95271,1.47074,4.47346,3.33751,4.73022,12.5901,4.15206,6.46296,2.14952,2.60613,0.791198,6.31029,8.35345,10.1702,11.3061,14.3688,20.4514,15.3909,1.53052
0.0824517,1.62432,3.00392,2.27332,2.46779,1.449,0.510288,4.11785,9.52783,0.209163,10.0944,3.21776,3.32309,0.838019,1.11046,5.15949,16.2664,17.7915,7.96181,8.44879,18.7052,3.78756
0.191193,1.13003,2.50273,2.88836,3.52345,2.27534,0.394325,0.254368,1.70364,5.52274,11.3705,4.59058,1.7697,2.23262,0.646006,2.81727,1.95157,1.82104,0.109899,0.16664,1.30367,2.88555
0.436468,0.871325,2.23895,2.07342,1.94035,1.30033,0.811755,0.132508,2.08014,5.72676,7.88283,2.87984,1.25026,2.12281,5.00415,2.26094,6.62423,11.4126,6.83363,5.85127,7.9018,4.2566
0.252391,0.841295,2.586,2.45992,1.46912,0.697133,0.58199,0.138404,0.00905604,4.02358,10.1462,6.05731,1.70149,5.30457,4.85965,1.49489,5.54082,7.25936,1.46747,3.69824,3.52896,4.42163
0.166732,0.147643,0.0665833,1.2462,1.81836,1.53412,2.47655,3.88056,5.33281,14.6434,18.0193,7.54271,5.0801,6.90308,5.78716,7.13365,9.8395,7.45158,0.114886,0.917121,7.39419,5.67915
0.147587,0.165857,0.202836,0.985249,2.3384,1.88789,1.26208,1.67583,2.52506,8.20058,10.7532,6.02518,0.883023,0.961609,5.0953,8.88279,5.3362,3.3835,1.20853,12.6941,17.4408,1.23044
0.251949,0.077759,1.04662,0.312948,3.51553,1.79819,0.572971,0.0416611,0.862114,2.44521,3.46349,3.06084,2.26162,0.625465,4.14447,5.22571,5.80917,8.46708,1.84475,9.13505,19.2773,8.53545
0.173093,0.0768537,0.00576639,1.53491,2.07249,1.53762,2.85054,3.99014,8.14696,8.63451,3.77047,2.39246,2.73226,1.88687,9.23566,9.65688,4.90722,14.4378,10.9517,7.24949,3.03057,0.451401
0.291315,1.46798,0.217799,5.03085,3.48707,11.8378,0.974379,12.0326,15.3443,12.7185,2.97593,4.66523,0.359951,4.99441,3.25363,17.1556,9.83149,3.24633,4.48177,11.2405,12.5008,4.3135
1.28197,1.34927,7.22131,9.54949,5.35602,2.04641,3.69449,1.4593,6.76114,10.7766,1.68922,12.9909,7.10988,1.36996,12.7485,21.2407,7.7268,1.5433,2.07972,4.87273,5.85784,11.4118
0.205425,1.45822,3.59321,3.05242,3.17173,9.8834,2.29427,13.6522,14.1233,7.09229,10.721,13.7426,4.76682,2.79026,7.25535,15.0956,6.60094,0.915507,10.321,7.27428,5.66043,7.00395
0.664806,1.41837,4.74817,1.92573,8.3995,6.13282,2.33235,0.242841,8.76404,9.24637,3.10569,7.19435,8.9931,6.20883,11.4258,14.2714,8.10066,1.32183,6.59983,11.714,6.43044,1.07109
0.362338,0.796595,2.57977,4.53914,14.6376,2.76732,4.63096,9.88809,9.69761,6.70258,11.6,5.72285,4.40778,6.87801,8.32752,8.1049,9.93203,11.4967,4.0935,8.37807,12.8387,12.0476
0.709879,0.835638,1.37434,11.8063,21.2699,10.378,1.46597,8.39411,8.40657,0.891874,0.103053,4.62707,3.29202,2.45941,4.43161,2.66315,2.35157,4.60462,5.23602,12.1454,15.0282,10.719
0.136952,0.971351,3.72632,10.7113,15.6761,14.0121,7.77933,11.8669,28.6379,18.6792,1.80668,10.4874,8.09042,4.78452,7.98978,11.3955,13.664,19.2449,14.0631,12.6795,16.8944,8.76055
0.148502,1.86953,4.69549,3.66296,0.284942,1.66838,7.49356,8.08504,0.621044,2.66464,3.24747,10.3204,6.366,0.79766,3.41591,11.734,8.05388,4.84899,10.3668,11.2832,11.0759,4.40654
0.191132,2.55173,5.23875,4.36843,15.0397,12.2469,4.60584,6.11298,12.856,7.93526,7.42554,12.9512,7.66757,4.15635,14.7675,19.255,1.49675,18.6005,21.0801,20.6401,13.6063,5.06212
0.871412,2.94852,6.66839,8.8018,26.2269,18.5637,10.3718,8.39663,3.86494,9.92102,1.84288,12.004,7.87236,2.04045,11.3375,16.9342,5.15178,4.97485,5.8009,0.911729,3.1309,6.15591
0.504633,3.16824,7.32809,6.86925,19.8413,5.30088,4.82219,6.72612,14.7078,12.257,9.18343,12.4344,8.55642,2.56318,8.60764,14.1494,10.5323,16.4178,14.2145,1.41636,2.53237,7.41655
0.397447,3.38484,8.10054,1.03003,9.48758,3.14944,5.54443,9.54459,8.7233,1.5291,4.29374,6.77402,0.997209,1.84566,4.73632,9.25286,3.82423,4.63267,3.66136,3.30108,6.88442,4.16179
0.27144,3.10069,7.40915,5.28447,2.85143,5.92783,5.34932,11.1447,15.8579,11.0088,0.249417,7.67513,4.86589,0.483814,0.0893405,6.36078,2.81179,15.964,18.306,2.37071,10.3709,6.43595
0.62165,2.78532,7.90405,6.38038,2.3265,9.28301,4.15605,0.469242,5.73527,4.44464,3.03928,4.11602,1.80491,0.190079,4.16892,7.15978,3.8426,7.61049,7.87116,2.39609,5.08497,4.62521
33.5543,50.1121,19.3805,81.6532,64.7691,31.6687,38.5241,12.3724,7.08823,8.45227,6.78261,1.3764,12.4672,10.2528,4.8981,14.8622,12.0988,7.65996,0.573544,5.74549,1.11549,2.70499
37.9784,48.808,6.87174,53.7985,2.76344,40.7527,13.6708,14.1395,15.866,4.98915,12.6203,0.00557713,7.53079,1.65057,2.72061,3.90073,5.4915,8.8274,1.05862,5.22992,4.55041,4.73785
36.2524,22.4369,131.115,95.3131,0.68288,0.154491,4.53892,0.933852,0.388144,4.82774,5.33248,1.06412,0.657381,2.45404,1.82749,0.882361,2.96295,8.06931,8.03221,6.34635,4.98069,5.47166
13.4616,94.9159,128.892,30.8868,10.3737,3.36955,1.72468,1.42007,2.29511,0.128577,4.39134,2.73734,0.810199,1.05764,0.305658,0.757181,1.29411,3.2871,5.01438,3.68972,5.51968,0.457184
54.7678,67.6492,54.2482,11.4723,1.76536,1.14601,0.26676,1.48615,0.138674,5.59,4.64665,0.452475,0.872578,0.204803,2.29588,4.18974,1.22799,0.714772,2.70715,1.27865,4.1324,2.39798
106.598,128.431,84.034,12.1509,5.12995,2.1337,0.814506,0.419796,3.05244,3.57492,1.58505,0.581507,0.841444,1.03848,1.67217,4.49482,2.87369,1.21124,4.08396,7.00269,2.20601,3.12141
143.862,139.598,72.7515,9.38538,4.91221,0.993821,0.787336,0.624046,0.228631,2.12636,3.44274,1.29931,0.334731,1.28693,4.73511,5.67625,1.06932,1.81522,2.72058,0.733818,0.826822,0.548403
146.261,128.049,56.9709,4.11031,1.18389,0.950525,0.746445,0.83281,0.0925252,2.32961,4.2514,1.22505,0.115482,0.336896,2.94851,5.07971,3.74766,14.9522,14.2505,9.94053,7.98127,3.21404
90.5601,77.3691,29.6917,2.09462,0.215523,0.0088731,0.175879,1.84641,6.09033,7.02509,3.59897,1.12385,0.171342,0.317379,2.025,3.97086,0.966623,1.62096,4.93464,8.09143,5.68926,3.98284
18.7732,6.16281,2.47759,1.996,1.70621,0.98659,0.324546,2.40376,5.16566,2.15895,0.887768,0.872743,0.46948,0.440485,3.03373,5.9016,6.13798,7.23237,7.93836,4.90602,1.38402,3.42743
90.2134,60.9682,14.0425,1.753,0.0581596,0.706936,0.690514,1.70395,4.96262,3.0678,1.61496,1.71358,0.85144,1.29649,0.669874,4.65475,6.42639,0.112977,7.02635,3.71599,0.803938,1.31371
67.1247,49.3825,13.5063,1.57705,1.04205,0.856177,0.788932,0.624952,3.25464,5.50091,4.4697,2.01964,1.58726,1.55351,4.90528,7.44103,6.81226,10.6312,7.97481,1.48522,1.60171,3.26332
7.90923,11.4913,6.37354,2.52109,2.37996,1.47019,0.04008,1.92106,3.62656,4.81308,4.17095,2.63581,1.12141,0.921072,5.84844,8.67397,1.1375,0.664497,4.76874,0.644837,3.35931,3.00983
5.25961,1.43362,1.69758,1.6877,1.58202,0.0163449,0.137322,0.918817,3.82379,4.149,0.16451,2.04336,1.90971,1.54085,3.79738,7.53766,0.654103,22.9578,29.7099,9.45763,0.958277,2.34048
29.9179,30.1905,19.6655,63.928,6.17101,50.4523,7.12058,13.9491,1.53612,8.04454,1.47492,6.20681,3.61494,5.29137,5.02112,9.23655,9.24059,24.034,35.6964,25.5072,8.89593,0.4983
24.5543,43.4158,25.8643,170.306,132.749,4.67972,8.59089,11.771,5.04257,3.95509,2.43388,7.55053,10.4147,1.65045,8.28149,2.20488,1.82914,2.10941,3.09456,5.91333,2.49748,3.361
22.7533,33.9021,153.125,130.447,7.64153,19.6772,14.8585,15.1704,12.429,10.4379,7.10425,10.4831,8.07649,0.991069,2.22877,0.00358218,1.76772,12.3029,19.5514,16.3486,10.2368,2.01438
16.9988,97.3275,132.95,29.0718,21.2232,14.7088,9.38011,2.43825,8.54307,7.6113,5.36179,8.28895,5.74986,0.59991,0.738278,0.451123,1.15822,5.22084,10.6452,3.26331,1.25384,0.722432
34.2622,34.2248,33.362,16.7436,6.12274,6.22916,1.18802,3.84431,7.91278,4.08023,4.83522,8.27049,3.67395,2.68837,2.12918,0.299304,4.50194,14.0058,14.131,1.19218,5.74975,6.54401
87.57,111.412,81.9762,21.9868,11.1357,0.541021,2.69109,3.10141,0.283817,3.22126,2.28567,1.96816,2.82763,6.05846,3.21385,0.0846343,4.8787,1.78336,13.9722,9.5664,3.06763,2.55784
122.769,120.96,64.1435,8.39153,6.47229,6.95452,4.45392,3.9358,11.4387,10.3108,3.84959,1.32053,1.71449,3.81567,2.65334,2.10688,0.281939,4.24225,5.29261,1.36303,2.43874,1.18659
130.263,110.659,47.9797,1.30494,9.47104,5.94793,4.94668,4.76821,4.22641,3.66266,3.94212,4.20968,1.96388,1.14068,0.554412,3.57276,4.06672,5.72909,11.4019,6.10886,2.34418,2.65019
62.3871,45.8683,7.22572,0.469425,14.9907,2.40986,5.22872,5.03175,13.162,16.2631,9.28866,1.57132,2.29527,6.30873,3.06704,3.35146,4.61025,3.59416,2.71015,9.72112,8.26995,6.20864
54.3549,40.4999,6.85877,2.78142,19.7876,2.87396,19.8218,16.6078,6.03318,3.00402,0.670437,5.20183,7.43835,9.14919,1.20807,4.33958,2.21871,4.59777,10.6426,2.27689,0.656525,2.4548
164.29,134.382,52.6592,7.90046,20.8794,18.8031,8.44282,3.05375,14.0617,10.6983,5.12883,8.7919,9.15278,5.75706,2.55315,5.51293,4.14594,4.58457,0.616702,1.46806,1.23175,4.67947
201.954,157.7,46.1938,14.3813,0.130505,16.6866,26.7524,14.84,8.66494,11.617,0.594018,2.47321,2.53397,3.58159,3.97772,3.82196,3.06022,5.39096,4.53956,1.39966,1.31757,0.123053
147.44,127.244,52.8794,4.49478,5.2706,4.0583,1.6699,4.36366,7.31817,10.4683,7.88296,8.42222,4.11504,1.67391,1.36065,3.10533,18.6175,20.7553,0.358787,2.99942,3.46195,2.07154
45.8175,40.8265,9.45714,9.96091,9.67323,19.2004,17.0262,1.10236,22.5254,18.7084,1.45713,9.51963,2.21909,5.83774,6.39544,0.0635331,22.8862,31.4305,10.2272,3.35067,2.35782,2.98746
47.2925,21.9892,9.7709,12.7974,12.9937,15.6866,3.10381,11.9439,12.2662,3.13378,0.595551,6.18459,2.29089,7.74797,8.40686,6.91466,1.58548,12.3627,9.98967,2.37064,0.225086,0.86326
89.9293,61.9141,11.4071,9.33245,1.64663,0.63659,0.147094,7.78715,12.2999,5.64061,2.68781,9.36493,9.18925,4.36164,1.58657,3.16918,7.77345,2.42159,7.5526,6.96419,2.65747,0.601504
69.6249,41.062,3.15465,15.3371,4.27844,11.7128,10.0916,10.5052,24.751,15.9115,6.19237,12.7742,11.3236,12.879,7.2524,3.84962,2.09016,11.6364,12.5038,3.70925,8.35194,6.16305
13.5395,20.5617,20.0474,7.61418,6.71732,9.49741,10.3403,7.59176,4.44288,5.13366,4.29559,5.43443,1.42093,8.03441,4.15161,0.212218,3.64758,10.2348,6.29451,2.00395,2.45225,1.07081
71.0835,54.7442,11.0108,20.8505,19.2134,7.57698,23.8129,5.61926,15.1254,15.3294,0.826725,11.4192,6.65275,0.666339,0.19298,6.96734,22.8554,18.1946,2.80834,0.89986,0.892094,3.7743
66.8371,68.6087,40.5721,13.9314,19.1746,4.30557,14.1013,3.31549,16.9946,17.1226,10.1747,13.7678,9.23793,2.39663,3.46061,7.46501,26.2943,35.4253,18.6759,10.6851,7.27257,4.90757
46.0406,39.3969,8.61321,9.05015,8.25427,18.3776,24.372,16.155,0.638846,2.22703,5.26109,6.77493,6.46333,2.90495,2.80123,0.349729,6.01438,13.6347,12.6388,3.10112,5.11498,3.31971
33.1858,46.7418,47.8935,21.4831,7.08588,16.7493,19.9959,2.09301,23.1549,13.7119,11.7325,15.2532,2.9176,2.59266,2.42658,3.42838,18.1826,27.6412,8.52082,5.7024,3.57001,3.64525
27.4579,20.751,0.041365,0.90195,11.7544,4.9924,8.10356,14.5773,16.45,7.93111,1.30267,3.4484,8.42429,6.77679,1.91952,4.94356,33.2147,46.5657,15.8337,1.52159,1.05396,0.223125
20.7308,32.413,34.6843,8.67967,18.1634,29.6511,16.6609,6.14009,15.9502,15.7225,5.05332,6.45091,0.607971,7.7568,7.43937,0.568309,26.0015,34.0313,8.57179,1.63948,2.44648,4.20055
17.8942,10.3708,8.95803,5.25192,17.1318,20.272,12.8894,2.20687,18.8656,19.1763,17.2751,19.1728,11.5214,1.09244,6.13484,6.06743,0.286845,0.15521,0.774531,0.261339,3.02175,7.28401
5.62407,11.2333,14.4417,1.83782,16.404,2.6905,0.481837,7.83289,2.53333,12.076,9.20695,3.45667,8.69236,6.94449,3.8884,6.68128,32.1708,38.4645,9.72497,4.89579,0.321326,3.8805
4.40465,3.57684,1.65786,6.14792,10.5241,10.1974,28.5715,11.6128,11.4412,6.20703,15.1824,21.8105,13.1822,6.70921,4.49669,7.11038,43.5568,46.2613,2.91177,9.09547,2.13428,2.14323
9.03818,12.2243,5.58024,8.39275,8.02343,3.61037,9.66729,3.72173,17.6084,10.3587,0.496985,11.249,5.75789,4.32549,0.126588,2.9392,26.2109,37.3521,13.0516,4.55718,0.174513,8.48319
19.8606,16.2055,2.89428,7.05627,3.71721,11.8586,24.3524,15.9349,4.27446,10.5184,17.2717,10.5124,0.750785,7.145,6.67787,4.40666,23.5136,15.6798,7.68153,6.94344,7.62505,8.88156
31.1566,39.4571,36.837,5.03792,21.1125,13.9927,7.13043,13.43,13.0166,17.447,26.684,21.2933,9.18185,9.39316,13.6226,3.82581,42.5898,72.1406,36.1484,4.26316,0.0443632,0.981321
35.5172,27.4342,0.623114,6.35272,41.5097,38.67,17.0147,6.40643,12.2886,19.4451,11.693,7.58647,12.809,2.95887,2.71374,5.10304,22.1513,39.3422,12.0827,7.19558,5.11795,6.01361
42.4858,59.6844,55.6578,8.67965,26.5544,24.9342,2.44587,16.2346,9.57193,3.93024,5.62866,15.1021,8.63046,3.65954,4.01256,1.00538,0.0884916,5.42004,12.4587,2.91287,3.16503,0.0221093
53.2068,42.1005,5.40184,20.7813,3.76133,1.37349,0.877021,3.18866,11.4099,8.94648,2.7586,15.9342,12.1108,3.48286,8.11411,3.90645,10.7139,11.1609,2.19931,0.549872,5.88904,0.577659
63.8496,80.7414,63.0601,10.9422,2.3527,15.4445,5.5356,8.70147,3.21835,6.45448,19.3286,17.0421,3.82342,1.42216,2.05613,1.15922,21.7491,37.4114,21.7003,5.90036,2.19192,0.924252
69.6011,60.8695,13.8673,22.6571,23.4814,15.5188,12.3871,10.1421,8.29682,14.996,15.5392,10.4864,0.363625,3.45338,3.72427,7.5681,30.1398,35.213,11.396,5.6845,5.89675,1.33226
75.2297,89.5379,67.1078,33.6864,36.0736,5.769,20.098,14.6087,21.5904,21.8437,0.954121,13.2963,5.32072,10.1908,15.3891,12.2463,14.6351,14.5295,2.18647,3.23353,4.87438,7.97708
71.1137,70.9892,31.1656,14.914,27.1467,10.9217,19.8692,19.471,5.99722,1.16618,7.29389,16.9148,6.61687,6.38035,4.41779,1.44035,8.1579,7.61021,1.35345,3.50968,9.14123,6.33248
76.6043,81.152,43.3464,8.97997,23.4245,31.8353,33.986,26.0058,20.0409,10.5935,5.26841,19.2872,12.4957,2.03143,0.706165,5.163,25.6915,42.0209,23.9372,4.08124,0.427759,1.25061
71.3086,78.1983,44.079,3.05246,9.0066,18.4229,27.8145,22.1513,20.3323,13.0965,15.3019,34.1499,21.3858,5.3689,5.01464,8.91488,26.3904,31.9634,10.3108,2.63537,7.81298,8.75114
72.6575,72.136,29.0788,14.8339,14.5697,14.3258,23.8738,24.1683,7.35243,2.39547,13.381,24.4921,13.4648,0.584628,1.0541,1.57764,0.65995,0.10383,2.5193,3.29295,2.45276,2.10819
75.2208,89.9613,63.9498,16.5847,21.7615,33.283,17.5331,6.06059,25.1539,21.1852,0.733081,4.93813,4.63299,0.326898,0.635022,7.35094,16.0438,7.56308,8.57473,8.87721,8.37961,5.77715
66.7937,58.2919,11.7372,25.1385,28.7687,19.5097,6.42849,7.22319,12.9515,7.87469,8.21506,5.79131,3.96719,5.99042,1.50173,5.12342,8.09529,5.7599,4.38268,7.98146,6.98393,0.631447
59.3875,74.1722,61.135,32.2679,25.0671,1.15627,0.00880998,12.557,2.41284,8.32389,5.87994,9.22384,2.90871,4.61405,2.74266,3.2144,14.4072,17.9911,4.52092,0.292755,3.67687,1.16959
48.0678,37.8736,2.70491,11.8019,1.83469,4.39442,0.719848,0.00956203,19.9184,19.3217,4.97164,20.4325,15.1213,6.252,0.503253,5.72382,20.0267,23.3011,0.431549,12.1652,6.75275,1.46889
38.7724,54.3882,56.1953,17.8785,4.69206,11.5313,8.02145,15.4944,19.555,18.8917,28.1525,34.0716,24.7066,17.7498,13.73,7.01527,3.63087,9.61147,0.997736,4.35795,3.08519,4.51188
32.8997,21.5249,3.53119,11.7189,33.5348,2.89911,17.2716,11.8089,11.531,1.52165,9.08,12.0473,15.3726,4.21017,7.11169,11.0391,17.6345,19.033,5.92507,2.93822,1.87319,0.869151
24.2048,36.031,38.9692,9.09181,20.7601,26.1046,12.1587,11.4993,24.0018,7.4513,16.7534,19.3154,0.492279,11.7001,1.12571,9.20933,28.6899,35.204,9.39594,1.62463,9.26229,5.51196
16.742,8.77683,7.66306,7.15519,12.2606,31.942,41.2287,17.8698,14.5544,7.57855,0.55367,12.068,5.21969,9.62963,9.9446,2.55893,10.6193,17.4793,7.349,1.9164,1.99499,0.374073
3.09994,8.84672,14.2727,0.982996,14.6137,6.7374,1.28012,0.372619,5.30557,2.18156,5.3141,5.31945,5.73594,2.06919,5.66191,8.41871,12.2541,13.6553,7.33921,1.63426,0.601385,2.12803
1.63751,6.9551,11.0112,1.56509,9.22724,15.0757,37.2085,18.6864,9.35791,12.6212,9.44182,9.21468,3.84577,1.8064,5.01545,0.91508,9.29839,7.42,1.54921,0.649288,1.7208,2.77767
13.0749,17.1175,18.0615,7.59705,4.11862,3.32299,3.45022,12.8264,25.5928,20.7419,6.00733,4.78853,12.7003,7.14028,3.83382,7.94041,10.6971,9.9496,3.89782,0.191613,1.732,3.14095
21.7365,18.8392,7.27439,11.6015,15.9677,12.9938,27.8851,18.8127,16.9128,6.94113,1.16007,5.99184,6.54696,5.52146,4.67503,4.21283,11.3788,14.3487,9.03525,4.99236,5.36169,2.2188
29.6205,38.8658,40.6794,17.83,7.83274,16.9149,18.975,16.3474,6.82042,5.21641,10.9053,10.4521,1.45622,2.08358,7.46376,2.67935,5.78377,6.00266,5.08551,0.685423,0.31382,1.1181
34.0581,31.6384,15.5444,12.5498,22.8158,27.5904,25.2491,15.2418,20.5767,21.381,8.49101,1.62943,5.51248,3.67873,5.38857,10.2037,7.62619,1.94842,2.43309,2.56383,0.581069,0.288393
40.2054,46.3286,37.0449,9.92715,7.42519,1.342,20.4042,13.0014,6.55237,7.7386,0.853331,2.33805,0.331728,1.24469,4.75803,0.588866,2.90821,15.7534,14.8377,1.97966,2.86081,0.666292
43.123,40.2924,14.4847,8.31098,19.3044,2.69282,11.4497,1.1407,2.98308,1.60472,0.635304,5.24081,2.47088,2.51835,9.77962,9.88618,10.7263,9.18096,0.452649,0.0821913,2.61759,0.548395
64.2844,47.4447,17.5626,19.1322,9.66626,43.099,15.8379,7.12892,9.00509,2.59846,6.41702,8.36317,5.31238,9.0181,10.805,0.40011,7.29087,7.72901,1.48604,1.86115,2.07783,2.69759
57.3069,67.8074,52.2563,56.0254,65.314,23.7377,9.08943,20.5602,28.9288,24.9788,14.9625,11.0782,7.43789,2.69689,1.15598,4.75244,7.0079,6.10852,3.6557,2.6181,3.5897,1.80114
25.3006,27.357,45.5663,25.1668,4.44077,10.6617,10.5722,7.97678,6.03279,3.17479,5.667,6.58885,3.93394,2.03643,1.37747,4.73444,15.9203,23.4698,11.5007,3.21618,8.06045,7.28852
23.3214,41.3905,51.5724,23.3023,4.94145,7.24705,2.37057,5.57167,11.8601,9.23799,3.14253,5.50846,0.377337,10.6995,7.16073,2.04741,14.359,21.0584,9.96659,3.72415,4.12239,0.173328
46.4297,102.724,92.5138,4.73392,7.44563,0.753721,6.66008,4.19437,5.15762,3.37042,2.37804,3.58585,2.54727,14.6223,13.916,2.61545,10.4573,14.3235,2.12944,5.28669,4.92493,4.74366
22.6244,22.2034,9.55803,5.10751,10.7368,5.66758,0.452728,4.23599,5.03686,0.0860825,3.0235,3.02087,1.58771,5.8011,8.90758,3.66458,6.39186,13.7022,7.73776,1.57089,1.29254,2.88115
25.2523,24.7661,11.0475,4.0411,1.95309,4.04065,4.51598,6.81718,5.77878,2.10077,1.13517,4.20706,1.63238,8.84591,2.06261,7.78931,8.94637,8.95964,9.70509,7.5916,4.43278,3.63095
18.4176,9.88675,7.73883,19.1671,16.7759,7.06299,3.30949,0.280494,7.5693,5.70682,1.81229,5.79642,2.58356,0.779978,2.36937,1.72443,5.06385,7.65939,5.72439,4.41037,1.08801,1.64342
54.4396,43.7952,14.2067,4.03334,6.53018,3.68394,0.692662,0.973143,4.9693,3.47772,1.54724,5.10362,5.80478,0.659356,8.14303,7.11508,2.88881,1.06204,4.78589,3.47345,1.46016,0.647526
140.054,112.115,37.855,4.11343,3.02795,0.247487,10.5787,10.4892,0.114289,3.44763,4.94186,7.02641,4.23393,5.6151,1.04416,11.3507,4.2598,12.1176,11.631,5.57484,3.81834,3.71052
163.303,125.437,35.7391,13.004,6.83582,4.3352,7.0543,6.52411,4.14816,4.64503,0.78101,7.39639,5.80298,6.10721,2.70359,2.41522,8.68289,9.58342,2.4356,5.11974,6.74991,8.23511
90.5932,78.1245,31.4099,5.73741,8.15477,0.596766,10.3507,6.05295,6.3767,6.61942,1.56144,5.05183,0.44981,5.24864,6.44077,7.61733,1.84498,13.9558,13.4959,12.4672,8.30762,0.210381
0.756811,12.2144,11.7353,4.62568,8.64284,4.38444,4.40547,10.9008,14.1696,8.50845,1.62552,3.70403,5.26151,0.735052,6.76881,3.59675,8.3717,10.9662,3.05749,0.882292,5.97056,6.06811
20.6768,6.46561,9.30852,4.48855,7.64522,9.12393,2.78702,0.563277,0.646965,1.21072,4.58872,1.82106,1.68491,5.71064,10.3422,5.37688,3.24555,0.710245,5.42544,3.13602,0.215766,3.09442
0.339816,0.943298,1.57477,8.87515,16.4501,6.60793,5.88959,9.62165,9.73349,5.76581,0.419139,1.9365,3.06973,4.55765,7.77212,7.08546,7.48369,8.36759,8.99773,8.1839,0.730214,1.76676
7.47577,6.82213,2.46461,5.48975,9.51136,3.44522,0.183279,1.50534,6.36543,3.90494,0.0388991,0.259464,1.20408,8.99562,7.90352,0.39919,16.6344,28.5556,9.41543,7.159,5.48033,1.4903
7.21407,7.891,2.9032,1.44061,4.01541,8.30993,7.96147,1.3531,11.5381,5.58884,1.855,0.816083,3.46745,8.84221,8.8438,6.83465,15.9851,23.9439,14.0118,3.68841,0.0730559,1.06752
7.20376,5.73045,1.75251,8.61198,6.42204,4.49609,7.3464,0.420298,16.5535,14.2723,1.8819,0.0781603,2.81638,4.70494,2.00436,5.0374,13.7769,14.3295,6.94997,6.34878,4.48026,2.16605
5.66135,7.85582,5.70961,2.17441,5.11505,4.84568,3.70978,3.28366,4.84431,2.57085,0.49726,0.347,1.62337,3.35174,1.19188,1.82934,3.02152,9.036,9.32444,5.18653,3.30876,3.91127
3.96992,2.85095,2.18203,4.40057,0.0010965,2.98902,6.43288,2.76582,10.1328,9.71365,0.976529,0.196828,3.29363,13.0491,11.7131,3.97093,7.49132,12.6372,9.58721,2.56087,3.54488,6.27655
3.92614,5.4335,5.21243,2.34206,0.766144,3.90882,8.8843,14.7419,21.7359,14.6031,2.9175,2.29804,6.59434,10.7811,7.20707,3.23614,16.953,24.6293,8.62229,0.647631,0.113637,3.16715
2.42876,0.653677,1.39844,1.16811,2.45156,0.191291,2.8179,7.18805,10.9615,7.45936,1.31778,0.570553,0.47447,0.790358,2.64043,2.76294,19.9514,23.5736,5.1007,3.43286,3.1567,4.56276
2.73524,4.58402,8.77123,9.00084,3.25587,3.71948,10.0052,10.3046,8.7342,8.25129,3.82419,0.13337,3.42313,7.07788,7.14466,4.83815,7.22308,11.4532,3.89299,4.29178,0.911192,0.324498
1.38447,0.248068,0.935839,4.85505,4.53023,2.10936,0.536899,0.685262,5.94079,6.50601,2.42691,0.366621,0.244972,0.172914,0.959748,0.160112,4.54516,5.0209,3.0041,4.39033,4.12588,0.15248
2.15226,3.69098,4.68089,2.22705,0.291096,1.52037,4.5637,6.60767,6.62508,4.39151,0.879342,0.706199,0.186406,4.87765,5.89551,1.52439,4.49784,13.6909,6.94359,7.14615,7.08041,0.554864
1.95738,0.67674,2.64582,2.9487,0.447788,2.31024,0.975064,2.70527,3.60699,5.03492,2.47864,0.796913,5.44812,7.30842,5.42441,1.28547,13.1037,17.548,5.53749,11.8699,2.88596,3.56463
1.55258,2.21309,1.85504,0.461268,0.065641,5.31934,15.1314,6.05287,13.5746,13.9785,3.82653,1.22905,8.19359,18.6704,17.5488,0.517759,26.9052,33.2638,12.678,8.33945,13.8874,2.27782
0.667711,0.522732,0.30526,0.870414,0.228492,0.689807,8.67827,6.13774,11.9376,11.6266,1.36935,1.32533,16.0388,29.2486,12.4932,6.67882,4.43299,0.685821,0.853695,7.23501,10.4744,3.38615
1.51064,1.51384,1.33523,0.405436,0.0730631,4.1701,23.1928,24.4089,4.16016,2.99784,1.74335,0.748642,13.7016,25.5817,7.17357,0.439253,30.5635,36.7396,10.4786,7.72755,13.0319,3.70052
0.706081,2.05734,0.0946665,1.43194,3.87723,7.45951,14.3338,8.54302,18.0095,21.4401,5.00899,0.12987,11.456,24.4415,12.274,4.12832,21.8873,26.0437,4.45189,14.01,17.2653,7.2991
1.81456,0.0540134,4.65392,11.0994,18.1158,10.9873,16.0778,27.44,17.0951,9.14462,5.74342,5.38914,13.6591,26.8752,20.6441,7.90315,5.23619,4.33051,4.03002,7.58877,9.69814,5.16936
1.35791,3.80921,8.38159,12.5287,12.6,7.72715,3.17394,8.82248,24.2477,18.5802,4.52928,8.43991,11.7452,8.37013,2.40021,6.41978,24.7736,27.5059,7.13557,3.63329,10.5683,5.22418
1.82572,0.759739,0.0274416,8.32801,9.36856,1.02241,7.94328,15.8261,23.8672,17.1937,5.81967,16.8948,8.83719,3.314,6.46079,5.63108,16.8243,24.492,11.8617,0.909484,10.7623,6.83056
1.59251,3.64378,7.80572,4.85297,7.56524,10.6862,5.55144,10.2077,13.5324,7.78517,1.84783,9.07025,0.603969,6.05052,1.39038,6.51678,0.513786,9.1771,3.20802,2.8771,1.67853,6.86066
0.541035,0.434571,4.53237,0.0529261,10.8617,3.17741,9.34746,0.476614,18.4541,16.0655,6.173,7.01508,1.33085,12.9273,5.10678,2.00086,6.12689,11.4287,4.79661,1.05341,4.7856,8.19333
0.63506,1.72008,0.0675303,14.1927,21.522,0.471469,13.5719,1.95576,10.0834,9.51223,2.93767,1.42435,5.18793,18.349,15.7553,3.70038,2.68549,1.64868,0.0968229,1.52912,0.177716,7.0257
0.888458,0.496319,0.864367,0.990472,7.76083,5.61879,9.3223,12.2055,4.66378,1.35295,1.57178,1.96259,9.10418,16.4832,10.6089,2.65293,1.42426,0.830615,2.35846,3.00841,5.59347,2.7544
1.46756,2.40981,1.78255,0.34889,2.504,11.6133,20.5082,10.8608,8.43243,5.86764,8.156,12.0254,11.7872,12.3594,4.9127,5.46189,7.02747,2.93587,0.698505,0.55208,0.112858,5.70764
2.26082,0.731346,6.80584,10.932,3.9414,4.41626,10.6606,2.91815,9.20012,6.27494,2.29178,8.11379,4.70139,2.56273,5.58922,5.71448,1.09101,0.862923,2.6154,5.22095,9.65507,7.71246
4.46016,7.83314,6.67491,8.44686,18.2764,15.8638,17.8364,13.705,0.551784,3.39057,3.67061,9.87638,1.82451,10.9952,9.59468,3.78596,2.90984,8.07722,3.73695,6.03997,8.05274,8.87317
7.52828,5.72272,0.815897,3.8967,17.6064,16.818,6.84425,3.36644,10.2906,6.38108,6.17599,12.1919,5.05263,0.76042,1.64941,1.44719,1.62148,1.54469,3.1354,2.56758,5.18775,7.97875
10.4328,14.4049,16.2362,5.64038,9.18683,4.84892,12.7196,14.9842,4.44552,1.49624,3.3898,9.32128,8.57453,5.34123,2.486,1.93692,3.83191,10.9512,6.81078,4.57236,7.67641,2.59757
12.6493,11.5684,4.23653,9.98464,16.5027,2.82079,5.83461,14.5194,9.25549,5.25256,3.90354,4.83409,1.47304,1.90456,2.40808,1.76585,8.38221,10.6598,3.70492,2.39167,1.29184,5.54275
11.584,17.2711,17.02,4.85984,3.10665,4.05092,8.63119,8.03114,5.20405,2.18803,8.51478,0.576331,4.70624,7.8476,8.01191,0.415966,1.84027,5.68161,3.89273,4.00336,6.99391,10.6339
9.67154,9.64952,2.66975,4.96121,0.142615,7.6196,6.18274,19.3483,7.27309,12.3903,17.7885,1.93728,8.89629,3.42761,3.86106,10.5271,27.4159,31.6829,11.5523,1.72524,3.10702,1.53867
3.88502,8.0692,7.10051,0.806543,3.27922,0.0422549,13.0257,20.0974,17.2364,8.49677,5.29088,5.80191,4.40495,8.28397,10.7372,6.81936,10.7398,23.967,8.89647,2.78378,0.360462,3.99249
4.15972,3.71933,3.89735,9.14226,17.1915,11.9031,0.399503,1.81617,0.43111,2.84165,3.97011,0.662173,0.706385,5.68535,5.02233,0.0737719,9.39306,15.4753,3.37974,2.35393,0.205673,1.72079
12.3917,11.2955,4.28339,5.24404,8.2858,1.57633,2.25223,1.82921,4.94243,4.08027,0.0196344,4.33676,2.67494,5.41949,4.61186,0.377378,1.81004,2.3167,0.622809,4.85397,4.94489,0.872698
21.8421,23.8935,11.489,0.978747,5.94083,0.354715,2.75288,3.49726,1.13823,2.91415,0.242559,1.84157,4.61768,7.10217,0.851425,2.55411,7.9729,10.114,3.86855,2.64227,2.27131,3.42475
30.3733,34.3489,17.5897,10.716,17.8379,10.1127,2.38383,6.40385,1.46697,3.60501,3.37061,0.953123,1.09096,14.7764,15.4674,1.19069,5.81052,7.38188,3.6124,5.41238,7.45782,4.34269
40.5954,43.6202,22.1048,0.555075,5.72633,6.28352,0.503891,0.992605,3.94341,6.41221,2.9732,1.84042,2.26216,0.0398841,0.875623,2.8596,4.41319,1.94006,3.96412,1.59989,5.53241,2.88219
41.1961,47.2236,28.3235,1.77232,5.99084,2.51391,1.70886,5.8252,7.75904,3.3236,1.39589,1.79403,8.69468,20.1105,14.7958,6.93073,13.8461,11.2042,0.151489,3.16208,4.00606,0.857895
44.099,47.447,25.8426,3.38175,5.37207,0.457722,5.48177,0.6698,10.7022,7.31559,2.9352,3.92094,5.39922,18.7715,13.2787,0.071447,0.629602,5.46346,3.52296,0.855885,0.509582,0.7015
41.3893,48.552,32.315,5.05,5.2245,9.69118,4.68647,3.18797,6.15833,1.77553,2.52639,0.950903,4.15009,12.1656,5.33118,1.01494,2.80178,0.926019,0.16207,0.363342,1.39525,0.691689
38.4609,40.4594,22.1094,2.84481,7.42126,20.6354,21.3557,3.13461,5.79315,3.74703,3.1221,5.11824,0.624635,10.9576,11.1374,0.903684,14.315,10.6792,0.24565,0.913628,1.11534,3.50118
33.8191,40.7728,30.7034,12.1601,6.80042,5.71244,12.0634,1.21985,11.825,9.90882,3.5397,5.899,2.46924,6.1307,6.12061,0.331631,3.29638,9.39984,2.97932,0.919892,2.36146,0.331861
33.1059,23.731,11.9863,1.30017,3.35747,11.2125,19.2087,4.80633,1.94495,0.888783,2.37434,14.5636,17.8299,5.80066,11.1313,1.07753,5.75969,19.1653,13.4274,1.09765,4.8488,0.0293555
23.8167,14.414,29.4245,15.8929,57.7125,44.6134,19.6862,26.6998,13.8111,12.6232,9.91444,14.3396,25.5297,6.62071,5.46268,7.7383,4.08694,7.2907,6.31717,1.59549,1.01806,2.76125
0.494803,36.239,97.496,131.236,83.4277,12.3402,38.3247,14.5899,1.60426,0.294527,1.24523,8.2199,1.77927,5.46428,1.40474,1.41605,0.238858,3.99544,4.33576,0.870516,3.41336,3.59523
13.077,84.118,148.649,69.9344,2.00415,9.72836,18.0394,3.58347,3.22798,4.88407,1.80892,15.1881,20.1088,3.84603,13.0772,0.320309,3.11464,4.85028,7.03326,0.939983,2.29347,4.14609
38.0225,98.3205,110.221,25.3742,3.32678,4.55239,6.04778,7.00954,6.26981,2.00061,1.40518,16.7756,34.3026,14.0786,5.5899,1.70016,5.57495,11.1811,14.8145,13.2484,7.36358,1.44947
67.2317,94.5479,58.8976,3.00057,2.7562,1.09304,11.1472,13.1324,10.9861,7.03181,8.14951,12.0591,19.0002,26.4727,22.9683,8.60543,1.32747,3.4482,7.14801,6.95502,0.360205,2.72455
41.9751,52.7264,36.0648,4.58192,17.9429,4.50536,2.48473,5.54171,22.7177,19.2168,0.18635,4.03729,38.464,40.7014,7.1275,0.210449,7.94965,14.5723,14.5569,3.96276,3.50816,4.53305
55.5015,43.3269,5.36841,2.30564,18.6339,12.3625,0.536462,0.785865,3.87339,2.98114,2.05604,5.25615,8.9015,6.75955,4.87062,0.895678,15.5241,17.6146,4.5467,5.9588,7.15278,5.09071
105.443,83.8559,31.4761,2.74784,13.0786,20.9203,15.0205,14.2726,26.174,16.8237,4.60412,5.89818,23.0769,42.3171,19.2186,0.283662,5.35794,5.12953,0.615142,1.62708,4.59685,7.58563
135.554,94.6481,19.2296,6.01084,4.37883,7.01054,3.21863,5.31007,13.1033,9.92489,1.95644,4.13178,33.4773,53.9853,22.728,0.812815,3.90197,4.64766,0.357248,1.53176,2.3708,0.361365
89.2695,69.3514,30.5608,12.0997,13.1607,14.8001,17.9098,15.1445,10.4133,7.84617,1.83025,0.322225,10.6503,19.0768,5.77587,1.42833,9.70916,14.6533,7.20965,5.1827,5.38299,1.75964
14.2235,19.4153,20.4777,17.6945,26.2999,23.2492,7.01758,12.8672,12.6096,13.866,3.64295,2.10459,9.89422,21.4838,14.3346,0.900448,13.7869,17.5668,6.79819,2.69071,0.57942,1.09082
97.015,71.1562,19.7938,9.43687,22.4308,14.9587,17.3546,17.3809,6.8781,11.8413,6.80601,6.78623,29.8791,44.3972,17.7328,2.47586,8.97491,11.8833,6.66646,5.36171,4.15052,2.02503
79.8344,71.9473,32.3492,9.25051,17.1911,0.76097,2.75655,11.2146,4.17465,1.77159,2.24914,3.51563,2.72308,8.86114,1.15019,5.48662,3.54474,1.71301,1.3563,0.0157227,2.73369,7.01061
49.5402,54.8607,29.9418,6.29301,8.07707,6.38643,12.5077,6.55673,4.86908,1.99346,0.557634,10.3687,23.47,20.6096,9.66359,5.2651,4.77134,14.3183,8.79604,0.990782,0.282729,2.70088
45.1504,44.6754,15.8508,15.7793,16.4918,2.74702,5.38747,5.92457,17.3996,13.6184,1.68972,12.1761,23.9652,5.91678,6.68079,2.06679,27.3822,33.2443,4.23322,7.72383,2.72945,2.77118
42.3162,52.4349,38.1009,17.0126,22.0396,7.0716,42.8563,25.5349,4.15797,0.263603,13.5442,4.77035,28.378,19.2728,2.996,4.59241,27.9225,40.2992,15.3089,1.85863,2.68316,2.43199
38.063,34.1536,9.28665,15.624,24.4893,7.02631,11.8676,3.83607,2.57538,6.36431,2.01796,24.1372,40.3993,20.0995,4.76831,3.16166,7.96996,14.574,8.72767,1.51175,0.513331,5.73751
36.4966,49.323,44.778,27.9038,31.268,24.6617,17.8088,7.73671,18.7996,20.4082,10.7946,8.21517,8.9641,11.153,1.18594,0.328961,16.6014,26.4164,10.1749,0.346683,2.68674,0.669504
36.0504,26.662,3.31505,15.9353,13.8783,11.6394,7.5768,18.7175,19.3021,13.719,1.63336,10.2121,1.29577,7.29303,5.49882,7.06395,31.6327,42.5968,12.4746,7.50914,3.75851,3.2577
30.0766,43.1512,40.2004,9.82473,2.81407,8.50934,25.4335,21.6954,0.799303,0.203621,12.1135,18.7622,17.5758,6.65324,3.01205,7.36882,24.2787,29.4168,6.37619,2.7328,1.74887,2.8228
25.1707,18.5072,7.02103,12.4441,11.5231,23.3129,11.2391,12.3266,21.273,6.30483,12.2557,12.4673,7.30922,2.82082,1.84439,0.540191,3.07081,3.20582,0.792219,0.265028,3.46901,2.25847
15.6304,27.3411,29.133,1.89411,26.9533,21.5181,8.38533,1.25183,10.9016,4.95202,1.81136,7.32653,14.9579,12.6092,4.05746,2.66216,16.1882,19.8227,0.992677,7.25659,0.953755,8.80664
7.24248,2.38287,9.82984,0.103932,19.0313,4.86881,21.0831,4.03094,0.845097,1.36175,8.31851,14.2473,8.26464,4.14875,6.82104,1.23775,22.2781,31.4725,8.19077,2.73755,6.36631,6.45229
4.26571,1.72645,6.18945,2.91496,7.92889,21.7251,54.912,31.0786,0.997298,11.1515,3.36742,14.1052,6.78163,7.07895,0.303453,5.04314,11.252,24.9757,9.47023,8.00209,4.73144,0.668688
8.29461,9.07628,1.13208,9.53174,9.91446,3.47104,21.9757,16.9983,0.578451,10.1879,22.5327,27.6836,9.80295,13.7099,8.55333,2.63152,2.16831,4.09795,3.33491,4.96584,2.65544,9.78322
19.2051,22.5793,17.2007,2.12894,7.1033,11.458,18.5599,5.71632,7.04259,1.12095,9.2896,4.9702,22.1112,36.7292,18.0094,1.42294,8.56235,14.6664,10.0137,2.42668,4.23112,4.59144
31.3834,23.7312,1.1281,0.0510308,19.2967,8.48167,2.08493,7.56818,5.49033,4.85253,8.73866,3.3825,7.6941,3.924,6.70336,3.39775,10.4868,13.5429,0.0451783,2.10818,0.248726,0.455262
35.062,47.6007,43.9927,9.39284,19.9166,26.4112,16.6891,9.20152,0.755481,12.3408,18.2752,8.49052,14.4642,23.7336,7.0498,0.109536,14.7364,15.5644,1.357,8.1107,5.26944,7.95167
47.3528,39.8295,4.03832,4.23706,27.4613,26.5619,8.59671,22.8283,5.33106,8.98087,19.0576,8.49314,20.8006,13.5256,20.2995,4.39137,6.82638,6.20696,0.39892,0.548014,1.73836,1.07625
54.0369,72.4552,64.6994,10.2244,14.58,7.80028,19.3585,1.56116,9.39637,1.919,14.3638,16.4756,13.1472,38.2622,25.0971,4.4633,19.5104,34.0452,18.681,6.72574,1.65794,11.1869
64.5924,53.1729,6.82683,8.82454,3.82578,18.2796,24.9374,2.24209,8.77492,3.36635,3.89341,0.135287,15.2027,13.398,4.95894,3.33799,44.0271,56.7403,17.7441,0.705754,6.58178,3.1137
67.659,83.3813,67.689,32.4251,26.2878,20.5772,23.3446,18.2416,2.89448,0.26912,4.01809,5.38042,35.5103,36.3041,9.04181,0.606873,23.1602,32.5496,11.2937,3.02617,2.2849,7.42728
72.7426,65.5954,24.8736,16.3949,30.7633,13.6564,9.93443,3.30056,5.35239,11.2932,15.8797,25.4583,23.8932,8.6254,24.8733,8.29655,10.7435,13.0139,1.83683,0.597538,5.17985,11.2298
73.9309,87.2578,68.9742,44.948,45.2227,16.9352,7.39649,7.1155,0.457185,9.77713,12.2801,1.09013,5.59771,19.707,14.519,0.305165,32.6572,42.9817,13.5569,0.706752,3.56587,4.37495
78.0616,82.0025,47.6408,0.72342,21.4386,27.6371,24.4158,15.8774,1.34232,0.331721,11.9886,15.3755,7.83423,14.8775,2.50693,7.69611,26.277,35.2771,13.5315,3.65208,4.17192,8.15022
84.0333,86.7553,44.1113,1.39248,6.39305,12.6576,1.99601,12.9881,10.803,6.42513,9.1282,20.937,21.522,18.1083,13.4281,6.82198,6.67414,6.86674,6.65074,7.62644,6.49186,9.96413
74.0495,84.798,57.7767,19.632,23.1947,31.1816,38.012,27.0757,6.48023,3.52534,9.78928,14.0393,24.2044,27.6978,11.0775,6.31583,27.1473,30.5173,7.45848,0.0628213,0.498389,6.97509
73.967,67.4584,24.7157,16.0722,35.4164,41.1388,12.0092,11.15,7.72969,2.83271,5.07831,3.20037,1.3359,2.69139,0.550003,6.55013,27.5333,36.7242,13.0261,2.7013,3.97107,7.2966
65.1933,82.7497,69.4713,39.4439,39.6386,15.0715,11.6084,8.97563,5.49448,4.0642,1.41244,7.746,22.8582,30.3425,14.7745,0.576707,10.6779,21.621,12.5845,5.29065,6.03928,0.61985
59.8506,47.5951,6.78864,16.7161,16.9381,5.10801,18.6947,2.36546,6.18106,9.55109,7.37387,4.49324,17.7392,31.7976,16.8651,2.3035,1.34386,3.60981,2.79101,1.04645,2.73263,7.15247
48.6272,65.4602,59.1195,31.5293,21.52,2.6535,19.1426,17.1746,20.0117,11.0315,16.7708,29.1556,22.3744,21.1846,8.43684,6.04504,10.962,13.928,1.3619,9.85428,11.1402,5.18674
45.3681,34.3533,2.67687,14.6086,5.34751,20.1916,16.7114,9.30736,21.8362,9.37841,6.44667,21.3357,14.0683,0.908859,0.156923,4.94696,26.1221,32.9961,8.06086,3.14059,2.1955,1.71207
32.7202,47.3946,48.4101,7.54628,22.0143,2.82863,22.4576,19.4024,12.95,12.0194,11.2344,13.1111,1.7873,21.3168,8.01547,1.97247,22.7291,30.9986,11.4708,1.96752,0.145191,6.78713
23.6669,14.8539,7.82776,0.374696,29.0178,33.0698,30.8653,14.031,14.0884,18.6163,7.96072,7.21515,0.681644,25.5757,15.3794,4.59104,5.98826,3.69556,1.60175,4.32732,0.405091,1.14973
13.2739,19.4969,18.9941,10.7412,41.7411,47.9591,44.0862,19.9969,8.67814,16.328,18.157,7.90532,10.874,17.5531,13.1514,2.12033,24.4033,32.0005,4.70413,6.66011,0.575183,3.90423
3.23782,1.22448,12.2339,4.05921,32.3229,16.2799,12.802,13.5936,1.91477,4.36118,15.1168,10.0424,6.01647,9.15192,2.58462,1.6692,24.795,32.1123,7.21323,3.73435,0.583135,2.79562
5.00291,8.08723,9.50002,10.4252,7.96008,15.4795,29.766,8.78327,13.0762,9.12167,7.39438,19.1422,10.672,6.99999,7.52689,1.14688,6.29727,3.27547,0.364815,2.34139,3.63637,2.26588
14.2198,12.5446,4.93148,4.94285,8.61849,2.18351,9.93855,19.192,18.2652,9.91999,4.98388,20.5386,19.4361,1.02595,14.8411,6.22866,18.2116,23.8095,4.44178,3.75477,1.40147,1.72085
22.6787,29.8341,30.7269,11.0482,6.09695,3.49949,7.81446,1.64014,0.438587,3.4874,2.70608,16.109,4.01538,8.71533,3.31307,1.87029,10.1782,11.078,0.290366,3.54633,0.509936,0.641959
30.1497,24.5318,2.19422,9.15908,29.9593,17.0557,17.4394,24.6966,15.8973,4.5543,12.6187,25.6502,4.5836,12.3738,1.13171,2.42915,8.38571,10.0142,2.754,0.337278,5.00367,5.13234
34.5535,47.0088,46.4998,11.8397,24.4879,31.5061,9.18217,5.10848,12.9332,24.9138,0.961366,19.2761,7.74781,3.33429,10.0761,4.03522,11.1343,12.6742,1.91396,0.714142,3.99822,0.87794
42.6053,36.2952,8.06933,5.24095,26.3919,14.9985,12.0528,37.9564,43.6363,25.1289,3.49295,10.9441,14.8659,10.1023,0.315481,4.69356,4.24591,4.01036,1.58098,1.70184,2.37871,1.50531
42.0308,55.7965,46.1765,0.0890703,17.9396,1.99177,6.70853,18.7517,48.3208,32.0697,8.55177,2.06087,4.84563,1.53636,0.335698,0.555069,7.63319,10.2884,3.3256,1.60517,0.884112,1.43579
49.5893,43.468,6.71691,11.2225,5.69837,5.23066,6.13518,3.41082,20.1521,24.3045,7.41491,3.39472,4.81855,7.17935,6.22958,1.81529,11.0231,11.9418,2.5986,1.67598,1.42706,0.375
50.7269,59.8482,39.9176,2.75811,6.51889,8.98026,0.0361687,24.106,77.5507,59.0655,12.6725,6.33523,7.99318,8.93003,5.23781,1.22478,2.11124,7.71668,3.54046,1.2834,2.42056,3.88253
46.5042,45.3463,19.1529,1.9499,0.822146,8.3007,7.88466,51.6807,90.6843,23.5719,19.6325,9.56283,5.29318,4.68254,4.35825,0.655329,4.21463,3.7957,0.37362,0.356312,2.13902,3.97522
34.8503,68.3458,118.235,98.384,1.75804,39.731,18.8924,53.3125,73.1802,25.9089,5.50906,7.65295,3.5093,1.29817,1.64296,4.76988,1.74899,6.48077,6.89438,2.7361,2.64017,3.01453
24.1099,4.95184,64.4241,168.931,100.626,10.6442,9.3055,27.2652,42.5487,22.0733,2.44409,0.659756,7.021,9.93716,4.41522,7.12154,2.81248,3.28654,1.98857,4.59906,5.1065,8.89767
32.6758,37.8039,46.0195,42.7862,16.4534,3.3102,13.9872,10.4508,12.4485,25.551,14.2065,4.59677,8.18947,2.38512,11.0449,12.9068,2.7439,3.90101,7.56455,6.51187,0.509213,1.06661
10.5044,13.4521,20.178,3.71644,12.6493,12.4146,6.37316,24.225,10.2693,17.587,10.1227,0.88729,0.669484,7.71673,2.62932,13.7803,5.80278,8.11636,4.58613,1.40614,2.77503,0.0510328
84.8799,123.594,95.5304,15.264,6.52058,5.71007,7.00468,4.32228,8.44637,6.72034,3.58865,7.82353,11.6859,18.5364,8.22587,5.18495,8.89271,10.1026,4.14247,1.4187,0.217112,1.462
106.89,121.566,65.9285,9.122,13.1163,6.24678,6.3251,0.186319,23.4447,21.6673,0.841778,6.8522,10.432,17.1797,10.1725,2.23347,14.2025,18.6501,3.74627,4.71331,0.167112,6.83239
131.12,126.465,61.3228,3.08894,3.46571,2.86523,9.81866,0.902276,20.2108,17.6453,3.35563,4.35423,8.81216,9.68149,4.83665,3.19384,12.9302,13.6129,1.98176,3.42033,1.09527,2.71324
156.136,132.469,54.9594,7.05949,8.64477,0.236574,8.48331,1.16823,13.225,9.2746,1.17682,0.340917,1.27474,2.84834,0.96336,1.1761,1.7543,1.30633,1.69447,3.56945,5.05231,7.78183
131.012,107.587,44.7001,1.4448,5.8154,1.95762,6.14768,13.3794,43.2451,31.6988,8.38136,7.53424,10.4782,13.2189,8.81085,1.7059,10.5743,8.99302,2.33158,1.44918,3.64435,5.04242
38.5541,34.9604,10.6225,2.36192,8.69062,7.59956,3.95137,16.3761,35.8624,27.8985,1.77208,8.5033,8.88447,9.75247,6.21072,2.81231,1.10421,0.0570852,2.68021,0.535251,3.60013,5.11085
49.4839,27.5971,4.18099,12.054,20.2018,11.997,1.30558,7.55739,11.601,3.64729,6.44793,8.14711,8.00015,10.87,7.11656,1.91767,3.61722,2.6247,0.285989,3.67423,5.38299,0.991948
57.494,38.8181,10.3888,0.582631,7.26327,8.85532,5.22948,18.577,59.5977,43.4859,6.44828,9.5131,14.1105,14.7718,11.6559,5.66807,8.24512,7.42536,1.04716,3.21426,3.02847,2.82103
13.623,14.2178,6.59196,1.65985,0.779555,4.96514,13.3996,2.3858,42.3973,33.7363,6.17326,16.6435,10.0259,4.21144,0.551516,1.78761,4.45038,3.21486,0.732007,1.73542,2.773,1.64628
2.78587,1.91011,6.36545,9.49244,0.359381,6.10844,6.6966,2.81226,24.8657,24.6681,5.52567,2.90001,3.97843,14.2912,10.3935,3.54499,4.47075,5.26831,0.927341,3.49007,4.75354,6.87435
0.587743,1.89551,3.37352,6.38408,15.8455,10.4151,10.1,11.8993,66.2906,58.562,9.37802,0.943657,7.63348,21.7906,15.3874,5.10849,3.10985,0.129665,0.725756,0.0218264,4.04972,10.5785
0.804973,2.87286,4.53179,5.98082,16.5591,4.88487,8.7998,12.7653,18.6128,13.0946,3.60401,6.46232,12.3031,13.8568,7.72432,2.0545,0.158199,1.61656,0.355777,1.04246,1.21378,1.19681
0.052701,2.50061,8.99436,5.20509,7.132,5.3179,2.9923,21.0127,62.9845,45.307,6.329,4.25127,1.18553,8.9994,4.83807,2.13754,6.37629,6.42115,2.35097,0.713053,2.23065,1.22868
0.679463,3.01047,6.47109,3.09776,11.3008,9.36708,7.16589,33.8671,80.4402,59.0544,2.26029,13.4523,2.12413,13.4078,11.7107,2.24886,3.58194,8.87928,6.48303,3.04125,2.36802,3.6084
0.405541,2.67513,5.69032,3.06909,0.615567,0.741632,5.88577,1.34116,16.4279,8.99929,4.78792,12.7893,6.87811,4.40885,3.15817,0.728967,1.80321,3.47897,0.0779135,4.06747,3.44534,6.29627
0.187652,2.33497,6.82629,12.1641,12.351,10.4342,8.88615,17.5227,47.5931,42.2255,11.776,9.36712,4.05481,4.1985,1.28513,0.574976,5.62695,5.5187,1.82451,2.82086,0.415391,0.0396516
0.374853,1.99567,1.77576,0.389916,8.37444,12.2975,1.69077,6.95713,42.608,33.8193,2.29086,11.22,3.62582,1.07478,0.148804,0.153467,4.05098,7.04359,4.84629,4.48638,3.06737,2.04079
0.326666,1.0237,2.77888,9.80869,17.2968,9.28147,3.35897,6.98237,1.98925,10.3236,1.11992,5.22753,2.71249,3.25844,2.67488,0.776307,1.4346,5.56468,2.7326,0.00108792,0.716098,0.560187
0.353885,0.664674,2.15449,11.5303,17.6361,4.48868,1.98212,0.698922,25.8381,27.3019,7.07731,6.12203,8.86039,6.09254,2.17772,0.509752,12.4897,23.9931,10.4404,0.303354,0.572051,1.49643
0.217384,0.0997234,3.68069,4.80416,6.33348,7.77838,1.9182,4.46882,10.5152,13.0588,1.98458,3.12404,1.54348,0.377697,2.64207,6.17257,27.3413,33.0785,7.73617,6.13293,8.72403,8.19961
0.436248,1.06904,1.8282,10.0701,12.4161,7.7673,1.53069,3.4623,27.3947,22.4844,0.541944,3.62643,0.430801,1.54837,1.12169,4.73886,19.7299,22.7815,6.96711,0.0699146,0.342688,3.19384
0.199735,1.91025,4.83482,2.99271,0.333719,0.547255,2.15284,11.8251,33.9131,30.6033,7.02631,1.93267,1.90867,0.951209,1.26002,0.717907,8.91782,9.66411,0.766965,1.99019,3.38686,4.23813
1.73088,0.819432,6.05933,8.15053,7.21173,5.00339,0.47772,2.46393,10.2069,4.4475,1.67653,0.662667,2.76804,6.93623,4.35542,3.853,22.2249,28.9786,10.6694,2.22652,2.79757,1.66283
1.26109,3.78909,3.14056,1.09134,0.869636,3.28332,1.91797,21.1023,52.9759,36.9557,1.81678,2.58267,1.39197,5.6979,6.45776,3.27086,6.9045,7.43936,1.82423,5.12337,1.74114,2.05406
1.3505,4.84839,6.57014,3.98492,11.6271,18.239,1.2165,9.41769,52.1758,39.2051,3.87647,3.20004,3.81965,5.93659,4.7007,3.64837,8.70211,1.38534,5.92058,3.59068,2.5723,0.64934
1.05432,2.32855,10.6896,13.9013,5.94838,0.218811,10.4201,26.4097,30.4965,15.8816,4.49732,10.8902,9.68147,11.6162,8.67811,2.72479,15.1921,13.7451,3.05962,2.49848,6.16281,1.05017
0.858292,2.81344,3.98602,4.02162,11.8976,9.6625,1.47602,11.268,34.7822,23.2909,3.92509,9.76507,2.97188,2.06271,0.427598,1.65526,4.55041,1.08632,0.885321,4.85473,9.81754,5.3173
0.0715801,1.19849,3.43434,5.79229,16.397,12.6252,5.97178,25.6929,72.008,58.5686,9.76102,4.76059,3.2692,4.33526,2.52726,3.06956,20.4975,27.7617,9.9532,1.77542,2.49087,0.336747
0.374181,0.475711,2.33326,2.70977,10.8801,2.97905,7.73193,4.38404,31.6085,28.0063,4.06855,2.42646,1.67997,3.64742,5.63446,3.56587,26.2781,32.1291,9.73215,0.478735,0.734514,6.94334
0.266064,0.0467874,0.564106,5.43477,11.3819,3.67385,1.55683,11.0039,44.4178,40.9487,9.16369,4.64011,5.75327,3.64064,2.19267,0.744215,5.56769,11.4097,5.93546,1.51559,1.26142,0.620364
0.687216,1.64806,3.59792,4.07577,6.14358,8.235,9.78904,12.9569,63.6853,57.3649,6.42548,10.867,6.98494,0.822525,2.64602,1.16962,6.24264,9.52888,2.91639,0.82824,0.0502118,0.839041
0.412839,2.09163,3.43583,1.91712,5.52094,0.780429,4.88543,2.76244,2.92851,4.17845,2.05106,11.2664,9.33561,1.91546,0.903139,2.6057,18.4669,22.0273,5.82706,0.0941215,0.43724,3.49771
0.409437,2.44717,6.77359,0.452726,11.8956,12.5858,9.37572,17.187,62.8672,47.2445,7.10992,5.95574,3.77418,2.6093,2.30892,1.86217,7.73423,14.6637,5.26947,1.57959,1.48629,1.63905
0.145874,3.02213,6.80423,1.87139,16.1597,16.3565,12.9363,14.8062,62.0661,46.4667,0.323979,8.97927,2.59891,1.10918,1.64641,1.43466,0.909232,2.94396,1.06904,0.363207,1.67257,1.16003
0.0960845,2.7437,6.69662,1.86342,13.4797,7.87316,2.19985,9.64577,25.6039,15.4741,4.15202,5.22749,7.0357,8.57121,4.78545,0.573984,2.98214,2.40667,0.302102,2.08655,1.83717,3.15224
0.25314,2.5285,6.77877,0.913183,6.02097,2.10468,12.8724,11.8754,6.94989,15.4791,0.854397,5.54187,0.358005,5.73446,4.04126,0.628797,0.975822,3.1645,2.24421,0.0657382,1.25769,0.0716732
0.053851,2.74845,6.11872,2.90306,0.243205,3.82634,2.43386,14.0304,30.0928,20.4857,6.80677,9.42663,7.49799,0.27524,2.74321,1.09982,4.79831,6.47796,0.866925,0.71844,1.24471,1.06057
0.117724,2.32735,4.7603,5.79563,6.13027,1.68746,2.48951,1.1551,5.98482,5.39526,3.78909,10.556,9.29192,4.11838,1.88148,1.78033,7.73621,10.8057,5.18395,1.4105,2.01935,0.0263788
0.0914549,1.52787,3.33448,8.74033,14.2729,6.01065,2.05848,4.05307,9.17371,4.32935,5.20744,9.90554,5.52517,3.7063,5.3399,3.32695,3.4645,4.35368,1.20263,0.734269,1.10025,2.12526
0.0637099,0.514268,0.21442,3.79442,10.864,10.8219,4.56289,5.99506,16.3019,14.799,7.93481,6.62222,4.17883,3.58679,2.55257,0.919043,2.84971,5.0655,1.02333,1.34345,0.375885,3.25236
0.230151,0.120796,1.49382,0.837506,6.25181,6.97001,3.59718,7.16842,10.3233,4.2261,3.8704,5.51899,0.0199133,5.6503,3.56806,4.96462,14.3559,12.6222,1.1894,2.8985,1.83517,0.345579
0.346059,0.339429,1.96913,1.04213,0.0591211,2.40378,3.28858,4.43743,16.6557,18.043,8.82704,0.340645,0.584103,2.76787,1.58967,0.125067,0.772854,0.766755,1.0981,0.749974,0.274956,1.63377
0.119547,0.26001,1.09289,2.18384,3.63681,4.38546,1.81584,3.24188,4.98621,2.66616,1.12085,1.41882,1.23156,0.798764,1.45838,0.547037,8.34453,9.30197,1.34596,2.30717,2.59531,4.54945
0.170738,0.131956,0.404693,0.126515,1.2346,1.33288,1.09316,9.49209,20.3572,12.9096,2.33519,0.17825,3.28813,5.14746,2.79783,2.79616,9.75134,10.9944,5.03716,2.42875,1.5677,0.948742
0.305877,0.358203,0.0729664,0.81399,0.0771709,1.76737,2.54469,10.7213,33.6775,28.1307,7.22735,1.88826,1.54872,0.207109,0.597678,2.34416,7.85722,8.75836,4.43641,0.817204,0.245795,1.32467
0.0839448,0.0150789,0.308488,0.160224,0.251455,0.820569,0.994014,3.78878,5.35424,1.38761,0.201396,0.912632,0.244283,2.06472,0.0514022,1.19751,8.9438,12.4204,3.40114,2.03953,2.81547,2.36821
0.0343199,0.102881,0.107421,0.32552,0.709923,1.2757,1.95015,2.89418,20.4795,20.2026,1.79041,2.40513,0.328308,0.383569,1.36816,2.50768,2.44104,4.98386,1.28141,0.527568,1.47023,0.371713
0.115713,0.113799,0.394306,0.917706,1.24446,0.351971,1.06744,1.34859,9.15568,6.64038,0.540776,2.00533,1.90327,0.306802,0.352261,2.15504,6.07283,4.15718,2.35687,1.46016,0.010039,1.42152
0.0880549,0.106596,0.46788,0.215535,0.084591,1.12625,3.49086,3.3324,5.13933,7.11956,0.593908,0.153464,0.214736,1.21826,1.07072,0.288966,5.63792,7.88339,2.92777,1.88613,4.39299,5.74116
0.0924915,0.0597163,0.0238621,0.464669,0.529161,0.442654,0.511185,1.35652,10.549,10.15,0.644821,1.35322,0.995094,1.86073,0.159103,0.199499,0.181943,1.39604,1.07843,3.41622,4.12337,1.49861
0.0915601,0.175033,0.419615,0.388159,0.00171353,0.74983,1.73154,1.59184,6.72154,3.90713,0.962692,0.734151,2.40016,6.76677,5.39369,0.458965,1.36138,1.78939,5.51777,4.98986,2.19083,3.10394
0.0291282,0.17138,0.11279,0.172945,0.225408,0.651562,6.90492,12.2069,4.81766,2.72819,6.59073,4.80397,1.37419,3.6093,1.85664,0.911043,10.7519,9.70469,1.43598,0.750049,1.46987,2.12753
14.9906,28.5321,1.46222,61.0835,17.5697,37.0002,2.40057,49.9942,64.7104,5.00068,46.0094,31.8851,23.751,20.5559,3.65074,17.4173,22.509,0.904167,12.5436,10.3985,2.92137,6.14414
30.107,36.3283,32.4755,139.369,96.6843,3.78231,4.42215,5.30254,24.8363,16.986,78.5799,60.8832,26.5613,12.6639,12.4345,6.50957,2.08431,13.566,16.4923,13.6898,10.6948,6.7338
29.1102,30.9709,145.662,117.767,11.422,2.20291,1.9964,8.71171,23.6198,48.8055,56.7192,23.2516,1.23971,1.29907,2.00503,3.008,15.7542,19.0393,4.47975,0.559276,3.29204,0.710149
16.9844,98.4222,138.655,39.8345,9.10109,2.05391,0.143875,6.16122,24.4317,45.1071,53.1036,26.1039,1.91503,1.59121,0.949993,0.0519291,4.60835,7.58387,2.90361,0.683235,0.854982,0.544574
27.8008,29.9077,26.4794,6.95258,6.6215,3.89955,1.43351,0.678247,6.65677,9.96039,36.89,23.1569,1.06621,0.063641,1.38717,2.28606,6.76472,8.31887,1.3687,2.30666,11.8575,10.6968
89.6395,108.297,72.062,11.7842,10.2076,11.4648,6.32989,4.59271,22.7153,9.14854,21.8797,14.7836,0.975015,2.01315,2.08778,1.11127,15.2534,20.8117,7.67339,5.82745,15.7766,10.2171
128.227,125.433,65.7636,6.20767,4.87232,9.8974,7.98009,4.38504,7.20713,5.51785,20.4418,12.3012,0.157079,1.21367,0.21378,2.66673,16.3966,22.2915,6.47537,0.780351,10.3564,10.9758
126.912,111.054,48.7307,0.613776,4.36467,0.636083,4.37983,2.37558,11.8307,14.8144,2.75892,0.183252,2.76768,0.645919,1.11644,2.33268,9.33519,13.0594,5.24362,3.77562,12.491,10.9153
63.6477,46.8987,7.88365,4.41562,3.26058,8.21063,13.1716,5.72659,4.99987,7.66151,32.8427,26.0834,2.67508,2.38101,0.382169,1.99124,6.36137,7.82343,3.09215,4.01748,14.8708,12.1638
55.1812,41.8798,9.50111,2.35986,13.7147,24.1498,13.0895,3.89409,13.81,21.7848,27.2203,20.4401,7.90158,4.38088,1.06776,1.03592,13.8348,21.3292,6.11674,1.32866,5.77857,7.48325
164.395,131.678,47.5546,5.12814,4.36395,2.05467,1.85949,7.48893,12.0481,1.86203,9.85453,8.60798,3.31857,1.57179,3.66215,5.6812,20.3766,25.8656,8.6173,4.3218,12.0398,11.8541
199.852,158.121,51.6097,7.17776,6.02237,10.9506,3.24554,1.89827,2.39207,7.83722,12.7647,8.93859,8.04576,8.23546,1.13792,1.49807,12.107,14.3778,3.46092,3.11728,9.03789,8.55585
146.406,125.45,52.5169,4.76324,1.76061,16.2288,18.5864,2.09433,6.87988,11.8063,19.9216,12.5634,1.70955,1.40395,1.75218,7.04352,13.0079,7.62264,0.800359,0.927693,0.266539,1.80971
50.3123,44.9248,13.3881,12.4828,18.1957,23.3013,14.6934,1.5524,3.62726,10.614,32.5062,22.9287,4.2787,11.0182,4.36256,3.04815,2.52633,10.8861,4.67811,0.275047,10.2434,19.3593
47.6566,22.1363,6.92447,9.11543,12.4914,14.3819,11.366,0.378185,16.3558,9.31483,3.04316,1.36555,5.59109,7.15368,2.07366,6.47958,17.1744,15.0301,4.67765,0.164373,16.497,25.9049
91.0885,59.5031,11.2218,1.85327,2.17846,12.0243,6.32823,2.79011,5.96235,10.044,21.1485,22.7988,1.96211,4.60554,2.3316,3.25417,1.54485,4.72187,2.09001,0.697261,13.2784,23.9806
66.4886,42.372,7.53892,0.177193,5.16724,19.999,15.2679,6.69698,11.5669,11.8355,13.1654,7.94935,6.44674,9.00505,6.44241,8.95454,12.3063,10.7787,5.27329,1.30155,7.04801,12.8966
11.1799,18.1705,17.8684,9.73273,12.7957,15.1172,13.1035,1.10614,18.4202,33.3017,49.6022,38.4796,6.09526,2.96155,2.12076,4.44905,6.23817,15.6628,6.69156,2.7921,11.2124,14.3224
68.9223,52.5597,13.8106,9.34337,19.3725,27.8188,22.4442,10.1725,1.25948,0.465933,1.39561,0.300072,9.0836,11.756,6.21298,1.7185,16.5391,17.8397,5.80024,2.25065,2.39403,1.12553
64.9126,67.58,44.2156,19.6594,11.2234,11.1443,11.2547,6.23208,14.3021,27.5163,47.4998,37.5506,10.3217,4.54247,5.42945,7.18621,4.78675,2.74276,3.7574,1.71542,14.7609,18.0168
43.298,37.4329,7.22912,11.3163,16.4278,25.9178,11.5213,0.666022,3.31889,4.48479,13.1441,16.0393,10.91,8.137,2.20913,0.037461,1.10469,2.20878,0.175143,0.566665,14.3409,26.0566
36.3316,49.0657,44.6852,17.229,6.14826,1.13535,10.4222,12.0858,12.9461,21.1713,31.8266,23.5418,8.0638,5.52288,5.34947,1.39621,8.99665,11.8121,4.01534,0.386471,11.373,22.3625
31.7871,24.7943,1.32715,7.20512,13.9342,28.1212,25.4695,13.2829,10.7362,15.6872,28.2719,22.9337,6.84096,3.86391,0.741236,2.24549,7.35232,12.5427,7.17477,6.4751,18.9519,25.5088
19.2003,31.2408,33.4602,3.75244,8.25855,14.3683,14.4744,2.94601,4.38172,7.92209,12.6942,3.41759,7.75085,6.50589,3.20245,1.99768,1.86325,3.47294,4.89273,5.2471,8.95844,11.9355
15.7672,9.74034,7.25745,1.80822,26.8909,28.1173,6.44292,3.29293,1.87865,6.97707,2.04322,4.17218,6.61823,5.37714,2.89007,9.81021,6.3144,2.08913,0.846927,1.6039,1.97037,0.0738518
4.65421,11.0854,13.8863,3.72638,24.379,15.2472,9.53498,14.1102,13.591,24.4919,31.7784,18.2819,2.12167,5.92114,2.22312,11.427,23.6227,15.2092,1.52472,3.78208,11.7057,7.37328
2.60573,3.31251,6.10905,1.73101,0.977558,24.8191,32.8283,13.2635,5.27124,10.3429,19.1448,15.5173,1.42375,5.99827,1.19758,7.08317,7.35572,2.68102,3.09714,0.866855,9.02752,11.1311
13.3732,14.991,13.538,5.93501,10.1657,26.4854,18.1123,3.81591,12.1915,27.1756,36.4629,20.2281,3.99516,5.67802,2.72348,5.5835,6.68635,6.72272,6.23418,0.418119,17.4135,18.0596
20.1149,15.7144,1.33205,3.10238,21.1803,17.85,0.978092,9.96487,8.05969,14.6708,35.2377,29.0937,0.0738399,6.10594,0.586624,5.30443,7.61486,0.180503,0.925459,6.90906,15.6655,13.918
33.224,42.7282,38.3713,6.32468,24.0089,20.5343,7.69843,12.7662,0.704089,6.00593,7.91682,7.02372,4.76289,8.62247,3.2213,19.6912,28.2329,17.1009,1.21458,6.14866,12.3871,11.1182
41.9449,34.4398,0.621613,1.55812,15.32,17.3919,32.7237,9.94614,2.68933,7.42176,7.5878,5.24594,0.889278,5.23864,3.47642,5.33158,5.41449,6.09529,1.87574,3.27943,11.6309,0.629406
49.63,65.402,57.065,11.0968,26.7766,41.8537,23.9678,2.8625,0.108516,17.5584,45.3198,29.2658,6.97443,11.6127,0.25269,0.874864,6.91957,8.04005,3.60752,5.85034,20.0957,15.5622
57.5449,47.4796,1.84113,16.0692,0.882401,1.13934,11.1049,9.28394,0.071626,6.80523,28.7719,25.0119,2.16905,0.912686,1.60366,0.303591,2.51293,0.281636,3.55468,14.0955,15.9212,0.637882
64.7233,82.1984,65.3828,16.3531,13.4093,18.1801,5.90491,12.0799,4.33429,11.1187,2.66633,5.67084,6.83003,12.7968,6.67478,9.17631,14.5831,10.15,3.80869,2.03057,14.673,11.7606
70.6893,62.8802,14.3083,26.4804,14.0976,24.193,35.5745,9.03702,7.97596,19.0768,15.2426,0.668935,3.00339,2.01466,1.58112,6.269,0.721131,6.51804,0.590019,13.5024,12.5884,2.17102
73.4155,87.7907,60.3691,17.8194,33.4435,45.1695,25.8366,5.95604,3.80432,0.0781558,22.0117,18.6748,8.43274,13.5275,8.44028,2.91634,5.20876,3.64769,2.20021,2.37001,11.9365,8.8279
78.7312,77.0203,31.3227,18.4803,25.5573,22.8211,20.7297,11.3429,7.25932,3.02135,16.0821,13.9215,3.82919,3.98407,2.91208,6.77045,14.0813,10.4043,0.361988,3.51206,9.34468,0.826834
77.8839,84.4665,47.2552,7.36149,2.18355,12.5331,1.63675,12.599,5.27998,12.6882,2.23573,10.5941,2.1638,7.18811,6.00481,10.7361,3.51332,5.40518,1.63269,12.3532,22.5461,22.1642
79.4282,84.8893,47.7768,5.16164,9.36403,40.3438,38.7435,13.4762,8.38488,3.1586,6.58339,6.74259,4.58839,4.79574,5.765,5.08494,0.230196,1.88805,5.07888,10.209,16.3571,17.5829
75.8982,76.4685,33.8995,10.1526,22.3278,33.5386,22.2303,1.21042,8.87677,5.46093,10.1991,11.5504,4.00944,7.59903,3.62505,10.2668,11.5035,1.89815,7.13363,4.12874,8.17955,3.73618
71.1721,85.2037,62.2622,25.5178,30.5518,31.4009,26.6866,15.0463,2.38479,10.8283,6.81503,1.63199,4.6679,5.71424,5.43499,7.72252,21.0592,8.88989,1.13891,0.290459,4.37449,7.08088
65.9227,56.522,14.1733,20.6044,12.2138,11.8197,5.07288,11.9969,3.89247,3.64469,21.8476,23.0445,2.77582,10.2455,1.92778,14.81,15.0345,4.24963,3.95454,4.18523,14.1088,24.3849
55.2045,69.8643,58.8288,26.0344,34.2974,54.1313,38.1362,11.916,13.7779,14.7628,0.786149,4.21797,5.23514,6.29314,3.2462,0.020377,5.33365,5.54927,7.09714,6.88191,7.63777,11.9386
49.0461,39.8795,3.9679,13.7628,0.777956,14.2108,19.7323,6.30152,5.89467,10.844,47.8766,37.2449,2.01121,8.12762,6.28824,19.5071,11.8256,6.29521,10.2864,9.30506,3.19506,6.40973
41.7665,55.8539,50.6871,16.8267,4.89661,21.0805,26.5792,16.2051,11.4277,16.7374,17.996,9.81066,5.96691,4.63394,0.445565,10.0946,22.1442,16.2836,5.98754,1.07469,1.36272,1.95311
31.6732,24.5071,2.03144,1.62027,5.32023,18.1775,7.52071,16.7092,20.3563,2.60111,27.6893,22.5707,4.45498,6.93984,4.89394,4.38588,0.137668,0.162132,3.10752,1.88388,8.78737,10.1875
23.7324,29.6099,26.0544,0.218925,35.1441,53.1441,32.843,9.87876,12.2297,11.8267,1.68849,7.07142,6.06373,4.41442,0.702275,2.44363,12.1162,11.9118,7.92549,8.33445,1.03282,7.62775
10.1627,5.98782,6.53187,1.58987,16.2459,5.07054,18.1477,8.93362,7.04272,6.1792,28.1686,21.7142,2.54756,5.84249,2.10726,1.21323,6.90217,12.3257,6.88907,3.28788,5.61702,13.0217
2.9463,4.83397,4.28351,8.73167,16.3439,5.04763,21.7369,18.6304,27.658,25.2005,0.392419,8.24523,5.44428,3.05803,3.61504,7.14385,6.41385,2.64278,0.829988,0.585387,8.34658,14.4615
7.51179,7.30017,4.42801,1.35432,16.9712,30.3227,6.88883,15.0415,19.7629,15.4134,16.8503,15.4767,2.49752,6.34081,0.276499,5.28601,13.8707,13.8299,6.00784,2.2987,6.72401,13.8531
12.5559,17.9972,17.7415,9.19504,12.2518,42.9892,36.1477,6.84167,5.04739,3.94984,5.45881,8.2124,3.79613,1.2892,3.95277,4.83359,10.1452,14.8202,6.63938,1.96589,7.00552,11.9032
20.5815,18.516,4.94454,4.82782,5.8476,15.7247,11.7829,8.61533,26.6096,19.6413,13.4948,13.1667,0.0444001,3.37206,0.200492,0.0776984,5.2085,8.58063,2.19471,2.0768,5.96793,13.5053
26.5758,34.7769,30.579,4.59321,17.2522,13.6659,1.51102,14.8445,35.623,35.8945,22.3784,12.7327,4.55578,2.27921,1.428,2.00125,2.49794,4.83873,3.98689,2.55692,7.71342,15.1862
34.9473,31.6895,8.89835,2.35468,23.3086,22.5366,3.84535,6.57559,7.41028,4.00099,4.26201,4.95832,0.253198,0.59071,0.723672,4.19718,13.3807,15.3885,6.03788,1.57226,8.11303,15.4721
39.3145,47.2216,35.9558,1.94128,4.18083,19.0545,23.5511,0.506089,22.6323,23.9877,17.9834,12.9141,2.41784,1.56775,2.12925,0.839926,8.39702,11.9062,4.66534,0.0356268,11.1378,17.2593
41.2374,39.5464,13.7761,0.731694,19.8703,28.5414,12.4047,10.0208,27.7562,14.7631,4.8206,1.06072,1.98397,1.65846,2.08397,0.786286,2.11769,2.9258,0.783517,2.20467,8.82329,11.363
46.9198,53.2098,35.9343,2.87504,0.132195,12.0302,9.91712,2.73636,12.6513,1.54041,24.2332,20.5192,2.77918,0.593462,1.06867,1.62353,9.21117,9.47412,3.73916,0.691746,4.05488,5.62434
45.083,44.7883,18.6327,2.25781,5.45208,4.29594,0.00893503,2.55244,7.40734,14.5627,25.7115,20.1754,3.00005,1.05347,0.871215,1.95541,6.36074,11.4321,4.88105,0.0181972,10.9507,15.0221
48.7594,53.5637,32.0607,1.22185,2.92519,1.71848,0.450413,3.92372,14.5014,15.7138,2.68453,3.87952,1.30256,0.230095,0.684195,1.70742,3.05252,6.50745,3.10808,1.20148,10.7321,13.1369
49.0907,48.7131,21.8387,2.15406,0.200731,4.3719,6.52252,3.90103,4.95678,2.25323,19.6754,17.0308,1.74299,1.92911,0.345523,2.65881,1.7922,2.07622,2.52059,0.05326,5.81834,5.15058
50.5822,53.1785,28.5733,0.484981,1.66355,0.44539,0.957414,2.22397,8.43709,12.3357,13.1438,6.3957,0.563819,0.530307,0.47957,1.48732,10.1578,12.1615,5.3501,1.45491,8.34258,6.15514
49.7013,50.2167,24.7653,1.40969,0.417036,1.74938,0.464072,2.57924,11.5829,10.3563,0.89938,3.07712,1.31414,0.540104,0.56451,0.196001,8.00197,12.7892,5.43368,5.73882,17.1553,15.4294
46.731,48.4766,24.993,1.09302,0.310193,1.30637,1.28954,1.48176,0.204993,3.65494,9.50567,6.27628,0.917013,1.35735,0.342772,0.772166,3.52956,6.027,3.21924,0.147964,2.33966,6.13311
45.8724,45.9184,22.3178,1.42675,0.51094,2.62368,6.03036,0.776625,12.5273,1.49162,17.5137,12.7927,1.52867,0.126179,1.18437,3.39286,0.361306,3.56026,1.45289,2.08729,6.60645,3.95165
43.2165,43.4758,20.9574,1.25367,0.120473,1.75337,4.44644,3.11456,17.0468,14.2893,2.43332,0.589589,0.922235,0.57868,1.2742,1.75763,10.4953,11.8234,5.24908,0.191127,8.09812,8.98689
39.8638,40.716,20.5967,2.12532,5.0314,4.71021,0.447099,0.486398,3.88612,6.77377,13.071,10.9694,2.97828,0.421828,0.370247,0.608963,3.43727,7.28115,4.04598,0.104689,4.7299,3.95497
37.5231,37.4466,18.1408,0.621686,1.62964,1.25406,0.696733,2.04662,12.084,8.47002,7.63308,8.06994,1.41023,1.29163,1.20222,1.32497,1.07116,0.321923,0.152069,3.12473,14.1016,16.857
34.5858,33.7501,15.6752,2.77251,4.92293,5.63925,5.39391,2.43588,15.0063,8.83957,3.52251,1.19943,2.74808,1.89057,0.321762,0.186212,5.06342,8.51371,3.00567,0.238962,6.82479,12.3539
29.936,30.3615,15.1609,0.654542,2.50516,2.64969,2.81991,0.391267,3.60999,0.716806,1.18539,2.08288,1.33809,0.430165,0.528892,3.82454,12.4381,13.8662,5.2175,0.452779,5.83318,8.54126
28.1759,27.6526,13.2814,1.21255,0.411709,0.372691,1.15539,2.4406,5.5893,6.4974,1.54123,1.25028,0.358024,0.935573,0.441393,1.13037,2.70385,5.52942,1.69222,0.168505,2.19295,3.6849
26.2197,24.9727,12.1026,0.507771,1.23981,6.09158,4.96477,2.25639,4.88849,10.5767,16.8117,13.2942,5.2113,2.61339,1.14519,1.24647,5.3138,6.07741,1.77034,1.29992,10.2196,13.3759
3.00862,6.05364,3.99117,0.125187,4.82934,8.36313,3.55713,0.978663,5.42116,1.05468,11.6554,12.0371,4.66589,1.69867,0.716555,0.115797,8.41554,12.7456,3.46612,1.05831,6.63017,14.1062
1.7358,0.966793,0.0646953,1.57996,1.16317,4.41904,5.00485,2.15925,8.20395,8.93565,14.5266,16.0773,7.0283,2.91037,2.26156,1.90524,10.0553,10.2693,1.90932,0.0460212,2.03111,9.12517
1.16842,0.747453,0.381294,2.0738,5.88217,6.18512,2.26976,1.05299,1.10661,0.798982,3.19026,4.14202,3.14355,2.07753,0.420935,3.81727,6.75263,5.04758,1.38569,1.82133,5.93895,6.6918
0.942931,0.492657,0.307782,0.694152,3.02771,1.95602,0.258971,1.03903,5.33413,10.0936,19.6916,20.8287,8.84748,2.61558,1.03724,0.157584,6.33056,10.7208,3.33662,0.588719,1.26786,4.35571
0.794623,0.266206,0.0591177,1.27791,0.79823,2.52161,2.14145,1.01328,0.683813,1.35193,4.59353,8.92845,2.12328,0.352495,2.22557,0.681435,12.2512,15.492,4.47469,2.84616,12.4828,19.3222
1.12171,0.558447,0.182838,0.672242,1.69561,6.59671,5.44049,4.39972,8.49882,3.73442,0.212309,4.50112,2.97989,1.0378,0.787939,0.166757,4.29529,6.5562,2.15285,0.201515,5.31404,12.8061
0.726624,0.335886,0.152887,0.29897,4.37764,7.0149,2.55575,4.06593,11.4102,1.60983,27.8048,29.3864,7.69178,0.911225,1.41818,0.0247366,4.43558,6.01982,2.31334,0.206886,0.769983,1.59314
0.684868,0.327577,0.184897,2.16333,2.39408,2.48027,3.37388,1.21616,2.57844,1.07977,0.640393,3.04581,2.0539,0.0661686,0.48072,1.08479,9.88524,14.2184,5.77558,2.90192,3.67448,0.507276
0.524523,0.204858,0.334381,1.04554,4.53513,3.89193,0.471589,2.75274,10.9259,5.36284,18.5158,22.5811,6.00131,0.0531064,0.38782,0.925967,9.13992,11.1035,3.18537,1.14041,2.15997,5.09683
0.153461,0.0669117,0.25101,2.16249,4.78172,4.43615,1.40272,4.11564,11.4848,9.4438,12.3249,16.2921,7.52315,2.45016,0.662697,0.873294,0.878957,0.851656,0.6375,0.669242,3.61652,4.5406
0.309474,0.225622,0.44316,0.854913,1.33057,1.92597,2.4119,0.174075,0.322711,0.261697,2.78517,4.32402,0.488996,1.88901,1.4105,0.351773,7.76929,10.4212,3.45947,0.296078,4.8012,9.08892
0.347062,0.287987,0.138936,0.913688,3.24228,4.63484,3.18022,2.27491,9.55203,13.6066,23.2379,22.0066,5.84022,0.0307041,1.03327,0.841934,7.14252,10.6826,3.63145,0.192995,5.18857,10.9467
0.258201,0.0773101,0.0901321,0.174649,1.30167,3.64411,2.37946,1.64888,4.96232,3.46552,0.585665,0.858912,0.180284,0.38348,0.321308,1.38317,5.38919,6.62149,2.55601,0.77951,7.37647,10.8034
0.247705,0.156201,0.0957554,0.0589452,0.268611,0.0312788,1.1328,0.496519,1.5075,9.03766,24.4314,20.1447,3.43427,0.44763,1.36314,1.0908,1.81287,2.01832,0.691362,1.36686,3.14978,2.98309
0.12558,0.0444157,0.00904172,0.676768,1.61749,0.952482,0.820461,0.865731,4.07052,8.00164,15.2503,11.5033,1.27257,1.01451,0.730119,1.57173,6.79142,8.09737,2.86912,1.20733,8.85772,11.0667
0.166692,0.0923551,0.0862659,0.426592,1.66916,1.92361,1.04545,1.2203,4.62788,1.64617,6.57293,5.51918,0.79161,1.42433,0.405399,0.90055,5.31566,6.53382,1.97709,1.78922,10.2158,12.1265
0.153486,0.120891,0.0184012,0.498413,1.03327,0.20465,0.640317,0.113102,0.123793,5.7055,18.4733,15.1563,1.69836,0.914184,0.31575,1.13106,0.640839,1.10924,0.702847,1.99936,2.94174,1.12815
0.0641015,0.017741,0.0522757,0.237183,0.252414,0.332363,1.24542,0.476626,4.20109,5.95137,8.39592,6.71957,1.91956,1.28182,0.185786,0.0226086,7.1203,10.1838,3.26419,0.076345,1.92604,3.80941
0.141938,0.0508002,0.00118794,0.132857,0.186127,0.725607,0.119614,0.195102,2.73296,0.724655,10.6788,8.75214,1.12914,0.865328,0.814994,2.58396,10.5014,11.1636,2.79281,0.850941,3.46068,5.33832
0.114524,0.00443485,0.0325283,0.255856,1.10771,2.0238,0.970605,1.69287,3.57414,6.19898,16.4147,15.1357,1.8569,1.28036,0.139986,0.814204,0.112938,1.26861,0.201329,1.24671,4.67955,4.63566
0.0517705,0.0307226,0.030931,0.390264,0.671686,0.0157932,0.915381,2.27359,9.45393,6.75557,3.00452,3.36869,0.312385,0.20072,0.102334,0.396098,5.43199,7.85629,2.35003,1.27417,0.574207,2.9656
0.12424,0.0802431,0.0157023,0.346169,0.5918,0.159745,0.41956,1.56324,5.6405,0.424781,17.7548,19.4186,3.90772,2.31718,1.1881,1.43137,10.2208,14.093,4.72356,0.180981,2.09751,4.27741
0.0321806,0.00430191,0.03659,0.0402233,1.19254,1.86939,0.48204,1.31607,4.00205,4.16065,3.98756,7.66345,0.121357,2.71152,0.0120177,1.31395,8.11176,10.1971,3.55786,0.611995,1.06662,5.17777
0.0622827,0.0697064,0.111753,0.1597,0.850543,2.69366,1.88564,2.27918,6.75539,4.92506,2.61971,4.56206,1.89191,0.0859526,0.724122,1.63681,2.93881,1.63987,0.177786,0.348703,2.17144,3.19049
0.039426,0.0763702,0.0478851,0.452284,0.15262,1.74024,1.50634,0.937648,3.74511,4.13289,10.0365,12.6533,1.49472,3.42249,0.487609,0.721041,5.71197,7.29691,1.36766,1.05698,1.48044,1.42726
0.0306807,0.000814987,0.0574548,0.195358,1.2921,1.69505,0.766194,1.72883,3.85033,3.9677,12.1132,15.2811,2.20143,3.72814,0.371322,0.179634,5.45766,7.20537,2.06956,1.86234,8.6446,10.9042
0.068525,0.0468467,0.0895724,0.565366,1.35361,0.994537,0.496002,2.45636,8.99519,6.37149,4.33554,6.76472,2.54563,0.145131,0.511066,0.743457,1.19683,1.09808,0.634251,1.21491,4.62448,13.0688
0.0455831,0.0199714,0.112078,0.268999,0.112789,1.59772,1.58071,1.34954,4.41672,4.00936,5.57368,9.57048,0.292333,4.58576,1.50832,0.508688,4.34864,5.99472,2.13278,0.338322,1.17015,4.80355
0.0419916,0.0551247,0.0546701,0.339822,1.69706,3.26432,1.93978,2.27586,8.58566,5.23649,16.6334,23.0761,5.26945,2.97604,0.436499,0.877368,7.08727,9.78542,3.48363,0.296226,2.15344,4.90292
0.00446592,0.0487719,0.0992953,0.0808362,0.799625,2.25088,1.75942,2.91982,9.82842,10.7917,13.6108,13.6954,4.68774,0.626649,0.626706,0.0220115,5.49941,8.22997,2.25301,0.0181398,1.63514,6.48868
0.0198115,0.0105397,0.0393888,0.0730086,0.409728,0.888599,0.162429,0.779599,2.71161,0.276051,13.2443,13.8511,0.928721,2.43567,0.264982,0.662969,2.01998,1.48651,0.367086,0.200975,4.52407,7.66213
0.0376863,0.0264535,0.0223732,0.155051,0.0964318,0.0183488,0.633933,2.64465,10.1795,12.8503,17.4111,15.5163,3.57797,0.0179159,1.02256,0.26584,6.83232,9.32389,2.26744,2.03675,0.381153,1.72666
0.05536,0.00209964,0.0333918,0.0573332,0.781286,1.84459,1.14937,1.94568,3.30128,5.92303,14.5402,11.4992,0.408244,1.91489,0.506968,0.537141,9.27142,12.8539,3.80278,1.00295,0.337259,0.165805
0.0858762,0.0488356,0.0276073,0.11492,0.337784,1.49165,0.879879,0.870544,2.921,3.36293,3.10088,2.04825,0.547523,0.54302,0.171495,1.00645,5.60709,6.63518,2.04279,1.18749,2.93601,0.814359
0.00242545,0.0130564,0.0377321,0.0746131,0.547806,1.39167,1.37255,2.01734,5.81048,9.8876,18.1921,13.1843,0.36162,0.999659,0.206392,1.31826,5.70128,6.03333,1.22453,0.0155532,2.41836,3.17423
0.0406915,0.00690329,0.0176489,0.145891,0.511193,0.83806,0.0159981,2.14,6.86245,10.8745,17.7351,13.3709,0.201913,3.07003,0.538705,0.613189,8.39611,11.182,3.08115,0.657454,1.02432,1.57704
0.0490299,0.0123419,0.0111086,0.162936,0.385325,0.250571,0.10433,0.171091,0.694136,1.17633,1.22332,2.51299,2.01261,4.22315,1.02856,0.296938,5.85824,7.90351,2.69344,0.133275,1.24355,2.89888
0.0221578,0.0239653,0.0561819,0.282059,0.482986,0.362913,0.225776,2.6301,8.27432,9.65816,10.8371,7.87099,1.20235,0.123318,0.292561,0.476337,2.49629,3.08634,0.868896,0.479531,3.57431,4.37592
0.0179935,0.0285908,0.00366953,0.21823,1.0035,1.09714,0.862851,2.56346,8.71522,9.58066,8.86317,6.90503,4.71951,4.24828,0.980072,1.08217,9.14153,11.7511,3.69493,0.169813,2.45162,3.61013
0.00298296,0.00447345,0.00127041,0.352148,0.502702,0.184427,0.400251,0.333154,0.543285,0.799911,0.531041,0.697009,0.761402,2.29124,0.806609,1.54354,9.01069,11.3749,3.14316,0.901889,0.992941,1.25873
0.0329301,0.0359196,0.0242806,0.276176,0.586166,0.556168,0.456522,3.22197,10.4927,11.3701,14.9274,14.0526,4.8132,1.796,0.70948,0.346141,0.460092,2.07472,1.04019,0.15414,0.321582,0.793331
0.0432817,0.00871323,0.00607961,0.239322,0.401983,0.450783,0.275107,2.80411,11.0632,8.37888,0.416213,0.521317,1.03071,2.6364,0.368563,0.161696,5.86821,8.47109,3.09551,1.39377,3.31215,2.16064
0.0200772,0.0159642,0.0222513,0.0254861,0.122448,0.14263,0.039642,0.961888,1.02613,4.95813,22.1881,23.6529,5.41074,1.00907,0.318987,1.21081,9.90288,13.2288,4.52794,0.134725,0.731216,2.52577
0.00700302,0.00167759,0.0622162,0.0311423,0.0297508,0.241139,0.450193,3.67264,13.9366,11.1627,3.42676,7.71674,3.44183,1.26701,0.671588,0.109082,4.06781,6.47486,2.66694,0.203345,1.91687,3.42183
0.0031245,0.00190189,0.0315335,0.0646538,0.0213585,0.130192,0.467978,2.64917,10.7149,6.57945,11.2647,13.9846,2.2988,1.82967,0.234743,0.347264,2.2426,2.63521,0.121486,1.58094,1.72122,1.50387
0.0124553,0.000137564,0.00343044,0.037131,0.260455,0.420665,0.379368,1.47321,5.92085,5.35241,6.89735,12.8429,3.54834,1.50202,0.13881,0.529138,6.71168,9.37493,3.30598,0.473628,0.570475,4.41783
0.00462644,0.0332771,0.00341188,0.0167788,0.131779,0.21334,0.424451,3.61683,13.9052,14.5996,11.9558,9.94664,3.17777,0.0405979,0.0525101,0.934792,7.16359,9.3461,2.86022,0.334312,0.991085,3.03603
0.00445086,0.0225075,0.00143448,0.00982815,0.00385378,0.300367,0.150711,1.13598,3.45815,4.84185,9.91851,10.5271,2.26175,1.32999,0.389694,0.504847,2.07019,2.45,1.11154,0.147676,1.27762,0.810191
0.018944,0.0317082,0.0375166,0.00537985,0.149364,0.712388,0.0791271,3.31106,12.0004,13.211,17.0577,16.9171,3.30092,1.8155,0.160124,0.902537,6.01852,7.32899,2.23806,0.162776,0.960695,0.356042
0.00652248,0.0193198,0.0067105,0.0669422,0.349377,0.597562,0.789909,3.15373,11.417,9.22772,2.24052,1.87838,1.94545,1.41933,0.403565,0.604511,6.87165,9.50332,3.0472,0.155762,1.55678,1.93625
0.0341024,0.0149768,0.00757351,0.143757,0.0448709,0.268337,0.253592,0.920777,2.11749,5.57698,18.5754,19.5429,4.19505,0.917901,0.0539026,0.0643825,3.60149,5.07585,1.56089,0.0115023,1.88388,3.36125
0.0461191,0.0121637,0.0561324,0.00148184,0.140128,0.301023,0.426392,2.95243,11.8588,8.35769,5.03478,6.27853,0.337601,2.22902,0.430632,0.520894,1.27062,2.62173,1.10444,0.31444,0.447271,2.42733
0.0532584,0.0366238,0.064122,0.124396,0.183966,0.163316,0.0430739,2.34062,8.403,2.54144,18.6057,21.0415,6.56492,2.04946,0.80787,0.863463,7.65374,9.26756,2.57308,0.213366,0.601321,1.83023
0.00732112,0.0013378,0.0263853,0.00188808,0.0489116,0.149662,0.0231738,0.439284,3.11307,0.288246,11.5279,12.7509,3.36933,0.181895,0.107371,0.822234,6.29099,8.33238,3.00272,0.0172562,0.300592,0.282772
0.00624423,0.00172104,0.0208466,0.00754878,0.0498074,0.0986609,0.160501,2.36145,9.38646,4.01895,16.2533,18.6494,6.89833,2.82002,0.709537,0.262563,0.442149,1.12271,0.527924,0.500592,1.4343,2.06735
0.0199364,0.0187594,0.0194895,0.0772035,0.100013,0.28099,0.153577,1.37964,4.35283,5.69303,13.8972,15.9485,6.43689,2.62478,0.764506,0.101717,3.72531,5.53909,1.92113,0.145156,0.630198,0.482487
0.0230388,0.00768855,0.0124503,0.0763484,0.0831013,0.0765455,0.0305156,1.0996,3.86776,1.48309,7.05351,8.02327,2.35617,0.283083,0.0900503,1.09813,7.1528,9.49764,2.78546,0.027096,1.30374,0.0405498
0.024025,0.0135054,0.026377,0.00653369,0.245086,0.0168195,0.270092,2.66584,8.84377,10.764,17.8636,18.916,7.99738,3.49834,1.39839,0.511113,4.81504,7.24706,2.43161,0.183712,0.00416965,0.162931
0.0133624,0.00787921,0.0245609,0.0681383,0.0873704,0.136238,0.103255,1.15683,3.93903,3.13352,1.07751,2.79064,3.30788,3.37516,1.26215,0.191463,0.761001,1.22025,0.794279,0.190729,0.0374652,2.14747
0.0104301,0.0183922,0.0327028,0.0191309,0.0782154,0.247127,0.223954,1.55116,4.97282,6.4383,14.098,15.1577,4.2778,0.510552,0.992511,0.0275412,3.58866,5.2351,1.73135,0.150637,2.07648,4.71162
0.00733598,0.0110625,0.018649,0.0770607,0.0169129,0.163226,0.365422,2.33766,8.37434,4.62037,8.08983,10.0045,5.14635,3.24648,1.184,0.718178,5.90717,7.99398,2.57855,0.311042,1.51125,4.91616
0.00537253,0.00836744,0.00889912,0.074437,0.0993119,0.165202,0.155071,0.755684,2.98468,0.881399,12.5344,12.3754,1.2713,2.02206,0.648349,0.167602,4.03195,5.7732,1.83658,0.310661,2.26928,5.1407
0.0121609,0.00950563,0.0065328,0.0245789,0.00320941,0.134424,0.238327,0.888581,4.39071,2.39427,6.99035,7.85295,1.32428,0.581538,0.250664,0.199933,0.26698,0.321198,0.14098,0.104351,2.28502,4.75948
0.00620719,0.00440747,0.0114043,0.0155898,0.141068,0.30807,0.0934524,1.19415,4.79907,0.973313,11.3656,11.5049,1.66485,1.11029,0.296919,0.878521,5.41304,6.61917,1.95371,0.632814,0.827252,2.64946
0.00383665,0.0158998,0.00931431,0.00843302,0.0955359,0.207558,0.13097,0.287951,0.0932923,0.986401,6.85409,7.4176,0.306488,2.30203,0.951427,0.189463,4.54076,6.42528,1.80864,0.212491,1.68704,2.15458
0.0107573,0.0158437,0.00916245,0.00152779,0.04352,0.0397606,0.0546598,0.715493,3.75438,1.85904,7.27641,8.92091,4.20487,2.05007,0.361324,0.0730917,1.05698,2.27002,0.98452,0.0560931,0.637245,0.520701
0.00393683,0.0175535,0.0217758,0.00358046,0.0304839,0.00477447,0.148743,0.0937245,0.596507,2.28439,9.30905,10.5763,2.45799,0.735857,0.0443145,0.227898,1.62216,1.87127,0.335992,0.164156,0.947939,0.623246
0.0034697,0.00341554,0.00519905,0.0517314,0.128232,0.167764,0.42137,0.525244,3.39927,2.95399,0.723176,2.33187,4.1058,4.13677,1.07315,0.599681,2.56285,3.01476,0.693998,0.238504,0.734797,1.76129
0.0206698,0.0092024,0.00213573,0.0187545,0.155937,0.00176306,0.0905454,0.862048,2.69623,4.88904,11.8965,12.4063,5.02476,2.15811,0.652363,0.166935,0.658625,0.953042,0.0689788,0.374284,1.36254,2.65413
0.0103786,0.00909189,0.000681182,0.0550651,0.0776954,0.012864,0.160277,0.532308,2.09219,1.97906,1.79307,1.0371,2.48637,3.03875,0.601648,0.305285,1.10192,1.29139,0.214554,0.185336,0.668589,1.69389
0.00653842,0.0201116,0.0185925,0.0462224,0.0798272,0.249249,0.00536152,1.4736,4.39701,6.06341,11.4709,11.9971,5.869,3.42651,1.32827,0.0322863,1.75271,3.08708,1.13076,0.274222,0.189952,0.107679
0.0049299,0.00375354,0.00085893,0.0230991,0.0386925,0.0263633,0.0605642,0.383764,1.2409,0.606987,3.72075,4.40144,0.232567,1.34376,0.146478,0.574951,3.16894,4.05272,1.21843,0.0331596,0.445736,0.0883922
0.00203492,0.0126842,0.00717627,0.0126504,0.019166,0.131966,0.0362308,1.09556,3.41659,3.73131,5.78647,6.81325,3.62879,1.97463,0.670927,0.3783,0.923961,1.93308,0.731096,0.231712,0.33948,0.773043
0.00570925,0.00113857,0.0170402,0.024817,0.0615664,0.125689,0.191135,0.926382,3.98513,2.10834,8.11451,10.4637,2.64816,0.214241,0.0164425,0.149579,0.193386,0.6705,0.135095,0.321867,1.60543,2.6836
0.00944466,0.0093336,0.0115954,0.0335992,0.0736326,0.112949,0.0150171,0.158374,0.149271,0.609655,3.1236,3.43258,0.876975,0.0608258,0.230159,0.653873,3.90135,4.89263,1.64451,0.217447,2.28927,3.76693
0.00453424,0.000749035,0.0203446,0.00584174,0.0673752,0.133509,0.118584,0.565583,2.46081,0.013744,9.15559,10.1719,2.46905,0.31066,0.269211,0.209264,4.2758,5.84782,1.88771,0.0259233,0.793652,2.38618
0.0105449,0.0261275,0.00187141,0.0326644,0.0513688,0.217131,0.103322,1.07351,2.81887,3.4454,7.73692,8.55187,2.37939,0.215939,0.463345,0.593872,2.56814,3.02644,0.912613,0.326304,0.447144,0.207725
0.0112814,0.00183428,0.0112236,0.0119061,0.130008,0.196325,0.216448,0.576884,1.41664,2.15798,5.90566,6.36219,1.49196,0.53132,0.207447,0.570798,2.86267,3.40993,1.18786,0.0741389,0.317554,1.22568
0.0165559,0.00133842,0.0173668,0.0444662,0.0101121,0.0418833,0.0281639,0.266576,0.703124,3.23653,10.8099,10.7607,1.17656,1.97718,0.68182,0.439092,4.8902,6.26782,1.67926,0.0646,0.050424,1.32057
0.0122623,0.00565492,0.0115138,0.025168,0.037231,0.0375719,0.0802648,0.0547108,0.191167,0.904918,3.44716,3.52443,1.19989,0.260211,0.0287229,0.283202,2.90211,4.27108,1.68626,0.053461,0.735921,1.17132
0.00577506,0.0109454,0.0056994,0.0255875,0.0501891,0.132042,0.273108,0.0426907,0.122488,2.81172,10.8647,9.99045,0.740021,3.62235,1.17284,0.334337,0.61402,1.13519,0.364352,0.175639,1.14779,1.03887
0.000688057,0.00627649,0.00303313,0.00537436,0.0927737,0.223883,0.0314532,0.384576,0.888711,0.56243,4.47203,4.84429,2.75047,1.74993,0.645462,0.378127,3.31899,4.31397,1.25907,0.142484,0.42611,0.118005
0.00960807,0.00634979,0.011678,0.0106975,0.0765928,0.20692,0.0447725,0.565009,1.78831,4.41164,11.0248,8.93661,1.42312,3.15948,0.147278,0.132234,2.01413,2.84758,0.641058,0.372158,0.278576,0.550061
0.0159472,0.00171078,0.00365059,0.0432915,0.0162581,0.0143643,0.168581,0.104041,0.159954,1.90866,8.46996,7.97907,2.69922,1.58775,0.593656,0.0347785,0.275542,0.162441,0.125039,0.191814,1.11483,2.10295
0.00350642,0.00520066,0.000757208,0.018573,0.0658225,0.0123881,0.120398,0.0578737,0.251314,1.9537,6.78997,6.00164,0.541427,1.67821,0.107652,0.0415492,2.05087,2.84523,0.835682,0.122081,1.5879,2.86274
0.0141192,0.00311617,0.0175464,0.0379242,0.124348,0.0612812,0.0779107,0.197687,0.893097,1.39747,9.7664,9.89419,3.01503,1.05545,0.309439,0.129023,3.20869,4.44961,1.53517,0.344439,2.45741,3.31678
0.00671008,0.0018278,0.0134656,0.00906693,0.0109509,0.159021,0.230702,0.233695,0.255741,1.1025,4.47342,4.03474,0.594248,1.70094,0.483647,0.19529,2.16942,2.68617,0.743128,0.0214843,1.82055,2.84525
0.0181877,0.00386528,0.00459393,0.00976402,0.013703,0.0119156,0.019665,0.593729,2.73573,0.339029,9.4685,9.08878,2.31022,0.773878,0.401175,0.111371,1.3989,1.98754,0.739978,0.1586,1.35766,2.40125
0.00229164,0.0089536,0.0035105,0.0196214,0.0184812,0.00363545,0.00588399,1.06364,2.9943,2.31566,1.28565,1.22398,0.511682,0.995098,0.229416,0.443525,4.2626,5.86515,1.86376,0.25252,1.00164,1.82414
0.00326978,0.00757485,0.00488279,0.012476,0.0191653,0.108768,0.0402559,0.23129,0.640148,2.45986,7.59011,7.24492,2.32138,0.721564,0.339402,0.419515,4.38394,5.93595,1.80101,0.240029,0.849318,1.3864
0.00494574,0.00288985,0.00660848,0.0117723,0.00192994,0.0337165,0.106259,0.939596,3.02532,1.83109,0.687743,0.871887,0.895647,0.835095,0.0536132,0.0638718,0.87927,1.2218,0.33295,0.119764,0.0178001,0.536275
0.0122662,0.00978474,0.0125885,0.0311964,0.00381427,0.0306335,0.306824,1.62188,5.3873,5.56532,6.73584,6.77744,3.22853,1.51974,0.36543,0.794419,3.73012,4.45781,1.17798,0.191867,0.55467,0.462624
0.0119096,0.00175654,0.00927379,0.0154885,0.0259501,0.0488993,0.147826,0.846857,3.1665,2.79063,0.11767,0.650956,0.0946016,0.229563,0.020289,0.547413,4.68649,5.92816,1.5571,0.702005,1.11823,0.866584
0.000744838,0.0122827,3.76254e-07,0.0455336,0.0213105,0.0839855,0.262278,0.974685,3.31757,3.13491,4.24482,5.53892,3.37485,1.4937,0.0237486,0.368689,1.50273,2.26837,0.786018,0.0305496,0.688446,1.51692
0.00294761,0.00642027,0.0111258,0.00293563,0.0146655,0.0916163,0.226113,1.87961,6.86466,5.10419,4.06188,7.34085,3.01597,0.272267,0.107106,0.538478,2.84513,3.38716,0.958607,0.101593,1.54345,2.34618
0.000432204,0.00401389,0.000550924,0.0129534,0.0052943,0.0687236,0.00916934,1.49063,3.41049,2.06892,3.35604,5.08446,0.764774,1.60745,0.275464,0.595407,3.92903,4.6227,1.21878,0.0710698,1.03956,1.9508
0.00132366,0.00333179,0.0125667,0.0130229,0.0139637,0.136125,0.0557994,0.0578493,0.688475,0.185711,0.326204,1.00479,0.861308,0.410864,0.50974,0.402066,0.280786,0.0718073,0.123501,0.176583,1.20213,2.39688
0.00291217,0.00711153,0.00862774,0.0270263,0.0722635,0.0108591,0.122179,2.10364,4.64504,3.47868,2.97527,3.10316,0.382496,1.36843,1.06081,1.41446,4.05139,4.06407,0.911296,0.0441559,0.884697,2.43676
0.00135387,0.0120989,0.0161053,0.0100796,0.0316639,0.000633777,0.205484,1.57576,5.16754,3.87378,1.24648,2.43623,0.277079,1.18499,0.0625192,0.156185,1.36896,2.57492,1.18467,0.0246253,0.605476,1.3782
0.00461098,0.00317628,0.00619,0.00481771,0.0470457,0.11544,0.0750042,0.378738,1.14464,0.440803,1.01479,0.89206,0.209238,0.154242,0.211282,0.141499,0.236858,0.219947,0.0570415,0.262928,0.14719,1.1308
0.00206434,0.0106593,0.00838116,0.0288028,0.0419963,0.0561555,0.138083,0.75834,3.55946,3.21373,0.424819,1.13045,0.891027,1.33262,0.29937,0.279509,2.2454,3.03692,0.983955,0.00144701,0.954066,1.65837
0.00411251,0.0032426,0.0100575,0.0234687,0.0338486,0.0483101,0.046114,0.817894,3.04264,2.51602,0.507127,0.368769,0.102381,0.312875,0.162801,0.450285,2.72586,3.64987,1.24325,0.11547,1.06586,1.4083
0.0100706,0.00182203,0.00525172,0.00314506,0.0155517,0.0980602,0.0171535,0.355156,1.49863,1.21311,0.020362,0.597116,2.04532,1.76829,0.292746,0.316052,1.36698,1.94179,0.605143,0.24497,0.590638,1.41635
0.0113577,0.00118998,0.00436242,0.0159476,0.0126,0.0502289,0.0880673,0.956559,4.07394,3.65845,0.3143,1.71468,1.10023,0.648764,0.16917,0.0175327,0.243079,0.0962301,0.15186,0.13967,0.910312,1.58641
0.00145724,0.00561375,0.0050984,0.0448909,0.0681043,0.0201691,0.115886,0.113209,0.802655,1.30945,2.19574,1.39117,1.66981,2.09473,0.595494,0.0740232,1.3151,1.70641,0.550841,0.253133,0.0522135,0.988026
5.52125e-05,0.00461815,0.00318063,0.0128726,0.0610006,0.0080342,0.139362,1.13743,4.21588,2.96202,1.58132,2.38995,1.17084,0.589426,0.112265,0.0131399,0.75407,1.32227,0.50204,0.0683719,0.544192,0.873013
0.00713027,0.0066753,0.0111215,0.0172193,0.0153675,0.040228,0.151226,1.57083,5.30393,4.99186,3.82469,2.9192,0.945698,1.93331,0.285715,0.223201,0.332549,0.910491,0.450702,0.0849601,0.0863946,0.154025
0.000534657,0.000395619,0.00738707,0.00325751,0.00597856,0.024495,0.0472401,0.129372,0.224512,0.409777,1.15677,1.37563,1.16394,1.04376,0.319828,0.194573,1.01069,1.12361,0.336148,0.0965129,0.386997,1.01199
0.0165598,0.00277867,0.0130868,0.0178461,0.0247768,0.0470565,0.0707411,1.87435,5.60994,4.91163,4.0352,3.71643,0.0395853,1.10862,0.11008,0.027579,0.103285,0.146459,0.0601448,0.00046846,0.677454,1.45842
0.0115473,0.00509424,0.00424987,0.0219018,0.00842742,0.0970905,0.182723,1.67772,6.11231,4.8132,0.224372,1.27933,0.0439954,0.610331,0.212968,0.049673,1.01233,1.39593,0.467103,0.0184041,0.683051,1.52585
0.00165507,0.00116197,0.0032804,0.00813941,0.0110931,0.00646867,0.00200173,0.194389,0.661788,0.0821405,2.55389,2.65124,0.288627,0.452542,0.276894,0.0575894,1.43398,1.76127,0.460552,0.157585,0.791868,1.38809
0.000410065,0.00587277,0.0109607,0.0148043,0.00332072,0.0484677,0.160262,1.39099,5.26758,4.13215,0.903846,1.71095,0.0340661,0.445539,0.101593,0.0561889,0.0346215,0.071094,0.0218974,0.102412,0.55942,0.855026
0.00299388,0.00471337,0.00644014,0.0243249,0.0290073,0.0724831,0.162266,1.41169,5.03701,3.66617,1.06779,1.927,0.608888,0.0122254,0.0773228,0.326368,1.51007,1.46155,0.228401,0.0108424,0.386742,0.530261
0.00136861,0.00104853,0.00203538,0.00946862,0.00356773,0.0232305,0.0209833,0.12644,0.187582,0.26433,1.88931,2.57634,0.0272643,0.795523,0.0930025,0.0329032,0.480727,0.62185,0.144236,0.0710539,0.127885,0.371181
0.00810951,0.00362838,0.00213356,0.0088327,0.0381856,0.0265397,0.107385,0.930534,3.65345,3.44057,1.72462,1.26113,0.293681,0.145045,0.048151,0.230778,0.865234,0.946278,0.148308,0.153873,0.279341,0.413052
0.00498713,0.00166423,0.00719217,0.00703278,0.0122156,0.0627012,0.00277262,0.787356,2.31467,2.01154,1.84961,1.72629,0.382622,1.08239,0.248918,0.13384,0.963003,1.43844,0.569897,0.0896604,0.0395352,0.300109
0.00243037,0.00312537,0.000307002,0.00966502,0.00229263,0.0397649,0.00565112,0.243713,0.946733,1.33653,2.57066,2.75204,0.515483,0.254061,0.131398,0.14511,0.735149,1.12447,0.417341,0.117486,0.300692,0.595951
0.00239003,0.000385995,0.00548619,0.00223039,0.0088242,0.0220447,0.0730192,0.52022,2.05444,1.58366,0.486,1.14635,1.1451,0.915257,0.200415,0.0290734,0.655281,0.863403,0.243672,0.0292126,0.209557,0.716861
0.00379397,0.00291403,0.0010529,0.00671931,0.0139521,0.00708175,0.01142,0.34991,0.838511,0.290852,1.64908,2.00756,0.171136,0.440575,0.0333905,0.0216333,0.217229,0.268442,0.0831702,0.0532425,0.40281,0.656177
0.00157352,0.00331456,0.000143222,0.00984238,0.00941407,0.0219253,0.043338,0.21491,0.897925,0.299432,2.60576,3.33185,1.47058,0.531331,0.0538284,0.0340432,0.745533,1.0109,0.329298,0.0791044,0.4616,0.604575
0.00470467,0.000598037,0.00397362,0.00206446,0.0286308,0.0162097,0.0550079,0.35003,1.2532,1.04183,0.168204,0.0617843,0.520569,0.665992,0.15685,0.147669,1.50961,1.98113,0.553011,0.205719,0.24211,0.619481
0.00781845,0.000711775,0.00399821,0.00240268,0.0240563,0.0107328,0.0721388,0.0582528,0.204573,0.934891,3.14806,3.54198,1.17731,0.0805141,0.0543317,0.231521,0.873998,1.23904,0.454654,0.0936871,0.165223,0.540361
0.00780858,0.00786748,0.00136952,0.0134103,0.00761413,0.00993625,0.0361794,0.622936,1.70185,1.6095,2.20849,2.54585,1.3395,0.738224,0.262042,0.0115189,0.249975,0.283549,0.0759516,0.125481,0.490592,0.612979
0.0025221,0.00708677,0.0053082,0.00824516,0.0165337,0.00394562,0.124346,0.671018,2.46035,2.39409,1.92452,1.6372,0.198971,0.47901,0.256031,0.143469,0.7447,1.04273,0.344301,0.0465131,0.228749,0.290474
0.00691948,0.00371921,0.00311529,0.00127898,0.0124457,0.00397201,0.0239976,0.160015,0.669859,0.0639649,2.31518,2.62188,0.687432,0.0780226,0.163016,0.0590904,0.836495,1.10338,0.243587,0.130677,0.0938318,0.171893
0.00897461,0.00302678,0.00421174,0.00263718,0.0174443,0.00424195,0.0562894,0.561331,1.99864,1.74995,0.326341,0.290646,0.64781,0.549278,0.093246,0.07671,0.509425,0.793516,0.345135,0.0125845,0.0750568,0.164599
0.00690353,0.00218497,0.00532563,0.00119917,0.010393,0.0201106,0.069598,0.687576,2.40608,1.65377,1.19435,1.76609,0.391001,0.142447,0.0260538,0.0070664,0.0244243,0.0944077,0.104687,0.0549662,0.0462284,0.0622896
0.00430474,0.000181834,0.000840834,0.00500279,0.00117666,0.0238417,0.0210218,0.289964,0.586109,0.511957,1.30857,1.80873,1.04366,0.431833,0.0482492,0.0452176,0.255291,0.443034,0.200347,0.0652664,0.163275,0.320567
0.00258271,0.00291817,0.000627329,0.004254,0.0114576,0.00742379,0.0248019,0.336465,1.19938,0.917482,0.0674325,0.116444,0.268803,0.163899,0.00103243,0.208409,0.63787,0.740895,0.292371,0.0765252,0.197879,0.460231
0.00201485,0.00440179,0.00416426,0.000617427,0.0157981,0.0206306,0.0297509,0.545223,1.61306,1.36194,1.00475,1.02875,0.611942,0.34579,0.137781,0.0274234,0.220404,0.453356,0.181867,0.150326,0.410525,0.616133
0.00163926,0.000888043,0.00112215,0.00612374,0.0164565,0.0200314,0.02343,0.317547,0.891339,0.590789,0.312559,0.619701,0.25119,0.037668,0.059578,0.0875189,0.439581,0.61638,0.208303,0.0247593,0.362509,0.800261
0.00508519,0.00263476,0.000450219,0.00371023,0.00828391,0.0136313,0.00177069,0.0471332,0.037672,0.177009,0.148036,0.125957,0.35378,0.38225,0.119817,0.0124065,0.31595,0.503677,0.206523,0.0778054,0.242672,0.727368
0.00177807,0.000429692,0.000914465,0.000364699,0.00206123,0.0026836,0.0175585,0.158344,0.577585,0.510285,0.0567645,0.250769,0.0138925,0.0497904,0.00925093,0.0438843,0.0833892,0.024966,0.0310844,0.122183,0.389151,0.61921
0.0034245,0.00113734,0.00213712,0.00202743,0.000572546,0.0065653,0.0109984,0.1712,0.438729,0.321259,0.302794,0.324569,0.174369,0.270149,0.0227279,0.0209742,0.034016,0.0469556,0.00572817,0.0856948,0.0382287,0.213038
0.00220983,0.000858938,0.000185701,9.85623e-05,0.00798753,0.0120304,0.00932187,0.0331475,0.0147311,0.00368065,0.209251,0.239008,0.0408968,0.0121159,0.00174194,0.0741238,0.25996,0.240409,0.0580037,0.00473792,0.0228196,0.0335645
0.00677812,0.00374382,0.00318322,0.00321454,0.00349455,0.0134884,0.0105472,0.0876578,0.357632,0.401984,0.316557,0.143165,0.322804,0.324077,0.0215294,0.054679,0.0563207,0.0773866,0.0391776,0.0128237,0.12456,0.193427
0.0124477,0.00680138,0.00117601,0.00784283,0.0134199,0.00625804,0.0391966,0.0600967,0.108815,0.0948577,0.251099,0.15811,0.23859,0.216365,0.0299921,0.0593146,0.207929,0.242438,0.108777,0.030955,0.0566201,0.144635
0.0104782,0.00541047,0.00153385,0.00806702,0.0176955,0.00327368,0.0271042,0.152331,0.505418,0.406322,0.335795,0.262203,0.313754,0.42297,0.0712683,0.00818206,0.155149,0.169174,0.024559,0.0271708,0.046451,0.0386342
0.00429263,0.000566369,0.000901927,0.00301684,0.0183211,0.0111489,0.0539116,0.125194,0.702887,0.483611,0.493911,0.514534,0.216937,0.436273,0.227963,0.0986536,0.0484112,0.131378,0.0306258,0.0310084,0.250562,0.345391
0.00337087,0.00231003,0.00284663,0.00315572,0.00125872,0.00888261,0.0556224,0.0532356,0.023129,0.0372116,0.300222,0.275121,0.149054,0.299449,0.127331,0.144797,0.461445,0.410222,0.0416892,0.0968576,0.198518,0.495809
0.00202825,0.00289851,0.000588719,0.00104057,0.0135952,0.00414341,0.0153206,0.26614,0.916183,0.650529,0.540681,0.772709,0.0415704,0.361327,0.0784307,0.0916959,0.0882012,0.052124,0.0216618,0.0490144,0.375843,0.611482
0.00118713,0.00189624,0.000425034,0.00334357,0.00940231,0.000899756,0.0217099,0.295758,0.784934,0.612311,0.293188,0.326369,0.0693485,0.0929478,0.028184,0.0123495,0.307327,0.529269,0.22449,0.036245,0.164942,0.4572
0.00362431,0.00123036,0.000487815,0.00419557,0.0056654,0.00221705,0.0562364,0.0978057,0.182463,0.183809,0.113899,0.159614,0.140182,0.138922,0.0765075,0.0128642,0.645783,0.871754,0.321735,0.110311,0.00421436,0.29146
0.00594658,0.00252694,0.00201187,0.00379547,0.00209748,0.014005,0.00533173,0.221957,0.660096,0.563035,0.423676,0.405768,0.0394568,0.156283,0.0561436,0.00288066,0.239018,0.337443,0.0621058,0.0927796,0.152213,0.227456
0.00502148,0.00264573,0.00186793,0.000998685,0.00151389,0.000555236,0.0791263,0.117729,0.599463,0.440601,0.0397386,0.0228515,0.100382,0.0880184,0.013629,0.0456014,0.255072,0.340524,0.105055,0.0734682,0.156752,0.0954506
0.00376208,0.00224384,0.00134146,0.00218577,0.00923352,0.00377994,0.040476,0.133212,0.251536,0.112018,0.351444,0.453905,0.142165,0.0231972,0.0419161,0.157653,0.593254,0.668862,0.15682,0.0491402,0.13281,0.317065
0.00173937,0.000743932,0.00235786,0.000576097,0.00270873,0.00123483,0.00603226,0.0898718,0.378875,0.344899,0.0477614,0.194218,0.153538,0.11044,0.0565483,0.00783724,0.237654,0.360931,0.115988,0.0244802,0.181647,0.500823
0.00549461,0.00312683,0.000209786,0.000340215,0.00839707,0.00154226,0.00707942,0.0903349,0.388746,0.305776,0.157651,0.211386,0.0680958,0.119988,0.0837207,0.000573904,0.0116317,0.0270644,0.00911472,0.0137607,0.241696,0.615016
0.00518694,0.00245825,9.70127e-05,0.00176232,0.00418249,0.00067244,0.00440531,0.0147496,0.0932134,0.0989592,0.0888244,0.25928,0.394381,0.382617,0.107919,0.111044,0.305131,0.302945,0.0687116,0.0985858,0.409564,0.570415
0.00436668,0.00188367,3.20764e-05,0.00343793,0.00501286,0.00932981,2.19664e-05,0.075446,0.264259,0.221219,0.0514496,0.0340627,0.0592653,0.0592728,0.00152699,0.0412868,0.237984,0.421585,0.227504,0.0806507,0.0232526,0.288539
0.00332117,0.0015337,0.00121688,0.00048676,0.000570448,0.00305936,0.0141752,0.0439109,0.0418105,0.0202266,0.00848367,0.0131751,0.192578,0.287678,0.0795766,0.030048,0.172048,0.2809,0.103295,0.0532977,0.250718,0.362714
0.00259267,0.00108658,0.00135888,0.000412189,0.00584104,0.0147731,0.0180621,0.036759,0.110015,0.165226,0.0567368,0.0529811,0.12254,0.216159,0.0515769,0.0303651,0.0179651,0.00725134,0.0337477,0.0494198,0.0424455,0.0262272
0.00299669,0.0010647,0.00193167,0.000416379,0.000757037,0.0024578,0.00207001,0.00286011,0.0651407,0.0779025,0.22686,0.412055,0.237485,0.0696301,0.0027405,0.0259715,0.0206864,0.0618789,0.012463,0.0253861,0.162025,0.216701
0.00683286,0.00256819,0.002046,0.00177311,0.00364817,0.0079957,0.022765,0.0292257,0.0582634,0.0154053,0.341166,0.455483,0.293656,0.145526,0.0159976,0.0363694,0.143268,0.161545,0.0785298,0.0050547,0.0484515,0.180208
0.00270967,0.00146753,0.00290217,0.00147687,0.00219731,0.00361641,0.00963593,0.0152785,0.0731018,0.0495572,0.175556,0.207332,0.0714228,0.00602253,0.0378513,0.0205293,0.0714544,0.146292,0.127338,0.0501571,0.0146151,0.0231941
0.00547426,0.0144492,0.0127706,0.00122165,0.00567143,0.00197421,0.0145067,0.0215584,0.138437,0.00170511,0.455267,0.515126,0.271403,0.147977,0.0516851,0.0572066,0.0240468,0.0216918,0.0217327,0.074762,0.0760354,0.108325
0.0583895,0.022014,0.0315517,0.0340595,0.0220218,0.0246662,0.00660199,0.0592666,0.285795,0.199844,0.14822,0.210378,0.0969934,0.0374436,0.00270044,0.00953764,0.152763,0.219908,0.113722,0.00141947,0.166692,0.274462
0.121714,0.252369,0.213599,0.00444911,0.0342209,0.0165816,0.0120685,0.00557862,0.00751998,0.0740536,0.399276,0.4874,0.251249,0.121854,0.0587514,0.0597073,0.114588,0.080437,0.0163779,0.0205806,0.184687,0.263978
0.0169516,0.224932,0.288599,0.037945,0.00417416,0.0590624,0.00679678,0.0973421,0.400419,0.335152,0.0873417,0.105485,0.0607141,0.0588028,0.0507971,0.000236571,0.0813566,0.126332,0.000866361,0.120731,0.00753291,0.176959
0.457675,0.742311,0.650426,0.202504,0.0559891,0.0401198,0.0280969,0.125699,0.303345,0.223715,0.0978778,0.12458,0.205879,0.227391,0.0647405,0.00409674,0.175089,0.261416,0.127841,0.0416341,0.143746,0.232087
0.417451,1.16045,1.43759,0.550396,0.0416206,0.0641121,0.0682208,0.0103443,0.100687,0.116118,0.0833942,0.111907,0.150296,0.153429,0.0148356,0.0853715,0.0277488,0.0659116,0.0380551,0.0506147,0.0344168,0.140875
0.799847,1.01357,0.433692,0.264718,0.0249595,0.032952,0.0116546,0.133158,0.306499,0.205515,0.0728873,0.103317,0.0502066,0.0620926,0.0112635,0.0672591,0.0793769,9.50402e-05,0.0326248,0.0167738,0.0140784,0.0899474
1.26626,2.78164,2.50409,0.097848,0.306415,0.0907109,0.0389638,0.0617223,0.131659,0.189477,0.120407,0.0188015,0.11313,0.131222,0.0835868,0.0656446,0.0117061,0.0521203,0.0693043,0.0486533,0.0298174,0.0132937
0.50854,0.142964,0.289119,0.249943,0.0868083,0.067115,0.0724684,0.0456809,0.169914,0.110808,0.0400857,0.00931876,0.139242,0.106694,0.0338972,0.0546533,0.0388801,0.069333,0.0488251,0.0713202,0.0760079,0.0576421
2.38188,4.81281,3.95029,0.281565,0.404678,0.286348,0.160226,0.0226644,0.344808,0.309064,0.042624,0.0348879,0.0788089,0.0837366,0.00467296,0.0522215,0.0132716,0.0381595,0.0400204,0.0283238,0.0673995,0.143835
1.12071,2.90208,2.02898,1.22552,0.736184,0.144698,0.0745629,0.0420884,0.0697715,0.0476573,0.131086,0.213905,0.118463,0.0442301,0.102429,0.102521,0.000531608,0.056461,0.028744,0.0484279,0.129158,0.10536
3.06996,5.64246,6.3326,3.19169,1.02394,0.0323354,0.025847,0.114254,0.163393,0.196734,0.0463419,0.137768,0.0868226,0.0629529,0.16318,0.0514666,0.026452,0.109978,0.0909723,0.0105166,0.0365157,0.0128553
3.04336,7.54652,9.36322,4.04218,0.417164,0.453454,0.168648,0.0632632,0.155893,0.008558,0.189721,0.103745,0.0514697,0.155064,0.208464,0.111718,0.0222404,0.0507196,0.0395307,0.0397046,0.0456057,0.105183
2.0981,2.75365,0.62951,1.93221,1.05563,0.482845,0.143951,0.259428,0.13742,0.00211655,0.0922371,0.128478,0.0329101,0.111248,0.12719,0.0343813,0.0475332,0.0349863,0.0172083,0.0274631,0.0959329,0.060048
5.46371,11.7571,11.5753,2.43123,0.0188832,0.107266,0.227076,0.223786,0.0800285,0.0548681,0.210995,0.311332,0.115102,0.0494665,0.126067,0.151196,0.183763,0.162049,0.0324889,0.0439466,0.0359533,0.053369
1.33759,3.90316,6.33682,4.97838,2.3901,0.982394,0.581184,0.059539,0.190309,0.00761109,0.00651615,0.052255,0.0169498,0.0677225,0.0922466,0.029542,0.147579,0.204015,0.0148814,0.171561,0.152261,0.0302588
7.08122,12.7296,7.11982,4.98575,1.73001,1.80943,1.55808,1.27577,0.4543,0.0568713,0.195775,0.243792,0.0770189,0.122493,0.108355,0.028869,0.038343,0.134475,0.0511488,0.03747,0.125619,0.156362
5.64822,12.6901,7.90088,5.80932,3.81119,0.122486,1.12202,1.21039,0.090561,0.326546,0.152277,0.21805,0.0170548,0.20865,0.02945,0.0769866,0.0264861,0.00475104,0.0122847,0.044752,0.00294606,0.209235
4.56094,8.46129,11.0155,7.1737,2.46596,0.817546,1.06559,0.394897,0.0242894,0.129346,0.0435042,0.259703,0.104926,0.112949,0.122107,0.0354854,0.09713,0.154437,0.0989179,0.0927637,0.128825,0.0722103
10.8414,22.5736,22.3026,3.83482,2.55469,1.92595,0.388238,1.45724,0.0750303,0.532329,0.0757599,0.0365775,0.149311,0.180375,0.0351607,0.103266,0.00743995,0.13532,0.0574118,0.0917863,0.194974,0.105507
1.10252,4.16023,1.40797,3.83163,0.0873856,1.34983,0.862341,2.41599,1.62902,0.595994,0.0552965,0.190832,0.32455,0.594512,0.263051,0.0308037,0.147408,0.157892,0.0641821,0.0883603,0.116647,0.120238
13.1601,26.0079,30.86,16.9241,6.90589,0.0505445,2.50967,1.26526,0.210071,0.139747,0.0188486,0.129877,0.0457219,0.543853,0.623535,0.324816,0.167789,0.0590895,0.00746622,0.080719,0.121063,0.137532
11.0571,24.4608,33.6049,20.0841,4.51165,0.457615,2.46136,3.54078,2.28409,0.967935,0.111532,0.130169,0.661075,0.957851,0.804531,0.388518,0.230096,0.249793,0.156203,0.00517501,0.00876135,0.27067
9.70213,15.8331,4.92818,11.0293,3.14043,0.475213,6.1496,5.22229,0.701515,0.75566,0.096051,0.2278,0.898414,1.02655,0.189768,0.0230962,0.455825,0.423885,0.0675856,0.116747,0.0287796,0.2071
20.4434,38.2432,31.8705,1.19883,6.60367,0.597834,0.646999,0.853421,0.431357,0.981208,0.114357,0.233939,0.0338105,0.53294,1.02901,0.376683,0.20705,0.468588,0.184802,0.0370882,0.174463,0.139089
2.11771,6.59205,11.4447,11.2741,8.57987,4.64242,4.05389,3.58115,0.0792592,1.23305,0.366603,0.0313972,0.954099,1.63455,1.19759,0.475821,0.0599374,0.268867,0.0928494,0.0754891,0.0510803,0.0805801
18.6075,35.4743,20.8273,12.8209,2.95312,6.23133,1.1463,4.85131,1.0054,0.91493,0.0679597,0.184872,0.749822,1.11074,0.197256,0.495902,0.198427,0.0369416,0.054616,0.246035,0.471306,0.388538
17.5699,30.1325,13.2565,18.4835,10.097,2.1009,4.40685,3.34924,2.48715,1.48191,0.586426,0.544736,0.0874698,0.8747,1.7299,0.556391,0.0319362,0.236055,0.109154,0.358027,0.511034,0.118234
10.0879,21.8197,30.9886,20.999,8.86391,3.89433,0.378821,4.2611,2.42542,0.465223,0.54619,0.896531,0.308528,1.32561,1.10006,0.184243,0.534959,0.581257,0.251564,0.298697,0.609833,0.646835
25.5798,46.8798,44.9561,8.31,6.37236,8.46307,11.049,9.39166,3.7779,1.34443,0.195739,0.910912,0.333847,1.14678,0.898388,0.117624,0.385071,0.41591,0.128526,0.0540795,0.174837,0.11449
3.81281,6.5521,0.797307,7.34296,2.96118,4.75799,2.74975,3.26835,0.963081,1.96016,0.335294,0.507328,0.349889,1.60036,1.9637,0.513899,0.11664,0.168785,0.0475483,0.0806745,0.31513,0.220318
22.5669,45.3169,56.0354,32.2841,12.4299,1.55968,8.752,7.04876,2.68555,0.857543,0.0353767,0.0943729,0.254621,0.547961,0.0702415,0.235731,0.26554,0.543919,0.426491,0.848263,1.31682,0.687463
18.05,37.5976,52.1873,33.3513,9.86633,1.38404,4.21389,7.48179,0.874558,3.22413,0.545444,1.18126,1.53006,0.177614,0.132808,0.508927,0.803465,0.898181,0.113698,1.25326,1.77467,0.725227
11.0672,21.1444,6.36628,16.6864,4.98589,0.175366,1.07489,2.43137,1.97317,1.15825,0.0469568,1.40121,0.33397,3.33955,3.63602,0.672468,1.07672,1.25948,0.434847,0.410455,1.02665,0.613314
27.0394,51.8615,43.8249,1.67999,9.87054,0.921604,1.38907,5.49154,0.0496678,2.40319,0.470739,0.978978,1.19199,1.88763,0.495223,0.69376,0.36734,0.504671,0.0797295,0.378877,0.718971,0.221675
3.99152,10.4043,19.9727,20.9098,14.502,4.58763,7.66669,11.5332,6.53019,2.91336,0.894538,0.159521,0.0668953,0.0505919,0.734007,1.22107,0.871271,0.755138,0.245407,0.879294,2.03427,1.56906
28.1981,50.9837,26.2568,23.1034,6.08521,11.1468,8.85873,4.85124,1.57967,0.894501,0.0288708,0.110778,3.32881,7.64061,5.81556,1.00375,1.30888,1.58049,0.742604,1.51088,2.03029,0.497338
23.662,42.2008,16.7833,29.1996,14.7117,3.15699,9.65875,9.85726,7.11621,3.76228,1.26952,0.909072,2.23183,3.9321,0.339955,0.950216,1.08771,1.51281,0.230111,1.41977,2.11278,1.18373
13.2639,26.7251,38.3823,28.3706,12.7612,8.36838,14.6787,11.2697,0.0674846,2.77295,0.499475,2.55388,3.24988,1.62927,1.3279,1.52623,0.137717,0.681853,0.394571,0.378414,0.768826,0.249419
31.4673,61.4724,57.3015,6.60893,10.6004,10.9224,5.75375,1.11117,2.95343,2.88283,0.683235,3.12655,6.00501,9.2984,6.69732,1.27821,0.565175,0.696896,0.421854,0.236699,0.263777,0.240585
5.38104,12.9285,0.0438841,15.6593,1.38195,4.52284,10.1887,9.44513,2.76234,4.92567,1.51517,2.23169,3.02862,3.30749,0.982579,1.03871,1.60522,1.86796,0.696148,0.514597,1.42674,1.10319
28.6164,59.8878,77.7362,49.0256,19.4007,0.78829,1.69125,9.19633,4.05295,0.390099,0.268667,0.614108,2.15134,1.61517,1.70559,1.20097,1.10725,1.60769,0.925888,1.35576,0.74206,0.889326
26.9234,55.7647,76.2107,46.3289,10.2179,0.332308,2.7204,1.1118,4.80116,4.88838,1.36507,1.05552,3.01915,6.15346,4.91597,0.752027,0.0278526,0.407709,0.0472164,0.124419,0.285508,1.45514
15.2802,25.7612,6.16154,21.7399,8.99707,1.99794,4.98284,14.2206,9.32288,4.20453,0.124649,1.76638,0.0149501,1.1204,1.19769,0.731603,1.0895,0.896824,0.510288,1.70405,3.18016,2.13372
38.8124,72.9705,66.5037,7.78275,8.41284,1.72494,14.9143,14.1313,5.41843,1.85533,0.771925,2.69742,0.69963,1.16963,3.06397,1.15083,0.979241,1.46042,0.397972,1.36345,1.18251,0.705402
8.57923,21.8156,38.787,36.2526,21.1388,8.21518,0.641995,4.88977,8.46548,6.24775,2.2636,3.50638,3.28312,0.848027,2.57943,0.871967,0.841647,1.34317,0.0534403,0.31019,1.68091,2.50638
33.4291,59.7473,25.9784,33.2033,6.76746,17.5071,20.9271,15.1581,0.898514,3.90452,0.173078,3.29884,2.97137,1.9307,2.37514,0.494262,0.126107,0.562948,0.339117,0.956248,1.31688,0.253077
33.8209,59.5607,26.5031,36.8528,21.8155,1.78321,5.60497,7.04379,2.58116,4.06874,0.21009,0.972768,2.38114,7.28753,5.37974,0.711578,0.613601,0.733086,0.0214073,3.06851,5.29042,2.97231
12.607,24.966,36.817,26.5331,9.40421,8.04762,15.804,8.87392,5.56442,6.91594,0.950978,1.53245,4.27237,3.9831,0.800546,0.087348,0.728184,1.44982,0.868254,3.36934,4.71973,0.774177
43.5825,80.1604,66.6321,0.0687436,13.3806,8.23606,6.96068,16.49,7.2599,1.88376,2.08541,3.396,0.613252,5.18361,3.91584,0.270803,0.710407,1.19964,0.381271,1.55974,3.5437,1.86362
15.4188,26.4671,0.26948,28.7359,2.6726,4.74471,0.137282,8.11472,9.92032,6.01743,2.59592,2.88006,4.50775,11.9329,6.65686,0.734403,0.0256456,0.0827137,0.166199,0.810556,2.40367,1.65851
30.623,65.319,90.8217,65.2281,29.2869,1.0071,0.549633,9.01429,10.3532,6.42556,0.071072,3.71808,0.165192,5.15641,3.65532,0.725917,0.462765,0.95873,0.429621,2.46006,3.88087,1.89842
36.4,73.1754,94.5294,50.9746,4.36341,5.72979,10.7396,13.8609,4.57023,0.391399,1.10254,3.88659,6.80737,7.50972,3.48797,0.0565618,0.324904,1.00254,0.00670259,3.08304,4.59609,2.8458
12.1779,19.9497,4.75947,18.4816,12.1211,10.7953,11.3572,0.842178,10.7641,7.94475,1.55898,1.4697,5.90192,9.52802,5.06028,0.434907,0.668097,0.516391,0.216472,0.826032,0.539004,0.809999
49.4717,90.755,90.3931,26.2251,0.165745,3.16658,18.8995,17.986,0.667858,5.43031,0.630894,1.57841,1.55443,3.9297,5.11594,1.29746,0.327503,0.702225,0.0755925,1.628,0.212118,1.31762
15.1714,38.0619,66.0779,58.3819,29.1617,14.4741,21.1572,16.8295,0.562226,5.0624,1.8823,3.77471,4.77455,2.07324,0.399419,0.186092,0.685773,0.759625,0.0351064,0.49448,2.50332,3.56253
37.7853,64.4856,20.7037,44.7846,6.93607,19.1311,10.6398,0.0135103,11.7377,9.28879,0.494777,3.88966,1.80841,2.18192,1.98008,0.0239851,0.132975,0.342757,0.322562,0.461691,1.2429,2.36449
41.6111,77.487,44.4209,37.0492,30.0253,2.40677,14.7098,16.5185,6.71496,2.15041,2.1225,3.58426,1.64299,4.57705,6.08143,1.31524,0.363345,0.316178,0.0720999,1.68207,4.63824,4.0818
6.44068,14.9658,21.5869,9.31392,2.8064,3.42977,2.89391,8.90674,11.4007,7.11021,3.13821,3.77917,5.61765,6.59131,3.16523,0.313498,0.794938,0.92425,0.606892,3.91358,4.58682,0.966616
50.7087,91.8463,65.7917,14.482,12.9916,0.278423,5.27909,13.7465,14.9979,9.69293,1.39304,2.6687,5.4202,5.67549,3.29078,1.04484,0.488015,0.656299,0.0813439,3.5834,6.97323,4.62908
23.1699,41.5546,3.62439,45.3031,13.7791,0.16933,6.08435,18.9774,6.25446,1.08744,0.416327,0.494228,3.03717,8.82839,8.03708,1.77665,0.630572,0.761038,0.413968,1.37863,2.39445,0.764466
40.3983,74.8523,102.824,76.9075,34.8269,0.471747,14.8602,8.52678,8.64383,10.0543,0.731465,3.74342,9.31165,11.936,4.33458,0.983519,1.81412,2.35347,0.589615,1.34459,3.32406,2.29768
46.146,95.0073,113.58,48.1061,5.87861,17.0405,2.12443,6.79397,7.93652,9.50093,3.54244,4.67453,5.86503,7.96813,6.51653,1.30417,1.18923,1.65869,0.567227,3.52523,5.90724,2.88089
5.71626,9.84412,6.64537,7.98422,16.8858,21.3204,26.5906,17.5409,0.259328,2.50144,2.20443,4.28234,1.90722,7.5589,5.48249,2.00884,0.098285,0.633466,0.0607835,2.96868,3.62708,0.321987
55.3008,105.939,118.05,53.1977,16.3276,1.22729,0.77386,2.77533,13.0577,12.273,0.681048,4.38267,1.82625,7.80911,2.68009,1.71349,2.03888,2.0557,0.350471,0.312317,1.51869,2.00636
28.0502,60.0034,93.3764,72.286,28.157,15.6645,28.4237,25.2344,14.4926,7.16308,2.41729,3.60733,3.02176,5.74138,8.32532,2.10226,1.59276,1.84677,0.919865,1.77113,3.70956,3.53249
38.0848,63.5253,16.4025,50.2848,9.89399,11.8425,11.5326,20.2928,12.1761,4.05217,0.298972,0.561472,2.32855,1.51687,1.27849,0.936153,0.486544,0.664855,0.255319,0.748042,0.0467876,2.5415
54.9377,101.334,69.7968,28.8274,30.1916,1.76078,13.0532,10.0283,14.6888,12.4309,1.82133,2.02607,3.41093,1.25708,0.798568,1.05631,1.23203,1.79854,1.14332,0.271861,3.31154,3.27059
1.80836,3.99542,8.06515,14.7228,15.803,3.29375,7.57087,14.5199,1.48862,6.21185,0.557884,4.39208,2.65007,6.33896,7.9423,1.67167,2.34351,2.90742,1.25597,3.0606,3.74392,0.582908
53.863,99.9457,61.5725,29.4249,7.38445,13.8366,0.491593,3.83423,7.25036,8.29719,1.19348,4.5258,2.1833,9.18596,4.44441,0.632082,1.67874,2.02416,0.0448324,4.59824,7.21659,4.21943
33.8068,61.6709,15.3888,57.3542,28.2486,8.87958,1.13822,8.20563,9.5787,11.5831,2.68597,3.3331,1.61871,6.10994,2.93037,0.352499,0.342301,0.707426,0.359604,2.21714,3.81011,1.65773
29.9506,62.6191,91.2611,66.7064,28.1389,3.66049,15.9263,22.965,9.60102,1.81386,1.47239,4.24725,5.68993,7.00697,4.03998,0.202869,2.16908,3.02233,0.826845,0.678188,2.02176,0.90513
57.7849,108.82,110.454,29.7103,10.6001,20.7364,16.0484,9.63871,12.2443,9.49145,0.854846,2.40714,8.33402,12.9922,6.74272,0.0291884,2.6337,3.13205,0.765463,1.95246,3.62808,1.91377
10.8144,13.3233,4.78171,13.7799,11.0412,20.4915,21.0032,21.9736,17.9582,10.5077,0.691602,2.23322,0.140031,4.72107,4.30704,0.201484,0.87774,0.816914,0.864206,2.79882,2.89053,0.163639
48.6819,98.1386,121.524,71.327,30.1869,4.19085,25.5643,18.5807,3.26817,0.4243,0.219997,3.40825,5.48483,2.1307,1.73339,1.47123,2.21782,2.66857,0.594246,0.523422,0.135107,0.313583
36.2057,75.4619,107.312,69.0304,15.8652,6.53203,17.0686,13.2995,15.0622,10.9787,3.53072,3.79497,3.15486,4.3162,4.48188,0.376717,3.02236,3.40012,1.44182,2.52669,3.84182,2.09394
26.4313,45.4469,11.644,39.3006,15.9439,6.90719,26.714,19.1718,7.48228,11.084,1.12054,3.71754,0.613477,1.97098,2.55477,0.710349,1.8919,1.89688,0.486401,1.71261,1.84377,0.435063
55.2511,106.549,93.3488,2.86678,12.3526,7.75728,7.3381,4.48266,1.05209,2.68597,0.933445,3.84516,4.83179,7.63752,6.77772,1.72859,0.955873,0.908729,0.298769,0.41635,1.85487,1.01883
13.718,25.6961,42.6983,43.7528,28.7608,13.4765,15.6621,11.3075,10.2254,12.7043,3.4663,4.23701,7.08314,4.77228,0.417986,0.284749,2.57881,2.61043,0.708985,1.37543,3.07663,1.46611
51.3342,89.6986,42.5941,42.3339,3.79057,24.6929,1.4381,21.2501,18.7656,9.00881,1.09321,1.74855,0.268198,1.75828,0.130826,1.70759,2.2627,2.45407,0.486575,2.82041,3.11558,0.147101
41.6923,78.2391,35.7177,52.8167,37.1313,11.3601,6.44481,3.43002,4.16627,2.99978,1.27557,1.18192,6.5112,11.3604,7.10631,1.30735,0.331386,0.289953,0.161415,1.0945,3.01806,3.04182
18.8571,39.3448,56.1812,33.6153,6.62348,6.52942,1.13705,15.2395,16.6256,10.3843,1.78487,1.63392,3.43125,5.61528,2.86682,0.653829,2.03913,2.01891,0.198266,0.500569,0.876381,0.855777
60.4328,110.258,92.3846,4.19088,9.93606,11.6358,18.6878,7.01492,9.59206,9.58886,3.32247,2.1388,1.09863,1.43156,0.879909,0.893673,1.7436,2.12353,0.861734,0.220843,0.577766,1.5863
22.6151,35.3895,1.77041,35.8073,7.81541,0.167171,0.462594,11.97,6.43431,0.990725,1.00936,2.47773,0.484685,2.94568,2.34711,0.733096,0.182677,0.0227849,0.163771,0.220804,0.551565,1.16764
51.0252,92.8189,117.663,77.501,32.9222,6.3551,31.3702,21.7526,6.32773,11.019,1.22955,3.17894,3.16868,0.672305,2.06393,0.882525,1.50077,1.44599,0.224936,0.830913,0.458203,0.477518
47.2345,96.4677,117.351,52.8104,3.17463,15.8501,7.20395,7.99762,11.1698,8.20685,2.82028,1.80559,0.546418,2.52266,2.46592,0.600859,0.668482,1.01129,0.668739,1.12142,1.88864,2.27049
10.7779,19.7619,10.0192,16.4766,21.9346,24.574,27.9726,14.8783,0.901266,2.65594,0.130208,1.34296,3.39753,2.97473,0.377372,0.297659,0.0637502,0.198214,0.140896,0.283996,0.0919885,0.535956
57.2154,110.217,115.109,42.7687,14.5579,3.53891,6.06252,9.21393,11.0099,8.1018,2.27152,0.808154,1.09164,3.25892,2.24595,0.541241,0.689417,1.25726,0.636557,0.0457276,0.014136,0.847683
27.088,57.3253,84.7599,58.5514,18.8925,14.3123,24.7801,18.073,11.2307,6.29396,0.238254,1.44465,2.49022,4.13202,0.6115,0.387617,1.11775,1.12752,0.0230333,0.296573,0.677896,0.344939
36.9139,67.5193,30.0685,38.5165,11.3309,8.39603,9.39931,16.1767,5.89892,0.107437,0.703481,2.81885,2.19716,1.07537,2.61973,0.910087,0.00477716,0.329952,0.353514,0.384159,0.142106,0.99657
56.561,102.106,75.3091,17.1876,19.8964,7.16085,10.922,2.3124,5.05957,6.09601,1.62818,2.67755,4.04004,3.55722,2.13713,0.853617,0.424323,0.537049,0.289777,0.16256,1.13808,1.73552
2.45129,2.1856,6.22179,15.3776,15.8528,3.59664,3.50849,6.90902,3.38299,5.482,0.576497,0.996115,0.556814,0.834443,1.56131,0.797145,0.390043,0.505896,0.137371,0.222703,0.980549,1.28078
55.2358,97.3963,61.5284,21.31,0.835145,18.1071,5.67137,2.52734,1.69832,0.0658853,0.723692,0.0708289,1.45197,0.793438,1.38136,0.483585,0.522251,0.158306,0.178224,0.0537963,0.411172,1.96933
40.1444,67.7093,29.2707,42.1897,28.9735,11.7686,2.67964,5.25973,1.26977,2.89348,0.285595,1.47983,1.77484,1.6006,1.36918,0.961591,0.454023,0.0191453,0.111581,0.108409,1.09043,2.33092
24.3489,48.136,62.3811,33.4642,5.31367,2.06253,0.190298,7.51826,5.63819,2.69319,1.72915,1.92647,1.08325,0.458752,1.00341,0.962677,0.736131,0.532936,0.143011,0.164869,1.24441,2.08102
58.2196,104.733,92.1968,15.718,0.849966,6.90881,6.43502,2.18233,1.87074,0.61043,0.243784,1.95225,0.890992,0.170163,0.664142,0.0132656,1.05566,0.736393,0.0280397,0.121102,0.348643,1.44638
14.9944,25.3419,5.00589,21.8319,7.92387,1.34168,3.10324,9.23687,4.20049,0.770928,0.557539,1.3899,0.0931314,1.40938,1.45831,0.518709,0.357202,0.737366,0.336276,0.502002,1.25786,1.38037
44.476,84.5368,97.5367,48.5057,13.5135,6.74636,12.0854,5.68632,0.469815,1.43648,0.956363,1.47354,1.55313,1.68276,1.74282,1.1054,0.755832,0.461342,0.27622,0.52595,0.867568,0.265227
46.2659,88.2959,95.4889,36.1566,1.70219,5.66188,0.893214,2.71041,0.393363,1.00438,0.336758,0.0713819,0.253598,0.93954,0.776298,0.225493,0.609511,0.156566,0.24228,0.263265,0.0506956,0.296696
6.693,14.7709,12.5246,3.66086,9.28371,11.2944,11.0619,5.07679,0.860834,0.18226,0.0245778,0.698705,1.25131,0.52633,0.758542,0.902033,0.238484,0.101417,0.289338,0.050656,0.310871,0.359337
50.4272,95.3325,96.4623,32.4069,8.8761,2.19917,0.900451,2.21923,0.8613,0.0211571,0.308883,0.870521,0.119768,0.604198,0.114824,0.0162919,0.0607352,0.284741,0.250539,0.206674,0.819334,1.83064
34.3287,61.8294,70.2107,32.0896,5.58584,4.1052,9.78916,6.16175,1.53875,0.221975,0.814714,0.696197,1.42986,2.09918,0.413791,0.401146,0.133516,0.124376,0.24286,0.121492,0.778942,0.618298
23.3704,42.5569,26.6035,13.4904,8.36831,0.28355,1.21325,0.995856,0.745305,1.23575,0.0631238,0.577849,0.0889808,1.5174,1.63511,0.365973,0.0906567,0.357847,0.524587,0.37134,0.22058,0.547407
49.5577,89.6148,77.7671,8.59794,2.64985,5.16179,6.87612,2.99088,1.10248,0.559078,0.598927,0.573373,1.39153,0.107623,0.244407,0.590575,0.390474,0.0211802,0.0435214,0.00283087,0.0243114,1.09026
12.64,26.7766,31.8851,16.0962,5.56427,1.07853,1.80064,2.72324,1.08852,0.188034,0.174779,0.4728,2.41684,3.38195,1.33805,0.506066,0.156847,0.539098,0.341811,0.242515,0.7453,1.10638
31.5465,58.3927,40.1257,10.7577,4.59308,5.77055,3.24523,0.425717,1.08661,0.574477,0.271056,0.99942,2.18863,1.66124,0.161173,0.0605447,0.963236,1.08429,0.562273,0.504899,0.926035,1.58589
44.667,76.2217,58.2081,2.61588,6.6615,0.437234,1.06171,2.80485,1.753,0.879656,0.59578,0.908578,1.83284,2.97123,0.809123,0.636856,0.999202,0.624219,0.151374,0.688023,0.580339,0.760182
5.20742,7.23952,5.90993,1.77619,0.201359,1.11725,0.249252,1.45754,0.24423,0.0557714,0.784919,1.8503,0.0565636,1.86944,0.257813,0.680363,0.129311,0.231168,0.242038,0.0520926,0.0570477,0.716289
36.6255,63.5254,48.9388,1.37104,4.00615,0.956642,1.0983,1.64343,0.65522,0.56064,1.05813,0.656165,2.05886,3.16684,2.30796,1.32794,0.877303,0.552733,0.220137,0.303455,0.546282,0.32288
36.4231,60.1544,44.3167,1.50731,2.27184,0.619906,1.01632,2.82431,0.61776,0.216122,0.706335,0.136769,0.00447072,0.684353,0.616922,0.385897,0.825442,0.732307,0.364678,0.0842885,0.14005,0.383607
1.45054,5.67267,8.47756,6.10329,5.0992,2.74916,0.575825,1.02956,0.104511,0.173302,0.227838,0.886705,2.98368,2.12485,1.17436,1.16765,0.444387,0.580914,0.19498,0.342253,0.418703,1.20613
33.4451,56.266,45.895,1.93624,6.48952,2.74899,1.04832,2.2166,0.257841,0.316407,0.715559,0.179891,0.0347698,1.24753,1.90847,0.738522,0.304386,0.690633,0.669427,0.518922,0.00459288,0.307562
25.1372,42.14,31.9773,2.13686,2.44012,2.64163,2.04771,3.23556,1.5549,0.507869,0.279294,0.351854,2.02113,1.41212,1.296,1.96584,1.33494,1.00536,0.299906,0.100981,0.334925,0.146269
2.25288,8.58364,11.2818,5.9189,4.71543,3.36802,1.18094,0.420402,0.27568,0.379295,0.810884,1.88731,2.05596,0.701283,0.00121773,0.802862,0.837013,0.603181,0.540142,0.087407,0.952065,3.1215
25.9463,43.2142,36.1353,3.7976,3.39109,1.5237,1.94762,3.24444,1.68384,1.0933,0.0215565,1.78135,3.70619,3.91195,1.80837,0.33332,0.510587,0.980173,0.700029,0.146039,0.467494,0.8455
19.2118,30.1837,22.6857,1.28577,0.367699,0.224828,0.338915,0.0395051,0.822803,0.677556,0.0580376,1.09868,0.64544,2.30445,2.9092,1.22714,0.371463,0.0142278,0.18172,0.699984,1.82106,0.999066
3.64655,7.96995,9.05456,2.73503,1.20592,1.26445,2.40431,4.06412,1.39399,1.20405,1.00861,0.367717,2.2188,0.0429929,2.35934,0.421252,0.278617,0.384414,0.653484,0.0135634,1.14248,3.43338
17.3826,30.0427,25.6537,4.77411,1.92902,1.20736,3.0343,4.99855,1.02916,1.41615,1.57148,2.13378,4.13954,4.00401,0.406019,0.961912,0.0852252,0.701569,0.696143,0.066549,0.709078,1.35723
12.9501,19.4386,14.1329,1.0849,3.93103,1.27874,1.24428,1.46276,1.27065,0.410356,1.20101,2.41696,4.28483,3.47163,0.178265,1.16221,0.849071,0.940961,0.958866,0.89129,1.06801,0.0335932
0.151674,2.79513,5.02388,0.738864,4.44399,3.72314,1.43988,2.85167,0.142029,2.0311,0.00973558,1.71654,0.661152,0.200299,2.01075,0.289579,0.398848,0.0752123,0.00300937,0.482075,0.161656,1.01959
7.68585,14.5433,13.3896,4.20004,3.75164,3.27847,2.92273,2.82954,1.66869,1.40582,2.6862,4.11154,1.65223,1.14159,0.974532,0.218524,0.747908,0.987618,0.100863,0.127235,0.836914,2.68051
6.03324,9.22247,7.012,0.554337,2.02607,0.100032,0.10459,1.44052,0.586266,0.855035,2.50688,4.16444,2.47693,1.16445,1.93707,0.829365,0.343053,0.430649,0.550033,0.472251,1.38829,3.64151
0.328051,1.64689,3.25151,1.42769,0.0163304,1.53701,3.98588,3.39289,1.08732,0.66165,0.889026,2.20397,1.18798,2.57329,0.0293616,0.150539,1.41336,1.12701,0.318996,0.341891,2.14807,2.39084
3.3631,6.25933,6.41654,1.60183,0.498438,0.782936,1.42641,0.0653858,0.515341,0.0580852,0.570323,1.28729,0.442481,1.73162,1.27511,0.366002,0.215604,0.857016,0.511966,0.134207,1.02953,3.16486
2.6967,3.77083,3.06749,1.73506,2.18616,0.244692,3.97728,3.51931,0.823078,0.642729,1.71669,2.77107,4.13761,3.71038,1.88731,1.09237,1.00598,0.992762,0.976459,1.12913,1.46488,2.60622
0.0683807,0.832751,1.22872,1.29285,2.35658,2.59775,2.79012,2.50375,0.643789,0.278293,0.322453,1.25541,1.54355,0.301233,2.19189,0.875796,0.788558,0.627555,0.135425,0.521009,0.1578,0.591244
1.07778,2.30608,2.67855,0.402756,1.87306,2.70027,2.48277,1.48084,0.309204,0.139594,0.145104,0.313135,1.60717,0.814825,2.86832,0.845918,0.00702571,0.651678,0.421057,0.360491,0.183294,0.0213811
0.747825,1.12053,1.43598,1.6313,1.39696,0.533295,2.7569,2.0488,0.11924,0.372298,0.298158,0.0458999,1.15728,0.856267,0.0982553,0.195955,0.0656785,0.275164,0.52203,0.457377,2.1349,2.27408
0.236733,0.536927,0.0836079,0.616243,0.241651,1.28532,1.91228,0.595312,1.00988,1.22946,0.881322,1.11214,0.85483,1.08704,1.15701,0.317033,0.0272251,0.309285,0.750088,0.491292,0.436188,0.141259
0.601748,0.993916,0.637571,0.088943,0.120445,0.84074,3.09948,3.18977,1.38476,0.305816,0.0284879,0.979828,2.48761,0.640316,1.58576,0.417464,0.044279,0.0309661,0.523091,0.392388,1.26243,0.500482
0.296011,0.338455,0.641372,0.2519,0.41298,0.620638,0.265686,1.31317,0.982377,0.544729,0.446984,0.709441,1.38796,0.297097,1.481,1.26443,0.388963,0.29352,0.800344,0.724952,0.755309,3.04041
0.203149,0.23707,0.532303,1.67868,1.61674,1.09329,1.21821,1.42265,1.42056,0.758083,0.0311464,0.480503,1.95968,3.11956,2.57134,0.978416,0.427261,0.923965,1.11581,1.66378,2.80792,1.74289
0.181036,0.189414,0.702795,0.968854,0.981909,2.11926,0.175132,1.04217,0.56555,1.13374,0.45804,0.393424,0.302451,1.85156,2.83908,0.494063,0.325761,0.221573,0.722128,0.830547,0.515682,0.487093
0.0210233,0.0870718,0.572183,1.10306,1.17757,0.675123,0.0481796,0.100304,0.133432,0.135573,0.0679943,0.47356,2.24398,1.19102,1.84384,1.95972,0.839473,0.0268712,0.432466,0.215418,0.55452,1.61706
0.081921,0.137776,0.0151601,0.361256,0.174535,1.74915,1.14845,0.201094,0.603827,0.780506,0.125968,0.328232,2.03666,2.05497,0.1181,1.0384,0.467843,0.0526664,0.469812,1.09822,0.798044,1.09629
0.140411,0.0212073,0.885175,1.61503,1.41717,1.23127,0.537716,0.0318104,0.547453,0.839093,0.265227,1.22451,3.32892,0.757803,1.73782,0.317253,0.920087,0.0599823,0.255242,0.15994,0.684747,1.26676
0.0525276,0.144139,1.35731,1.08866,0.385821,1.19161,1.00735,1.37099,0.752476,0.0380673,0.26756,1.09172,1.90319,0.805951,3.45358,1.80132,0.121425,0.21657,0.340302,0.344746,0.945034,1.11935
0.129138,0.184161,0.563941,1.36026,1.52953,0.111639,2.22734,2.57954,1.50357,0.824499,0.464709,0.753625,2.66401,3.69708,2.71526,1.48612,0.750509,0.764355,0.842114,0.00382191,0.675984,1.23825
0.0380243,0.0370477,0.395406,1.00102,1.67729,2.31534,2.35528,1.6658,0.513828,0.235717,0.0802898,0.589145,1.9276,1.68661,0.173153,1.22444,1.45078,0.20648,0.648785,0.347501,1.59809,0.407689
0.0994743,0.0828101,1.06123,1.22578,0.426005,1.6262,0.649842,0.771389,0.207612,0.483439,0.0765662,0.132028,1.25844,1.16267,0.609613,1.25676,0.741153,0.841483,0.848799,0.607382,0.502825,0.419532
0.00821395,0.123792,0.941277,1.5009,0.325935,1.36837,0.586454,1.42198,1.24499,0.495517,0.387912,0.506025,1.0519,0.640718,0.38546,0.469112,0.143207,0.262322,0.574434,0.41188,0.224616,2.49565
0.0260229,0.0522466,0.590021,1.11442,0.902516,1.3192,2.37251,2.18861,0.977931,0.434094,0.351142,0.645459,0.845389,1.54519,2.82545,1.18901,0.205943,0.166382,0.151445,1.17745,2.26705,1.45361
0.0131363,0.0175891,0.201676,0.00550517,0.676227,0.104896,1.26443,1.63857,0.362901,0.465465,0.0223752,0.382776,1.68384,1.06217,1.62654,1.48598,0.839974,0.827142,0.284064,2.11763,3.14546,1.27409
0.0409207,0.00074027,0.21376,0.493725,1.28769,0.254009,0.483604,1.18917,0.485664,0.795323,0.601689,0.356031,2.04118,3.08291,2.08453,0.206763,1.31824,1.64046,0.65666,2.28948,4.3641,2.70631
0.0275691,0.0361234,0.305435,1.23331,2.06236,1.24331,0.939916,2.09532,1.44353,1.07455,1.3172,0.854564,0.0660631,1.3336,2.51832,1.42487,0.325344,0.150741,0.177808,1.2449,1.33499,0.490898
0.0169841,0.00636592,0.371343,0.00924025,1.51834,2.089,2.46457,2.25629,0.507458,0.443356,0.357117,0.998013,0.220691,0.0591831,1.40387,0.81572,0.740141,0.484468,0.348486,0.741621,2.41408,2.24101
0.182099,0.0423388,0.416748,0.941118,0.96837,0.44513,0.603431,1.18055,0.380527,0.43782,0.465532,2.0158,1.04167,0.782079,0.724405,0.0509643,0.227637,0.450346,0.429314,0.371715,1.00141,0.621344
0.087314,0.0791389,0.218559,0.260414,0.45863,1.79383,2.25263,0.68835,0.245491,0.115334,0.106166,0.181805,2.7244,2.70611,0.304125,0.712162,0.639233,0.789005,0.117629,1.30762,2.83916,0.850334
0.00630238,0.0228945,0.224437,0.729419,1.27443,1.72628,1.18593,0.246839,0.127894,0.241423,0.0524964,0.612836,1.20313,0.452484,0.583704,0.686368,0.263441,0.0354055,0.252515,2.06289,5.48739,3.12561
0.0341877,0.00686365,0.711292,0.625457,0.469923,0.613937,1.80533,0.939298,0.270491,0.525882,0.438633,0.462699,2.75557,3.52726,0.917079,0.551369,0.149499,0.873771,0.173855,3.82345,5.6855,0.334743
0.105257,0.037613,0.806342,1.8491,1.58474,0.671364,1.37365,0.334091,0.787047,0.152919,0.0393093,0.544963,2.41495,3.64141,1.70808,0.448465,1.33508,1.29436,0.557672,5.11318,10.466,6.10164
0.109293,0.0579027,0.659012,0.797286,0.294681,0.0115091,0.84062,0.257463,0.716537,1.24293,0.594294,0.952284,1.43787,0.192016,1.32901,0.21249,0.805956,1.08881,0.168541,6.52814,10.6381,3.02098
0.0778261,0.133107,0.54421,0.642427,0.390828,0.632736,0.186449,0.698021,0.690574,0.146609,1.3764,1.21439,1.28358,1.49569,1.28351,1.21407,0.228035,0.598393,0.90757,7.01296,10.5959,1.35015
0.0343381,0.00899184,0.224504,0.0653475,0.552171,0.384317,1.34368,0.382012,0.975946,0.182315,0.428052,0.100237,1.97069,3.02466,1.11364,0.264343,0.854624,0.693748,0.207652,6.83746,12.6596,7.00729
0.0198745,0.0443975,0.73842,1.85001,2.02425,0.645047,1.03799,1.12625,0.476337,0.68412,0.835187,0.100212,2.31878,3.3704,0.992347,0.876473,0.784224,1.07696,1.46765,7.47257,11.9436,5.00503
0.259428,0.0602757,0.92564,0.348036,1.89082,1.38243,0.533596,0.677422,0.312022,0.182814,1.20067,0.459526,0.597748,0.400823,0.425164,0.250778,0.186933,0.376034,0.768576,5.99153,8.48671,3.49276
0.217282,0.185548,0.45767,1.57472,2.4495,1.01702,0.597552,0.785277,0.837581,0.157748,0.605583,0.875348,2.44965,1.64908,0.641908,0.843481,0.119463,0.603726,0.679021,3.47335,5.73732,3.7522
0.103992,0.0581269,0.112342,0.348928,1.31889,0.844603,0.304533,0.151969,0.575032,1.08563,1.39659,1.93295,4.01157,5.41236,3.03981,0.113543,0.279684,0.256867,0.00503197,1.52464,1.58981,0.796062
0.17005,0.047775,0.285053,0.388072,0.197518,0.284214,0.560132,0.392216,0.913817,1.11336,0.092818,1.1001,1.41614,0.0448985,0.959034,0.342177,0.0102571,0.293337,0.258344,1.35006,2.21133,0.24172
0.118837,0.105501,0.598504,0.293799,1.11392,0.79872,0.535439,0.863045,0.458449,0.417869,0.430599,0.00142184,2.19684,3.82468,1.77861,0.361257,0.546912,0.07555,0.14378,4.29027,9.34607,7.24409
0.0844955,0.156607,0.609368,1.82288,2.66496,1.5668,0.956999,1.60262,1.6441,1.57039,1.34235,0.236727,1.93709,1.2973,1.40061,1.23475,0.103858,0.0496653,0.148194,6.81831,10.8402,3.39763
0.139133,0.112165,0.270524,0.54496,2.26752,1.24896,1.02902,1.22398,0.128921,1.08808,1.24175,0.554137,0.278074,1.21672,2.42575,1.16359,0.478041,0.537904,0.404318,9.52493,17.5896,9.23406
0.0275242,0.00481763,0.0452185,0.622645,1.62872,1.09089,0.437694,0.543754,0.195382,0.169778,0.280555,0.989052,0.319609,1.81061,0.869832,1.14101,1.51121,1.0368,1.10701,9.6856,16.3946,4.74652
0.024688,0.0467333,0.376694,0.740095,1.04643,1.53722,1.39358,0.435345,0.253283,0.530401,0.428325,2.07798,1.14275,0.178392,0.678475,0.801721,0.468689,1.52055,2.10594,10.4946,17.7919,8.18813
0.0028342,0.0881908,0.660302,1.15223,0.845176,0.366295,0.0977829,0.0606321,0.0709281,0.552403,1.66603,2.49979,0.83766,2.38561,3.10953,1.38502,0.779713,0.351608,1.31589,11.166,19.2524,8.90746
0.00447126,0.0435252,0.680865,0.314958,1.50952,1.83162,1.16845,0.809983,0.403689,0.702014,0.192878,1.2307,0.637278,1.55031,3.06322,0.989457,0.432177,0.277217,0.938486,10.5222,17.4117,6.8536
0.115659,0.0577302,0.218492,1.53376,2.86549,1.43096,0.744753,0.830731,0.0629681,0.432367,0.88915,0.975954,0.129824,2.20209,3.06068,1.25176,0.80645,1.12724,1.09401,9.39764,16.869,9.45919
0.0750601,0.00620555,0.117798,1.46042,2.77875,0.926741,0.698756,0.198065,0.197909,0.324374,0.257003,0.555763,0.74867,1.06347,1.14759,0.292417,0.303635,0.66267,0.13716,6.92689,12.474,5.75662
0.0726327,0.13802,0.769185,0.070037,2.24729,1.93152,1.11693,0.948695,0.0644237,0.403177,0.436013,0.238688,1.36508,1.14938,0.0726159,0.553948,0.173627,0.0584385,0.128292,5.45065,11.6129,7.42266
0.10634,0.187529,0.744605,1.59015,1.93616,1.84422,0.630061,0.748643,0.504305,0.264669,0.000281497,0.817676,0.965274,0.73173,0.340947,0.100018,0.0906344,0.0100748,0.131426,4.34085,7.48619,2.63286
0.132994,0.166507,0.528719,0.641563,0.0855453,0.933499,1.21383,0.978632,0.611585,0.17617,0.798564,1.58649,0.765942,0.519834,1.13784,1.09742,0.304284,0.442034,0.425751,2.34857,4.75296,1.8245
0.00501374,0.0350534,0.113457,0.215688,1.16762,1.59915,0.928157,0.311635,0.0129584,0.0722622,0.961016,2.35759,1.27579,0.424065,0.931283,0.372155,0.113424,0.250121,0.116795,1.48021,4.24643,1.81981
0.0181672,0.0475858,0.51481,0.0523384,1.70225,2.21657,0.838792,0.423516,0.188956,0.0367794,0.882329,2.5213,1.97617,0.649976,1.86063,0.374381,0.148046,0.25128,0.110404,0.611771,1.47868,0.279744
0.0386092,0.157653,0.692976,1.83563,2.13111,0.510131,0.414018,1.68896,1.02395,0.159382,1.48587,2.43304,1.92332,2.68045,3.37467,1.41615,0.367598,0.621974,0.41862,0.170274,0.0543414,0.507029
0.0119919,0.0875905,0.71264,0.105268,1.44465,0.0992792,2.22735,2.03169,0.326219,0.208107,0.780843,1.72794,0.213197,2.98208,2.69719,0.324923,1.05647,0.711206,0.0339825,0.149605,0.503152,0.930981
0.0198889,0.0639153,0.309599,1.01754,1.6603,1.49688,1.46196,1.29494,0.147708,0.42172,1.19764,1.70216,0.425402,0.871062,0.999508,1.03192,0.72358,0.781328,0.257158,1.68627,4.14376,3.72044
0.0287144,0.0409997,0.241543,0.395793,0.740949,1.67109,1.48824,0.154105,0.965938,0.612392,0.613299,2.13815,2.71853,1.75252,0.21223,0.271192,0.00417111,0.0673257,0.201703,2.48968,3.4707,0.696624
0.054559,0.0735001,0.512228,0.959738,0.820629,0.652272,0.333469,0.091429,0.0127169,0.010418,0.34955,1.64099,1.61685,0.702967,2.22961,1.80726,1.30339,0.662579,0.271373,2.81243,4.03648,0.297728
0.0239442,0.0678044,0.750054,0.700642,0.939917,1.98505,1.93147,1.32934,0.0509999,1.07279,1.06071,0.426825,1.8056,2.59511,0.695728,0.378123,0.739435,0.464247,0.288867,3.63392,5.80988,2.70991
0.0281279,0.0706692,0.483322,1.21364,1.81128,1.40753,0.309431,1.52875,1.19336,0.830294,0.682124,1.35995,3.53122,3.41753,0.82236,0.305072,0.185366,0.68393,0.743229,2.84562,5.01852,3.91669
0.0869292,0.053604,0.222218,0.0353343,0.546341,0.250162,0.173184,0.91305,0.669606,0.490705,0.846733,0.926453,0.553335,0.232396,1.23127,1.3397,0.0956831,0.566826,0.514126,2.29707,1.31473,0.572847
0.00317978,0.0253405,0.190468,0.131709,0.0271832,0.365268,0.608141,0.229204,0.475851,1.55442,1.07627,0.434579,1.13379,1.6504,0.616256,0.707252,0.108898,0.149504,0.0929166,0.772194,0.0203003,2.01161
0.0533473,0.085728,0.477398,0.326931,0.319239,0.25325,0.507705,0.0798942,0.157097,0.87716,1.60874,1.35823,0.603775,2.49979,1.85139,0.156387,0.170593,0.451916,0.289339,3.31468,5.79031,3.87528
0.0394642,0.0148814,0.412563,1.2621,1.37927,0.0920498,0.926207,0.312192,0.183197,0.264906,0.590479,1.34501,1.68382,2.14107,2.17848,0.881312,0.0934321,0.0412676,0.562505,5.4168,8.30921,3.98476
0.105053,0.0237733,0.411486,0.133372,1.68246,1.58214,0.337672,0.0234712,0.477664,0.897388,0.493588,0.487384,0.562795,0.842514,1.94756,1.01273,0.454496,0.818465,0.937768,4.86011,6.58566,2.65137
0.0960824,0.0743015,0.0484525,0.673127,1.8321,2.06463,1.33037,0.215444,0.115346,0.669626,1.09803,0.254436,0.899635,0.124233,1.66073,0.918451,0.43921,0.380547,0.374911,2.96512,4.77374,3.04339
0.0525005,0.0336619,0.321243,1.01443,1.56843,1.11542,1.0272,0.973525,0.0781923,0.00857849,0.806405,0.724178,0.343608,1.0667,1.54979,0.513348,0.083773,0.0640456,0.372634,0.792885,1.54291,0.804354
0.0939528,0.00840311,0.524527,0.359448,0.465902,0.494789,2.15829,2.19473,1.15287,0.214284,0.289877,0.328989,1.0296,1.73809,0.965388,0.0733941,0.665611,0.827462,0.544284,1.15493,2.45422,2.6061
0.0273328,0.0439319,0.41556,0.660217,0.0616677,0.624592,0.0516375,0.999996,0.333055,0.648811,0.222743,1.17658,1.89925,1.30875,0.412266,0.295266,0.391063,0.12328,0.21591,2.15115,2.77116,1.51788
0.0953037,0.004814,0.147549,0.562703,0.7637,0.36603,0.698612,0.119531,0.161835,0.0857072,1.03652,1.44395,1.9657,2.10394,1.32968,0.405696,0.200069,0.178125,0.149156,1.49831,2.73932,2.31998
0.0502835,0.00393807,0.1995,1.03047,1.60243,0.441625,0.620504,0.860321,0.96114,0.24313,0.207302,1.0362,0.3917,1.21764,1.77261,1.12394,0.446777,0.4421,0.672493,0.616177,1.77573,0.635238
0.068197,0.0269822,0.62884,0.189999,1.5775,1.74107,1.2883,1.31907,0.610306,0.474208,0.652208,0.265833,0.356992,0.610613,0.557833,0.0534537,0.474034,0.112778,0.2803,0.0902507,1.75516,1.72353
0.0190096,0.0350399,0.546319,1.36612,1.78218,1.45148,0.370387,1.45067,0.255452,0.546679,1.34536,0.0928723,1.42097,2.19978,1.62256,0.467538,0.386137,0.606388,0.344777,0.725484,1.26952,1.07466
0.0132447,0.0329275,0.402478,0.366818,0.155397,0.00265946,0.533681,1.48937,0.913741,0.53727,1.44998,1.17217,0.127997,1.51058,1.56339,0.687904,0.175669,0.585505,0.388044,1.80173,4.20097,3.32968
0.0727027,0.0119308,0.103858,0.0657543,0.247519,0.608364,0.859525,1.05684,0.791878,0.448865,0.465976,1.53849,0.279772,1.47516,0.170476,0.61865,0.386676,0.324737,0.093107,2.08886,2.26305,0.367302
0.027185,0.0152446,0.334949,0.196349,0.641477,0.874467,0.00149429,0.702574,0.00376432,0.190305,0.0863346,1.66149,0.88301,0.949323,0.747396,0.177405,0.315965,0.196798,0.443471,2.67901,5.91044,5.89501
0.0514427,0.0382313,0.513655,1.18484,1.25762,0.436896,0.7071,1.63803,0.558065,1.34763,2.42342,2.31028,1.24279,0.489142,0.524307,0.341782,0.408304,0.917718,1.08358,3.36891,3.12886,0.699115
0.047453,0.0366758,0.696008,0.745937,0.44425,0.345672,1.36365,2.15018,1.46496,1.41068,1.11589,0.448578,1.36936,1.40801,0.558401,0.488454,0.753638,0.501541,0.467571,3.94052,7.70024,6.32197
0.122119,0.135448,0.539537,0.756996,0.290656,0.0114724,0.643686,1.24878,0.556703,0.417086,0.409827,0.0229942,0.370222,0.129041,1.08661,0.566893,0.448037,0.565708,0.422173,3.37219,3.79917,1.03565
0.0203358,0.0291698,0.142931,0.680743,1.24098,0.672503,0.158739,0.448585,0.0243932,0.769958,0.119484,1.39584,1.62262,0.382743,0.983101,1.12478,0.00504756,0.764416,0.265787,1.58098,2.68446,1.79936
0.0477764,0.0319671,0.0286531,0.777641,1.69833,0.921069,0.350254,0.596315,0.662176,1.26108,2.06993,2.52389,2.55849,2.09297,0.971661,0.333024,0.22243,0.496503,0.0711399,0.619417,0.866312,1.08822
0.083955,0.0993886,0.360188,0.0119029,1.28973,0.702379,0.0435926,0.697738,0.539551,0.72636,0.957324,0.694468,1.58471,0.431364,1.04351,0.745114,0.00417315,0.0140782,0.0418656,1.78136,3.46765,1.90559
0.0119446,0.127813,0.751976,1.49596,1.48879,0.693629,0.527057,0.931493,0.107812,0.102353,0.646517,0.0766309,1.21062,1.15552,0.554498,0.997356,0.0991981,0.651565,0.686589,4.07904,6.58942,3.04492
0.0191497,0.116732,0.70692,0.986379,0.202392,0.499764,0.843369,0.793717,0.124861,0.183641,0.222695,1.09551,2.92938,3.41373,1.73923,0.526591,0.800634,1.17344,0.630139,4.09757,8.34037,4.1827
0.0344309,0.0176827,0.275081,0.0408856,0.813357,0.544294,0.0325435,0.453516,0.537969,0.368157,1.48598,1.82195,1.55708,0.730273,0.0877049,0.210518,0.927254,0.770308,0.037138,5.22279,10.4357,4.31992
0.10583,0.0673779,0.196047,0.386853,1.66674,1.63184,0.550876,0.183987,0.151683,0.638172,0.316256,0.98176,0.780403,1.65239,0.261119,0.872364,0.605051,0.662061,0.344129,6.45963,11.7315,4.70326
0.0634819,0.052326,0.461938,1.39558,2.05635,1.40005,0.819526,0.599177,0.304643,0.96388,1.55071,1.72496,0.133227,1.42655,0.670893,0.379168,0.422486,0.294029,0.227923,6.45096,12.619,6.58382
0.00042827,0.0435612,0.658037,0.392353,1.05502,0.657255,0.585334,0.757803,0.712717,0.748016,0.495325,0.497665,1.49483,1.28776,0.262535,0.343708,0.5076,0.471212,0.668965,7.09981,11.2837,3.9713
0.0409217,0.0851576,0.568565,1.04996,0.787926,0.0162646,0.425127,0.0380505,0.530453,0.174086,0.130892,0.72039,0.673836,0.918033,0.836578,0.411925,0.226174,0.809371,0.182202,6.11888,10.8148,5.69503
0.0880568,0.0107223,0.240789,0.574013,0.9016,0.765845,0.117217,0.434258,0.697899,0.453839,0.562303,1.5765,1.58053,0.0439121,2.10749,2.05629,0.0500029,1.33871,1.11088,4.28516,8.09076,5.14559
0.102036,0.0125892,0.107558,0.584756,1.17018,0.533922,0.043846,0.34311,0.277723,0.33061,0.718104,1.29199,3.25349,4.4211,2.83475,0.736915,0.530309,0.741974,0.0218044,2.70304,3.53321,0.0408779
0.0560494,0.0413438,0.424139,0.228622,0.815488,0.558679,0.270001,0.00967513,0.680861,0.187614,0.749677,0.275118,1.57272,1.27357,1.02963,0.518085,0.96182,1.11623,0.730433,1.49776,4.14008,4.92729
0.00450507,0.0454959,0.584799,1.1151,0.85191,0.317323,0.166962,0.423593,0.523183,0.0174361,0.31788,0.603615,1.80662,0.89257,1.44553,1.31548,0.474152,0.511762,0.239343,0.0720662,1.06648,3.17441
0.0546621,0.0416713,0.684485,1.30332,0.894179,0.130081,0.208323,0.825372,0.948134,0.64887,0.203516,0.606466,2.99487,4.27118,2.79751,1.20702,0.153575,1.19474,0.979375,0.969794,0.259206,3.40436
0.0327394,0.0442694,0.525679,0.333276,0.868456,0.687453,0.38825,0.436396,0.437047,0.597058,0.293664,0.0411519,1.59718,1.38686,0.79445,0.624111,0.101893,0.326651,0.382879,2.32466,4.96995,4.09079
0.0970813,0.0307615,0.106217,0.677513,1.35223,0.944499,0.446003,0.407427,0.0833593,0.339763,0.323059,0.796533,1.83043,1.4538,0.252332,0.158178,0.0848,0.497152,0.72667,2.34384,1.83396,1.12294
0.0406572,0.0189331,0.292982,0.869556,1.34278,1.163,0.353574,0.645957,1.19593,0.698813,0.372941,1.48715,3.66841,4.08621,1.74086,0.583888,0.0018107,0.646028,0.263971,1.06462,1.77353,1.43713
0.0450003,0.0212218,0.56505,0.74643,0.0138262,0.366818,0.881142,1.35132,0.744104,0.509589,0.489482,1.01502,3.41936,3.90044,1.88795,0.140243,0.572885,0.767,0.434896,0.284405,0.259968,1.32826
0.0879167,0.131201,0.745428,0.915687,0.122245,0.510577,0.902954,1.25976,0.181174,1.27326,0.79601,0.0123735,0.773605,1.76024,2.15476,1.01271,0.487514,0.846359,0.62011,1.8938,4.89865,5.5827
0.0107408,0.0859774,0.642995,1.30142,1.34795,0.900656,0.24147,1.21796,0.732425,0.219359,0.605586,1.93497,4.54936,3.40136,1.26097,2.16453,0.32515,0.387077,0.415894,3.19691,2.88402,2.44388
0.00820353,0.0031497,0.294964,0.0789291,0.770185,0.629279,0.585676,1.32971,1.28359,0.689981,1.08567,2.13636,2.5369,2.58114,1.53462,0.152434,0.0393816,0.703974,0.497085,3.00945,6.25174,3.85906
0.0433938,0.0372822,0.258854,0.0484109,0.647107,0.0840251,0.828899,0.606888,0.625968,1.16241,0.451536,1.18726,1.12447,1.50596,0.326647,0.487786,0.228454,0.340576,0.698126,1.8118,4.05219,0.596833
0.0376997,0.0717575,0.704823,1.26802,1.04979,0.59147,0.729599,0.948888,0.486175,0.172228,0.913823,1.92374,1.3197,0.194555,0.631205,0.0353015,0.103194,0.493747,0.297995,2.84828,4.79795,1.74658
0.029059,0.0722763,0.772992,1.16034,0.299824,0.644833,0.288203,0.912414,1.29352,0.726964,0.674042,1.4798,1.86872,1.86142,1.62662,1.10104,0.332595,0.127682,0.0428784,2.36604,4.20424,2.47837
0.00670911,0.0702244,0.562119,0.50612,0.310883,0.232279,0.444342,0.504613,0.162233,0.53107,0.168237,0.672989,0.465106,2.04661,1.61204,0.0173952,0.474447,0.0447647,0.0798337,0.833418,1.10391,1.39065
0.0793695,0.063277,0.027887,0.377328,1.34254,1.41632,0.686967,0.140854,0.258832,0.234988,0.262693,0.220527,0.986263,0.469377,1.22185,0.472671,0.114639,0.218403,0.103065,0.789877,0.827554,0.940517
0.0380423,0.0796584,0.558082,1.37471,1.6851,0.9291,0.0406854,0.413357,0.819344,0.609395,0.147833,0.282018,0.501195,0.0788751,1.65331,1.35834,0.292108,0.378751,0.578773,1.6077,3.95596,2.85099
0.097402,0.31351,1.13928,1.08127,0.157469,0.0732638,0.201717,0.322457,0.283231,0.108926,0.499224,1.43726,0.445554,1.71808,1.90808,0.747016,0.45772,0.263211,0.149871,2.96524,3.1994,1.0131
0.0189875,0.338031,1.09728,1.12765,0.240329,0.135078,0.0814728,0.161063,0.717624,0.420058,0.706824,1.40855,0.219797,0.656457,0.596212,0.289614,0.32467,0.50543,0.0831217,1.82101,4.53129,3.30453
0.384687,0.679164,0.362106,0.659017,0.872001,0.0173105,0.263268,0.185457,0.103617,0.183661,1.02215,2.06253,0.644191,0.938146,1.04796,0.562984,0.620879,1.16354,0.499387,1.39529,2.01748,0.201097
0.371123,1.15763,1.56688,1.35616,1.68489,1.02591,0.283543,0.572493,0.0625613,0.303266,0.799657,2.25364,2.30495,1.4701,0.795276,0.209717,0.391819,0.829015,0.714441,0.789026,1.10127,0.554128
0.624288,0.936528,0.238416,0.887563,1.10593,1.54733,0.660699,0.669846,0.896334,0.299377,0.341095,0.351457,1.90381,1.85139,0.113631,0.163614,0.668469,0.342495,0.401741,0.501824,1.82012,1.97034
1.2932,2.65055,1.5534,1.45071,1.21975,0.319261,0.18144,0.0453241,0.0547936,0.637611,0.449512,1.29088,1.16239,0.49735,1.14873,0.53329,0.140567,0.464476,0.712142,1.18602,0.601101,3.23375
0.305134,0.0217523,0.27793,1.05341,0.93261,0.232445,0.00503848,0.63958,1.38039,1.56673,1.67977,2.37406,3.1313,2.90234,2.11901,1.3776,0.535106,0.00776562,0.322616,1.28491,3.48955,4.26507
2.36126,4.81745,4.68018,0.352187,1.44017,0.691685,0.564333,0.642775,0.322386,0.99815,0.82784,0.383372,2.50799,2.01428,0.436788,0.565153,0.011838,0.275454,0.491859,0.15517,1.44085,2.977
1.04413,2.94531,2.22159,0.488724,0.668312,0.83124,0.118492,0.516504,0.219028,0.552569,0.395435,1.31761,1.66044,0.935801,0.00403114,0.147502,0.192972,0.121356,0.224889,0.203159,0.498542,0.173237
2.90063,5.55085,6.71515,4.09213,2.11422,0.892083,0.203003,1.14514,1.10906,0.905878,0.142271,1.82727,3.96814,3.50481,0.686539,0.370757,0.263774,0.277158,0.00988467,0.606523,0.0220153,1.88981
3.62918,8.14691,10.1699,4.93923,0.918205,0.781631,1.50779,1.58246,0.81926,0.381882,1.03624,1.35594,3.58744,4.52243,1.90286,0.0211975,0.59879,0.834596,0.547617,0.965982,2.78606,3.12302
1.67282,2.51991,0.160184,2.10107,0.220186,0.432217,0.00250468,0.846954,0.221487,0.000518908,0.496436,0.124597,0.400102,0.127352,0.461828,0.335577,0.585987,0.987804,0.321457,0.621708,0.644597,3.27763
6.56878,12.2283,10.8731,0.790433,2.13814,1.43017,0.5086,1.82332,0.917016,0.129338,0.156483,1.02372,3.76008,3.76638,0.517687,0.428428,0.470459,0.984169,0.582046,0.333886,2.45012,3.58982
1.05924,4.0638,6.76331,5.6222,3.97124,2.5859,2.42786,2.63915,1.61639,0.233754,0.140488,1.12629,3.47006,3.73535,1.58571,0.285841,0.348617,0.579256,0.41234,0.16914,1.64339,4.42808
8.02701,13.8272,7.81024,4.58456,0.952626,2.28466,0.419818,1.18704,0.80243,0.0449574,0.66189,0.835869,0.595774,1.49746,0.733053,0.068661,0.563924,0.308219,0.163491,0.7618,3.7463,5.40329
7.11819,13.8181,7.78307,6.62908,3.98374,0.24193,1.34621,2.77008,0.915725,0.647822,0.0968614,0.244096,3.01961,3.56616,0.199683,1.02396,0.67054,0.706391,0.440368,0.989124,0.688496,4.63394
4.89906,8.79612,11.8709,8.7278,4.10768,2.44127,3.90403,4.1396,2.42305,0.678186,0.39682,1.08785,1.59001,2.00773,1.73515,0.819464,0.202846,0.290289,0.149059,0.420251,2.33109,4.72979
11.2912,23.1774,23.02,3.61109,3.88441,3.44797,1.5554,0.940303,1.08718,0.251881,0.522942,1.6687,0.454693,2.9433,2.33274,0.422236,0.906069,0.844316,0.272509,0.50918,2.95438,3.9887
1.6221,4.71953,1.81473,3.07693,1.70192,2.38394,1.61207,3.50409,1.04864,0.650246,0.947117,1.55957,1.28906,2.30946,1.03392,1.32869,0.502649,1.04736,0.615737,1.69699,1.88498,2.45853
13.0314,26.027,31.323,17.6365,7.63822,0.225858,3.73925,3.16182,1.09902,0.123409,0.0995561,0.240721,0.687242,1.60978,2.36919,1.85588,0.525867,0.208588,0.277143,2.68579,4.93495,2.91724
9.38374,22.7553,32.5168,20.3513,5.28995,0.773462,2.9577,1.10889,0.534832,0.0508131,0.543814,1.33743,0.640238,3.26775,3.28726,1.89069,1.30558,1.2899,0.573548,2.54086,4.67588,1.68483
9.35952,15.2118,4.00454,10.9008,2.17852,1.56739,2.20885,4.29384,1.29777,0.538602,0.0374325,0.833016,1.81989,2.06964,1.4705,0.696375,1.53914,1.62392,0.705555,3.02986,5.2353,1.23673
19.5064,36.6714,30.3305,2.287,8.08055,1.37739,2.47581,1.88729,0.772129,0.548246,0.716134,0.389751,0.812279,2.35355,2.89508,1.30325,0.789257,1.14092,0.696584,3.75017,7.52103,6.29409
1.70145,5.71658,10.6169,11.2871,9.7504,4.16558,1.9153,1.60327,0.118229,0.401784,0.477917,0.0882104,2.81181,5.06729,3.73821,1.67555,0.283482,0.58594,0.434444,3.58059,5.30164,0.0124116
18.8461,35.1984,19.8531,14.0336,3.39735,5.67237,2.21836,4.73452,0.999882,0.181941,0.117516,0.141752,3.19174,3.33225,0.798147,1.15258,0.0154059,0.0681333,0.0707999,3.61348,8.51842,6.94447
17.1714,29.6061,11.7309,19.3271,8.60605,0.813336,0.463056,0.608447,1.3045,1.17547,0.00500982,1.00253,1.02165,0.365067,1.30331,0.132415,0.18514,0.521163,0.548808,3.89336,4.85955,1.01703
9.74409,20.3072,29.6365,23.0436,12.1041,4.38154,0.108138,1.53902,0.387757,0.533626,1.04313,1.58383,3.07804,3.8137,2.23216,0.607875,0.410664,0.876657,0.596082,1.96225,6.31586,6.33292
22.9588,45.871,46.1176,9.34701,7.90568,7.17275,2.58657,4.82181,0.888235,2.04459,0.662489,0.0536985,1.6336,2.01027,0.329293,0.596948,0.140162,0.411143,1.13248,3.19206,2.14058,0.702368
4.04297,6.6341,1.63358,8.20173,2.95864,2.92935,5.54762,3.49478,1.31014,1.513,0.755738,1.03922,0.174852,1.52749,1.67356,0.279009,0.323306,0.130903,0.366132,0.0736067,2.42163,3.90227
20.9636,44.0653,55.9621,34.2846,15.3028,0.872412,3.59558,1.23187,0.6115,0.355236,0.772059,0.0370992,2.61421,2.2952,0.112713,0.980375,1.08227,0.637418,0.369272,1.48816,1.43939,0.0945618
17.1183,35.8372,50.797,32.9099,8.23079,1.90581,5.54742,5.71794,1.4142,3.056,0.79914,1.93886,4.20427,2.14386,0.257496,1.24159,1.0994,0.736171,0.503254,0.025447,0.174545,1.04745
13.7875,23.5328,7.42754,16.6741,3.49946,1.30812,11.6818,6.88184,0.441827,1.09668,0.580068,0.381068,0.644826,0.562875,0.101833,0.222745,0.233523,0.169848,0.0882411,1.267,1.15721,0.397046
29.4984,53.6661,45.2374,0.818822,11.1967,0.695957,6.91321,4.10849,2.23625,1.80823,1.04453,2.8849,0.583079,1.51434,0.0749294,0.119645,0.169896,0.204249,1.30054,1.48939,0.46722,0.896379
3.19515,9.82992,19.5212,21.5071,15.2495,8.05362,6.76107,2.91486,3.75185,2.88421,0.411092,0.484416,3.28661,5.46341,2.59148,0.633517,0.603771,0.769772,0.802478,3.08616,3.45518,2.01584
26.7992,49.0922,25.3288,22.1632,6.1009,13.1627,16.7607,10.1913,0.796395,0.0528869,0.271281,1.38387,1.38587,0.555275,2.06906,1.19462,0.456448,0.77033,0.577437,0.573502,2.63987,1.7177
23.5791,41.439,16.1406,28.7692,14.3728,5.37071,12.0393,8.1701,5.20493,3.66382,2.52037,2.88403,2.26431,3.54386,1.4698,1.80893,0.866135,0.706354,0.668338,2.50383,1.96353,0.391461
12.4853,26.1923,38.1656,28.7499,14.5427,8.09212,6.19275,1.30589,2.57787,2.30286,1.84148,4.45587,0.11539,4.39123,3.2967,0.474576,0.401596,0.102853,0.186336,0.428257,0.555475,1.10341
32.3952,61.1486,56.2292,5.84004,11.0435,14.1761,16.3209,9.65415,3.45326,2.54925,0.691837,5.40561,7.32507,5.91582,3.52117,1.13388,0.766132,1.24696,0.426904,2.34999,1.77737,0.733108
5.80328,13.2796,0.576809,14.3515,1.7623,9.96367,10.4391,9.66008,6.26179,4.89977,2.53028,3.66122,5.61656,2.7279,1.98199,2.15857,1.46892,1.17511,1.64226,2.69955,0.943397,0.0695128
29.6701,59.9784,77.2675,48.6978,19.2254,0.148056,1.0445,2.98391,2.19585,1.57609,0.716715,0.455722,3.45085,2.71598,1.53899,1.32948,0.595619,0.577517,1.53338,2.80823,1.80108,1.01317
27.71,55.8175,74.7978,45.3673,10.2728,1.6598,7.85384,5.75125,5.20764,4.51685,1.77293,3.19024,6.74328,7.14852,3.84279,0.758174,0.287768,0.287086,1.44269,1.47603,0.179095,0.77949
14.069,23.7215,5.53808,19.2658,6.04849,2.68337,7.38062,9.99402,6.62154,5.10087,0.0588817,3.22511,0.143931,3.62175,2.72683,1.03556,0.788804,0.99136,0.95778,2.38605,3.20619,0.640472
36.3401,69.9649,64.8953,6.66791,9.68494,4.15836,6.91908,7.57234,0.262013,0.662793,3.42177,4.67118,2.68142,5.90648,0.14185,1.10709,0.825784,1.04042,1.05446,3.17271,2.16393,0.281982
6.43472,20.1515,37.7504,36.2553,22.2493,10.5039,6.5746,1.11834,6.83872,5.24326,1.04961,3.46586,3.19832,0.00170608,1.4359,0.817909,0.533425,0.66239,1.96107,3.19165,0.361409,1.33314
30.4542,57.3362,24.3441,34.1717,5.9128,12.6702,1.0945,6.36113,5.48888,2.85155,0.553343,3.55238,8.6795,8.91599,3.18723,0.496486,0.448039,0.854663,2.49108,3.4422,0.296309,1.9776
31.7415,58.7797,27.4699,35.877,21.7756,2.00226,13.5345,9.83579,3.58643,3.76239,0.8894,0.896369,0.591313,1.1541,2.1043,1.09171,1.02772,2.36501,2.59948,1.97146,1.11264,3.28573
12.0386,25.7758,37.5719,26.3679,10.2187,11.5086,20.035,8.74456,7.49284,7.11526,0.414688,3.93858,11.1816,9.90305,0.796455,1.33247,1.45975,1.99373,1.14795,0.34052,2.45305,4.73921
43.3896,80.3769,66.4382,1.20059,13.0745,8.61762,4.60707,1.02217,2.59709,1.54191,0.622995,2.86365,5.28692,4.63429,2.12502,0.286563,0.865736,0.932515,0.18989,1.1478,1.4624,1.09944
13.6376,25.4371,0.478051,29.5484,3.78048,0.803416,17.6794,7.66823,7.04319,6.54023,2.67811,0.908339,8.3984,11.0563,3.17896,0.297397,0.60621,0.892262,3.11586,6.02771,4.99265,2.63639
34.0614,69.2976,94.1734,64.7798,27.5873,6.44745,25.8679,14.2749,6.04904,7.27757,0.295791,1.22969,5.01652,6.67591,1.07524,1.01371,1.224,1.47891,2.94755,3.99923,1.31644,0.405576
38.9599,77.0747,98.0473,53.2946,6.79577,4.02906,6.87319,5.34788,1.51955,1.19463,0.0192892,2.49845,8.31507,8.11202,1.65119,0.0737643,0.8612,1.21268,2.23348,1.73973,0.267046,0.677635
12.7848,20.3416,5.14874,17.9594,11.4308,11.5064,14.6779,1.51457,10.6542,8.38054,0.65603,0.93666,8.73887,9.15151,1.67709,0.611082,0.0178081,0.175774,0.626186,0.473579,0.596917,1.08259
48.5637,92.1306,93.389,27.1454,0.488778,6.24279,21.3749,12.5133,5.35754,6.1097,1.57878,2.70404,6.47822,5.17457,0.384196,0.485385,0.0379543,0.0284476,0.96213,0.428502,0.0582162,0.591159
16.9374,37.6396,62.9379,55.2016,29.313,7.47181,8.64849,11.2823,5.93577,3.69416,0.750473,4.02368,12.3336,11.8918,3.5856,0.360732,0.560413,0.746697,2.95701,3.66965,1.44215,1.73203
41.2626,66.6402,21.414,44.2689,5.86456,17.0923,1.37626,7.62,12.7422,9.00404,0.187322,2.68593,1.41833,3.59495,2.07877,0.393959,0.539254,0.708013,3.48737,7.49106,6.58255,2.73264
41.9216,79.0454,46.0201,37.2734,29.029,6.21819,6.43978,5.29104,1.99289,3.1881,1.74707,0.441202,10.0372,10.9653,0.704798,1.29526,0.604125,0.340256,1.83873,2.00322,0.718255,1.68711
8.74251,15.9426,21.6574,10.3472,0.816073,0.166001,5.51852,10.8978,9.11391,6.67769,2.14473,2.1652,2.53406,0.419804,1.22116,0.63118,0.326819,0.604914,0.557441,1.30746,0.28753,2.05096
49.0616,93.9159,70.3495,12.3679,12.8995,4.57779,15.1508,16.8442,13.6805,9.53851,1.42874,3.52284,12.6649,13.5049,4.4339,0.442999,0.174595,0.405331,1.34367,1.61882,0.0880489,0.141727
23.8788,41.6399,3.43019,44.6067,12.2012,3.82399,14.4965,3.84935,0.218514,0.155273,0.964575,0.439727,1.42341,0.706551,1.44789,1.05378,0.227198,0.36135,2.23185,2.50919,0.589993,0.092414
33.7141,70.6661,100.079,73.0549,32.3106,5.7821,3.09187,6.87857,11.2508,9.36891,1.71541,4.39895,13.5745,11.7038,0.79404,1.11106,1.04322,1.04733,3.95474,7.38343,4.90885,0.838667
44.8137,92.1447,109.471,45.8507,3.20669,22.3999,27.0394,19.211,11.6263,8.92356,3.23407,2.99939,5.4215,6.17329,4.39495,1.43153,0.636595,1.14158,1.10948,3.23005,2.331,1.65747
1.02508,6.78729,7.51639,4.34272,13.0834,21.6919,26.178,11.0113,3.56813,2.21955,0.967963,0.335427,9.19821,12.9457,5.67996,1.0955,0.395512,1.13199,0.0372642,1.80515,0.152063,2.70074
51.0368,99.9405,112.95,51.8346,15.8302,2.09155,2.11153,0.569041,12.1742,11.9682,1.40033,1.13646,4.79652,4.79454,1.22676,1.4895,1.36084,1.68824,2.64965,5.48905,0.973952,2.64163
30.1524,61.2637,93.4303,71.0844,26.8652,18.2791,28.2118,17.2992,9.77515,8.05547,3.19718,4.16725,11.1582,8.98348,0.427796,1.62473,1.48068,1.67349,2.3866,2.91397,2.84822,5.4089
37.5786,63.4358,19.8418,45.0911,9.59673,21.2831,24.6415,12.3071,6.38974,5.23566,0.138257,1.60009,7.75375,8.4052,3.39535,0.557245,0.641767,0.422644,2.45677,3.49515,0.651364,3.23994
51.4594,96.2033,68.1852,25.1715,27.0533,3.24704,6.12761,5.90819,11.5358,11.8784,0.718872,1.69488,9.55764,10.3506,3.40423,0.41899,1.1963,1.25471,1.13225,2.44375,0.411644,1.61021
3.42001,1.72783,5.29942,15.9318,16.7331,0.367172,10.6248,6.42834,6.81036,5.14984,0.131557,3.18423,8.56047,7.60014,0.99282,0.427515,1.83551,2.35874,0.773609,2.16066,1.27461,2.05659
48.8153,94.0612,56.7451,31.5268,8.71005,8.24943,8.35494,4.86859,8.84208,7.94468,1.30041,1.90718,6.2891,7.67434,1.26893,0.736236,1.90789,1.89464,3.12501,6.63851,4.46503,2.01249
33.5748,59.2864,14.3657,54.3217,27.1018,4.57329,7.3819,9.45975,11.6936,10.9954,2.24938,2.31509,4.34614,6.92856,1.1777,0.174961,0.35754,0.695984,3.31508,4.54737,2.24009,1.32135
33.2781,63.0706,88.1797,64.3064,25.314,8.43331,13.6816,8.23509,1.72709,1.45413,2.41002,6.50571,10.8313,7.76913,0.849476,1.25942,2.65799,3.32162,1.92788,0.540075,0.297761,0.610954
50.6705,103.581,108.397,29.6678,10.6824,20.9989,13.8395,7.16909,12.2592,10.1427,1.15203,4.33045,9.6358,8.15352,2.15432,0.0361078,2.45694,3.47247,0.402679,1.83277,1.12621,0.623607
2.61406,7.15191,6.77152,15.5076,9.88034,11.7571,11.0756,8.2766,10.9779,10.3482,0.984761,2.39796,9.01461,9.81604,3.04642,0.0410915,1.01954,1.07408,2.17751,2.53178,0.286118,0.144809
50.2997,102.808,128.141,76.1879,32.4666,9.47117,33.7086,19.2365,1.99375,1.12388,0.705434,3.63781,10.3813,7.9763,0.607343,2.19001,1.59925,1.76414,2.90634,3.25739,1.4783,0.230627
35.5214,77.4123,112.508,72.2066,13.9802,7.47745,23.6467,15.4453,13.6396,11.1326,3.89995,1.95926,4.92802,5.21626,1.58098,1.03407,2.54311,3.2771,2.98571,3.75918,2.86808,1.86057
25.6575,46.1835,14.1558,37.8726,17.3324,5.20015,9.48989,1.30765,12.2554,10.1112,0.00116834,1.95342,7.09252,11.2129,5.21174,1.41158,1.93935,2.14307,0.165018,0.333768,0.569982,0.57983
54.5619,104.799,91.5161,3.45484,12.3065,13.4186,30.165,15.7066,1.85689,1.25447,1.63615,5.57985,7.50791,6.4397,3.97461,1.43719,0.240532,0.253299,2.25022,4.33193,2.26478,0.0873881
10.3226,25.3658,44.2858,41.2178,26.7236,3.08745,19.5205,18.7401,14.1142,11.0531,3.95177,5.86424,10.6857,6.74972,0.962879,0.638649,2.52074,2.78548,3.3133,3.27143,0.168166,2.01584
49.6599,89.997,45.7674,38.9699,2.69787,20.8586,1.55201,12.1132,13.0947,9.46484,1.04894,2.2039,1.92959,1.8704,1.90695,1.90372,2.14603,2.8921,2.57719,1.92532,0.393604,1.47447
47.9688,82.8452,37.5108,52.0954,36.2604,10.5375,6.09878,3.24758,4.04794,3.00185,0.0181779,0.0800212,6.29992,7.88949,3.21022,0.539601,0.200921,0.343697,0.0682201,0.0741967,0.240298,0.637417
16.7916,36.2533,52.2833,31.5419,6.10535,2.52291,0.157078,8.25265,13.031,11.2379,3.03406,0.862012,2.42587,2.54881,1.23979,0.0546149,1.40989,1.71262,1.5232,0.722361,1.89689,1.6992
61.1998,113.682,96.5601,5.63076,10.3252,1.78487,13.2485,19.5604,13.6131,8.81182,2.48968,0.595789,5.13788,5.52051,0.588761,1.08499,1.54986,2.03966,2.62821,2.55477,0.302189,1.67105
20.1334,33.4727,0.548964,36.9183,7.79581,7.38429,24.8181,9.97168,3.51683,2.74483,0.225007,0.429911,1.8682,1.46002,0.110308,0.126299,0.620372,0.654709,1.3491,2.20756,1.30715,0.168116
43.7294,90.6239,118.836,76.4696,32.0975,3.22377,16.9549,4.91906,11.0826,9.91806,1.70828,1.48889,4.79866,4.60859,0.941834,0.267051,0.566146,0.486491,0.038817,0.0363037,0.567224,1.46867
49.506,97.9256,117.475,52.4915,2.04188,18.689,17.4748,14.7851,11.9576,8.17016,2.11263,0.146493,1.20116,1.84842,1.08903,0.81697,0.964535,1.08639,1.55729,1.47161,0.843968,1.35387
11.7985,20.4875,10.9857,15.5725,21.2821,27.6473,31.806,12.4555,2.72051,2.00132,0.298015,1.00012,3.79717,3.44458,0.17107,0.0373875,0.856024,0.737189,1.49794,2.79054,1.3013,1.11759
51.04,106.461,113.731,42.302,14.0164,11.2011,20.1137,13.0657,7.15792,8.36065,1.80968,0.701809,0.0588243,0.184298,0.802056,0.574381,0.129649,0.449225,1.26082,0.66521,0.990699,0.597508
28.9082,58.3081,83.5949,55.1377,15.8643,6.6232,5.85869,2.75606,8.29754,6.47329,0.887712,0.111602,3.06477,3.86615,1.2461,0.0924006,0.485901,0.842511,0.70159,0.0055059,0.967332,0.777495
34.0134,65.0915,28.777,39.1823,13.4124,9.71975,6.30496,1.73557,1.64926,0.695336,0.0374215,0.584898,0.642169,0.453503,0.35528,0.285844,0.170994,0.187617,0.101993,0.627935,0.138096,0.989382
55.4144,100.956,73.7854,18.7301,20.2004,0.332806,4.58415,6.42865,4.49478,5.92412,1.04718,0.608661,2.41697,2.31704,0.0651885,0.618409,0.280586,0.368452,0.992274,0.709039,0.656467,1.16291
1.61976,1.48585,5.58167,14.5113,15.4911,8.71165,10.0297,6.10033,5.81411,6.04251,1.86525,0.468078,0.0627885,0.0703042,0.188045,0.455916,0.174213,0.116691,0.252896,0.360221,0.446081,0.248502
55.9236,98.1132,61.0202,22.3661,1.93968,20.8066,18.5687,8.70619,0.693211,0.678517,0.31033,0.736223,2.51329,1.77194,0.465014,0.398233,0.0403913,0.0357494,0.436936,0.694865,0.870506,0.14554
37.3715,66.8542,30.2326,42.3565,28.579,11.8313,10.3244,4.18175,4.02275,3.8116,1.19805,0.244385,0.0213479,0.510346,1.17875,0.392029,0.111102,0.144566,0.373141,0.424679,0.557927,1.71774
26.6859,51.5178,65.9252,35.3874,4.94844,3.06128,11.4082,4.99564,3.64751,4.55309,2.46746,0.381438,2.74075,3.50469,1.56604,0.37328,0.130557,0.0772073,0.0463403,0.190752,1.19464,1.19611
55.2419,103.198,92.1484,15.243,0.136075,7.99496,15.7074,6.05633,1.46077,1.21715,0.321363,0.768252,1.94805,1.47386,0.258283,0.110249,0.0591657,0.115057,0.447415,0.447435,0.694083,0.733579
12.9232,23.539,3.24229,23.4385,7.92835,2.80839,6.82564,7.23922,2.44912,1.84498,0.750028,1.26807,2.80783,2.78846,1.19399,0.0407956,0.152516,0.169566,0.205871,0.0438021,0.735954,1.25618
39.7924,82.0301,97.4304,48.7239,15.2182,0.038083,1.48746,0.709458,1.61783,2.01265,1.53261,0.0497437,2.59274,3.08966,1.58921,0.6652,0.163322,0.180339,0.0386888,0.32076,0.187386,0.261493
44.5423,86.6497,94.1852,34.4361,0.849741,4.89246,1.11818,1.01346,1.70354,0.698838,0.360621,0.588314,0.0928643,0.123996,0.464965,0.301042,0.548431,0.775391,0.0390431,0.497003,0.868054,2.59103
7.44374,15.4074,12.3004,4.27604,9.13748,6.66211,0.218914,2.89036,0.494959,0.385252,0.667216,0.867544,2.44483,2.17242,0.74395,0.390468,0.70811,0.645723,0.342179,0.209883,1.0686,1.8488
51.885,96.6128,96.5865,30.9213,7.9131,0.31913,5.31349,3.18021,0.374665,0.00604031,0.0660987,0.266847,1.48807,1.97269,1.47182,0.921193,0.0280508,0.354805,0.220056,0.191489,0.0924098,1.25573
32.7818,60.3072,69.1316,31.965,5.15519,2.53511,7.67107,4.36553,1.19689,0.0232168,0.886952,0.266032,0.929733,1.08342,0.459402,0.00602925,0.0594159,0.0397218,0.385808,0.48025,0.00570744,1.31524
25.7739,43.963,25.1685,16.0263,9.27416,0.971862,0.24019,0.0505147,1.1396,0.985937,0.156336,0.221029,0.759207,1.37246,0.788089,0.369345,0.303185,0.430026,0.0730162,0.0977522,0.279997,0.334409
52.5912,92.6209,78.7714,7.50061,3.70652,3.46115,4.53044,1.31526,1.75515,0.686378,0.532117,1.01794,1.88381,1.88237,0.434241,0.445677,0.0168891,0.649299,0.374102,0.0919363,0.260112,0.628266
15.0597,28.0451,31.0305,14.0853,4.40205,0.607592,3.54864,2.47294,0.485408,0.282758,0.536707,0.699689,0.211169,1.3475,1.0557,0.200353,0.0598442,0.251507,0.106357,0.445648,0.679162,1.54729
38.0005,63.0733,42.6565,8.43784,3.1491,4.04675,0.0667906,0.813432,1.53341,1.37279,0.127186,0.742244,0.0762106,0.114945,0.425082,0.113111,0.417802,0.0511174,0.0926059,0.327804,0.0989077,0.028192
43.2042,75.6227,58.451,3.0669,8.05074,1.82324,1.22325,0.30995,1.19726,0.834561,0.320882,0.917322,0.43681,0.579786,1.04228,0.640181,0.0572008,0.152792,0.233108,0.575854,0.0912525,2.00583
2.10875,4.70387,4.1203,0.87202,1.10022,0.574944,0.579791,1.14882,0.64078,0.658373,0.89442,1.04214,1.33317,1.36451,0.80965,0.0860941,0.0909113,0.0951582,0.276619,0.792729,1.91573,0.764873
35.9891,63.545,50.2759,0.594858,2.96718,0.557563,0.283678,0.192603,0.809004,1.21984,0.203493,0.496324,0.924457,0.54446,0.27059,0.266863,0.103465,0.0657351,0.0710402,0.00642925,0.970292,2.23936
33.3407,58.4632,44.3992,1.59961,2.42737,0.973919,1.38133,1.42352,1.31514,0.688423,0.257627,0.16338,0.122661,0.353824,0.434821,0.162774,0.0922723,0.0596452,0.187056,0.207131,0.208535,1.23216
0.235453,4.67445,8.94591,6.87922,4.10623,0.842892,0.0267766,1.24802,1.01947,0.563606,0.0853388,0.888671,1.11228,0.366803,0.585719,0.355267,0.33699,0.467484,0.392837,0.672453,0.665587,1.39898
32.2389,56.289,47.8304,4.42944,4.22966,1.49041,0.291498,0.0703387,0.66433,0.112596,0.648008,0.76313,2.55178,2.19698,0.483246,0.855559,0.510134,0.401492,0.789138,0.43783,1.05103,2.50955
27.1288,43.9426,33.3275,2.38321,2.95661,5.12312,2.53378,1.22823,1.00009,0.515934,0.337989,0.737479,2.57527,2.80832,1.54139,0.707018,0.0396535,0.342102,0.24773,0.996799,0.192135,1.70297
2.68633,8.38826,11.1865,6.476,4.63827,2.63144,0.172399,0.31244,0.203885,0.300114,0.215076,0.445211,2.12389,1.66945,0.61245,0.719374,0.358693,0.415411,0.136563,0.377106,1.53968,2.43875
24.7043,42.5235,36.9184,5.22213,1.69464,1.38467,2.84439,1.58364,0.681199,0.0910017,1.0129,0.415541,3.05148,2.45106,0.152754,0.77527,0.717362,0.863641,0.867306,0.499955,0.495711,1.06465
17.9659,29.9711,24.4456,2.72917,0.549257,0.610755,0.933932,0.11317,0.557853,0.403119,0.138603,0.774725,0.0349934,0.490594,1.0138,0.58969,0.184128,0.888733,0.655704,0.974912,0.218402,1.27612
2.55353,6.73378,7.8884,1.26817,2.0802,0.431384,1.65036,0.0168115,0.0096595,0.351396,0.173404,0.4163,1.45035,0.505049,2.76261,1.56967,0.272224,0.664711,0.331435,0.0652752,0.881335,2.56082
16.5216,29.1886,25.7342,6.15951,3.60545,1.0391,2.43488,1.76947,0.894354,0.0659895,1.42971,1.62038,0.20539,0.48788,0.192839,0.807598,1.36704,0.97326,0.344669,0.662006,0.727984,1.54595
13.5133,20.5247,16.5709,1.14612,4.5657,4.35283,1.58397,0.134235,0.18148,0.801263,0.775606,0.198091,2.00532,2.80936,0.955616,0.508199,1.06696,1.13417,0.757425,0.786698,0.528758,1.13092
0.203335,2.85061,3.80495,1.04612,4.58116,3.54408,0.796762,0.558039,0.162941,0.55109,0.740748,1.12427,2.69926,2.92493,1.60094,1.38711,1.47039,0.65402,0.282599,0.282727,0.735741,1.16668
7.66008,14.4614,12.9389,3.29407,2.09511,0.046917,1.19591,0.152046,0.199107,0.976131,2.13229,2.36671,2.48692,0.758157,1.23689,0.809791,0.333209,0.446743,0.403472,0.239746,0.900845,1.00935
5.85443,9.42929,7.92161,1.01059,0.850387,0.172984,0.154219,0.634722,0.215896,0.817444,0.487229,0.110862,3.75665,4.10421,0.296098,0.645605,0.475572,1.1748,0.587916,0.162863,1.69438,4.94265
0.830758,0.953472,1.38465,0.26101,0.0122391,1.12484,2.38058,0.914751,0.288708,0.635471,1.15552,1.58431,1.45323,1.10507,1.22612,1.04837,0.0497285,0.790468,0.272495,0.344426,2.12003,4.58263
3.63598,6.26328,4.83602,1.19812,2.65761,0.161755,1.83198,1.17154,0.198963,0.00763814,0.293108,1.58898,4.02853,3.32232,0.361737,0.124745,0.225759,0.327633,0.585734,0.386687,0.995137,1.07564
2.7004,3.83262,2.4534,1.20815,3.64088,3.77834,2.50084,1.55592,0.147178,0.929983,0.545628,0.0964443,0.434367,0.25804,0.0748008,0.194058,0.944235,0.767498,0.0970514,0.455925,0.188014,0.310985
0.0737588,0.556867,0.343994,0.735572,3.09308,3.48667,1.88646,0.192606,0.484746,0.417931,0.77792,0.0786884,2.48932,1.86141,0.0907041,0.457288,0.622134,0.0592747,0.247585,0.201567,1.19857,1.60613
1.44849,2.34268,1.2006,2.18105,2.89461,0.916764,0.617432,1.47222,0.356375,0.319986,0.341418,1.44322,2.15129,0.814356,0.909501,1.05999,0.984293,0.900392,0.375722,0.184414,1.10089,1.92934
0.53397,0.965094,0.0131553,0.473888,0.719413,0.371254,1.86836,1.53283,0.211115,0.78831,0.457415,1.29682,3.16105,2.33968,0.309909,0.632896,0.87316,0.453484,0.183974,0.820555,1.06351,0.567134
0.00380046,0.504649,0.927368,0.465424,0.161602,0.459752,0.895506,1.179,1.02678,0.697514,0.574089,0.772781,3.36929,2.55184,0.0979834,0.0605258,0.239874,0.539194,0.208184,0.105793,1.1301,1.49191
0.622472,0.967703,0.264308,0.0504968,0.841808,0.0787254,0.686953,1.93073,0.5791,0.280369,0.0826765,0.0669599,1.15335,1.98971,1.41406,0.192744,0.710935,0.720585,0.0766643,0.483777,1.65181,2.19592
0.25772,0.166905,0.770659,2.14566,2.66384,2.23617,1.06574,0.0926078,0.158806,0.894918,1.06223,0.48523,3.50674,3.46145,1.43852,0.443409,0.268341,0.459213,0.671655,1.15759,1.08155,0.119139
0.117652,0.377384,1.17042,0.279107,2.22863,2.7175,1.79564,1.08796,0.70499,1.05592,0.872467,0.703432,1.48908,1.64894,1.70433,0.326282,0.0720828,0.597051,0.51322,0.479297,0.332474,0.15646
0.0922086,0.301915,0.40172,1.1833,2.53198,1.4942,1.02297,1.53944,0.37859,0.649301,1.08083,1.89063,3.45452,2.01707,1.1304,1.15275,0.0457491,0.275033,0.215966,0.854228,0.291181,1.41449
0.144579,0.00477994,0.521535,1.30127,1.19599,1.01352,2.0088,0.402194,0.06332,0.27991,0.750211,1.08441,0.023624,0.0252145,0.968112,0.525473,0.284651,0.437117,0.199704,0.07193,0.234475,0.250534
0.0989785,0.240393,0.988409,1.16946,0.212043,0.288311,0.892103,0.549376,0.195985,0.526756,0.334584,0.257725,1.03697,2.48914,1.71913,0.0942406,0.87837,0.289855,0.321579,0.0563537,0.683403,0.730822
0.00864233,0.120164,0.800943,0.710032,0.283712,0.225187,0.767104,0.120261,0.352025,0.940387,0.886593,0.138957,0.0774796,0.499273,1.23622,0.985449,0.0199603,0.132845,0.0563165,0.0461805,0.172367,0.167179
0.00538007,0.0299473,0.323584,1.44759,2.37078,1.07133,0.554557,0.357517,0.276177,0.861128,1.38553,1.50973,1.59525,1.91942,2.09921,1.52384,0.806681,0.438755,0.0241747,0.2544,1.13959,1.72294
0.103088,0.0906214,0.0453146,0.824299,2.35988,1.79711,0.749271,0.804157,0.377246,0.177428,0.275676,0.427026,0.0476436,1.18733,1.22872,0.999567,0.855363,0.277485,0.424956,0.302783,0.162923,3.34478
0.110896,0.0152688,0.500055,0.135823,1.95377,2.01061,0.195048,1.69487,0.882922,0.226392,0.478516,0.350902,2.25696,2.24909,0.36595,0.175551,0.562696,0.187527,0.0770411,0.190959,0.146679,2.32695
0.0276174,0.103544,0.592147,1.50471,1.73097,0.800371,1.10478,1.87256,0.568639,0.797901,0.520845,0.378621,0.36497,0.0719589,0.130908,0.152377,0.955564,1.1681,0.426025,0.255728,0.909372,0.625923
0.0239725,0.0134526,0.406759,0.376767,0.0172193,0.732454,1.59288,1.63915,0.813596,0.380409,0.562802,0.867375,2.3895,2.58735,0.879699,0.218305,0.484649,0.329925,0.117984,0.0294109,0.931908,1.4193
0.0121473,0.0302965,0.139854,0.00216287,0.5665,0.645512,0.925212,2.0083,0.705129,0.394935,0.00145262,0.508582,0.348036,0.406823,0.730829,0.00229095,0.0698863,0.476844,0.00116882,0.224704,0.440483,1.5548
0.0107579,0.0503085,0.19245,0.204211,0.896454,0.414304,0.326095,1.32544,0.792874,0.052625,0.836668,1.40423,1.18676,1.96634,0.546979,1.26068,0.0900205,0.77625,0.313698,0.869777,1.86936,1.8369
0.0762156,0.0103017,0.343762,1.44255,2.0268,0.503171,1.03636,1.28627,1.08218,0.818518,1.49745,2.08316,0.219446,1.699,1.07404,0.104109,0.158969,0.107951,0.231841,0.213856,0.869691,1.76006
0.0851998,0.0392847,0.574026,0.210671,1.79901,2.39267,2.1374,1.98061,0.750093,0.904172,0.311941,2.54293,2.46959,1.33496,1.58495,0.105619,0.920417,0.464776,0.0199221,0.319075,0.557389,0.380127
0.000704819,0.0332269,0.546521,1.33538,1.61202,1.56792,0.406691,0.76433,0.276766,0.731265,2.75987,3.09519,0.848699,1.63688,2.69464,1.97005,0.940822,0.797329,0.351534,0.754533,0.157517,1.14901
0.0238068,0.039697,0.490359,0.605549,0.188825,0.341684,0.00505491,0.905275,0.999776,0.561389,1.53066,3.44541,3.02296,1.82346,1.21426,0.429692,0.555248,0.721576,0.667748,0.967495,0.534182,0.0149693
0.0487627,0.0447297,0.0683449,0.0877624,0.792423,1.8205,2.17048,1.10099,0.271997,0.704779,1.16965,2.62488,0.527022,0.535368,0.179642,0.40195,0.251004,0.241143,0.0774945,0.320177,0.339872,0.714295
0.051451,0.00423856,0.540285,0.292084,0.930293,0.889004,0.130075,0.206369,0.0816329,0.280118,1.76984,3.20412,2.91349,1.52537,0.67312,0.918667,0.351786,0.445078,0.122517,0.0202766,0.715591,0.835304
0.0555834,0.0810625,0.699872,1.77346,1.79409,0.236782,0.918615,0.571694,0.950075,0.154187,0.50782,0.8297,2.17246,2.19186,1.36638,0.634361,0.272596,0.759884,0.283919,0.36605,0.867444,0.585888
0.0296556,0.00502592,0.469477,0.0884669,1.17876,0.541731,0.630773,0.311674,0.254159,0.146683,0.233955,0.330289,2.26036,3.56253,2.38477,0.351245,0.396526,0.35456,0.447644,0.0892699,0.525032,0.534313
0.00891129,0.0208378,0.0406125,0.28956,1.07055,1.84226,1.03046,0.371857,0.301033,0.279548,0.64719,0.398461,2.92406,1.96932,0.614995,0.241024,0.0583548,0.0513585,0.212388,0.579848,1.18803,1.01248
0.0380494,0.0156872,0.519512,0.764496,0.533304,0.812191,1.0055,0.488286,0.16688,0.361968,1.31564,0.356246,2.44582,2.78674,0.0868045,1.48202,0.990139,0.196326,0.35068,0.398487,0.950978,0.982938
0.0162985,0.0895365,0.812049,1.38137,1.35993,1.81765,1.78677,1.03623,0.725679,0.54105,0.910764,0.7105,4.26758,5.02163,0.96657,1.07988,1.06421,0.709969,0.682783,0.635945,0.445297,2.1857
0.012817,0.0815165,0.74755,0.601122,1.13933,1.94456,0.756856,0.589799,0.578221,0.288007,0.693844,1.68727,2.17863,1.09485,0.196085,0.571963,0.294552,0.0101489,0.255777,0.15904,0.899568,1.10258
0.0456053,0.0225343,0.338605,1.25651,1.84618,0.528745,0.381234,0.143934,0.79358,0.104559,2.1038,3.60372,5.85456,4.88845,0.668045,1.63556,1.34662,0.0135708,0.399588,0.245951,0.859572,1.35633
0.00801236,0.0397892,0.0361633,0.632917,1.33895,0.0077414,1.16008,0.75129,0.486035,1.31821,2.07184,0.209745,2.01823,2.57378,1.67132,0.747598,1.24152,1.28337,0.562952,0.911349,2.05585,1.41074
0.0349311,0.119686,0.625506,0.583038,0.169117,0.110121,0.24778,0.849533,0.88463,0.959085,1.51349,0.501482,2.25789,1.79612,0.684247,1.1779,1.17003,0.976289,0.612725,0.349467,0.118064,1.63089
0.0152874,0.114589,0.851508,0.974554,0.0975184,0.790016,0.997093,0.204013,1.0856,1.02858,0.680414,1.14,0.476213,2.11072,1.66848,0.180536,0.055804,0.203977,0.00954927,0.292977,1.00408,1.75392
0.00608299,0.091873,0.672759,1.52504,1.59819,0.0857689,1.39454,1.47074,0.881,0.501658,0.856995,1.2061,3.43843,3.2005,1.56235,0.586991,0.225038,0.586486,0.49266,0.616514,1.15528,1.88574
0.0455658,0.0364537,0.230362,0.371172,1.79973,1.61321,0.965692,1.26962,1.60724,2.09406,1.75888,0.332644,0.0278406,0.550047,0.010297,0.766858,0.723185,0.316262,0.214259,0.998629,0.446068,0.296929
0.00794962,0.00452559,0.296548,0.331997,1.86303,1.93171,0.2178,0.59147,0.561936,0.899566,0.426121,0.78002,1.96334,1.67065,0.407548,0.529169,0.177787,0.142411,0.226275,0.463463,0.144738,0.799839
0.0653317,0.0843968,0.769795,1.76651,1.77585,0.511152,0.583728,1.65135,1.12726,0.24519,1.18499,1.54539,1.26562,0.459694,0.426709,0.719029,0.14108,0.316681,0.247129,0.264108,0.338129,0.610959
0.0613626,0.111537,0.861355,0.893103,0.382965,0.0890153,1.13825,1.4072,1.33747,2.05684,1.76952,0.315399,1.60925,2.73829,1.40267,0.789367,0.882426,0.821817,0.315964,0.661846,2.03409,1.81918
0.0243107,0.0274922,0.386066,0.556658,0.106948,0.0789378,0.783493,1.19932,0.198647,1.44528,1.17579,0.30032,1.72063,0.558397,0.934213,0.0981804,0.496108,0.0940463,0.234534,0.213103,1.0647,3.26338
0.0519613,0.0510482,0.0822371,0.261761,0.757693,0.0250527,0.345374,1.5048,0.785267,0.168625,0.0322143,0.364254,1.94804,1.11463,1.11355,0.532465,0.477175,0.176258,0.292016,0.438838,0.129793,0.872668
0.0503225,0.120315,0.545444,1.4019,1.72251,0.694069,0.760683,1.45865,1.34198,1.26923,1.09709,0.116152,1.50996,1.99219,1.7143,0.633041,0.189956,0.0444268,0.0843533,0.505433,1.91685,2.32322
0.0807569,0.036765,0.778464,0.310934,1.71219,2.02488,1.7487,1.54202,0.118304,1.22842,0.859062,0.571753,3.02534,3.63916,1.42848,0.374589,0.493103,0.0312536,0.00746612,0.0920945,1.76357,2.59094
0.0405675,0.0874773,0.470342,1.42213,2.1216,1.47471,0.194604,1.28245,0.961639,0.589471,0.83641,1.69026,2.63294,2.06601,0.55062,0.184271,0.0990331,0.320091,0.0461074,0.0472044,1.23244,2.84261
0.0310468,0.0447218,0.04381,0.619221,1.19231,0.0307013,0.434625,0.614244,0.817384,0.568061,0.806422,0.163408,3.94032,4.84026,1.9788,0.736276,0.587311,0.251079,0.0384058,0.551031,0.912368,1.48994
0.0030482,0.0653912,0.554622,0.501197,0.103377,0.712651,1.78321,1.09892,0.423599,1.27079,0.685114,0.341794,0.582623,0.960221,0.492957,0.460007,0.411747,0.711922,0.482546,0.0267827,0.604353,0.514809
0.0463388,0.0370689,0.688188,0.833206,0.078001,0.227244,0.404334,0.853758,0.895766,1.01141,0.855189,1.29214,3.76952,3.1382,0.182375,0.00342509,0.621261,0.100434,0.261104,0.633196,0.243581,1.36178
0.00126994,0.0614107,0.513573,1.36331,1.41895,0.169428,0.728638,0.486229,0.799357,0.339166,0.127,0.258952,2.37195,3.55476,2.16228,0.443896,0.553377,0.759226,0.297899,0.0719473,0.453277,1.16757
0.0172034,0.000814939,0.267271,0.143604,1.13607,0.396827,0.869836,0.558926,0.577193,1.26308,1.12197,0.973604,1.77769,2.70822,2.34539,1.05532,0.367324,0.168045,0.303644,0.483347,0.0856379,0.00322509
0.0776717,0.0642826,0.176747,0.254063,1.28594,1.59122,1.04457,0.455144,0.576235,1.08385,0.780341,1.06657,3.40751,2.08209,0.730401,0.35509,0.139257,0.222039,0.224861,0.0828695,0.0420799,1.10346
0.0386305,0.0627108,0.538572,1.02464,1.22393,1.3629,1.30734,0.629717,0.279882,0.138078,0.8307,0.407658,1.07868,0.386287,1.10148,1.00366,0.056517,0.759029,0.846202,0.508151,0.131932,1.59575
0.0230537,0.0384667,0.582769,0.731686,0.211754,0.635147,1.25775,1.41604,1.71402,1.1179,0.781761,0.656527,0.983959,0.964637,0.567582,0.991106,0.760565,0.429277,0.261706,0.0474636,0.627699,0.237516
0.0065108,0.0251508,0.358612,0.431915,0.507289,1.47118,0.636356,0.568434,0.0127807,0.517334,0.328915,2.10658,3.78196,2.68075,0.0755845,0.159017,0.749453,0.596993,0.168216,0.276163,0.284432,1.3606
0.0544833,0.0221107,0.00310721,0.477725,0.931368,0.0713324,0.15028,0.864149,0.130491,0.353705,0.863315,2.18706,3.36414,3.35131,1.58418,0.212884,0.394005,0.136941,0.316419,0.249434,0.594977,1.49674
0.00253842,0.0291483,0.261443,0.940147,1.02649,0.515986,1.86015,1.90153,1.38395,0.331397,0.418053,0.19099,2.61542,3.50353,1.93532,1.06849,0.895422,0.826656,0.587551,0.378387,0.198516,0.557095
0.0489026,0.0324104,0.674986,0.538189,0.849734,1.21852,1.62144,1.82736,0.307944,0.58206,0.435061,1.58288,0.141602,0.322,1.43992,0.516485,1.07152,0.737679,0.12433,0.00603261,0.0730214,0.37048
0.006934,0.0673023,0.641072,1.24893,1.45214,1.63407,0.230002,1.41574,0.47673,0.317145,0.785248,2.04925,2.03208,0.120618,1.5485,0.892468,0.0770018,0.218423,0.488226,0.0175746,0.326233,0.0323606
0.119605,0.0608147,0.163001,0.0207409,0.349925,0.128849,0.315963,1.57744,1.30516,0.329388,0.836816,1.88504,0.920577,0.324041,0.423725,0.266645,0.227371,0.504185,0.32816,0.284991,0.328736,1.08619
0.0167987,0.0328595,0.406452,0.51432,0.479474,1.57202,2.55709,1.56026,0.0535884,0.108103,1.5835,1.09797,1.34624,1.3285,0.0788052,0.00829351,0.474004,0.586879,0.0734043,0.587599,0.0059924,0.450444
0.048193,0.0589668,0.77032,0.873182,0.0980416,0.23273,0.497656,1.02721,0.623267,0.195361,0.0675518,1.12092,2.53225,2.02958,0.604411,0.648198,0.252401,0.541855,0.195516,0.322033,0.804557,2.80721
0.0260842,0.0534798,0.608814,1.36765,1.00879,0.912352,1.08082,0.887413,1.18589,0.462254,0.43764,1.10065,2.13397,1.70091,0.688737,1.0347,0.784049,0.205889,0.215765,0.687077,2.00168,1.47878
0.0217547,0.00248831,0.410412,0.251806,0.552482,0.124673,1.35525,0.990941,0.149591,0.261338,0.314687,0.19195,1.21083,1.93797,0.953191,0.0240234,0.342957,0.163913,0.0795315,0.319573,0.772662,0.379874
0.0644128,0.0468267,0.00352815,0.16787,0.878387,1.54969,1.5621,1.08251,0.242532,0.181565,0.48625,0.163026,1.92045,2.25407,0.292106,0.715489,1.4294,0.0655489,0.336615,0.271217,0.182925,1.34851
0.000161443,0.0132728,0.367293,0.52553,0.463181,1.0529,0.674445,0.72611,0.90416,0.340017,1.73465,2.67738,4.02776,4.18681,2.44267,0.969762,0.654867,1.24894,0.0182744,0.623823,1.12047,2.02273
0.03234,0.043505,0.589724,0.959455,0.772694,0.742199,0.423641,0.0758507,0.327778,0.400933,1.10068,1.34029,0.398834,1.05355,0.193053,0.0483466,0.734038,0.764121,0.188517,0.566065,0.98811,0.101516
0.0308087,0.0547011,0.588487,0.597753,0.532669,1.28558,0.767261,0.219114,0.628983,0.282562,1.01015,1.80859,0.650135,1.73468,0.158397,0.16117,0.699009,0.865686,0.0535188,0.421042,0.246384,1.08256
0.0309676,0.0811066,0.296946,0.791404,1.04877,0.197445,0.186756,0.263505,0.244195,0.41908,0.985229,2.76256,2.50707,0.238864,1.20638,1.18412,0.0697812,0.717215,0.183163,0.355739,0.71863,1.35949
0.0218859,0.010697,0.109967,0.620711,0.826421,0.685297,2.04758,1.47521,0.386758,0.0552144,1.02957,1.90214,0.152326,0.920534,0.366395,0.582442,0.656136,0.390127,0.216971,0.333061,1.33933,1.30477
0.00934106,0.0389207,0.545467,0.478177,0.495349,0.530125,0.756714,1.50109,1.22278,0.442713,0.625952,1.15486,0.693732,1.90952,0.348358,0.272654,0.569307,0.784757,0.0636414,0.502098,0.251888,0.995054
0.000407674,0.087659,0.719619,1.14741,1.01397,1.6111,0.835966,0.908123,0.297855,0.353689,0.23567,0.409476,0.158359,0.0987713,0.0503821,0.729154,0.397306,0.43091,0.0465188,0.32364,0.0993755,0.177258
0.0623548,0.0193731,0.508186,0.84742,0.399292,0.524807,1.66884,1.65167,0.0369042,1.07629,1.41238,1.18826,0.953137,2.38457,1.37571,0.634563,4.01251e-05,0.703012,0.77804,0.909404,0.865311,1.43985
0.00499036,0.00966202,0.0704249,0.11347,0.826171,1.56852,2.10537,2.00512,1.04201,0.36451,0.221472,0.128243,1.17855,0.47437,0.445104,0.687663,0.902109,0.14324,0.418251,0.513733,0.19594,1.62646
0.0176361,0.0510478,0.449395,0.287929,0.772368,1.30419,0.187423,1.19905,0.376594,0.290475,0.0232913,1.31081,3.44901,2.69046,0.373503,0.85569,0.147999,0.423976,0.137738,0.150303,1.11378,1.05919
0.037862,0.0708532,0.689079,1.57474,1.54318,0.203125,0.278193,1.45539,0.519704,0.950074,1.9569,2.62222,2.50662,2.63493,2.39756,1.45855,0.4696,0.352267,0.251857,0.316778,0.926575,1.17039
0.0382079,0.0415166,0.63995,0.466034,0.389394,0.396436,1.74821,2.01051,1.22616,0.825464,0.356343,1.26819,1.19838,2.64256,1.02297,0.534849,0.68441,0.388513,0.373532,0.0498794,0.216733,0.349293
0.0459818,0.0796072,0.273162,0.564367,0.869313,1.22055,1.91658,1.82872,0.208994,0.437661,1.20321,3.01191,2.474,1.31248,1.08997,0.314046,0.231497,0.391492,0.118093,0.0858892,0.237334,1.18343
0.0111422,0.0194254,0.298709,0.502667,0.59798,1.11699,0.228496,1.34727,0.819221,0.159058,1.07137,2.63838,3.23411,1.70294,0.357991,0.899775,0.314187,0.371236,0.744153,0.445086,0.694974,1.78324
0.0396043,0.0600059,0.70296,1.03158,0.475219,0.270529,0.218124,0.976434,0.681714,0.259412,0.715347,1.45037,0.364881,2.23099,1.96864,1.01624,0.720129,0.865999,0.511564,0.239199,0.660338,1.40182
0.0433738,0.0515928,0.697425,0.782996,0.57537,1.8832,1.90946,0.908532,0.0563974,0.227171,0.775563,0.585127,2.08568,1.13768,1.73838,0.616816,0.460217,0.0749926,0.336744,0.106484,0.34308,0.59641
0.0796693,0.099225,0.324678,0.846598,1.10938,0.803854,0.269451,0.280303,0.533877,0.335578,0.289439,1.4141,2.38395,0.763661,1.58636,1.0284,0.145151,0.138077,0.538862,0.56708,0.442708,0.60174
0.0119918,0.0219491,0.14687,0.72833,0.992079,0.285275,0.902429,0.0950292,0.392096,0.684897,0.737939,0.0663153,2.34376,3.76058,2.70181,1.34598,0.661268,0.530638,0.550433,0.291118,0.505265,1.21098
0.00388681,0.0689548,0.612095,0.438688,0.536166,0.10952,0.308597,0.359719,0.555822,0.63468,0.316954,0.62898,0.44629,0.427141,0.651953,0.415719,0.656795,0.260662,0.576523,0.0779322,0.566438,0.383365
0.0310423,0.072485,0.685924,1.13052,1.08699,1.26542,0.577919,0.494001,0.233874,0.455429,0.990545,1.50976,2.02329,1.41982,0.162207,0.322476,0.0243453,0.182471,0.202013,0.159846,0.5912,0.296467
0.0204322,0.0778151,0.514466,0.866225,0.554036,0.127081,0.85469,0.834183,0.126049,0.0507278,0.757708,2.90117,4.1203,3.30887,2.16794,1.29323,0.200898,0.218421,0.0629302,0.00749316,0.611585,0.629613
0.0300505,0.0105882,0.151877,0.0232997,0.575099,1.02362,1.49444,1.61424,1.00653,0.645719,0.691168,1.05594,1.44266,1.39907,0.642799,1.20807,1.06616,0.183008,0.611453,0.141914,0.291181,1.39707
0.0143596,0.00666333,0.306437,0.274246,0.619315,1.38463,0.322394,1.23283,0.33072,1.02774,1.76399,2.46438,1.48345,0.405185,1.2414,0.535902,0.314493,0.390302,0.370117,0.0165967,0.320376,1.93039
0.0990687,0.0407056,0.738691,1.38361,1.20934,0.459257,0.722159,1.42424,0.574502,0.122394,0.249841,2.03558,3.47613,3.25992,1.60112,0.0436436,0.63217,0.446025,0.0679072,0.0949741,0.50384,1.19751
0.0675122,0.0305381,0.65301,0.865995,0.162057,0.816987,2.12809,2.15343,1.3748,1.11182,0.472742,0.564126,0.122592,1.33235,1.8326,1.04547,0.939183,0.945745,0.236268,0.169367,0.368511,0.121521
0.00460488,0.0635958,0.476723,0.618268,0.0504556,0.406885,0.56267,1.72977,0.513971,1.31965,1.57251,0.32206,1.89293,1.5991,0.816602,0.700432,0.633848,0.849329,0.420462,0.193424,0.0751923,0.165715
0.0128927,0.0200945,0.033507,0.389947,0.61409,0.30576,0.232031,1.56969,0.605878,0.321289,1.34009,1.68162,1.64121,1.55682,1.10522,0.125215,0.343362,0.00895445,0.283738,0.366767,0.0799392,1.96385
0.0420513,0.0521018,0.412351,1.00009,1.08528,0.031745,1.50424,1.98272,1.27074,0.64262,0.980461,1.19278,0.564302,1.932,1.46865,1.03953,0.999743,0.912068,0.752256,0.673836,0.764908,0.328615
0.0517231,0.0940443,0.707348,0.599647,1.2265,1.70461,1.16895,1.64546,1.50465,0.131073,1.04615,0.926328,0.805358,1.54215,0.625987,0.807216,0.515291,0.258617,0.499434,0.2373,0.0110845,2.20631
0.0494496,0.00614119,0.47355,1.09362,0.891209,0.245182,0.520498,0.657045,0.0220299,1.15108,1.69064,1.27355,3.93061,3.11104,0.678337,0.14083,0.499313,0.681007,0.113435,0.475854,1.00354,2.74179
0.00122937,0.0515833,0.406956,0.644694,0.288454,0.209368,0.760151,1.10976,0.498419,0.945127,2.50163,2.28597,0.21537,1.39924,0.464589,0.302509,0.900914,1.1974,0.829773,0.933017,2.70615,2.68723
0.00835828,0.00403424,0.144229,0.184747,0.967244,0.889526,0.816486,1.31609,1.0396,0.373728,1.24613,2.38801,0.505482,2.16618,0.115469,0.908327,1.12751,1.03208,0.368888,0.205857,1.91001,4.03918
0.0318025,0.0228138,0.219142,0.292712,1.48849,1.33927,0.0886026,0.502372,0.0927506,0.51103,0.226404,2.54218,2.26119,0.411301,0.0406109,0.0681168,0.577799,0.920953,0.443024,0.0443251,1.28483,2.79361
0.00384932,0.0597702,0.375474,1.19599,1.81649,1.22024,0.675124,0.74657,0.155317,1.88443,2.95177,2.38594,1.00187,0.265953,0.54137,1.3543,0.939299,0.26544,0.0307717,0.404834,1.86072,2.86154
0.00604039,0.0270838,0.500339,0.356089,0.756784,0.713256,0.156303,0.656797,0.99875,1.60012,1.64346,0.0253826,2.17767,2.32468,0.691609,0.45254,0.994227,1.02788,0.657956,0.701528,0.205035,2.17543
0.00496759,0.0363942,0.406622,0.627874,0.1456,0.35934,0.290864,0.0406861,0.172319,0.0384095,0.381985,1.40316,0.0489113,1.45912,0.506359,0.315453,0.179763,0.696627,0.0714436,0.0879579,0.0768125,0.631595
0.00487019,0.023297,0.198843,0.72199,1.07407,0.643487,0.2078,0.0105362,0.576734,1.34144,0.432204,1.97052,2.43939,1.20234,0.0461581,0.651463,0.0062792,0.797221,0.567786,0.396297,0.868255,0.841708
0.00741838,0.000164592,0.0590091,0.447505,1.38479,1.01243,0.236196,0.258801,0.0220376,1.01175,1.92738,2.14334,2.95257,3.20966,1.91118,0.95174,0.724206,0.691278,0.446444,0.390125,0.842473,0.879454
0.0341523,0.0813527,0.0611896,0.321602,1.05419,0.615905,0.27925,0.462523,0.0539206,0.174424,0.683246,0.362219,2.07169,1.80362,0.270903,0.438996,0.943404,0.587233,0.223344,0.339995,1.07504,1.64829
0.0908226,0.0292758,0.0169797,0.393147,0.870376,0.692755,0.441564,0.474209,0.198341,0.148489,0.167904,0.711434,1.946,1.68936,0.218467,0.400998,0.359652,0.348129,0.159801,0.305794,0.338872,2.02693
0.460861,0.583929,0.511988,0.185446,0.157728,0.449452,0.731807,0.99302,0.882854,0.0629812,0.216887,1.19616,3.11454,2.46047,0.384299,0.282025,0.543988,0.205536,0.0815891,0.0913014,1.05874,2.74243
0.598541,1.01874,0.968415,0.176833,0.302879,0.384216,0.199717,0.695002,0.325325,0.446549,1.05547,0.598227,0.0416901,0.520713,0.65338,0.0179087,0.205233,0.123918,0.213612,0.0114852,0.0350364,0.172581
0.14771,0.598682,0.628793,0.266897,0.364444,0.0453243,0.0557981,0.286866,0.219085,0.652242,0.421985,0.28169,1.05168,1.18466,0.658038,0.615606,0.297971,0.04817,0.0604275,0.220991,0.240687,0.731659
0.91085,1.14553,0.832744,0.286325,0.29793,0.0124371,0.417713,0.663082,0.825303,0.603658,0.37338,0.521531,0.269578,0.119947,0.11262,0.193255,0.122696,0.160552,0.0834632,0.029823,0.00312548,0.116597
2.18962,3.13326,1.93903,0.404748,0.323607,0.0889936,0.35804,0.519992,0.186699,0.20372,0.649281,0.539636,0.146168,0.951233,0.974736,0.101666,0.212087,0.0804244,0.266443,0.3733,0.0217073,0.583297
2.21479,3.31249,1.72887,0.978247,0.478458,0.214963,0.00384524,0.467747,0.0221323,0.893598,0.842224,0.126564,0.139159,0.0482633,0.670214,0.518347,0.0137587,0.0325323,0.187316,0.259618,0.491696,0.768424
0.179968,0.952011,1.49234,0.837639,0.332061,0.101207,0.349872,0.716144,0.564317,0.60817,0.648398,0.0248144,0.356843,0.253778,0.376192,0.412162,0.294945,0.281632,0.192007,0.0607786,0.0931401,0.0208017
3.17832,3.76736,0.970974,1.67618,0.357056,0.0447595,0.207762,0.457814,0.132921,0.417684,0.671163,0.200387,0.528817,0.637795,0.230944,0.0745894,0.192839,0.130259,0.0878541,0.160352,0.124049,0.219514
5.31884,8.10954,6.57992,1.11396,0.0879545,0.269138,0.0959895,0.255966,0.13194,0.0326971,0.0277816,0.0170831,0.672807,1.01505,0.557868,0.378041,0.339654,0.189463,0.217498,0.241754,0.246257,0.0633685
3.95013,7.51496,8.53937,3.55899,0.719137,0.34217,0.318384,0.319619,0.194076,0.222713,0.134696,0.31452,0.185957,0.0160971,0.0488564,0.38725,0.350582,0.0736208,0.0515022,0.18405,0.260416,0.187698
0.704857,0.183005,0.118734,0.464365,0.121892,0.844483,0.939764,0.567034,0.133653,0.57402,1.2141,1.22661,0.971781,0.726442,0.541394,0.506124,0.365027,0.13332,0.151238,0.271176,0.161664,0.383211
7.08444,11.0261,11.4564,4.51114,0.136008,0.709094,0.0727317,0.187977,0.0628003,0.776416,0.842936,0.586798,0.917847,0.0847342,0.63557,0.162108,0.075483,0.140985,0.0830195,0.00801153,0.361477,1.34939
10.5512,15.8725,12.0682,1.37473,0.237546,0.214989,0.173577,0.293304,0.0161601,0.474637,1.2509,0.927845,0.0932575,0.401368,0.708099,0.0878957,0.400909,0.0803069,0.365936,0.0685121,0.645361,0.46191
7.99246,10.4013,2.92884,5.54677,2.58378,1.57385,1.55814,0.674228,0.130597,0.131663,0.0632397,0.602798,0.776244,0.197161,1.1194,0.925933,0.165244,0.168605,0.0933641,0.0634542,0.0960988,0.536387
2.16987,2.06485,1.22238,0.187747,0.0414713,0.255749,0.25848,0.534883,0.215062,0.00242678,0.11537,0.28943,0.638633,0.537463,0.661957,0.596016,0.332083,0.242388,0.169685,0.342603,0.402442,0.205517
12.3663,15.3974,4.11357,7.99755,2.18872,0.529592,0.833709,1.10464,0.586622,0.600662,0.964716,0.649582,0.422124,1.45584,1.28509,0.130494,0.507318,0.398209,0.218194,0.0173983,0.439965,0.63325
16.5814,24.2833,17.2776,1.6592,2.45648,3.59956,2.99118,1.5333,0.481456,1.03871,0.593344,0.604753,1.20678,1.34292,1.1536,0.315277,0.0975589,0.0850563,0.0945514,0.121979,0.043079,0.408054
10.8492,19.0702,23.703,11.2291,0.00750473,0.895528,0.780621,0.897225,0.294166,0.0202955,0.173126,0.18007,0.513755,0.201562,0.501879,0.387185,0.151527,0.00755016,0.260718,0.202707,0.0172849,0.284157
5.15977,4.76723,1.23079,1.85053,3.53786,3.48868,0.174532,0.606081,0.520445,1.20903,1.10241,0.731265,0.529153,0.557502,0.580446,0.538815,0.223902,0.196185,0.276811,0.111083,0.138374,0.320655
18.2907,29.2036,32.2333,14.7613,1.41079,3.753,5.15776,2.55814,0.484678,1.63043,1.48921,0.559251,0.765682,0.734179,0.125543,0.119799,0.0992478,0.403199,0.353585,0.312962,0.0920411,0.0020014
23.0527,35.3567,28.1213,4.87576,0.388599,0.432439,2.94399,3.95823,0.361184,0.18204,1.44107,1.09337,0.150438,0.771458,0.367166,0.190056,0.497586,0.478402,0.456268,0.243724,0.386354,0.432313
15.7475,19.6377,1.1134,17.3332,10.572,6.5665,3.08907,1.23032,0.357892,1.02858,0.571285,0.244852,0.231175,0.163958,0.0739473,0.231791,0.307693,0.13084,0.0714944,0.344354,0.519581,0.369745
4.51448,5.63006,4.97432,0.54274,4.28355,1.18027,7.30896,5.30567,1.37743,0.287511,0.580898,0.166181,0.553806,0.975368,0.431556,0.31839,0.329786,0.000233794,0.0363076,0.509049,0.695168,0.359413
25.4771,30.8811,5.28092,16.9312,2.43917,6.10564,5.08542,5.58196,0.831638,2.39342,1.45152,0.820821,0.994516,1.46156,0.44096,0.25727,0.35468,0.307027,0.557647,0.208671,0.759589,0.908811
32.2502,46.3679,33.2366,1.41673,0.677519,5.3791,5.02446,0.801652,2.71575,2.45124,1.10859,0.017792,0.52457,0.235638,0.181445,0.297917,0.504007,0.712538,0.554592,0.782969,0.572321,0.0562343
19.3226,34.5633,43.875,22.1753,2.79482,4.13902,8.19181,4.78391,0.31207,0.228319,1.38013,1.5577,2.57529,2.5505,0.634097,0.200487,0.600367,1.03534,0.924938,0.32992,0.597835,0.908247
2.68251,3.31643,2.12852,2.24086,9.51705,6.78075,6.23793,4.49155,4.53625,3.08561,0.666536,0.166526,1.12098,0.333209,0.91688,0.698478,0.0964978,0.173386,0.0544651,0.375982,0.287129,0.0473524
27.5447,45.1144,52.7688,29.3354,9.16521,2.85904,8.34612,3.69775,1.28236,0.192935,1.32475,0.161523,3.08036,2.92585,0.0342248,0.0885679,0.13333,0.903601,0.236939,0.149866,0.434085,0.577429
35.641,52.3362,38.5097,0.644601,9.05484,10.066,5.00299,1.35392,5.03991,4.18335,1.37002,0.852971,2.88023,3.49087,1.84586,0.845404,0.205727,0.6816,0.0701811,0.396052,0.000882837,0.29336
26.4915,31.2329,1.15498,23.9062,8.9438,2.30646,5.23749,3.95326,4.36508,3.66882,1.70816,1.82432,3.53137,3.71923,1.07255,0.290514,0.386491,0.0745031,0.440696,0.223986,0.610016,0.783453
3.0471,2.25375,1.03531,4.38659,2.56574,6.51176,13.8617,10.9107,4.87913,1.00247,0.912892,1.03461,4.85531,4.26371,0.078865,1.1457,0.0226196,0.388476,0.66599,1.08013,1.19296,1.24767
31.2862,37.1387,3.2805,22.908,5.32114,11.8084,0.238426,5.14721,6.56837,3.50406,1.368,1.33378,1.55294,2.10282,0.560253,0.536439,0.80445,0.376573,1.80712,1.51137,0.348511,0.2925
43.0019,61.4743,48.1427,4.9715,4.41772,0.90899,3.9263,6.57877,1.92589,0.579702,1.44497,1.7011,5.4868,5.89629,1.64937,0.297319,0.878016,0.864199,0.683895,1.93127,1.58517,1.04726
26.7215,50.6375,63.9092,35.7267,15.0454,14.5875,16.4307,12.1257,7.34668,4.88779,2.59525,1.4066,2.06586,2.14533,0.843829,0.229605,0.932001,1.91014,0.132292,1.00749,0.389242,0.510392
3.68163,2.03293,4.08092,6.79038,0.886999,3.02156,5.18627,4.79417,2.24134,4.26048,3.02022,0.386995,5.89369,6.0589,1.59991,0.308454,0.61038,1.70233,0.503386,0.671683,0.687907,0.541173
29.7236,51.9115,64.736,35.9383,5.90816,5.24764,2.73051,1.62223,2.1144,0.547661,2.36734,0.53652,1.38062,1.0864,0.178686,0.532007,0.807042,0.864867,0.495102,0.231165,0.406592,0.327861
49.5796,67.4627,42.0026,7.81035,14.7546,16.2741,13.5788,5.27243,3.02258,2.71374,1.41126,2.18963,4.25366,4.56717,0.525681,0.715779,1.47231,2.37821,0.135776,1.68994,0.073318,0.643895
41.2527,47.6142,5.06058,26.5092,0.485904,5.4151,9.91313,10.2601,3.56098,1.33909,1.72921,0.680862,1.71106,1.87625,0.292882,0.696601,1.61083,1.83446,1.53391,4.11806,2.72109,1.06106
3.54409,9.27906,17.2817,7.72537,12.0788,16.7093,12.4686,8.29727,0.837678,3.06297,2.38302,0.763986,2.43145,2.98,1.02614,1.07829,1.28482,0.154782,2.36395,2.02324,0.0562375,0.212571
38.0402,40.4188,1.80971,34.0438,7.86337,6.88254,6.45632,4.51816,6.58828,6.46627,1.79453,0.529944,3.71991,4.41631,1.78885,0.971394,0.575061,1.87363,1.43713,1.42029,1.76336,1.15494
53.8292,80.7697,71.2576,17.7793,1.97592,0.0424787,11.0726,14.9578,7.0238,2.2375,1.17154,1.14276,1.72441,1.7856,0.150051,1.15251,0.876132,1.40937,0.315071,0.779278,0.193518,0.956608
42.7026,73.1633,84.7293,44.023,17.9784,15.3842,15.9453,6.35493,5.41553,4.86899,0.186085,0.614245,6.32431,6.91323,0.633228,1.65487,0.803506,1.26371,1.18557,1.48373,0.930475,2.26568
7.17117,7.00496,9.4425,22.2467,11.9403,2.01677,0.186127,4.1504,10.1549,5.91339,0.696361,0.335548,1.16494,0.838872,0.858322,1.58605,0.446063,2.07999,0.560552,2.85811,0.234339,1.82183
30.4425,54.8942,70.5141,33.5385,8.55763,11.5105,4.16638,3.32011,2.19742,0.952424,0.858419,1.15493,8.49814,9.30784,3.17511,1.80636,1.62954,0.128689,1.13505,3.18547,0.455932,1.9579
57.8091,76.0842,36.8351,15.2566,1.79144,5.27116,16.4928,4.363,10.2435,6.82061,0.0533145,1.56735,3.80972,3.28821,1.21061,1.32087,2.53737,3.10477,3.02255,2.19389,0.934835,2.7624
49.8657,62.112,16.3044,29.2686,7.25474,2.16549,9.12289,9.32644,1.7383,2.8797,0.560633,2.49969,9.85221,10.5967,1.83603,1.37006,2.65196,4.485,3.13434,1.81182,0.662741,0.943249
12.8456,25.855,40.3891,22.7305,5.8838,8.25694,0.638665,3.87362,7.44197,5.10512,2.86679,0.0460061,5.32512,5.37414,0.880471,0.532606,0.74233,1.67848,0.334649,2.0855,2.51887,1.16971
32.2359,35.5695,2.58974,35.9942,18.2634,0.221897,14.4496,11.0984,3.40435,7.05881,3.92299,0.582828,9.8238,10.6411,2.67904,0.248187,1.82688,3.60729,4.12155,2.8975,0.0502954,0.00342611
59.7446,92.214,91.4212,40.4549,20.6845,5.98464,14.3027,13.4879,0.917365,4.11173,3.64678,2.83747,7.38978,7.36227,1.21324,0.648182,2.89613,5.6847,6.10338,5.4075,2.254,0.0397995
53.8397,87.6291,92.5932,34.6732,3.41818,2.75146,7.34218,3.73079,2.69652,1.4348,3.63778,4.68235,9.8074,9.65416,2.13271,0.624383,1.87334,2.04403,2.85631,2.80774,0.183507,2.03516
21.1326,21.8259,11.9324,31.5889,5.17546,4.67457,6.40013,4.32127,5.48219,3.8368,3.95237,0.413415,9.27032,9.56215,3.21709,1.45215,0.195052,2.92699,1.75131,0.749969,0.128386,1.27713
29.6739,49.7963,62.7879,32.7645,0.21894,1.90528,15.4563,6.97836,3.33378,1.20918,5.50122,1.48336,7.03941,7.48009,0.139009,2.1694,1.7093,4.5125,3.73205,2.40804,2.18978,2.17464
65.127,81.1759,26.5305,28.5535,3.81403,4.35378,14.7942,12.7011,8.69712,9.26234,5.20891,2.93701,9.59719,10.6807,1.24841,2.28528,1.2372,2.08193,2.50503,4.13868,3.55078,3.23934
66.0009,84.7139,37.0944,28.9868,19.9567,4.77143,6.07785,11.1197,11.3136,8.60469,5.2977,3.7273,6.03427,6.06987,3.04529,2.43051,0.828923,0.535925,1.42474,3.71203,2.66536,2.70019
23.5372,49.0339,71.9052,49.1802,21.9505,14.0356,12.4792,9.08937,4.88359,0.0643887,4.82645,0.648784,10.2363,10.8733,3.82655,2.4015,2.44214,1.15969,1.35984,3.42696,3.71461,2.75013
26.6232,29.4428,2.13485,22.2576,0.955678,7.5283,16.8743,20.2508,14.3836,5.20491,3.4289,0.833357,3.54179,3.01667,0.520857,2.85427,3.09059,1.05775,1.17112,0.116617,0.353503,2.59352
59.9093,100.782,111.934,49.6678,6.46145,9.52458,17.1023,11.9009,5.45982,2.39417,2.50539,3.82067,9.95422,10.1114,0.333464,3.41845,3.17459,2.20583,1.64495,1.6977,1.24917,2.79417
71.1689,106.307,96.2942,24.9317,9.67103,11.4147,1.81367,4.28641,9.06249,6.31667,3.34095,1.09243,0.226372,0.336364,0.657425,1.70961,1.18714,1.86387,4.30258,5.23657,1.98638,0.8073
37.0089,39.3472,12.5234,39.7049,0.570008,8.56059,8.86033,8.20664,6.75551,8.49791,3.75821,1.17875,9.92779,10.5307,3.28314,1.00024,0.907233,0.74262,3.6725,3.55403,0.542688,1.43046
18.4755,33.026,40.1352,27.0805,22.5489,25.5046,26.1332,13.0913,0.819556,1.40353,1.52361,1.06472,2.25059,2.41197,1.26005,0.40974,2.53933,4.00586,0.390068,3.33704,2.18187,0.452708
68.9283,80.0105,14.5727,49.231,16.9796,2.89311,15.6913,14.9188,0.480612,4.13562,1.00862,1.15756,8.73325,9.63836,2.74838,0.606837,2.48231,3.90579,2.77752,1.015,0.215614,1.56287
73.9991,101.505,61.4791,6.82836,4.53291,12.1089,5.8869,0.209712,8.11061,8.61008,2.08818,0.848084,4.7318,5.23256,1.95998,0.670289,0.511935,0.306353,3.12587,4.23807,0.756477,1.2751
40.2931,73.4696,98.6677,59.5416,20.2205,18.1311,22.9799,17.4822,9.16665,4.28472,2.14026,2.11355,7.38442,7.90338,0.612404,2.24548,1.77749,4.01365,1.22497,3.79852,1.05306,2.79029
13.8097,15.5723,1.30228,4.94974,3.3142,3.61256,18.128,15.5292,6.47695,7.10377,1.24236,0.425722,8.30033,8.51156,0.425398,2.97024,1.34464,4.41223,0.387238,3.37196,0.693458,2.54696
61.0566,101.493,121.11,54.0486,14.6691,31.9405,22.7668,4.12647,12.0968,5.79919,3.24847,1.01838,6.57265,7.5313,3.64543,3.06019,1.25641,0.25824,0.15754,0.798914,3.12117,3.45927
78.1637,110.847,83.3657,17.4535,8.71079,3.19278,5.51672,2.12501,2.73086,3.74171,3.70058,3.38203,9.93769,10.0825,3.63281,3.09779,4.14373,4.59816,0.87385,1.78943,0.728249,1.08822
48.9975,56.5746,4.56433,54.761,27.2927,10.6328,9.31453,4.70108,13.4852,11.5025,6.18271,4.42074,8.30833,7.82236,0.0669325,3.09146,3.9518,4.50567,1.34185,6.14846,4.37704,2.30409
9.84298,10.3907,5.79926,1.53097,8.32673,22.9267,32.4846,19.0492,2.81652,8.74765,6.53971,0.105535,11.257,10.9476,0.615932,3.08004,2.12777,0.47565,3.28306,3.63915,0.18092,0.216431
62.4817,72.2129,4.90689,55.4421,13.3226,5.09685,12.1446,17.2444,7.39275,1.14206,5.55291,0.801151,7.6995,7.43972,2.68027,1.92775,0.163936,3.05588,3.3543,2.95972,1.54429,0.250652
86.8282,122.044,92.9461,21.2147,24.0745,25.287,7.18359,0.873295,6.2031,4.66475,4.04447,5.66965,12.3059,12.0596,3.0953,0.652861,1.99642,3.63728,0.743516,0.736595,0.783442,0.876113
54.641,94.9736,115.619,51.7618,2.91391,5.01819,23.1748,13.1222,2.40171,1.66926,4.04998,2.77635,6.70423,7.27619,1.02527,0.232366,1.93338,1.30914,3.07739,4.79754,3.08362,1.64653
3.82954,3.74322,7.45088,6.7959,20.3412,15.0632,16.2444,11.7075,0.583388,4.47539,6.16541,0.839521,10.7712,11.7758,3.04499,0.628449,0.266132,1.35026,4.02954,4.23702,1.74496,1.58625
52.2246,89.3889,111.34,63.1559,12.4192,14.6421,23.5607,15.9653,10.2011,8.89463,4.77022,0.434401,7.62049,6.61834,0.304187,1.61334,1.36383,2.57976,2.62498,3.27465,3.12979,2.1508
83.0563,114.84,69.2488,10.2836,9.59038,8.33828,1.50086,9.72181,11.6649,7.39432,2.42087,2.27517,8.86449,9.27643,0.565172,2.05731,0.853605,1.06184,1.26604,1.81154,0.460065,0.832771
69.3723,82.2017,14.7505,50.5679,25.7509,9.57521,8.08493,12.8771,6.33464,2.71278,1.02952,2.88228,7.46183,6.80751,2.48551,1.71,0.199499,0.0284215,3.00004,2.94538,0.449082,1.51603
11.0106,24.7547,39.3677,30.2917,14.8055,6.42615,26.9907,25.4497,17.5158,9.96325,1.60456,2.25965,8.55473,8.32298,3.23438,2.54764,2.43103,1.10549,2.46958,4.16231,1.97202,0.337121
50.9858,58.8967,2.42699,37.0889,10.5653,11.3156,15.5971,10.6468,1.1794,2.35177,1.2412,0.856186,5.24962,5.50475,0.186622,2.41891,2.21395,0.915438,0.703748,1.3723,0.198408,0.319218
82.4535,126.401,117.771,30.9788,8.57559,3.81956,4.77401,3.32838,8.9274,3.02869,2.9706,0.960626,5.67095,6.27315,0.421731,1.86226,1.07021,0.307508,0.710331,0.785859,0.0400493,0.0688781
73.2647,112.985,116.647,52.5826,16.1088,10.059,10.2731,3.49022,2.72704,2.61328,2.83522,0.624086,4.47935,4.02206,1.43242,0.719553,0.0347205,0.320821,1.21947,1.57692,0.5487,0.990687
21.347,20.8611,14.5257,32.5009,3.89881,3.90387,18.7061,13.0197,3.8594,0.138867,3.70627,2.92691,5.00114,5.37712,1.32861,0.231369,0.486167,0.413832,0.896635,2.55389,1.38303,0.383877
37.4202,63.1989,75.9832,43.4852,19.7982,4.7201,15.1868,15.5338,1.54747,5.21901,5.60748,3.7498,3.83359,3.20228,0.765806,0.016475,0.381754,0.507446,0.465727,0.0194408,1.13093,0.886754
85.3352,105.082,41.1246,39.4,21.3974,0.625614,8.93307,1.68749,9.66243,10.7506,6.15114,0.0416055,5.39587,4.22083,0.25047,0.462584,0.148887,0.377782,0.463762,0.196637,0.141878,0.24069
75.6392,102.241,50.3027,15.4005,15.9325,23.339,11.8866,11.1871,8.35975,5.31406,5.2659,2.53427,2.01692,1.97973,0.156924,0.293207,0.398966,0.130726,0.0635864,0.0832758,0.0276839,0.21148
26.9683,54.6948,77.302,38.1552,1.61777,4.03485,8.77562,5.9494,5.89397,1.45874,3.71692,2.75482,4.04712,3.96267,0.527727,0.296735,0.542701,0.865496,0.931057,1.17033,0.978599,0.594363
26.8758,33.9183,6.61514,24.4414,20.6264,23.1568,21.0023,5.09683,7.5716,3.21278,2.32374,1.05343,1.86961,1.88787,0.192593,0.255399,0.198043,0.60529,1.40825,1.14583,0.0251838,0.0655084
69.532,113.886,120.412,48.2709,2.41244,13.0112,2.21238,7.76737,0.314348,1.52302,1.69641,1.55732,2.38719,3.53243,1.38575,0.615489,0.597111,0.222529,0.524104,1.27546,1.29444,0.745908
83.6504,120.274,98.0302,24.1144,0.131926,11.6094,5.45693,0.325811,2.36811,1.67814,0.308789,1.67672,3.21342,1.92696,0.315055,0.851006,0.513784,0.383274,0.0235225,0.314032,1.06889,0.394096
48.2065,55.0167,2.42477,45.1464,29.9249,26.296,19.7119,9.96536,0.92842,2.60655,0.482106,1.06613,2.31158,2.288,0.485871,0.795261,0.542343,0.309962,0.553605,0.216863,1.22957,0.697091
12.3702,19.6511,19.9109,2.57374,2.87048,3.21963,4.64602,6.01283,2.79504,1.70755,0.512053,0.0688684,1.61686,1.85371,1.08159,0.778801,0.0868026,0.128405,1.06789,2.1245,1.37809,0.121371
66.5768,80.9328,21.2201,32.2388,12.2854,27.9744,14.0586,2.29853,1.91286,0.822484,1.404,1.03142,1.22387,1.29876,1.11427,1.02071,0.470687,0.173082,1.11044,1.25043,0.0697397,0.281156
84.4983,118.702,88.0659,5.24553,5.63561,5.06273,3.5761,3.24704,4.05263,2.44887,0.617985,1.02781,0.275924,1.23555,0.488219,0.597135,0.236273,0.0648502,0.275295,0.37587,0.0403341,0.176208
58.9897,94.066,100.496,47.6908,20.2648,10.9565,1.16354,2.48276,2.27187,1.70382,1.86272,2.07372,0.150968,0.710003,0.476076,0.847679,0.152346,0.82789,1.58216,1.2271,0.357443,0.223367
8.38649,4.76197,9.77406,15.4765,4.30627,6.62086,12.0855,8.65242,2.33153,0.737468,0.534423,1.35248,1.50311,0.247772,0.0663713,0.346282,0.129003,0.616684,1.05663,1.34633,0.491602,0.187445
46.0967,75.036,81.3941,35.8064,6.35037,2.88875,6.94849,4.78617,1.30012,0.683333,0.420537,1.18098,1.61331,1.40972,0.878497,0.90399,0.521134,0.543962,0.396339,0.914498,1.70724,1.19473
77.8974,101.135,55.1823,16.1656,9.89289,1.62382,1.51954,0.237435,0.151202,0.165663,0.205478,0.494933,0.990662,0.131052,0.844731,0.165626,0.27462,0.0420679,0.353718,0.434076,0.945809,0.568501
69.1319,88.5216,42.3811,13.2147,9.70228,13.1135,1.07516,0.223294,0.377358,1.58113,3.012,3.22487,2.57232,0.816255,0.883454,1.30833,0.453494,0.37719,1.03661,1.67192,1.90311,1.37462
28.1134,45.1487,51.9267,21.2605,0.32034,5.52003,9.26279,2.85312,0.767709,0.315032,0.99775,0.583214,0.545386,0.413449,0.861112,0.851669,0.142805,0.711619,0.0475958,0.660269,0.249152,0.697988
28.7748,34.6792,13.3476,13.1635,14.4955,11.2971,1.66548,5.49591,0.411916,0.0316446,1.68749,1.02354,1.15932,0.795,0.0803809,0.376196,0.243833,0.310249,0.111017,0.351069,0.368943,0.669343
63.7089,96.4703,89.3236,28.3098,0.203739,9.31839,7.45217,2.36805,1.28745,2.27729,2.60162,1.30161,0.688206,0.949237,0.159513,0.597455,0.522248,0.660037,1.01139,0.954501,0.453842,0.0487466
74.3809,102.409,75.4856,9.04724,6.4526,9.27814,3.52322,0.125834,0.38671,0.903865,1.32156,0.0510171,0.169033,0.449906,0.672146,0.537726,0.191392,0.382644,0.027217,0.0739397,0.513533,0.310861
50.2937,60.9919,23.7908,17.1672,7.98577,6.89491,2.46767,1.30928,0.633349,1.50324,2.15818,2.70967,3.3805,1.70963,0.229212,0.0958769,0.570624,0.0104765,1.71665,2.41601,0.898853,0.275725
1.91998,3.16786,3.90179,1.86453,1.98102,5.73217,5.28233,1.70592,0.18517,1.18401,2.17844,1.5103,0.0725166,1.07305,1.03533,0.475903,0.0641017,0.0230758,1.22809,3.13877,2.15611,0.135625
39.2208,51.4332,23.8709,11.2405,2.04288,6.01869,0.688804,2.01609,1.90329,1.40763,0.0728797,0.976151,1.77307,0.457404,0.633504,0.535615,0.0103623,0.049472,0.684888,0.50903,1.03437,1.11252
65.9722,91.3058,70.2978,10.2895,1.92429,1.62399,2.81603,0.886721,0.834604,2.05036,2.86847,3.11965,1.89767,0.975394,0.797756,0.00284927,0.37041,0.47818,0.442319,0.304983,0.862124,0.40092
63.4119,85.6752,65.9963,14.2073,4.71614,3.71875,1.3842,0.193034,0.0855713,0.763373,0.53242,1.71992,0.563931,1.8017,1.23277,0.397188,0.183443,0.133088,0.440893,0.748605,0.595095,0.144741
32.1247,40.2982,20.378,5.78501,1.38989,0.472492,0.561574,0.913689,0.259418,0.438293,2.48886,3.10093,0.728456,0.830823,0.434794,0.203908,0.171539,0.0628801,0.407,1.07612,0.712675,0.275379
4.02467,8.29607,9.74809,4.2803,0.754645,0.92055,1.36054,0.723071,1.25949,2.03227,0.354276,2.90148,4.49563,3.40212,1.80672,1.13848,0.695792,0.593873,1.84597,3.5478,3.33268,1.55682
35.9465,47.8969,28.2919,3.67012,1.87244,0.209549,0.21194,0.24683,0.738696,0.307062,0.747661,0.928721,0.0360538,0.543363,0.226785,0.97274,0.0744321,0.601381,0.723941,0.768859,0.574454,0.139308
51.3294,69.1622,47.8504,3.26427,0.574224,1.38548,0.685018,0.345917,0.952286,1.09323,0.0920338,2.15207,4.70965,3.91755,0.603106,0.931377,0.435072,0.587683,1.13002,0.300276,1.09381,1.22909
46.8547,61.8902,45.0105,5.56602,2.09646,0.481127,1.37562,0.710624,0.367556,0.383306,1.03301,0.96361,1.68999,2.36853,1.2428,0.562513,0.0927096,0.732254,1.61213,0.853447,0.631604,0.686317
28.4678,33.8332,19.7945,1.60873,3.95073,2.16995,1.19767,0.779249,0.0757755,0.755288,0.357791,1.3616,0.280053,1.18686,0.58045,0.367026,0.381881,0.562106,1.29788,0.462998,0.719132,0.190055
2.64438,0.714161,2.99339,3.98464,2.19686,0.256228,1.89916,1.56256,0.0632131,2.00329,2.31055,3.06954,4.5221,2.59183,0.372787,0.608226,0.759603,0.813482,2.40825,1.39349,0.787561,1.42923
18.7431,25.7311,17.6091,1.52637,1.09473,1.03961,0.396313,0.0376956,0.81229,1.1855,0.941806,2.82101,3.36325,1.86404,0.00704727,0.199323,0.312195,0.13821,0.98793,0.809678,0.331461,0.416836
29.9977,40.4742,27.6771,0.402768,2.45721,0.647194,0.170677,0.155559,0.449432,1.22935,2.16579,1.78524,0.47767,1.50108,0.897316,0.539021,0.276756,1.07836,2.45927,0.0517955,3.13486,2.26369
30.37,39.4039,26.5517,3.02855,2.44864,0.987409,1.67465,1.32519,0.826511,1.45206,0.187325,4.22593,4.06661,1.26331,0.027626,0.0951687,0.318709,0.306738,1.35234,0.344577,1.67287,0.216142
21.3339,25.8723,16.8535,0.256841,4.10269,2.56638,1.37735,1.31655,0.265437,0.768765,3.48609,5.06719,2.37329,0.97572,1.02817,0.092,0.900808,1.13691,2.90749,5.59528,4.83211,2.12633
9.55079,9.0525,3.95631,0.980903,2.62415,0.376257,2.05929,0.976982,1.28375,1.11027,1.13615,3.03781,1.6852,0.302097,0.0960019,0.667873,0.606095,0.393992,1.63775,0.498374,0.997142,0.485832
1.78716,5.58576,6.77939,3.70649,3.79497,2.22617,0.345842,0.38261,0.0736857,1.08373,3.11904,2.28882,0.0335523,0.478667,0.0324266,0.426952,0.261372,0.353653,0.879917,1.13512,0.567268,1.34627
8.36588,12.6136,9.10065,0.163387,0.26062,0.575103,0.809362,1.68224,1.1224,0.151301,0.190282,0.2395,0.808791,0.410434,0.0574527,0.5419,0.503507,0.679962,0.179435,2.33637,2.80163,1.22911
9.91865,12.6503,6.95514,2.21796,2.19748,0.641412,0.90639,1.27735,0.107305,1.42255,2.15487,2.15309,0.794689,0.108522,0.457671,1.06172,0.934867,0.328472,2.31388,3.80771,1.85213,0.7733
7.79406,9.97242,7.09508,2.83543,3.57139,1.86101,1.04352,2.60415,2.91241,1.75884,0.803765,2.49121,0.691348,0.39237,0.793331,1.08112,0.17824,0.480879,1.83984,2.80368,1.32957,0.378979
3.97676,4.60118,3.43476,1.31317,5.40499,4.67105,2.45727,1.12112,0.812981,2.09264,0.400524,2.50371,1.68129,0.0454361,0.769176,1.42755,0.675903,0.765743,1.70118,1.19136,0.154876,0.122059
0.898594,0.274496,1.98392,0.441748,1.24139,0.620365,0.968979,0.116239,0.988128,0.53945,2.30833,3.71655,2.70391,1.2739,1.27821,1.23721,0.0993929,0.0121094,1.5447,1.79291,0.402731,1.27977
1.2393,2.60191,2.63035,0.771448,2.30948,4.38021,3.81197,2.73942,1.4511,0.0906165,1.23357,1.90949,2.79098,2.62631,0.819705,0.165004,0.223304,0.00343892,2.2122,4.0945,2.36852,0.3155
2.12357,2.58675,0.829719,0.967146,0.809758,1.39738,0.224139,0.508791,0.336127,0.337367,0.850417,1.35388,0.966679,1.5732,0.700034,0.638605,0.0652133,0.112452,0.869304,0.986082,0.645619,1.02317
2.07915,2.15485,0.864263,0.268774,1.84848,2.56023,1.14042,0.801368,1.32129,1.4259,2.39251,2.41466,0.654535,0.23512,0.822955,1.36373,0.363839,1.04622,1.68842,1.25849,0.908794,0.841026
0.704483,1.3371,1.67097,0.326307,0.487765,1.23031,0.07009,0.325151,0.551977,0.404446,2.38882,1.71465,2.80193,2.47161,0.0672269,0.0335357,0.702917,1.1572,0.0593735,2.18851,1.09315,0.732215
0.165384,0.00104556,0.143375,0.259551,1.47268,0.676382,0.682333,0.658547,1.38443,2.31694,0.0329067,4.38534,4.80315,1.85945,0.653929,0.926685,0.305964,0.0526156,1.44698,2.40859,0.43531,1.14583
0.0495622,0.734054,1.46507,0.867004,3.01542,0.771183,1.23004,0.953229,1.00525,2.04072,3.34453,2.53736,0.0383502,0.940362,1.15353,1.33011,1.02999,1.30096,1.7578,1.01627,0.516932,0.908055
0.427051,0.445795,0.368,1.6224,2.87226,1.30667,0.425187,0.335469,1.92659,0.834302,0.357937,0.813144,0.505418,0.51354,1.45285,1.90723,0.875487,0.299788,0.285384,0.577532,1.69507,0.365089
0.318152,0.119661,0.825116,1.04198,0.0204102,0.426748,0.189839,0.259184,0.642929,0.189679,1.29375,2.67642,3.08256,1.92963,0.373124,1.35249,0.424401,0.538524,1.52111,3.27593,4.0905,2.3305
0.0873761,0.16501,0.119934,1.83372,2.16236,0.136395,0.637085,1.20997,2.58497,2.06519,0.395788,0.192169,3.58986,3.20204,0.0639842,0.776056,0.720001,0.401235,0.420912,0.128066,0.949547,1.0026
0.0801973,0.109079,1.05902,3.11717,4.07295,1.20403,1.90379,1.31694,0.189481,0.479987,0.865999,3.97323,3.8949,0.806687,0.463787,1.37839,0.629418,0.76159,0.808989,1.57795,2.94789,1.18127
0.0228779,0.106234,0.139941,0.420411,0.961331,0.669866,3.14861,2.65838,1.39865,1.42178,2.2487,3.44834,2.64599,0.787891,0.975693,1.32264,0.449637,0.233086,0.935448,2.07826,1.51536,0.478106
0.0529548,0.188911,1.19306,2.40754,0.843181,0.0358649,1.60601,0.588731,0.590293,0.802742,0.122491,0.881061,1.74518,2.0484,0.383999,1.05101,1.02093,0.853307,0.181089,0.0865839,0.0411762,0.57976
0.0371232,0.00383187,0.317791,1.3679,1.60719,1.07588,1.10769,0.816909,0.221379,0.672514,2.34172,4.16531,4.53236,2.20492,0.150052,0.480918,0.153468,0.530693,1.10083,3.39428,3.3013,1.46658
0.030786,0.153401,0.634407,0.889388,0.957102,1.12682,0.600694,0.824278,1.43125,0.786986,1.4263,1.74788,1.76096,2.26467,0.768986,0.574397,0.156726,1.10486,1.97293,1.9949,0.629541,0.596858
0.0410102,0.0468202,0.370457,1.61786,1.10889,0.105145,0.956869,1.38486,1.03357,1.36633,0.904402,4.45857,2.5728,0.479082,0.284003,0.107041,0.0851777,0.271995,1.3201,3.73779,2.90893,0.680001
0.0359653,0.137281,0.0898608,1.00892,1.31809,1.33105,2.41631,2.17718,0.885741,0.153266,1.43501,4.07379,4.21841,1.87993,0.03306,0.72378,0.675047,0.319573,0.0905027,0.406984,1.02085,0.273424
0.01763,0.178148,0.517892,0.968687,1.58105,0.481795,1.20323,0.101622,1.28808,0.44658,1.3428,3.38788,1.31092,1.10094,0.718905,0.0187227,0.394511,0.56277,2.25284,1.00473,0.580639,0.115885
0.0142445,0.109255,0.0722342,1.79389,3.38075,1.12269,1.08912,0.625462,0.734348,1.11134,1.92538,2.16355,1.50624,3.02928,0.427114,0.686736,0.191735,0.588369,1.2028,0.798335,0.126603,0.236931
0.0234507,0.215944,0.496467,1.31935,2.55083,0.311393,1.22896,1.32062,1.4154,0.285969,1.75497,3.40399,4.5992,3.75324,2.03882,1.66075,1.15004,1.10213,1.08959,1.36772,3.26792,1.98755
0.0435084,0.0174912,0.0507014,0.477536,1.14642,0.725337,0.218751,0.25994,1.25024,2.04373,0.888083,1.41455,1.37618,1.48352,2.05143,1.06184,0.416881,0.193159,0.38554,1.07192,1.64745,0.00851723
0.0610615,0.193381,0.51013,0.834552,2.50723,2.13116,0.987679,0.183735,1.15665,2.11,3.88548,3.48773,0.350984,2.06252,0.860817,0.167047,0.315273,0.575155,0.00575924,0.595338,1.42585,0.303182
0.0762192,0.083293,0.169245,1.68065,2.54582,0.288327,0.239663,0.802712,1.27443,0.739669,0.142218,2.00218,3.58229,1.77898,0.463188,0.645102,0.267749,0.0693536,0.722886,1.16484,3.75651,2.40391
0.12737,0.0194149,0.366637,1.55688,3.08621,2.11394,0.0259418,0.516553,1.01758,1.18131,0.714791,0.392701,0.0720295,0.193193,0.0495794,0.454517,0.0517104,0.63623,2.85723,5.3056,3.55878,0.0737152
0.0602712,0.133716,0.537701,0.61085,0.378344,0.494782,1.65614,1.76612,0.917904,0.0747199,0.142857,1.41632,2.52962,1.60473,0.613298,0.874354,0.833445,1.16345,1.59352,1.84294,2.44269,2.05547
0.0147466,0.0928477,0.603058,1.35009,0.637569,0.00587522,1.04562,0.38946,1.92461,1.89657,0.870701,1.11719,0.209086,0.612864,1.1015,1.05521,0.139262,0.433958,1.98452,1.43695,0.269827,0.217699
0.0911744,0.189232,1.15719,1.99732,1.51209,0.725395,0.457441,0.205085,0.309213,1.5985,1.77034,1.81203,0.966191,0.272085,0.0790506,0.449812,0.100769,0.720402,1.47316,0.765804,1.58282,2.28037
0.0637267,0.00710749,0.245517,0.309042,0.20724,0.44768,0.250568,0.720276,1.3947,1.51043,0.0272432,2.42801,2.57288,0.237301,1.26056,1.02412,0.784788,0.92799,0.950256,0.517359,0.0303267,0.398999
0.0392068,0.340285,1.46877,2.01697,1.28321,1.20402,1.47238,0.807227,0.701938,0.269131,1.74363,1.32912,1.86796,1.46032,0.23958,0.231549,0.413422,0.768318,0.333808,0.140744,0.1828,0.552381
0.0238645,0.000591947,0.408681,0.935179,0.161563,0.584475,1.4177,1.91374,0.31572,1.08322,0.860916,0.577296,1.38728,1.01169,0.246969,0.958206,0.796181,0.349191,0.509199,0.125873,0.388013,0.504951
0.0983322,0.263583,1.26634,1.60388,0.6962,1.04767,2.00109,0.501467,0.781242,0.582565,0.120643,0.404237,0.59845,0.00290232,1.54676,1.13918,0.0221798,0.409745,0.390526,0.0826227,1.1042,0.727345
0.0362957,0.104192,0.60474,1.61626,2.54078,1.50179,0.470536,0.32073,0.517434,1.41551,0.221758,2.25047,3.44006,1.85752,0.287056,0.401501,0.0317065,0.712347,0.476982,1.74745,0.877041,0.357805
0.106051,0.328052,1.30523,0.437937,0.290628,0.836974,1.05238,1.11865,0.715185,0.530321,2.20217,2.67453,0.11256,1.73865,0.927329,0.127844,0.268008,0.173002,0.724238,0.969091,1.13182,1.04073
0.119706,0.176362,0.922111,0.504547,0.895915,1.79832,2.21899,1.4154,1.06524,0.652988,0.18213,2.49646,2.36115,0.574409,0.70584,0.0713614,0.275876,0.608201,0.230312,1.5283,0.702728,0.00603452
0.0662675,0.301377,1.3488,1.2364,0.656167,0.659247,1.88859,2.36455,0.00128412,1.26847,0.236331,1.43984,2.45095,1.54433,0.235996,0.895063,0.756225,0.278514,0.60555,1.9443,2.35586,0.997367
0.0552063,0.257447,1.14774,0.509914,0.458622,1.25025,2.22332,1.03985,0.613579,0.452799,1.67144,3.10776,1.17903,0.317854,0.443208,0.561595,0.0414967,1.23027,2.50252,0.107,3.14848,2.0296
0.185675,0.246919,1.43797,2.39442,2.96523,2.39258,0.747067,0.522142,0.598648,0.411812,1.67497,4.02291,1.11962,1.10551,0.419478,0.583536,0.278885,0.127652,0.502277,2.62975,3.12743,0.396933
0.0570857,0.367566,1.587,2.26432,0.546275,0.913199,0.0876688,0.483054,0.856402,1.56003,3.1578,6.39796,6.05177,2.29085,0.0543338,0.324365,0.145032,0.597317,2.13049,3.38698,3.35632,2.47627
0.00915425,0.342012,1.19163,0.915392,0.998916,2.5277,2.3484,0.552283,1.04528,0.179587,1.5594,4.76121,1.90802,1.12836,0.0747354,0.589984,0.134804,0.817001,1.20402,0.984271,1.59228,1.80982
0.115568,0.411297,1.94736,2.53158,2.50862,1.67775,1.16685,1.6613,0.264936,0.644521,2.8683,5.19922,0.508495,2.39323,0.062839,0.836554,0.138368,0.214618,1.7307,3.98921,3.08099,0.0512129
0.0528341,0.189068,0.635704,0.0143572,0.294009,2.39348,2.38332,0.722638,0.0759426,0.257138,3.69092,6.98184,4.23187,0.106221,0.864262,0.506705,0.472515,0.983292,1.00894,0.620376,0.225593,0.0965272
0.0507633,0.568007,2.30141,1.81722,1.85517,2.94376,1.23611,1.18816,0.844716,0.114602,2.93141,6.77088,3.73798,0.48557,0.209454,0.316268,0.242624,0.206971,0.90001,0.802033,2.27851,0.640142
0.0620322,0.0265877,0.070725,0.258302,0.800245,1.90943,1.03449,0.779725,0.576472,0.555198,3.80909,7.0758,4.43559,0.94592,0.300535,0.033154,0.0125913,0.0460922,0.662908,2.65873,3.08913,1.09234
0.249898,0.461792,2.26285,1.96339,1.16408,2.41383,1.74248,0.549582,1.34711,0.578305,1.93068,4.02111,1.92181,0.41265,0.465035,0.504681,0.317455,0.454064,0.309024,1.65323,1.84837,0.295263
0.0170972,0.112402,0.398785,0.104799,1.70123,2.43944,0.0909928,1.46119,0.847054,0.607282,1.95065,1.958,0.686393,1.60048,0.721214,0.515008,0.302647,0.340336,1.14051,1.1346,0.606955,0.561525
0.276433,0.446967,2.56012,3.17346,0.154073,2.82402,2.19533,0.839552,0.89322,0.517264,0.856432,0.995133,1.09962,1.60163,0.776452,0.768506,0.624645,0.422547,0.381151,0.130181,0.174806,0.498928
0.0642074,0.0686367,0.417599,0.875703,2.60705,3.59176,1.3249,0.538602,0.30709,0.0301396,1.48053,3.00606,2.39866,1.43435,0.50807,0.116169,0.570893,0.190868,0.686176,0.518264,0.850583,1.04532
0.188559,0.478248,2.48882,2.51221,1.69132,2.42435,1.24101,0.190709,0.159191,0.0457145,1.44665,3.19479,2.45431,0.698098,0.258219,0.33514,0.295386,0.0767686,0.0691906,1.01819,1.54011,0.57271
0.013237,0.0806757,0.613296,1.3531,0.0333897,2.22739,2.16597,1.49757,1.74644,2.19259,0.315901,2.99335,3.16301,2.09288,2.00053,1.70181,0.935613,0.663066,0.308726,2.30387,1.92527,0.522669
0.132879,0.543887,2.12333,1.3422,1.0468,0.939578,0.666798,1.11309,0.0497953,0.27957,1.52875,2.72378,2.34933,1.43759,1.48205,1.71414,0.681789,0.0502805,1.56722,1.07621,1.20499,0.176129
0.107666,0.265799,0.876953,1.21899,1.05557,0.97946,0.496253,0.327263,0.430171,0.307479,0.349965,0.716011,2.70891,2.7052,0.162168,1.29952,0.987413,0.0586063,1.39007,2.6398,3.19375,2.02615
0.199335,0.537296,2.0189,0.508994,1.51704,0.175483,0.925286,0.757421,0.068899,0.976301,0.842559,0.175897,0.145835,0.0891286,0.506252,0.668993,0.103344,0.261938,0.15845,1.29647,1.84115,0.0640601
0.138047,0.346904,1.16037,0.29007,1.95194,0.628752,0.606856,0.295656,0.711726,0.918034,1.10409,1.79496,0.0985287,0.396922,0.0493805,0.245254,0.0535199,0.143287,0.987357,0.805221,1.4064,1.44482
0.0554777,0.418367,1.9538,2.30144,0.633396,0.624102,0.921743,0.283608,0.715366,1.27007,0.546753,1.91201,3.5086,2.59454,0.95064,0.0818244,0.0258119,0.570243,2.83513,4.05911,2.27112,0.460735
0.0275482,0.408825,1.52357,0.506966,1.29277,0.646783,0.178858,0.264998,0.468915,1.25802,1.59386,1.46729,0.57395,0.326048,0.31546,0.0472355,0.0756327,0.463274,1.44439,0.533819,1.0469,0.200896
0.124373,0.302547,1.88705,3.77504,3.47689,1.0474,0.534017,0.186601,1.28318,0.997229,1.03347,2.11507,3.27483,2.83982,0.699417,0.045482,0.337669,0.0208539,1.4325,0.978081,1.4324,1.79513
0.0934784,0.34198,1.98415,3.43574,2.5159,0.085525,1.26572,0.883298,0.7032,1.3952,0.316288,1.87965,0.963741,0.9534,0.729195,0.268302,0.474147,1.04226,2.59033,3.05682,0.982794,0.644394
0.0320534,0.382468,1.61707,1.69943,0.199513,0.134945,1.02774,0.250292,0.262098,0.192605,0.970841,1.41741,1.05556,2.07949,0.620379,0.142666,0.169554,0.871558,1.29086,1.90796,1.29216,0.556329
0.0940208,0.397394,2.06392,3.49782,2.78766,1.40869,1.21496,0.57059,1.29089,2.07757,1.03639,0.573912,2.0236,2.5629,0.779858,0.762764,0.885433,0.250765,2.46461,3.90706,3.30957,1.86153
0.116542,0.444145,0.989578,0.884399,2.50912,0.953918,0.180014,0.802659,1.50584,0.71454,1.82281,2.13713,1.05458,2.07777,0.285087,0.953336,0.335217,1.14966,0.638987,0.995194,1.25995,0.572562
0.0119357,0.497146,2.0105,1.43943,0.694434,0.441479,0.561541,0.282631,0.311671,0.667274,0.779062,1.96351,3.48657,2.31872,1.31481,1.22999,0.500272,0.121592,1.75702,2.24016,0.124,1.21003
0.141136,0.148889,0.682111,0.144904,0.969053,0.980843,1.57412,1.27293,1.12696,2.24115,3.35725,4.3476,4.20708,1.8732,0.561822,1.35789,1.22654,1.21442,2.26605,1.68284,0.0864545,0.31377
0.247447,0.43687,1.87432,0.248409,1.85322,1.23715,1.45117,0.878614,0.874631,0.102619,0.375442,0.636315,2.73627,3.46557,0.197704,0.722357,0.357804,0.166465,0.114,0.482933,0.854285,0.534166
0.0105254,0.0170286,0.494135,1.58878,1.58912,0.878159,1.2458,1.06392,0.31755,0.906441,3.07733,4.18271,2.16376,0.29521,0.193187,0.261204,0.370555,0.303609,1.99361,1.53248,0.58905,1.13612
0.00849421,0.605205,2.09451,1.65838,0.170978,0.274391,0.401122,0.404935,1.04265,2.04217,0.979636,2.97479,5.06195,2.61463,0.4074,1.10381,0.824435,1.06203,1.83464,1.55316,0.273571,1.36618
0.0298258,0.0365966,0.165381,1.40161,1.96356,1.42635,1.29033,1.12807,1.34163,0.735957,1.53594,0.917997,2.5244,2.35688,1.03137,0.999606,0.332329,0.201558,1.30115,0.744045,0.0864338,1.08401
0.083983,0.420011,2.28206,3.51345,1.66472,0.208823,1.47618,1.65565,0.507906,0.222723,0.503704,0.360955,1.37811,1.1034,0.458019,1.29063,0.752965,0.0488132,1.28234,1.78902,1.14117,1.05731
0.0217508,0.0646491,0.0580528,0.161066,0.639914,1.96528,2.73137,0.729993,1.45536,1.7578,0.535859,0.140439,1.92415,2.23793,0.0452624,0.804315,0.040143,0.278084,0.960134,0.947794,1.06471,1.58798
0.11437,0.442408,2.32507,3.2108,2.38789,0.824155,1.10609,0.816185,0.308103,0.782324,0.400949,3.29695,5.39144,3.63332,0.733388,0.122777,0.0612476,0.128294,1.61838,2.88348,1.38474,0.522131
0.0021917,0.00711449,0.326123,1.56083,1.28721,0.928812,1.53599,1.04264,0.841704,0.745488,1.6194,2.37762,1.10214,0.32237,0.711003,0.605905,0.0819991,0.272649,1.14628,1.54776,1.54176,1.10567
0.106349,0.462368,1.85553,1.13849,1.15562,1.47755,0.560656,0.0140109,0.700621,0.593362,0.717464,0.675478,2.78883,3.34549,1.13627,0.771668,0.0288784,0.111822,1.05702,1.29868,0.959785,0.587886
0.010543,0.0969111,0.508829,1.17254,1.81855,1.15401,0.762554,1.21348,0.162079,1.2945,2.05125,3.32715,4.05395,2.79445,0.364619,1.01301,0.610427,0.670219,2.40833,3.83799,3.11815,0.748026
0.25822,0.335714,1.51957,0.0906691,1.35854,0.921765,2.18233,0.716048,0.61297,0.86864,0.6049,2.60172,1.94958,0.126905,0.84947,0.774997,0.0882794,1.02898,2.0091,0.440585,1.68827,0.683667
0.122766,0.177036,0.635385,0.382533,2.04328,0.778321,1.48007,1.24597,1.12639,1.30798,1.2627,2.75283,0.133979,1.79776,0.666027,0.203035,0.117478,0.0569429,1.04127,0.404623,1.10022,0.741728
0.0251163,0.381821,1.48192,1.23503,0.558196,1.82995,2.30984,1.77494,0.509988,0.129518,1.53839,4.27322,4.18735,2.23398,1.28135,0.691257,0.305627,0.000120684,0.865612,0.329373,1.24388,1.0076
0.0394515,0.250106,0.931033,0.0977804,0.402012,0.71085,0.294159,0.199621,0.55094,0.962354,1.08318,1.14875,0.597498,0.114749,0.0283555,0.153459,0.324813,0.544504,0.819792,0.433795,1.18962,1.26229
0.171416,0.257145,1.65402,2.58761,2.50148,1.58239,0.506707,1.40172,0.185501,1.06906,0.82321,2.57958,1.95384,0.757435,0.377441,0.318715,0.298154,0.664273,2.08611,2.11371,0.755428,0.657603
0.076212,0.229422,1.09458,1.45509,0.255918,1.72799,2.30921,1.4133,1.30959,1.43689,0.734488,3.32858,2.2979,0.0915029,0.66022,0.526563,0.742454,1.24084,1.37076,0.101026,1.99669,1.70427
0.0570669,0.288499,1.49507,1.68602,0.377404,0.979057,0.683295,0.33216,0.656236,0.139185,1.35844,3.03421,1.43411,0.801407,0.830857,0.599544,0.310625,0.201251,0.0844962,1.15613,2.30228,0.823999
0.00514671,0.203106,0.910635,1.3713,1.44246,1.7524,1.54462,0.204932,1.27691,0.976627,0.463669,0.51876,0.315417,0.237445,0.262392,0.81246,0.0823882,0.634768,1.31591,2.90349,2.87324,0.673859
0.0844629,0.332372,1.35234,0.786584,0.0240772,0.612153,0.217585,0.714647,1.24935,1.08323,0.639709,1.69162,2.66239,1.06828,1.1126,1.17777,0.136324,1.24349,1.16666,1.11178,2.04529,0.0948169
0.0384457,0.260586,0.982593,0.688361,0.50107,0.394773,0.629202,0.553556,0.0691306,0.0728192,0.339335,0.247745,2.57699,2.83808,1.23653,0.980386,0.4714,0.316014,0.47844,0.960382,0.204015,0.474254
0.0391026,0.320333,1.25265,0.862267,0.306993,0.936435,1.68345,1.35933,1.07352,1.23486,1.07314,1.48513,1.39054,0.432424,0.188623,0.631913,0.53615,0.864646,2.22846,1.79756,0.0771722,0.423964
0.079545,0.281114,1.1234,0.383335,0.775118,1.17042,1.95544,0.997185,0.8363,0.458179,0.662135,1.63421,1.09296,2.34203,0.264285,0.139531,0.0814428,0.482147,0.433131,1.1787,1.95704,0.811768
0.0425488,0.230353,1.19555,1.79518,0.814625,0.494633,1.58175,1.0449,0.00556117,0.269432,1.6317,3.77077,3.71181,1.3201,0.349515,0.447732,0.242261,0.213198,1.19145,2.51827,2.09477,0.454126
0.055522,0.312854,1.31418,1.2077,0.385485,1.04436,1.86713,1.588,1.26903,0.979777,0.970972,2.97454,2.10705,0.167117,0.95008,1.2561,0.740468,0.346689,0.438512,1.96923,1.76482,0.0999492
0.0584361,0.193242,1.02753,1.64245,1.53592,0.985746,0.265148,0.407953,1.01638,1.19831,0.234992,1.0711,1.62143,2.30191,0.995596,0.872095,0.421432,0.04843,2.03683,3.41754,1.38589,0.00946602
0.076012,0.310427,1.58523,2.33285,0.838958,0.328578,0.768526,1.33071,0.876092,1.01436,1.61041,2.32141,2.69879,1.94868,0.0918661,1.09406,1.1414,1.0158,0.498693,1.21617,2.18013,0.978262
0.0290814,0.24412,0.794345,0.378397,0.888132,2.06137,2.67158,0.992419,1.26021,0.816833,0.704913,0.129184,2.04412,1.54,0.299317,0.622936,0.366418,0.0797378,2.11867,1.40211,1.48453,1.1584
0.0623577,0.339086,1.58759,1.95017,1.59724,0.541661,1.51848,1.16525,0.526996,1.24172,0.244535,2.22155,3.81744,2.75489,0.949657,0.824279,0.620863,0.326615,0.531498,2.39127,1.88732,0.154872
0.0714599,0.119824,0.600891,0.18289,0.844719,0.55672,1.30661,0.75385,0.209037,0.309954,0.950811,3.66396,3.41867,1.14271,0.419399,0.660602,0.522449,0.0459109,0.246852,0.475623,1.29008,2.46337
0.125388,0.308559,1.28429,0.183843,1.82866,1.53346,0.654163,0.14149,0.675384,1.08295,1.97786,2.8298,0.544341,2.17203,0.231807,0.0159145,0.235062,0.251217,0.131871,0.167488,0.75429,0.727937
0.0458218,0.0782397,0.584388,1.13515,0.454209,0.125307,1.09788,1.1639,0.786767,1.23962,1.35425,3.04441,2.84429,0.899087,0.183248,0.22213,0.397554,0.743741,0.526883,3.08291,3.71683,1.83148
0.0555473,0.360664,1.39377,1.04037,0.173526,1.2292,2.02817,1.23325,0.734567,0.779348,0.515034,0.849522,2.10542,2.05611,0.595154,0.00444612,0.137678,0.959272,2.06155,0.013069,2.78692,1.33954
0.000549091,0.0676983,0.492462,1.44139,2.0922,1.03305,0.646039,0.714017,0.487711,0.23343,0.182469,1.53887,1.94796,1.03788,0.313801,0.00590811,0.164237,0.497109,0.351537,1.38581,2.35263,0.649727
0.0212848,0.342806,1.61873,2.59238,1.38196,0.371168,0.420969,0.106045,1.046,1.92082,2.19153,3.28908,3.7771,2.04088,0.175442,0.238871,0.249054,0.906554,2.28874,2.98975,2.62915,1.77137
0.0207559,0.113518,0.193415,0.336049,0.994135,1.31773,1.59348,0.852057,0.890568,0.699616,0.209337,1.17818,1.1145,0.583088,0.796471,0.104584,0.620627,0.111659,1.61246,0.711455,1.68472,0.613847
0.114422,0.284539,1.65982,2.22592,1.49801,0.375772,1.16231,1.1802,0.7733,1.12178,0.972314,0.11457,1.99988,2.20977,0.401008,0.434038,0.566581,0.590029,0.957318,1.56204,3.61824,2.01763
0.0537416,0.0449218,0.083295,1.02843,1.54929,0.0674051,0.863502,0.3794,0.317645,0.32342,0.813857,2.10209,2.42509,1.53237,0.70363,0.431915,0.147683,0.500576,1.08145,2.67517,3.71208,2.10181
0.147289,0.284779,1.31419,0.246924,1.57091,0.915304,0.205749,0.211708,0.830034,1.09435,1.26548,1.60663,0.368144,1.06318,0.117255,0.0404835,0.0498658,0.329644,0.762602,2.52978,3.57737,1.43477
0.0589208,0.074644,0.108184,0.733385,0.863195,0.328023,0.349119,0.239594,0.851506,1.08699,0.883045,1.86188,1.65645,0.170753,0.460779,0.258775,0.236043,0.57896,0.849123,0.102576,1.57227,0.918175
0.00686648,0.358587,1.07362,0.701555,0.151581,0.0370464,0.407182,0.420588,0.681525,0.866775,0.872832,1.15074,0.98799,0.460728,0.0376676,0.376639,0.338148,0.226356,0.198352,0.0348894,0.373614,0.377697
0.139022,0.229292,0.329869,0.904589,0.978481,0.00711022,0.384045,0.290822,0.230391,0.0794904,0.241149,0.0575435,0.810753,0.638948,0.129476,0.229679,0.0222842,0.0600365,0.0180462,0.687021,0.701854,0.180944
0.226142,0.208049,0.496112,1.39917,1.28159,0.60653,0.108226,0.105298,0.648287,0.807897,0.0626908,0.489605,0.171368,0.227774,0.240944,0.286315,0.237127,0.00375954,0.112904,0.165847,0.419827,0.142859
0.0895543,0.14186,0.25468,0.104567,0.0687756,0.286285,0.00774346,0.343246,0.173342,0.365302,0.13986,0.157758,0.138284,0.156427,0.221579,0.407332,0.146886,0.0139864,0.377194,0.272071,0.416593,0.385458
0.833855,0.590888,0.283397,0.944968,0.413923,0.39369,0.429916,0.125204,0.179118,0.397058,0.341892,0.0199356,0.623203,0.963742,0.242598,0.474762,0.233331,0.172285,0.290785,0.0852675,0.780347,0.714294
1.76385,1.73566,0.895583,0.615175,0.997881,0.46389,0.0145656,0.129559,0.122556,0.16857,0.197202,0.16058,0.0270744,0.336361,0.75283,0.683549,0.15673,0.129157,0.743832,1.70763,1.45049,0.266217
2.96158,3.72548,3.15547,0.960768,0.0314873,0.13332,0.219006,0.0060562,0.329818,0.303712,0.151792,0.25151,1.21567,1.27058,0.880882,0.801184,0.41714,0.16212,0.0817977,0.626463,1.79345,1.25274
3.70197,4.58807,2.51955,0.666096,0.448656,0.0592837,0.0570779,0.0658968,0.137273,0.174521,0.0752502,0.31304,0.981923,0.94935,0.0719204,0.47652,0.00591013,0.351076,0.242331,1.15496,1.592,0.366427
4.21257,4.51909,1.53527,0.834743,0.281412,0.214255,0.00444814,0.0219593,0.0218006,0.0357505,0.142194,0.416695,0.527536,0.412719,0.501668,0.505928,0.133089,0.325379,0.819615,0.384191,0.714525,0.618198
3.22781,5.36786,5.73144,1.98111,0.167481,0.18408,0.0469843,0.110844,0.0183657,0.0361752,0.0281437,0.256491,0.659803,0.464718,0.0314574,0.0379051,0.186188,0.311549,0.162151,0.244255,0.563562,0.255026
1.67164,2.10061,0.604945,0.708038,0.219709,0.24404,0.107512,0.152154,0.0201234,0.184423,0.179097,0.281925,1.28111,1.3614,0.703183,0.51153,0.391606,0.0525196,1.00892,1.61534,1.18578,0.435863
1.51541,1.29547,0.736051,0.0684308,0.0614972,0.150251,0.207451,0.129605,0.103391,0.105179,0.4296,0.520971,0.267739,0.618292,0.0244706,0.0639328,0.34813,0.291585,0.699572,0.390219,0.633493,0.317312
5.21521,4.23274,0.0366062,1.17934,1.05128,0.956626,0.41576,0.0733865,0.073427,0.382869,0.20807,0.0962843,0.937203,1.14058,0.0724572,0.386529,0.459929,0.329212,0.397422,0.12473,0.52724,0.390488
9.18612,12.2531,10.7692,2.7318,1.06967,0.397444,0.670086,0.470238,0.0260315,0.0398702,0.317005,0.878028,1.89157,1.6717,0.465334,0.102151,0.0482583,0.0984408,0.653694,0.737114,0.172573,0.03861
13.0129,13.3179,3.96188,3.26365,0.250485,0.0586402,1.01914,0.565378,0.503689,0.496481,0.0093402,0.338713,0.524701,0.3225,0.124102,0.193314,0.110629,0.19956,0.222697,0.338106,0.417685,0.101781
14.7173,17.9036,12.1152,1.5461,0.0212241,0.763184,0.923539,0.0827553,0.493072,0.546296,0.0800797,0.054229,1.4532,1.57392,0.371792,0.0695143,0.380076,0.498258,0.0396017,0.547211,0.81516,0.695291
15.9801,21.2821,17.4387,4.95039,1.72386,1.2675,0.184491,0.230727,0.0896063,0.277169,0.484621,0.793062,0.485598,0.00428256,0.0594289,0.261307,0.50935,0.0516244,0.586886,0.278456,0.237883,0.532162
14.1791,13.1115,0.476124,6.51696,1.81302,2.77988,2.70133,0.766963,0.101391,0.0579957,0.125379,0.511417,1.20688,1.069,0.378358,0.159257,0.134936,0.243387,0.416961,0.0798878,0.347039,0.0299608
7.10184,13.4983,16.3849,6.35059,0.646111,0.722869,1.93726,0.561248,0.366411,0.127676,0.442138,0.37087,0.222075,0.284967,0.289938,0.441858,0.5353,0.299814,0.197657,0.79647,0.831136,0.18671
0.300219,0.825869,1.38645,1.41133,4.20802,5.64215,3.13064,1.28894,0.475492,0.234735,0.100882,0.00326304,0.0648802,0.115389,0.191162,0.0319678,0.115559,0.0940366,0.172932,0.156105,0.461065,0.307838
8.71778,11.7637,10.8942,4.99384,4.48518,6.04354,3.60773,0.230517,1.45468,1.07602,0.434288,0.00269988,0.165777,0.127919,0.0902499,0.195277,0.220195,0.246583,0.313151,0.652608,0.642435,0.0723713
20.0658,16.4336,2.19208,9.84237,0.325215,0.422326,0.692864,0.169909,0.968059,0.690355,0.282344,0.23318,0.114248,0.140076,0.492509,0.332001,0.429063,0.507893,0.208824,0.412082,0.793176,0.48871
27.1644,37.8768,35.4383,10.7721,3.67186,6.663,3.83371,0.544623,1.05355,0.205005,0.208462,0.751855,1.30549,0.752836,0.21558,0.0716636,0.00514006,0.33426,0.891049,0.390641,0.492335,0.169881
34.9691,36.7788,13.6486,5.88107,2.1793,5.56289,5.7048,2.03223,2.36724,2.63557,0.30072,0.794394,0.105543,0.523489,0.220626,0.103141,0.1353,0.0211282,0.121945,0.87248,0.846798,0.229522
39.5007,44.2852,24.5159,2.2258,3.84589,0.0922538,2.40474,0.58411,0.630775,1.08848,0.82789,0.352424,1.11501,1.34439,0.504608,0.164448,0.560734,0.787306,0.432422,0.0416744,0.293219,0.557835
34.639,48.6238,43.2719,16.3014,7.82882,1.30158,8.79893,3.4471,1.32031,0.651065,0.775737,0.920023,0.217261,0.599437,0.0112278,0.205382,0.620929,0.928667,0.324271,0.0918317,0.310927,0.434971
29.0525,23.6223,4.60513,17.2085,5.15112,0.532356,1.18333,1.38098,3.26774,2.98565,1.97159,2.02891,0.35633,1.42867,0.560406,0.00710768,0.267663,0.413147,0.185207,0.494652,0.404688,0.352971
13.5003,24.9262,31.7872,12.1868,4.526,0.737827,5.72884,0.867954,2.94481,2.82065,2.13257,3.20616,1.90316,0.357034,0.003492,0.506606,0.0290372,0.0756334,0.640151,0.0583042,0.824257,0.793693
0.091928,1.59389,6.08081,0.364703,10.4932,2.54012,5.27704,0.889839,3.54086,1.63004,0.79156,2.8172,2.44908,0.911218,0.286663,0.37763,0.204469,1.35696,1.47277,0.456991,0.0025632,0.127662
14.7317,21.8785,22.4853,11.3749,7.45532,5.11612,0.17084,1.79868,0.438009,1.44939,0.843322,1.70718,2.72957,2.02362,0.456428,0.479814,0.90641,0.529299,0.28014,0.142827,0.25658,0.252615
32.0841,24.9126,7.64241,19.175,3.31282,7.3502,10.2083,2.03308,4.01626,3.29228,0.00594908,1.54526,1.20763,0.367424,0.125029,0.660013,1.2801,1.37773,0.559487,0.0614077,0.0325779,0.314071
43.1264,61.9515,60.4405,21.7274,1.79971,3.7569,6.87504,3.03767,2.55693,2.94985,2.15983,4.61796,4.89102,2.35174,0.313077,0.474549,0.257664,0.0815054,0.21847,0.23687,0.456826,0.546477
53.1066,54.4741,18.9017,10.1303,0.0282638,5.92673,9.99514,5.23181,1.64717,2.30318,3.117,6.04956,3.48815,0.0455077,0.319955,0.719897,1.07873,1.12169,0.456671,0.231392,0.152743,0.0864867
53.4658,61.3758,34.8854,2.47739,7.37709,11.6962,9.94931,1.1093,3.75172,2.41963,2.51116,6.18603,2.23757,1.18226,0.335174,0.86158,0.601094,1.53584,0.319258,0.458197,0.62044,1.14112
46.391,65.3251,57.9211,21.3492,13.7242,7.91557,3.2859,4.19969,3.52784,3.52075,3.33243,5.09391,2.97229,0.120413,0.591246,0.575527,1.3315,2.52557,1.14522,0.172385,0.0424161,0.0202137
40.7694,31.8846,9.13937,28.8194,12.1124,2.53202,8.43797,1.36024,6.8073,5.63243,2.5179,1.90817,2.43276,1.06146,0.196319,1.10111,1.61936,0.939989,0.0807157,0.443257,0.622409,0.372557
20.9499,37.616,47.0451,21.632,0.698544,5.82815,5.48711,0.828637,3.12603,1.87509,1.02994,1.8934,0.0691625,0.659353,0.528765,0.127878,0.824924,1.4941,0.832409,0.26746,0.675733,0.0336949
4.01094,0.798488,8.36093,3.79349,8.82178,0.332846,6.00032,1.21072,1.35002,1.51722,0.893041,4.50098,3.80831,1.87242,0.700811,1.61118,3.89062,3.63364,1.05201,0.274473,0.600901,0.247534
18.6584,26.5939,25.4223,11.7138,6.1638,4.87844,13.7036,4.8013,6.18086,6.395,1.41201,7.47911,7.2479,3.07999,0.0911729,0.281531,2.59279,4.12354,1.23815,0.701919,0.754146,0.75657
38.2533,29.8954,10.7368,27.3518,7.26359,4.09575,3.777,2.05845,3.14139,2.3938,2.56678,5.80348,3.22315,1.01417,0.34753,1.34667,0.669119,2.87411,1.12127,0.0446064,0.121872,0.616464
52.2367,77.1872,78.1325,32.2153,11.0738,16.8051,17.4212,5.86686,3.68914,3.71088,2.40352,3.56276,0.851632,4.47895,1.81977,0.409443,0.54397,0.220695,0.661411,0.43682,1.08942,1.24774
68.6225,66.5101,17.2118,20.1743,11.8262,10.2271,1.63404,5.19408,6.53717,2.98368,1.56708,1.73673,0.317482,0.973772,0.61174,1.14104,1.60034,3.51973,0.409767,0.931543,0.415945,2.08789
70.2468,82.6407,51.5909,4.9317,0.182517,9.45539,12.8927,4.44076,3.31924,4.66878,0.979746,1.14029,2.07009,4.53098,2.1389,1.29283,5.70373,7.61125,2.90027,0.126699,1.28397,1.65041
63.022,85.0624,72.2538,24.1922,15.7322,18.2617,8.09776,3.81668,9.52802,8.5429,1.24221,3.28839,0.168171,3.39463,1.68483,1.43387,4.24616,4.41687,1.31324,0.0760014,1.33581,1.92035
52.3969,41.7556,10.6518,37.6987,20.9546,7.89446,1.35592,0.171643,2.84234,2.09716,1.05078,4.65267,4.99321,2.44795,0.492896,0.886628,1.63007,1.66289,1.02383,0.0938398,0.95757,2.85982
31.799,55.9145,67.8216,34.858,9.15408,6.66189,12.0791,1.82862,0.00171111,2.61901,0.708783,2.66722,5.58688,5.28541,1.84903,1.01945,4.02475,3.68498,0.0693447,0.992043,1.60125,1.22544
9.92893,4.04932,13.7459,14.8518,0.0228708,3.85451,5.73941,3.03196,6.89808,7.42387,1.35029,1.13916,1.55579,0.541419,0.927071,0.387065,3.33864,6.59552,2.93047,0.473106,0.152076,1.68516
16.7552,23.3929,21.7524,8.58682,1.21054,10.6936,16.5332,8.58711,5.87048,4.54715,1.22833,5.62122,6.98826,4.01749,0.450452,0.0045354,2.58211,4.79947,2.04157,0.51722,1.5355,2.03048
44.9548,33.4104,12.822,29.0745,3.25569,8.62157,10.5249,2.66229,4.67962,5.16584,1.453,6.89387,4.16003,1.16252,0.730098,1.10813,1.39747,0.883158,1.97207,0.34044,0.457314,0.298945
63.5191,94.4443,97.6797,42.3386,12.6327,12.7728,13.3527,9.71361,7.36086,2.89699,2.76013,7.44303,2.09826,1.80873,0.371395,0.109252,2.55924,3.87103,0.237289,0.04917,1.31014,0.87091
77.5506,73.4241,11.4184,33.1609,23.365,25.3958,12.7983,0.750536,4.35941,6.76005,1.09102,7.23195,3.55354,0.215674,0.414387,2.18811,7.24855,8.19271,2.33637,1.09067,1.5796,0.61848
87.341,105.413,71.8714,16.1351,16.4714,10.4808,2.70956,5.49637,8.77427,8.54013,0.66619,4.85689,5.83401,3.52536,0.544127,0.9681,4.51209,5.81631,2.5257,0.740807,0.685686,0.747723
79.1226,102.316,80.5678,17.7726,2.81933,13.6938,11.2624,0.00607229,3.42658,3.56262,0.455398,0.674129,2.49609,1.24172,1.34994,2.30206,2.85063,3.14154,2.55285,1.77519,2.57122,3.16277
69.3453,59.5009,4.19349,37.7163,17.3637,16.542,10.3984,3.17777,1.8935,2.40629,2.90475,5.42673,7.05819,5.54216,2.17605,1.30972,5.81297,6.60492,1.54039,0.999501,0.315884,0.562505
42.7525,74.8004,88.7161,44.3148,13.8533,2.49412,8.54132,1.60457,6.56816,6.906,3.72154,8.28234,7.97223,3.86844,0.212823,1.83602,3.81544,7.32047,1.66227,0.279869,2.28819,3.78895
21.3005,10.3749,20.8414,28.0242,8.18423,10.612,18.816,10.874,9.37475,7.86938,2.69771,10.002,4.04473,2.95333,1.75216,0.408437,2.53499,5.56846,3.03276,0.228111,0.565747,2.27232
8.86173,9.92648,6.18835,3.51652,9.87379,10.1886,6.92843,2.91255,3.7472,5.70188,2.07746,9.35103,1.29642,6.65753,2.47891,2.25383,0.550479,3.21636,2.67887,0.145651,2.36139,1.93696
40.0944,30.7133,11.5063,20.9949,13.6784,27.7478,24.0644,12.0559,6.73009,2.52484,2.48822,8.46813,5.61652,0.504749,0.914063,0.191138,4.87516,7.94654,2.81851,0.243551,0.33484,3.38207
60.639,96.0135,104.145,39.5272,6.06889,10.6753,0.357819,3.44465,6.5674,9.63521,1.12621,4.58216,6.78601,5.56663,1.40729,2.80246,8.6604,8.2108,0.926774,1.4882,1.78277,1.67554
84.0089,74.9679,2.75247,38.4998,17.2082,23.8982,19.7842,6.25113,7.52991,8.37473,2.65194,1.72148,0.241889,2.81111,1.91265,0.559473,3.20916,4.95696,2.51889,0.481973,1.2466,0.864049
88.3345,113.201,86.8335,27.6387,27.7701,29.5691,10.7768,0.0508611,6.81773,5.94024,2.99415,7.7329,7.48855,2.51534,1.00583,2.45667,4.89744,4.93474,2.27109,0.616138,0.173894,0.468185
88.604,110.328,79.7859,6.35538,15.8595,1.54093,8.14936,2.05964,5.09865,2.05794,3.20233,8.80087,7.32091,1.28767,0.387834,1.51254,7.12663,9.56862,3.95009,0.593223,0.093842,1.15413
81.3077,74.7757,6.23723,28.8642,2.7986,17.9861,20.3937,5.17848,5.03696,4.13797,4.33476,8.13574,1.04173,3.65388,0.201856,1.45022,3.51884,5.47364,0.543615,1.06142,1.19661,2.24471
57.2982,92.4284,103.531,43.9855,4.11387,0.182061,2.44365,8.15661,13.7074,11.9329,0.152088,7.51563,3.94118,0.843615,1.47281,1.37497,0.584992,1.14573,1.29271,0.390519,0.787251,1.28771
35.1144,21.3005,24.588,33.9326,0.504082,23.2046,26.3431,9.35586,2.81556,4.24986,0.48662,5.36563,6.88993,6.28113,2.37169,0.888231,2.68094,5.2197,1.8275,0.83163,2.80563,2.89756
3.79199,9.37155,15.9063,12.288,3.57941,7.35934,11.3103,7.79215,6.71975,2.27054,1.1363,0.988038,3.72653,3.61444,0.64564,0.307371,4.95237,8.74814,4.29133,0.170883,0.0653189,2.90031
30.8467,24.6252,7.40934,12.9291,19.3123,31.7861,26.2811,8.11853,10.1137,10.5855,3.09103,3.6996,6.22269,5.4879,2.11327,2.10739,5.137,3.84986,0.0786216,0.690101,3.50446,1.98206
60.0014,92.9554,101.978,35.0438,22.9649,31.964,15.0754,1.06286,1.05488,3.03874,3.83063,7.59171,9.20538,7.26566,2.33021,1.20405,0.133604,1.22837,0.242442,0.544167,0.265357,2.06369
81.3407,70.8377,6.21871,36.9889,5.51794,3.64349,17.5617,5.35657,9.56049,9.2549,1.425,7.11315,2.38497,1.15327,0.289298,1.88648,6.13441,6.00876,1.00474,0.835397,1.47625,1.77058
94.701,126.436,107.137,31.4623,14.1176,28.3234,20.0018,3.3371,8.51846,2.6684,2.8719,6.38606,0.270519,4.69308,1.19529,1.85218,6.04937,7.92713,3.64691,0.732963,0.36434,0.724729
99.7913,114.633,68.649,2.47974,15.1596,7.95488,2.0316,0.146736,0.0278029,3.09757,0.168032,4.54597,3.33126,0.966194,2.05748,1.52482,0.245013,1.00053,0.0965646,0.64706,0.12558,0.777968
92.3286,92.3049,24.11,19.4536,3.95804,16.3047,21.0802,3.26183,16.1853,13.4242,3.388,1.66621,3.7743,1.85447,1.64915,2.11057,4.24211,5.02333,2.34747,0.328696,0.752303,1.71907
75.2617,112.556,116.207,39.8566,4.89968,2.76408,11.2847,4.4253,2.80877,1.19004,3.04765,4.80362,4.10463,2.26986,0.550628,0.0255785,4.13237,5.15561,0.82792,0.551967,1.31029,2.19525
50.6097,33.3028,27.235,34.3685,16.4326,32.1402,22.0245,2.59066,3.63348,0.357672,4.34857,9.80146,9.34887,3.61273,0.600551,1.52906,0.644791,2.6769,1.35907,0.644977,0.435644,1.5796
15.2302,29.366,40.7066,14.5614,20.0855,29.3282,22.0803,6.37266,9.55969,8.48552,4.67915,9.10161,3.44903,4.3773,2.52526,0.0962358,0.821302,1.17004,0.458903,0.197474,1.74601,1.97643
17.8463,17.8227,3.54202,8.08715,1.48362,13.618,19.7197,9.53847,7.14111,6.21422,4.21135,10.629,1.85776,5.97531,2.06171,1.1843,2.20802,5.22583,2.37853,0.531478,0.0586832,1.90301
50.4513,76.1883,80.9465,25.6691,22.4652,36.4699,27.4467,7.59618,6.99195,8.44433,1.60301,9.95247,5.64534,0.166067,0.337194,0.82847,3.63809,3.63058,0.280412,0.21776,1.34524,0.436775
80.0723,65.7881,11.369,31.7532,22.3712,11.8815,11.4732,10.8949,7.71597,2.57347,2.63526,8.11721,8.10529,5.04253,1.41819,1.38877,1.85884,1.29654,0.434533,0.596425,0.820859,0.490538
89.7925,127.595,118.411,30.6284,9.38007,12.4998,22.3025,5.32566,6.25066,9.1757,1.20883,3.40809,3.31828,3.33491,2.12362,0.766161,2.29606,2.26945,0.201579,0.511665,0.434604,0.417792
105.35,112.989,51.6147,7.54013,2.28678,0.207895,2.679,7.96091,9.3089,7.43797,2.05575,2.05067,4.03708,1.55247,0.964059,1.78908,4.18373,4.50867,1.25851,0.0500811,0.731017,1.44619
101.638,110.142,49.9858,12.8077,9.70662,22.3707,18.356,2.55721,6.99291,7.64758,1.80023,5.91454,3.29787,0.0613016,0.227757,0.622844,1.56596,1.83117,0.735389,0.192031,0.262391,0.112702
91.9445,127.232,117.049,41.4194,13.2348,15.7517,8.85092,0.485981,0.867657,0.240591,2.93943,7.77847,2.67856,1.2973,0.465059,0.854166,1.50127,1.87123,0.842176,0.0485249,0.450895,1.31324
72.0919,54.4913,17.3749,39.5196,1.79986,15.8925,11.0703,1.18877,0.548948,0.441032,2.66789,9.03673,5.24625,1.55617,1.38491,0.994807,2.36613,2.2581,0.0762582,0.91053,0.947648,0.706624
32.6945,57.8472,70.9372,23.8743,21.822,27.4803,15.4429,6.88857,10.7229,11.7145,0.172666,9.23689,8.3403,4.15685,0.921997,0.466362,1.03922,2.00645,0.699209,0.0819338,0.0442828,0.298819
2.50821,2.78017,13.5065,0.143514,25.1065,10.4326,5.81657,2.28745,2.27968,1.67891,2.13078,6.96795,4.18979,0.366401,0.110891,0.782169,0.748705,0.373141,0.646113,0.252415,0.735006,0.546996
31.6041,47.4739,47.8641,26.3099,16.8799,4.16153,18.7768,9.38192,2.73944,0.539899,1.5478,4.17549,0.139373,3.15183,1.09577,0.184694,1.05848,1.7793,0.937549,0.00774989,0.300683,0.148503
69.4255,57.6507,6.08258,34.0329,3.6921,2.10316,4.16569,1.70366,5.60081,3.6214,0.604114,1.96764,0.501125,1.37347,0.961502,0.636545,0.229548,0.789979,0.429521,0.274834,0.456996,0.00292472
82.1188,120.348,116.242,36.1209,3.85851,7.97351,19.7614,8.80591,3.17786,4.86685,1.10975,0.794626,0.22756,0.575026,0.17149,0.286647,0.124441,0.132071,0.370542,0.329135,0.410896,0.115657
102.165,100.343,27.1866,25.1283,1.39195,1.38451,1.56406,1.23368,3.8488,5.00936,0.387394,2.79506,1.48185,0.378056,0.267363,0.630672,0.512346,0.348742,0.587193,0.329056,0.0845196,0.0371043
106.811,127.026,81.7766,6.31008,3.37335,11.0433,16.1074,5.87101,1.55895,0.133867,0.557924,3.51231,3.14732,0.856821,0.0811418,0.0669765,0.431771,0.78777,0.602907,0.356261,0.219246,0.342794
99.6156,124.832,93.5352,25.2402,13.6152,8.17724,0.549307,3.93057,4.09512,3.02395,0.705392,3.75335,2.27354,0.0105898,0.323658,0.502807,0.801561,0.490558,0.127121,0.0359307,0.0717342,0.223505
86.4044,77.8993,10.3146,36.4955,23.1374,5.04609,10.8633,3.91234,1.02413,0.674819,1.11065,2.9282,0.335635,1.32501,0.354247,0.025758,0.18447,0.431752,0.253634,0.0123602,0.119049,0.174737
60.7681,88.9197,89.3507,42.7217,24.1725,11.5386,0.362141,2.91449,3.77292,1.81415,1.23126,2.1689,1.82971,0.47447,0.174933,0.318687,0.623234,0.263299,0.0870654,0.0789628,0.113888,0.0853116
33.1842,22.0809,15.6554,26.7595,10.1671,9.94153,5.87722,0.278976,0.770145,0.492567,0.925414,0.890552,0.744353,0.585706,0.394262,0.174681,0.303616,0.338583,0.10615,0.00103059,0.156389,0.101007
1.64443,5.976,11.1201,2.18453,9.43813,3.90056,1.44922,1.79309,0.549583,1.31472,0.407126,0.120633,0.0854967,0.0174107,0.171757,0.174215,0.0586283,0.563331,0.676955,0.348489,0.0643151,0.239255
30.6791,28.6954,5.88169,11.2303,11.2812,11.6285,2.81448,2.19328,0.33508,0.950046,0.332801,1.35848,0.94876,0.530426,0.457231,0.344919,0.273723,0.523136,0.448211,0.0748867,0.0255943,0.254929
55.8434,78.4234,72.6963,25.5116,5.80047,5.99603,3.9472,0.634653,1.33401,0.763478,0.0483368,1.52469,1.66147,0.650935,0.0041264,0.00413325,0.182101,0.0292643,0.369728,0.289534,0.108458,0.185564
80.8744,75.2976,12.6318,27.4251,2.49199,4.49627,0.847344,1.27842,0.253921,0.129624,0.848278,1.4936,0.0246069,0.741321,0.394331,0.304743,0.281825,0.361516,0.446425,0.307731,0.0510389,0.229644
92.0982,119.066,94.1634,23.5593,3.56109,2.48392,5.29047,1.60505,0.173911,0.873963,0.811178,0.414706,0.603487,0.0680002,0.0192816,0.249822,0.912456,0.471935,0.481092,0.386411,0.122383,0.127858
98.5466,103.631,47.3979,13.6499,14.1902,8.72651,0.370518,1.2701,0.667155,0.144418,1.18032,0.821612,0.270377,0.093405,0.0617653,0.340642,0.240347,0.708668,1.02957,0.228633,0.0803826,0.00337753
94.19,106.049,59.1628,3.82147,12.245,12.2627,5.14198,2.21607,0.848366,0.740833,1.55058,0.987348,0.354054,0.00505907,0.0550607,0.495999,1.30158,1.68349,1.35237,0.586556,0.138596,0.0766183
87.4485,104.997,75.4439,14.6253,1.25834,1.99519,0.707038,0.610992,0.00895384,1.0044,1.20697,0.344011,0.417322,0.637817,0.242569,0.0837496,0.218686,0.0718984,0.182817,0.0609727,0.00279373,0.0222036
75.5037,72.3367,22.0578,14.3311,5.09992,6.7223,4.3978,1.49627,0.656322,1.11927,2.06062,2.19265,1.94346,0.835624,0.0518318,0.349451,1.0563,1.33127,0.93565,0.261351,0.00984361,0.129986
53.2085,70.0774,59.6357,20.3625,8.57743,5.51532,0.900406,0.170107,0.142164,1.1647,1.5682,0.237999,0.26318,0.413977,0.199323,0.0384578,0.0567492,0.248444,0.515659,0.0270316,0.210909,0.0252559
34.6554,28.7882,1.54523,12.5247,3.83467,0.0633885,1.9772,0.632524,0.421199,0.130949,1.70748,1.81297,0.958691,0.142273,0.230531,0.584253,1.09166,0.700534,0.248346,0.380203,0.0538028,0.0796175
10.7499,15.2261,13.6928,3.76582,0.307418,1.04085,0.446674,0.913334,0.593514,1.0892,1.9428,0.877558,0.0105712,0.0273945,0.319869,0.681515,0.240601,0.749439,0.296491,0.636559,0.371154,0.261308
8.11394,10.6599,6.57678,1.15624,2.19658,1.68825,0.897242,0.39647,0.667958,1.53885,1.99285,0.707691,0.560847,0.565665,0.0282728,0.434934,0.529093,1.6331,1.14965,0.269028,0.162481,0.119055
27.1125,35.6058,29.645,7.95215,1.54324,3.20826,1.68969,1.0002,2.01629,3.15133,3.61163,2.43626,0.61729,0.416111,0.710843,0.925018,1.92349,2.64095,1.60566,0.503597,0.402116,0.187572
44.3879,45.2932,17.2865,5.48703,2.54687,2.43843,0.874438,0.655448,0.695447,1.09541,0.781958,1.04163,1.47255,0.910815,0.1823,0.154985,0.0576199,1.26694,0.643892,0.398543,0.128876,0.104883
53.7226,64.9126,45.7318,8.28322,1.41738,1.6417,1.28808,1.81304,2.6448,2.40617,2.86291,2.65179,0.739944,0.544956,0.673232,0.45698,0.933362,2.17168,2.03425,0.764167,0.0543613,0.113443
61.2304,64.5415,31.8957,3.997,4.41533,2.7953,0.776847,2.02144,1.49442,0.403288,0.945043,1.74119,1.26215,0.046955,0.120707,0.0077546,1.54415,1.50132,0.483371,0.422699,0.107766,0.113881
62.019,70.0857,40.9188,2.82933,3.46849,1.84346,1.33467,0.473333,1.83561,3.21415,3.0545,2.19191,0.403924,0.782198,0.337956,0.649847,0.752864,0.939637,1.15662,0.20277,0.27584,0.00507532
64.103,69.5281,38.7755,0.214375,2.04037,0.763059,0.210454,0.827275,2.85552,2.24266,0.0751482,1.25988,1.71411,0.0210093,0.786725,0.497262,0.574439,0.0207917,1.19741,0.259675,0.380586,0.0149691
61.0696,64.7619,32.9381,3.28111,2.69357,0.280856,1.93745,0.226097,0.820053,2.39321,3.7067,2.13473,0.0309235,0.131227,0.464966,0.0595309,0.986633,2.55477,2.23056,0.810846,0.0928089,0.0588057
55.0544,59.7537,34.552,2.26444,0.219799,0.35862,0.109479,1.62503,2.55725,0.38147,1.81188,0.646036,0.772167,1.08469,1.10497,0.713053,0.326264,0.121098,0.278866,0.250903,0.514174,0.307489
48.8152,50.9791,27.0901,1.39283,1.68336,0.00321696,1.51805,0.859932,0.817543,0.0242535,1.7354,0.986776,0.344575,0.531062,0.0669284,0.128405,1.52805,2.65336,0.715637,0.416934,0.0579162,0.217322
41.9929,42.814,22.1669,2.52984,4.05381,2.26971,0.420723,0.456846,1.37397,2.26918,3.47182,4.21606,3.13199,1.60772,1.2553,1.64096,3.86009,4.85293,1.67147,0.458063,0.217584,0.200224
33.5057,34.6898,19.3108,0.246344,5.14844,3.54166,0.339351,0.613091,0.00639004,0.498975,0.451765,1.82581,1.06913,0.332529,0.188522,0.433369,2.01783,3.58412,2.4932,0.517829,0.0558954,0.142182
27.2823,27.1344,12.8399,0.555666,3.74495,2.53947,0.0998071,0.499205,1.78674,3.66631,5.2808,5.20491,2.79812,0.342086,0.917937,1.58416,1.98067,2.96271,3.13322,1.24155,0.13056,0.0112359
19.7726,19.0036,8.04526,2.29235,1.41772,0.676595,0.798543,0.16773,0.922779,0.988994,0.792166,1.40416,1.51219,1.15855,1.00181,0.372151,1.37248,0.0898922,2.24743,1.16229,0.085325,0.00644523
14.6535,13.6984,6.85863,0.665701,2.60374,1.10768,0.216775,0.954366,2.51538,4.22868,4.78681,3.0866,0.0292888,1.19834,0.185088,0.88623,0.248493,1.80038,1.73922,0.683371,0.105854,0.112579
9.18524,7.19349,1.42057,0.377117,1.94466,2.01694,1.18387,0.102893,0.544255,1.24545,1.88756,1.84567,3.02113,0.87914,0.474472,0.137206,0.0917519,2.3094,2.47578,0.0333426,0.38525,0.0118323
5.86,4.82781,2.93859,1.90039,0.59269,0.948518,0.473538,0.749348,0.211194,1.78142,4.42248,4.23236,0.676818,0.304778,0.594768,0.155408,1.53397,0.605537,1.71538,1.3704,0.0104959,0.169479
2.94432,1.44914,0.11804,1.66681,2.30672,0.528778,1.276,0.601708,0.346785,1.56149,1.13128,1.85336,1.93139,0.748147,0.548777,0.273433,2.64231,2.71175,0.0609688,0.874386,0.272056,0.0127868
0.927593,0.554056,1.75706,2.56174,3.94326,1.56267,0.601009,0.420597,2.20737,1.89534,1.50631,1.93401,0.254666,0.136664,0.050291,0.168939,0.262977,2.7506,2.87842,0.534688,0.255281,0.220867
0.230076,0.481855,0.177858,0.908159,3.60265,4.33918,1.42993,0.370769,2.07042,3.22798,0.94896,1.76573,1.6793,1.08099,1.03581,1.29983,2.35703,2.08659,0.058765,0.965303,0.646396,0.388291
1.3256,2.42361,3.23939,2.92105,2.78495,2.10157,1.07832,0.719253,0.517146,1.25507,1.15834,2.19607,0.846473,0.00362292,0.229807,0.0141652,0.437002,1.55566,1.35609,0.0203449,0.0519634,0.255642
1.18058,1.22771,0.0390095,0.261372,3.23284,3.83527,1.26842,0.738964,0.965139,1.49388,0.390948,2.23677,1.31615,0.0297897,0.849639,0.506086,2.41401,1.80214,0.938282,0.403309,0.173112,0.146526
1.2156,1.62752,0.601612,2.28851,3.60078,2.03769,1.00161,0.904615,1.36445,4.4542,6.55054,5.44787,1.62698,0.815917,1.10566,0.235472,1.59057,3.83434,3.7363,1.11639,0.259731,0.164531
0.998437,1.62948,0.6532,0.846529,0.189046,0.411566,0.0752111,0.720456,0.469891,0.4992,0.12473,0.410907,0.69814,0.577282,0.825198,0.124311,2.14315,0.639684,1.20379,0.138706,0.293553,0.0335638
1.04033,0.809318,1.26547,3.76508,3.42513,1.7292,0.306594,0.859466,0.452941,1.60086,2.36052,0.9066,0.27543,0.709243,0.812229,0.321977,2.39736,3.10866,1.41404,0.10406,0.100829,0.0440664
0.532307,1.17025,1.03315,0.0530283,1.58968,2.82301,0.702012,1.51597,1.05825,1.43707,2.21465,0.250908,0.783034,0.097464,0.651056,0.467755,1.46103,1.36769,0.630208,0.197539,0.488201,0.361382
0.612153,0.551991,0.477534,0.123728,0.8045,0.256555,0.453064,0.0874147,1.01187,1.0305,0.265887,0.865454,0.675582,0.86735,0.967698,0.0516132,0.486478,3.51432,3.51339,0.609535,0.391445,0.203463
0.434957,0.0867872,0.35185,1.89969,1.06487,1.50563,1.67338,0.260436,0.922351,1.39511,0.379962,0.911865,0.979641,1.08803,0.899623,0.006744,0.398016,0.547795,1.16679,0.679097,0.477531,0.390578
0.237281,0.680202,2.07334,4.12885,3.79037,0.81807,0.412516,0.979925,0.10772,1.28039,1.09471,2.5201,1.44629,0.633373,0.0396506,0.28515,0.729735,2.40216,2.13079,0.158844,0.120874,0.0957288
0.142318,0.495028,0.837346,1.25396,3.13229,2.58591,0.734319,0.248803,1.54698,4.08861,4.50083,2.81347,1.49289,0.299779,0.550388,1.25774,2.29678,1.3019,0.0868533,0.0951366,0.0164906,0.0527175
0.0747113,0.606596,1.22938,0.629768,1.03766,2.08939,1.59591,0.857722,1.31629,0.208176,2.46466,1.28824,0.459327,0.0555037,0.356175,0.245528,0.202553,0.468706,0.380569,0.666195,0.340663,0.0092086
0.042093,0.394077,1.70683,1.94137,0.212876,1.41789,0.73327,0.0938688,0.117584,2.76242,5.05357,4.5716,3.04205,2.01322,1.18589,1.03728,3.03486,4.08061,2.37058,0.92638,0.478112,0.109328
0.0773321,0.11547,0.064801,1.26167,2.43692,3.08372,2.10925,0.529021,0.375344,1.14199,3.20084,0.869682,0.460564,0.0393934,0.288886,0.263003,0.40144,0.365797,0.628909,0.0643819,0.157323,0.0400933
0.0951231,0.180338,0.649835,0.469637,0.506184,1.07516,0.25615,1.41396,2.48603,4.03828,6.07695,4.87849,1.70928,0.280418,1.07628,1.00351,1.58837,2.96759,2.1305,0.229393,0.808684,0.239213
0.0428594,0.602615,1.21215,0.0268657,1.14038,0.87769,0.666505,0.242985,1.57288,2.21257,2.01018,0.637836,0.423233,0.066494,0.53966,0.72221,1.15441,0.256167,2.19081,0.578118,0.808566,0.290461
0.102776,0.574829,1.70015,1.44305,0.652255,0.767919,0.86603,0.83417,0.56944,1.82684,1.0155,1.51464,1.48177,0.510352,1.19671,0.96435,0.648659,3.50243,3.32114,0.653518,0.491295,0.356344
0.110412,0.574149,1.19586,0.825283,0.704734,0.0564284,0.042588,1.39082,2.26859,2.77246,3.55394,2.57166,0.426607,1.3057,0.148556,0.145533,0.568764,3.16229,2.72194,0.0987061,0.277635,0.155091
0.0815261,0.469372,1.29902,1.90476,1.8903,0.838833,0.644556,0.924125,0.0351883,1.03785,0.420844,2.7459,1.00813,1.4802,0.948169,0.210432,0.639297,0.68393,2.39908,1.54988,0.110373,0.087554
0.00239319,0.163023,0.0133895,0.159241,1.06922,1.56273,0.104418,1.74685,1.99371,0.369781,1.51715,0.671673,0.122577,0.137674,0.840291,1.29876,0.152509,0.898058,0.347933,0.714048,0.189586,0.310505
0.0418412,0.230019,0.515328,0.351492,0.785522,0.680945,0.664346,0.0454858,1.19471,1.11505,1.18172,2.09689,0.572659,0.123311,0.47335,0.510803,2.38177,4.43658,2.55361,0.00949422,0.333259,0.0130099
0.245241,0.343853,0.878548,0.897464,1.80392,1.83221,0.498096,0.546792,1.72626,0.932864,2.52883,2.97106,0.0517256,1.54512,1.17673,0.623335,1.21238,3.78727,2.60539,0.321305,0.117934,0.0565412
0.0647863,0.681993,2.07406,4.08248,4.35093,0.457374,1.67946,0.479925,0.30928,0.100491,0.133259,1.99021,1.80102,0.340061,0.036323,0.252593,1.94206,3.42509,2.12301,0.525723,0.323448,0.328678
0.0468746,0.714228,0.750999,0.389166,0.224634,0.332716,0.749655,0.324421,0.482739,1.97049,4.57778,4.42649,1.52446,0.750691,0.951673,0.363796,0.423884,2.5929,3.47824,1.75516,0.876145,0.596129
0.108726,0.376956,1.1173,0.954486,0.593279,1.80519,1.56313,0.207727,1.42394,0.370401,2.11889,0.0340175,1.09438,0.763418,0.682559,0.0507993,1.9097,1.88791,0.0797908,0.883367,1.24321,0.548914
0.0521843,0.0167134,0.684279,1.19819,0.409436,1.31023,0.294232,0.315895,2.06917,5.12941,4.5336,0.815149,0.0119764,1.01652,1.30769,1.93735,3.01129,4.47752,4.24101,0.761928,1.45974,0.45761
0.0695883,0.231581,1.64203,3.2841,2.90793,2.29072,1.00526,0.234396,1.14102,0.361487,2.59571,2.40216,0.356946,0.710332,0.0410969,0.537345,2.59194,2.6883,0.844083,1.15092,2.37195,1.1948
0.115971,0.548824,0.701261,1.06089,2.01025,1.72054,0.786541,1.20411,3.27938,4.05698,3.97822,3.52577,1.04074,1.17858,0.899837,1.07669,3.13365,4.21252,4.37335,4.04059,2.84306,0.755321
0.116771,0.698407,1.5534,0.963261,0.0179845,1.45614,1.25194,0.70165,3.28184,1.85076,0.17015,2.53061,1.89086,0.530087,0.477344,0.192281,1.07196,1.81401,1.44896,0.305384,1.23952,0.302105
0.143111,0.429098,2.23437,4.27201,4.21043,2.26976,0.292525,1.42731,0.281753,4.50792,7.58039,5.7022,1.54454,0.327194,0.328437,0.354446,1.13842,2.84665,2.66071,0.902313,0.137593,0.282405
0.102567,0.429809,0.0935099,1.31352,0.384954,2.56489,0.629085,1.58479,0.667566,2.82548,2.38889,1.96852,1.47111,0.739736,0.721183,0.136808,0.31949,2.10402,2.61111,0.0409474,2.16561,1.21975
0.00553713,0.0256374,0.142578,0.576361,0.417523,0.590047,0.0946151,1.44585,0.247821,0.693117,3.38537,4.79817,2.01359,0.639032,0.546555,0.191608,0.296319,1.79414,2.96432,0.952889,3.91078,1.65043
0.144581,0.344925,0.127001,1.41341,0.313213,1.91719,1.33914,0.545936,2.61993,3.434,1.74024,0.546985,1.12149,1.23351,1.23773,0.92033,0.983891,0.771275,2.08712,1.83927,4.73457,2.00219
0.132344,0.357579,2.27447,4.42162,3.4299,0.662923,0.071942,0.140879,0.690274,3.0869,1.31259,1.40762,1.0175,0.688751,0.122559,0.885774,1.39577,0.932895,0.256052,3.00821,5.24275,2.29118
0.131802,0.496022,0.873912,0.365137,1.33097,1.57491,1.16901,0.601297,0.693484,1.54728,4.851,4.45803,2.0404,0.788554,0.419456,0.31859,1.4545,3.49159,3.13937,3.73873,5.00915,2.10377
0.155407,0.435212,0.416631,0.850521,1.01004,0.83583,1.17245,0.782969,0.862674,1.35079,0.678059,1.63637,0.912226,0.444435,0.0600811,0.475218,1.66827,3.1192,2.36084,2.14177,4.64191,2.09202
0.0148984,0.223978,0.758194,2.99793,2.80103,1.58896,1.57167,1.83068,2.53697,2.88336,4.24813,5.10227,2.66777,0.306566,0.367707,1.01575,2.25704,3.89944,3.90331,0.412609,3.79631,1.8025
0.0217886,0.264877,1.80198,2.6886,1.2436,1.39136,1.55579,0.205535,1.54434,2.14481,2.4069,3.60097,1.09108,0.461565,0.159484,0.386678,0.247235,0.601437,1.03346,1.81927,3.19806,1.73686
0.202525,0.403572,1.31351,0.445101,0.953487,0.300933,1.01401,1.37671,0.265578,1.86077,4.82032,5.95166,2.42818,0.916767,1.35982,0.3705,2.77543,5.5039,4.33256,2.39953,1.70282,0.670953
0.104644,0.643944,0.708865,1.15165,1.86765,2.40909,2.44681,0.130196,1.39588,1.14445,0.750219,3.23988,1.6482,1.24226,0.10988,1.41719,1.88561,1.69733,1.62754,1.41797,0.461637,0.185289
0.043363,0.413372,1.98969,4.19762,4.0006,1.03955,0.85056,0.0516101,1.16597,1.00219,5.68084,6.48432,2.0106,0.956161,0.139214,0.626585,1.58832,4.41129,3.93618,1.98984,1.04845,0.551395
0.184003,0.0657753,0.0801511,0.462977,1.27985,3.40133,2.96601,0.981205,1.59546,3.24259,0.260897,4.86708,3.16799,0.106589,0.952481,2.17514,3.52249,0.875325,1.5849,0.522892,0.150592,0.47482
0.0358665,0.068071,0.861985,1.89146,1.49191,0.133804,0.774195,0.213055,0.312611,1.74408,1.19882,4.10435,2.18348,1.04909,0.947781,0.433587,1.3979,1.36474,0.0740734,0.269015,0.304262,0.506845
0.333503,0.454295,0.413575,1.56569,0.212467,2.87308,2.71571,1.62772,1.30597,0.351073,3.05771,4.88227,2.70897,1.48679,1.49297,1.89742,2.60336,0.704655,3.80301,2.64294,1.54403,0.753334
0.0181907,0.570444,2.12362,2.82252,1.86946,0.973195,0.472551,0.029969,0.805261,2.64607,0.821262,2.96594,1.98029,0.43234,0.397576,0.313715,0.871619,1.81727,3.30461,2.3213,2.76177,1.2969
0.122679,0.387733,1.27317,0.981806,0.964483,2.9974,2.95506,1.53211,1.54514,3.98472,6.94344,6.40896,3.16971,1.5095,1.06542,0.251694,0.546787,2.86149,3.21243,1.15909,3.91709,1.50798
0.423545,0.0207866,0.150277,1.62281,2.19417,1.80275,1.24619,0.755781,0.638398,0.67721,0.589096,2.85211,1.70087,0.124346,0.042549,0.14232,1.53564,0.0477526,1.87957,2.61937,5.40675,2.18721
0.0531206,0.299639,0.0577008,1.94821,3.22538,3.43933,2.70635,0.456608,1.81107,3.39728,5.05325,5.35844,2.6934,0.392307,0.471974,0.77229,0.296214,0.68041,0.514672,3.21452,4.74834,1.85984
0.146682,0.392878,1.45141,1.01369,1.63112,3.45899,2.24789,0.826196,1.62671,0.830193,0.610206,2.95789,1.48077,0.727285,0.174807,0.0757545,0.689457,1.95632,3.17332,2.75102,4.11715,2.17907
0.160978,0.485001,1.93755,2.46293,2.25459,2.93444,2.26977,0.0747946,0.688836,0.714874,3.37884,4.74693,2.2538,0.246937,0.0898532,0.597087,0.726614,3.09755,2.3423,2.25924,4.20602,2.22675
0.219984,0.479954,0.686054,0.419754,0.975707,3.13436,2.00496,0.0304974,0.239867,1.81779,0.0131268,3.00973,1.85306,0.525299,1.14468,0.00486765,1.29699,0.620434,1.98715,1.57457,4.64516,2.6106
0.00327118,0.167109,0.698916,1.61767,1.35622,1.12816,1.75493,0.495978,1.60156,2.38959,0.210409,2.26506,0.794237,0.272153,0.270536,0.374733,0.546689,4.08994,3.88765,1.38129,4.38127,2.12371
0.070634,0.281933,0.519713,0.607512,0.455991,2.09497,3.01618,1.66511,0.16229,1.72284,2.28105,1.20879,0.0500607,0.43436,0.897657,0.63765,0.590991,0.34038,1.56822,0.000680618,3.30524,2.08253
0.082327,0.603388,1.90242,2.32471,0.949088,0.758064,1.18265,0.676049,0.342325,0.234125,0.735873,0.420921,1.34656,1.12275,0.794795,0.535874,2.57038,3.63672,2.32829,0.940263,3.29358,1.87998
0.180659,0.404321,1.25035,0.456285,1.38803,3.13547,3.4405,2.06491,1.43393,2.43147,4.07591,3.37373,1.29423,0.927834,0.848677,0.641735,0.588363,0.185371,0.158017,0.869157,2.71459,1.54849
0.0972537,0.439643,0.6203,0.55741,1.28962,0.105282,0.729462,0.0976208,0.442471,1.76433,1.97988,1.13551,1.28604,0.332547,0.230384,0.567321,2.68227,3.35572,1.57737,1.33417,2.88409,1.80254
0.0285141,0.0847882,0.369198,1.26593,1.56583,2.77108,3.02816,0.709274,1.32847,4.29276,7.21418,5.61059,2.027,0.584867,0.269346,0.480286,1.22948,1.43245,1.69722,2.94847,3.54566,1.53237
0.0108622,0.383534,1.29996,1.286,0.0610337,0.109268,0.785637,0.331863,0.567458,1.61978,2.19922,0.894564,0.700146,0.493468,0.0804989,0.628581,1.33911,1.03205,0.52721,1.36992,3.31168,1.5619
0.034647,0.535005,1.77823,1.46512,0.800118,2.8259,2.91693,0.208604,1.45008,0.195168,2.85945,3.64441,1.489,0.896038,1.3711,0.577302,0.746352,1.37392,0.609531,1.88082,3.70041,1.95911
0.202491,0.48655,0.981491,0.216741,1.02827,1.19104,1.2317,0.228563,0.677943,1.46448,1.4129,0.947604,1.27158,0.356049,0.0805071,0.937384,0.942993,1.90702,2.33536,1.58479,2.32198,1.20077
0.212314,0.191644,1.04095,1.49734,0.697098,2.04662,3.14108,0.607532,1.26097,0.89499,4.96666,4.25121,0.0209926,0.957854,0.293247,0.464634,2.54806,1.86438,0.743239,1.99132,1.72204,0.506013
0.0189934,0.060408,0.308733,0.555581,0.312047,0.559046,1.12418,0.474314,1.28359,3.52896,2.28917,2.09742,2.65737,0.228002,1.0319,1.6048,1.49462,0.695298,1.72728,0.100967,0.991265,0.567038
0.0833625,0.56093,1.44139,1.48256,1.08961,0.8931,1.71418,0.405961,0.254037,0.171591,3.35664,3.30602,0.060797,0.470772,0.415353,1.06846,2.2393,1.36961,0.933582,1.77273,1.05094,0.192772
0.102828,0.808287,1.91832,0.697981,0.319375,0.411054,0.788305,1.3966,1.5952,2.21035,2.05816,1.25434,2.52938,1.60597,1.49686,0.82222,0.755534,0.475107,0.925543,0.263102,1.83111,0.681882
0.0442396,0.580348,2.021,1.12531,1.68314,0.99808,0.0314588,0.82431,0.344702,1.18119,3.46302,3.6625,1.96072,0.701656,0.800335,1.26109,0.962626,3.49028,2.73043,1.12794,3.21473,1.3365
0.0834773,0.182232,0.544217,0.251238,0.278948,0.206982,1.1283,0.390501,1.13432,0.10734,2.59752,2.24733,0.888884,0.516998,0.603052,0.6293,2.13843,3.3146,0.0777603,1.22933,3.66887,1.56696
0.0677771,0.368628,1.0524,0.150617,1.97113,1.38148,0.312294,0.658996,0.68088,1.29208,2.20808,0.748317,1.56815,0.234636,0.265163,0.940888,2.48391,5.56557,5.42963,0.0484166,2.82948,1.13379
0.0342366,0.85566,2.41539,1.69678,0.00770557,0.658564,1.82705,1.37869,0.0555052,2.0796,4.92061,4.84627,1.46599,0.652443,0.961437,0.834399,0.0253152,2.56097,3.755,0.588472,3.77307,1.87658
0.239796,0.779384,2.1412,1.3385,0.920842,0.9889,0.794245,2.30222,1.16526,0.21281,0.431846,0.120684,0.885045,0.635117,0.548187,0.273072,1.12447,0.478271,0.334519,0.540837,2.52596,1.48921
0.0903464,0.391478,0.902139,0.493467,0.486774,1.60348,1.19354,0.520468,1.93605,2.98064,1.50554,0.400782,0.352047,0.180902,0.648459,0.282163,0.695137,2.70417,3.04671,2.78485,2.87891,1.06118
0.124508,0.168934,0.0756729,1.04455,0.424172,0.428086,0.0902985,0.0665112,0.856902,1.98686,0.607344,1.15955,1.31518,0.915499,0.209467,0.97469,3.19212,3.1759,0.129986,0.815546,3.18281,1.5177
0.0759474,0.670373,2.30649,3.23519,1.65417,0.609418,0.605042,0.271902,1.40888,1.73271,1.15443,2.45914,0.900793,0.204373,0.133971,0.461061,2.19226,4.70808,2.94586,2.45692,4.62063,1.87582
0.0878844,0.916371,2.10182,1.14415,0.324291,0.649406,1.11896,1.78282,2.66861,3.07633,1.56205,0.907146,1.31756,0.401921,0.225513,0.225278,1.25689,4.03714,4.19653,0.650126,3.51857,1.34894
0.0842485,0.611464,1.20036,0.465254,1.44852,0.0193609,0.51959,0.501788,0.366481,0.0309856,1.01177,1.10985,0.219115,0.182429,0.124392,0.253949,1.52521,1.75826,0.0406676,1.54988,2.90172,1.22414
0.158639,0.228344,1.23717,2.56942,2.10653,1.52165,1.58247,0.942654,0.536874,0.0371779,1.16324,1.37382,0.669697,0.56264,0.648343,0.0886024,1.36264,1.12847,0.521587,0.808184,0.289787,0.392389
0.0230223,0.327255,1.34719,1.61432,0.385938,0.32942,1.07227,0.31066,0.104423,0.552972,0.339268,1.6279,0.581688,0.0426526,0.405136,0.427597,1.73021,3.2587,3.49615,0.610001,1.64463,0.791362
0.110436,0.779483,2.37588,2.50293,1.19818,1.56867,1.62804,0.450635,2.08472,2.22065,0.633642,4.14505,3.12324,0.293013,0.802321,0.32829,1.95635,4.11586,3.13217,1.75304,5.25362,2.889
0.0946352,0.840828,1.27927,0.497824,0.620648,0.0227064,0.847396,1.01937,0.0431367,0.159162,3.06492,4.60338,1.15,1.07098,0.238674,1.10101,2.38823,1.94259,0.77683,4.47993,7.78172,3.34365
0.191814,0.287908,1.41392,2.34955,1.65058,1.04558,2.12065,1.23059,2.01778,3.43414,0.812915,3.61304,2.67156,0.204455,0.152272,0.121251,1.36209,3.60307,3.36998,6.79573,11.4699,5.65479
0.0777939,0.120077,0.0980442,0.0687599,0.245344,0.905948,1.46647,1.24799,1.48024,0.597156,2.92321,3.63901,0.516114,0.983614,0.798961,0.784991,0.583291,3.87427,4.52866,9.44252,14.4696,6.1838
0.118261,0.54537,1.73197,2.72086,2.01628,0.584826,1.64763,0.902449,0.745115,0.083881,1.29031,3.89619,2.8237,0.828481,0.464625,0.00555893,1.53426,4.07894,2.47799,9.01175,16.6937,7.28006
0.155768,0.734837,1.29015,0.536904,0.96876,0.647128,1.04805,0.055377,0.321922,0.581047,2.91803,4.67528,2.47422,0.7636,0.829831,0.722458,0.96426,1.80417,3.63428,8.23299,17.4555,7.50232
0.00951522,0.695324,2.14159,1.6729,0.0398378,1.10234,1.38913,0.891516,2.58282,2.42926,2.22709,2.94059,1.79854,0.913191,0.740709,0.341585,0.348276,1.38418,1.29527,9.69492,17.3043,7.29657
0.0628647,0.326023,1.21622,1.61949,0.631136,0.106855,0.367679,0.392332,1.67761,3.10887,3.98639,4.15557,2.15597,0.505147,0.057819,0.878872,1.91904,1.54797,0.46756,7.5813,14.4222,6.55624
0.107784,0.0265267,0.870165,1.57391,0.839547,1.45764,1.46778,0.441046,0.908401,1.8195,1.18823,2.39736,0.945001,0.936732,0.187876,0.113549,0.437222,1.10105,1.03474,5.89166,10.6676,5.07714
0.315578,0.342007,1.13282,0.0794389,1.26427,0.219225,0.537478,0.379388,2.18039,3.49177,4.58091,4.73158,1.86157,0.793336,0.754028,0.199553,1.20522,2.09193,2.12481,4.08489,5.89474,2.58593
0.190851,0.684861,1.62104,0.807068,0.422582,1.97659,2.26163,0.825327,0.129242,0.416844,0.213886,3.28171,2.38696,0.469236,0.720351,0.126506,0.585518,0.283154,0.522718,0.0310917,0.744859,1.00984
0.202005,0.478227,1.90234,2.68787,1.98508,0.119713,0.897807,0.451981,0.397151,1.64624,4.18011,4.58613,1.44134,0.176532,0.372044,0.0444674,1.45197,1.7029,0.747974,2.50063,4.04327,1.61904
0.350348,0.111272,0.39813,0.433155,0.103845,2.46245,2.61214,0.87847,0.68502,1.62553,1.34564,4.49373,2.66827,0.392066,0.25369,0.705874,0.315355,2.04858,1.54981,4.39853,7.17535,2.63157
0.203199,0.392513,0.663512,0.582075,0.29357,0.47967,0.952068,0.696682,1.84422,2.47022,1.4152,4.15578,1.42661,0.192121,0.662305,0.378575,2.81247,4.82991,1.80332,6.47455,10.2143,4.03829
0.152031,0.582151,1.24851,0.0704857,0.0105593,2.64284,2.88984,1.3162,2.06702,2.46139,2.00848,5.55987,3.39919,0.965348,0.530419,0.550967,0.93573,1.05768,2.58654,5.02596,10.1821,3.84933
0.00195237,0.696163,2.37531,2.58589,1.11444,0.737892,0.659667,0.0787383,1.21122,2.57463,0.0879428,3.77375,2.30279,0.317946,0.214004,0.0732797,1.43891,0.741848,1.06863,4.99865,8.95139,3.27482
0.0107492,0.642532,1.46553,0.627823,1.18251,2.70365,2.58279,1.17531,0.193635,0.534543,4.25186,6.4213,3.1906,0.775538,0.68118,0.11272,0.380301,0.616004,1.61948,4.53237,5.48553,1.7364
0.224784,0.111099,0.0284231,0.892653,1.43035,1.39164,0.57904,0.198235,0.318532,1.17315,0.354894,4.66744,2.65765,0.0131467,0.346045,0.335329,2.2487,1.77174,0.143086,0.521305,0.694346,0.220834
0.0542785,0.392223,0.0272106,1.62128,2.4977,2.92629,2.33537,0.674873,0.870847,3.30859,6.67176,7.53378,3.39573,0.175929,0.722042,0.675116,1.06209,1.74174,1.51622,4.30951,7.06007,3.29628
0.172819,0.534214,2.13535,2.26483,0.290432,2.02572,0.805748,0.496099,2.00947,0.599827,1.3751,5.04877,2.29656,1.2346,0.361419,0.636781,2.93838,2.67516,0.711647,7.68909,12.8507,5.52439
0.256192,0.665938,2.23071,1.66758,0.979251,2.72922,2.21699,0.608177,0.674385,1.20144,4.72925,7.0812,3.11369,1.15482,1.07735,0.120427,0.24774,1.15809,2.09646,11.5661,17.4329,6.96296
0.134811,0.707831,1.12925,0.560476,0.203037,1.75123,0.921845,0.0700517,0.489785,0.35985,3.33953,6.10696,2.01117,1.57562,1.2624,0.0604169,2.55399,1.606,0.223325,11.0952,17.5682,6.6642
0.173376,0.235679,1.07392,2.46103,1.43352,1.9105,1.90922,1.03916,0.813493,1.25893,1.16531,5.12986,3.13312,0.285865,0.608495,0.40224,1.2399,3.76206,3.42134,6.13197,12.748,5.44321
0.0984002,0.488702,1.04984,0.742676,0.889997,2.33031,2.06511,0.244685,1.86408,2.35925,0.0830841,3.51655,2.71367,1.02441,0.976387,0.864587,0.51019,3.38497,3.65603,1.80715,5.59466,2.49038
0.134682,0.487923,2.11488,2.74086,1.01762,1.32732,1.26436,0.157743,0.909645,0.828185,1.83233,3.17078,1.12833,0.131089,0.215716,0.117959,1.51172,2.814,1.417,0.747955,1.08373,0.0339189
0.0392096,1.05119,1.82518,0.126185,1.89129,2.7024,2.48148,0.525027,0.454587,2.27953,1.45696,1.30952,1.57636,0.459058,0.0603042,0.788088,1.03373,2.85466,4.2657,2.96665,6.28387,2.03721
0.294081,0.0583457,1.13237,1.02384,0.0630879,0.873732,1.40478,0.774876,1.26292,0.552737,1.91706,2.00799,0.25967,0.65196,0.5292,0.455479,0.294637,2.49584,3.43322,4.0927,8.01015,2.8628
0.0746569,0.177688,0.770585,0.985805,0.895493,2.21447,2.74895,0.918006,0.900721,2.84407,3.43793,1.67837,0.826417,0.913821,0.335277,0.638991,1.47797,2.08902,2.0827,2.86671,6.73214,2.93734
1.04794,0.607964,0.963746,1.69348,0.576796,0.524127,1.38987,1.09453,0.24787,0.299162,0.928103,1.22826,1.25534,0.298685,0.228055,0.304106,0.0832437,0.973563,1.87745,3.35899,4.94905,2.34198
1.63458,2.47895,2.59248,0.172256,1.2384,1.50224,2.96955,1.04613,0.434156,1.01387,0.53471,0.04475,0.262984,0.0790519,0.538048,0.0229614,1.9671,3.48997,2.68933,2.24598,2.56048,1.07477
3.26274,3.00365,0.978314,0.0942578,0.594523,0.162469,0.101327,0.197235,1.83429,2.35338,1.16106,0.613564,0.775036,0.94932,0.338674,0.229705,0.815192,0.912492,0.727322,0.734346,0.499549,0.65186
4.08709,5.44317,4.59759,2.79501,2.86002,0.101397,1.45822,0.252081,0.539123,2.00875,0.911727,0.0689586,0.266236,0.952651,0.470496,0.046863,2.39647,4.35267,2.41411,0.274992,0.269444,0.188945
4.43185,4.78836,2.44941,0.223717,0.242863,0.818541,1.50684,0.155486,0.966577,0.721585,0.00410601,0.00580369,0.739501,1.22005,0.976241,0.719339,0.533473,0.844781,1.50806,1.10568,1.23332,0.519044
2.97018,4.48239,3.75603,0.562835,3.66732,3.34651,1.85325,1.74696,1.12964,0.5205,0.291453,0.348936,0.183034,0.157716,0.0398126,0.318305,1.57687,1.78505,0.0717939,1.93895,2.75342,1.24162
1.4792,2.72718,1.43694,1.52569,0.406956,1.86058,0.257813,0.0600064,2.32584,3.02932,2.51907,1.13425,0.221805,0.469875,0.219204,0.0744567,0.864577,3.29969,3.47165,0.951023,3.66163,1.56469
0.804634,1.07091,1.83559,0.542235,4.2268,6.82442,4.10954,0.464134,0.782894,1.43479,0.0829598,0.781643,1.29342,0.48295,0.339887,0.141104,1.92628,2.2341,0.241712,1.72935,4.56325,2.19422
5.96181,4.50935,1.09074,2.84531,3.0481,8.01213,5.6402,0.436793,1.43158,2.73737,3.53169,2.87928,1.51311,1.15924,1.40204,0.844187,0.119958,0.89112,2.71712,4.69219,5.51525,2.0007
9.74478,12.9241,10.5487,3.59132,5.12074,6.0018,1.24149,2.35828,3.09899,1.06446,0.0606659,2.17358,1.94945,0.743837,0.108441,0.229546,1.58833,0.370927,2.16161,3.86625,5.58751,2.75551
13.5624,14.5911,5.52429,4.82668,7.76388,15.1519,14.8628,4.35227,0.148518,1.95783,4.71358,5.97298,3.19114,0.395537,0.441458,0.654879,1.34596,2.85725,2.04847,4.25376,5.83196,2.10631
15.4959,17.5865,10.3673,1.41361,5.38476,1.26318,8.11124,3.15356,0.556781,0.996169,0.407195,4.47644,3.56934,0.60126,0.51977,0.31952,0.187402,0.735324,1.4839,1.2891,3.86228,1.98949
15.5471,21.8935,19.3445,7.51506,8.0548,14.6928,15.0825,7.36784,0.845867,1.91222,5.70634,7.4989,3.05954,0.674929,0.106148,0.673445,0.709324,2.70383,2.09399,1.0861,1.78838,0.290807
14.217,13.5342,0.0138091,4.23357,4.7932,10.2549,16.9709,1.07236,2.82606,1.93177,1.23114,3.66011,3.30976,0.270995,0.42956,0.606235,0.0265408,2.84562,4.21215,2.94941,1.60058,0.199894
7.7245,13.7954,16.6303,5.92458,5.47589,3.48079,2.9433,0.473786,0.35345,0.934146,1.82707,2.25331,0.200813,0.0678002,0.631067,1.18769,0.229535,0.0785573,0.469849,2.42323,3.85486,1.70501
0.414586,0.161263,0.541623,6.92573,9.87773,9.65167,18.1852,1.64467,0.161235,5.27842,3.92028,2.12217,0.367246,1.12611,1.3779,0.694889,0.2183,1.64766,1.83877,2.29306,5.09617,2.16964
8.47019,13.2828,15.7899,4.18179,6.55791,10.4599,26.1056,11.4337,3.23179,4.38005,1.1476,1.6681,2.1692,0.159885,1.04282,1.21526,0.999119,1.33833,0.78924,3.64149,5.53528,1.83698
18.6359,13.9386,4.81503,14.1079,9.84697,0.562791,10.7782,6.60028,2.83403,6.63756,4.52448,2.29599,1.54406,1.17124,1.32868,0.552627,0.0050949,1.1069,2.16858,0.890137,3.86046,1.73777
23.8298,35.3707,33.2998,15.7243,10.028,16.0371,32.8356,10.7707,1.34621,4.7599,0.318785,1.43276,0.362277,1.45984,1.23473,0.623526,2.03592,2.28754,0.161161,1.41313,2.95875,1.29309
30.8356,32.9504,12.7682,7.09273,3.15166,15.0329,7.46944,7.20419,8.35539,7.46474,4.0852,1.4202,1.1759,0.606812,0.138729,0.0495931,2.95057,5.55742,3.70355,0.464123,0.764749,0.765862
33.7531,36.349,19.3872,4.06374,9.92896,5.80423,15.2713,1.2941,7.24565,4.32139,1.16509,4.69809,1.92094,0.244346,0.437203,0.532511,0.882632,0.613204,0.836532,0.26972,0.192599,0.513717
29.841,42.3463,38.961,14.3552,3.02645,27.7381,29.4184,4.47247,0.00655453,6.35238,3.61053,1.9176,3.25889,1.71008,0.709867,0.382338,0.790056,0.937387,0.489532,0.95404,1.38431,0.514355
25.8633,21.3124,5.65273,13.4614,10.4272,13.5759,10.3134,11.504,3.42641,1.03691,1.76879,1.37097,0.129941,0.764127,0.611101,0.23491,1.69807,1.62785,1.6296,0.270829,1.93364,1.24333
13.1477,23.3097,29.2864,13.7269,5.5586,27.4109,37.7117,16.1569,2.4717,0.261287,4.06618,4.99313,2.33395,0.0782973,0.682931,0.755209,3.3717,6.96829,4.88231,0.85866,3.33356,1.95659
0.447261,0.0183325,2.33962,6.88258,18.6249,31.0185,25.2923,10.5717,1.90313,3.78233,1.81683,5.13898,4.64618,1.61058,0.419785,2.29471,4.06328,1.05126,2.49751,0.597617,3.6312,1.37574
13.5121,20.9577,23.738,9.0926,1.83485,11.3129,25.0314,14.6615,0.442109,5.00247,0.86762,6.90121,4.97492,2.17607,1.10956,0.312604,0.38313,0.146759,1.16856,1.92357,4.4762,1.83322
28.8783,22.293,7.58842,21.7086,21.7973,39.6755,28.3487,3.85627,6.11766,9.77118,3.92338,0.501901,1.27,0.126533,0.617525,1.03549,4.67226,4.85431,1.41931,2.15545,3.6169,1.25628
40.1574,56.5087,54.4695,24.922,15.9672,12.3716,2.19097,1.63197,5.22298,8.5948,6.82491,5.96577,3.50278,1.95021,2.76315,1.68532,2.58872,6.21749,4.21803,3.0366,3.55217,2.02851
45.7091,47.0373,16.2657,9.60498,10.22,34.0278,24.8651,0.220537,6.2703,7.60457,10.066,13.818,9.48178,2.90997,2.83233,3.53494,1.57222,0.292135,1.30175,2.01728,2.08424,1.24811
47.0885,53.393,29.3499,4.59263,16.9578,32.2908,31.0933,12.9213,5.06017,6.15836,9.76157,18.7918,12.7181,1.39604,0.52525,0.144157,2.01537,2.87684,1.92432,0.703002,0.71237,0.343364
43.0863,60.508,54.7858,18.9858,2.40434,18.6463,17.7813,5.94835,4.99669,5.42071,10.7229,20.7847,11.7402,1.5992,1.12567,0.441286,0.922267,1.52658,2.61639,0.861942,0.28406,0.876309
37.0949,30.7707,7.32842,22.3764,11.9181,41.7854,42.4997,14.5688,3.07457,1.91217,5.87724,15.5899,9.29605,2.1515,0.969808,3.66625,6.06993,5.03131,1.74852,1.29858,1.36969,1.3749
20.5692,36.2238,44.0688,20.2985,1.70229,0.218898,7.85362,14.542,9.5906,3.34078,0.981995,4.94835,2.34828,1.92491,1.3333,2.28651,6.3951,5.07199,0.916505,3.05935,2.12724,1.1794
3.69909,0.365158,8.35164,8.03157,15.6599,40.0979,36.2879,6.90798,5.7004,4.58323,5.17423,7.91427,4.65765,0.977859,0.431975,2.38343,0.877567,3.95501,3.43073,1.01829,1.6675,0.173247
18.5627,26.7428,27.382,13.5778,2.71146,20.8419,11.8462,9.94048,3.33393,5.87486,8.57448,16.8389,9.85969,3.28633,3.42428,0.442216,3.18348,6.20855,6.07894,3.20338,2.15431,0.553661
39.4754,29.1445,11.1957,28.4402,21.4006,30.8003,16.7816,6.00421,0.0626825,9.62921,13.6317,22.7846,13.3637,1.48338,2.43642,2.44278,0.76784,3.10581,1.70414,3.66429,2.19647,0.541768
46.2768,71.073,73.7137,30.058,17.028,37.2995,30.8621,2.82762,8.46595,8.30904,11.0582,19.9481,13.1341,1.51631,1.43687,1.43027,4.39383,5.38936,0.0619258,1.51516,0.190423,0.650488
61.6153,61.1442,17.2103,10.2517,11.911,11.4228,5.49017,17.0066,15.5564,10.1153,10.5968,16.1568,11.8891,4.72034,4.13131,5.59872,7.33274,7.42951,4.76874,1.15883,0.775203,0.129157
66.0068,75.7402,45.0138,3.89277,24.086,45.4785,40.6062,12.4127,2.80772,5.89082,4.05563,4.04295,3.78544,3.85622,4.22172,2.90631,0.293972,3.5272,3.43387,2.30806,2.96213,1.64738
60.4236,81.8666,70.5836,20.1077,2.05556,10.2014,18.6754,15.3401,5.75361,3.23739,0.974593,5.66142,4.31224,0.118675,1.4281,0.47142,5.66722,5.05654,1.02845,5.05093,5.7866,3.95523
53.5394,45.317,6.34902,24.4818,17.56,39.1716,36.5558,16.1985,1.02466,1.00745,5.57544,13.7947,9.7253,4.04393,0.734973,2.90931,3.41369,8.08064,4.01683,4.98623,6.72179,2.76349
34.3562,56.0246,64.8987,26.007,9.63518,27.1546,23.2678,5.85902,0.783446,2.4582,7.88768,16.6658,12.4805,4.96001,0.472622,5.804,0.140107,7.56763,5.56038,0.36,5.21849,1.87343
12.4308,6.15376,9.8149,9.28636,7.6557,19.4636,18.6037,11.2573,0.798983,5.46177,8.35595,15.1495,10.5339,1.57374,1.03669,1.52019,0.767147,1.24367,1.39589,4.56457,5.6082,0.597833
12.3835,19.5209,20.7168,8.10244,10.3079,33.186,24.9191,2.29288,6.90983,10.0926,5.89173,6.97737,2.96562,3.66433,3.03828,0.564663,1.21901,4.2665,3.0038,2.42294,3.66704,0.522533
40.3737,29.2629,13.3381,25.9648,6.79193,0.287188,7.58691,2.87285,6.80023,8.2646,1.06827,3.71019,3.68483,5.35569,4.69289,3.58606,6.98027,5.41158,0.111073,1.03727,1.05757,0.890856
56.9825,86.7586,90.388,32.8586,11.6982,33.7851,27.7201,4.79694,2.23365,6.87636,0.680594,10.2094,7.54049,2.12236,2.48066,4.74141,8.06565,10.3803,7.05938,2.09104,0.840801,3.46145
74.6143,69.1404,10.5613,18.4176,6.07106,14.1592,30.0128,11.7316,0.0215493,2.7489,5.85088,17.0632,9.48733,1.5812,1.54697,0.106979,0.10512,1.01279,3.21242,2.82518,0.607295,2.17647
78.7254,95.3183,65.7526,7.66393,14.5121,27.8726,22.398,9.41844,3.29142,2.29601,4.97865,17.3814,10.6652,3.21538,4.49837,4.4727,7.01268,7.88541,6.63644,4.05374,1.13462,0.0370017
72.4321,96.9674,78.2672,13.2354,1.21642,26.7728,36.6442,8.44864,4.90674,1.15956,7.98151,13.9781,6.58674,3.67908,3.82493,2.16727,4.83634,3.91548,1.3946,1.09453,0.563862,0.996737
65.0913,55.6353,5.64846,25.2085,16.7283,16.5908,10.1335,11.2809,7.3589,4.23242,2.49926,4.10082,3.69838,0.443364,1.45532,1.80413,5.15278,8.80617,2.6278,2.56158,0.872143,1.12888
43.6715,72.7745,84.6985,32.9288,13.1492,33.9675,28.1802,0.828589,12.1233,7.54715,0.520429,6.84109,2.19146,3.6365,0.321626,5.94145,6.18129,4.61783,0.561247,1.5095,0.156017,1.03567
21.2976,10.3468,19.836,26.3778,10.4019,3.88739,5.49822,5.64593,1.6973,8.90224,4.06012,18.1279,9.6114,4.46261,1.46317,5.47585,0.932708,6.22273,4.47166,1.01891,0.285897,2.07222
12.0951,11.9596,5.29965,8.51773,21.9426,29.7469,13.1123,11.855,6.26052,6.35144,7.58867,25.3786,15.5833,0.033873,1.13109,1.96965,6.30844,6.39656,3.01902,3.95363,0.31186,0.338409
39.9933,29.6082,12.0162,23.3166,2.8116,20.3954,23.6544,8.00594,1.12576,6.22755,5.51708,23.8665,15.292,3.51444,4.18973,1.4207,6.3147,8.20717,2.26571,0.898501,0.0158413,1.29209
64.1956,98.5546,105.112,44.8149,14.7655,15.5277,0.58894,14.9668,11.8047,4.05194,9.59648,22.5675,14.8827,5.55368,5.00742,4.4492,1.98625,2.99383,4.71749,2.85065,0.805003,3.41923
81.7296,74.7165,3.49751,35.755,11.1368,28.9277,37.8618,19.543,6.38616,2.88335,3.22704,11.9366,8.92073,3.32073,3.33694,4.4003,7.21537,8.06462,3.10122,0.833688,0.0962044,2.22626
92.1568,115.141,88.1971,21.6529,1.76594,0.0426199,12.5649,13.2822,7.85541,3.82264,2.49718,2.71326,0.944023,0.71681,0.868587,0.84013,3.91571,5.7659,0.0265407,2.14255,1.70246,0.561878
94.9307,115.522,80.1432,9.05571,3.92786,27.8305,37.0645,24.8919,13.2788,6.31592,2.745,9.77431,7.13002,4.6389,5.32474,4.83653,0.674667,5.75712,4.16786,3.53488,3.25209,1.18238
85.6644,79.3531,7.3524,30.765,1.95339,9.9626,17.9477,3.62214,3.69965,7.42352,3.34368,18.5497,13.5141,5.41262,4.76793,2.29726,1.49093,5.20221,6.27469,1.63714,2.88913,0.0478607
57.6286,93.8699,106.285,46.7591,2.72954,21.3996,24.8961,19.9984,6.24602,5.76824,6.82664,23.2765,13.863,1.4997,1.88453,1.33787,1.78866,6.45893,7.06868,1.32597,2.85305,1.48582
35.4808,21.1718,25.2471,40.9461,11.683,20.2403,21.6324,2.68079,0.477426,8.8461,4.4792,21.0751,13.0273,1.63638,0.0419796,5.38503,8.06918,5.97482,2.49645,4.16874,4.53926,3.02517
3.01021,9.00151,16.3612,16.0365,17.2687,12.8108,4.13933,7.5211,9.61436,4.72817,5.968,16.0875,8.26484,3.1185,0.0297396,6.93891,8.07945,4.77495,0.866436,1.50246,2.2879,1.62806
32.2949,26.0822,7.06112,24.6895,2.88113,25.3682,22.4101,5.61698,6.61424,0.18688,2.45675,6.69689,2.44852,2.79561,0.567143,2.86124,0.38841,2.08591,2.05789,0.443629,0.982065,0.106605
52.8098,88.5675,100.187,50.6434,20.2513,1.71695,18.0022,5.03707,8.09956,6.71738,1.80429,1.89705,1.72975,0.59623,2.27352,0.278606,5.09048,8.23148,7.75417,4.35499,1.16733,1.92615
93.2613,77.5172,5.73988,46.2036,19.6455,30.7371,26.1098,0.0253874,10.2525,7.89608,0.411491,8.76073,4.37053,2.79125,3.10914,2.29133,1.17002,2.87877,0.740966,0.712514,0.88827,2.16143
98.9782,131.522,110.99,28.4657,3.53247,13.5028,28.4707,9.75102,0.258733,5.48251,2.00379,12.8848,7.79774,1.69695,2.3113,2.61883,1.95806,0.956426,3.58737,3.87224,1.73709,0.673594
102.576,119.022,71.2374,8.7909,16.5092,25.0131,20.8286,2.84609,3.20834,3.85426,3.10447,13.886,8.08704,1.56371,1.13425,1.50381,0.264209,1.07819,0.527982,0.561617,0.940593,0.86105
97.4743,96.7564,24.7355,31.1087,12.2899,25.7436,31.6705,8.24537,3.74904,3.09028,3.44295,10.8166,6.3704,0.442224,2.09245,4.11326,1.48469,6.12569,1.60493,0.904086,1.05319,1.22621
75.3808,112.649,117.544,46.56,2.51721,12.4782,10.6867,0.387987,6.50828,1.85478,0.732982,2.75058,3.69539,3.50509,4.60132,2.92805,2.66892,4.55603,0.180496,2.71285,1.59534,0.868919
53.2225,35.2243,26.1458,38.9551,4.09339,29.1957,27.0865,3.15099,4.32265,4.3608,1.39594,4.00739,1.90568,3.08458,4.68307,2.52465,0.615805,0.707274,0.100877,1.03189,0.701534,0.127907
13.9168,31.4576,42.4468,18.7513,2.82557,1.0431,5.50887,7.3347,11.3567,8.27839,3.56363,11.4354,5.82642,0.902228,2.14441,3.40206,4.83377,4.26988,0.0707452,1.89017,0.396494,0.89217
18.5144,15.1576,2.05746,14.4447,0.280754,25.4816,22.5196,4.14306,7.78718,11.1529,1.51523,14.5236,9.78771,2.27351,0.359164,3.38174,5.52063,3.33445,0.958953,1.4636,0.0741117,0.27907
44.0664,76.08,86.2396,40.4117,10.1801,10.8961,22.4153,13.1412,1.23271,5.46132,6.62866,19.8268,12.6489,4.35935,1.77773,0.796906,1.56384,2.97233,3.71332,1.54635,0.140459,0.553073
92.1333,74.9157,7.01447,36.7517,5.82391,18.356,14.7971,4.57619,3.16265,4.25599,2.18389,15.3721,10.2644,2.36766,1.62414,1.90488,3.94594,4.25923,1.64267,0.424744,0.320618,1.05517
98.1596,137.515,124.617,30.9387,6.78119,19.2714,34.527,17.6002,5.13551,0.0868504,8.09665,14.0708,7.64002,0.462271,1.0043,2.0071,3.7386,4.14043,1.86617,0.773082,0.357204,1.01026
108.875,117.591,54.4648,6.19306,13.0855,15.8482,7.78942,7.19072,4.23895,0.701459,1.63105,5.77994,4.05816,1.47635,0.608378,0.864265,0.917101,0.625818,0.632254,1.34949,0.639362,0.0838901
106.691,114.187,50.8374,10.4269,3.63512,24.6215,33.4484,12.137,2.45706,5.71132,4.80458,1.26347,1.59319,2.95189,0.903576,1.00249,0.630522,0.0851835,2.30993,1.45974,0.426986,0.5121
82.7025,120.216,112.653,28.1143,14.3537,7.64224,2.8588,11.3074,11.5385,4.8578,2.65154,6.2742,3.52056,1.1296,0.875865,2.55845,0.88104,4.21967,3.04642,0.965655,0.170815,0.820058
74.2053,55.7689,15.3872,32.8302,13.4736,32.3088,30.0835,5.88807,7.26489,6.42059,0.568877,7.57152,5.08453,0.12762,1.28669,1.89934,0.11154,1.70646,0.783668,0.387633,0.226667,0.628889
34.0207,58.4977,70.4654,33.9904,5.5343,5.37717,2.82258,10.9226,7.56228,0.265841,6.46635,12.9747,6.51647,0.955342,1.25076,0.146748,0.286936,2.11066,2.05456,0.998444,0.284329,0.0344263
1.40538,3.75888,12.8785,14.439,16.4209,26.4614,18.9752,2.71915,5.53251,1.94991,2.40964,11.2041,7.08974,0.764361,0.496147,0.402521,2.01548,3.15342,1.53118,0.93233,0.619759,0.409758
35.3758,48.981,45.4128,10.7378,10.037,16.1527,10.1487,1.07473,0.189673,2.21599,6.10373,11.571,5.45962,0.69832,0.296399,0.0945433,2.61568,2.97394,0.809768,0.289405,0.520282,0.736264
65.6838,56.9192,3.24005,28.6176,4.77481,14.8871,10.0088,7.91878,6.90273,0.575231,2.86865,8.43126,5.81016,0.213077,0.0946444,0.301991,0.917348,1.81898,0.460703,0.310678,1.10703,0.556945
87.4173,125.115,120.078,44.5671,11.8953,17.9308,14.9832,3.53158,1.21474,0.699572,4.96927,6.78904,3.3518,0.243485,0.336004,0.913826,1.07735,0.0416683,0.586466,0.464672,1.35213,0.483297
109.871,106.357,27.837,33.4581,8.57915,6.39338,1.40192,10.2061,7.29745,0.214191,0.477963,1.76047,1.19771,0.569638,0.938851,0.394681,1.08496,2.38391,1.18804,1.07846,1.28529,0.0359999
108.627,129.805,84.4597,10.7283,1.58594,16.0101,18.582,8.04493,2.11239,0.16528,1.19162,0.988955,0.445681,1.18783,0.936287,0.352685,1.22611,1.01243,0.824427,0.506544,0.365706,0.0223422
101.782,126.328,92.437,19.0954,1.56028,1.69759,2.33114,5.62728,2.58912,1.17418,1.49648,1.91929,1.26102,0.115148,0.41366,0.182911,1.01045,1.44383,0.922781,0.278669,0.169326,0.066009
88.6053,81.7174,11.852,32.7828,3.91608,13.8593,17.7705,10.5261,4.97919,1.48054,1.12539,3.13012,2.42007,0.896157,1.03555,1.21581,0.843875,0.195945,0.377256,0.182886,0.810186,0.205847
59.8334,90.1616,94.1064,41.2144,8.90589,0.268668,3.18893,1.21594,1.30166,0.461569,1.30733,3.21403,1.73327,0.17567,0.539252,0.873285,1.58383,2.11077,1.53024,0.0579969,1.17795,0.57046
35.4627,24.2612,15.0952,23.5231,3.28367,9.71996,14.0132,8.17497,3.72671,1.1972,2.18269,4.33639,2.64782,0.56474,0.100343,0.260105,1.27698,0.805704,0.633443,0.56018,1.57662,0.612877
1.50712,6.66312,11.474,1.05289,6.26649,1.44578,4.04366,1.29761,3.5345,3.08845,2.22567,0.425273,1.08774,0.129786,0.167846,0.482324,0.119995,1.4217,1.6485,0.272215,1.158,0.689161
25.8413,26.4529,4.61279,12.505,6.35361,8.45054,9.38272,4.89,1.55366,2.25005,3.78214,2.14209,0.528509,0.652947,0.567758,0.12189,0.820231,0.356714,0.341276,0.749259,0.896806,0.459226
54.4652,77.1634,73.129,24.793,1.04474,2.14198,2.71019,2.13214,2.41244,0.607518,2.54003,2.43605,0.551235,0.366252,0.0730198,0.0782381,0.0283731,0.716225,0.68072,0.384093,0.639411,0.340323
80.1441,74.2928,12.3323,22.5104,3.09083,5.78796,3.62636,1.13606,0.895179,1.79244,0.194395,3.18577,2.60287,0.846623,1.1574,1.38371,1.05903,0.574539,0.715931,1.48157,1.10197,0.44346
94.688,121.433,95.1306,18.6471,4.51076,4.14282,1.77161,1.32091,0.286146,1.41847,1.57239,3.82409,1.55021,0.203395,0.577283,1.12629,1.33247,1.64936,1.58844,0.227794,0.0584564,0.0652477
100.885,106.956,49.0139,10.9623,4.79479,3.43071,2.8074,0.351803,0.69115,0.432411,1.92366,3.94646,2.83323,0.777478,0.0555483,0.568591,1.70695,3.03433,3.2059,1.53476,0.197251,0.140046
98.9226,109.674,60.7249,1.10501,2.82962,4.81773,2.85865,1.05231,0.621208,1.74751,1.37276,0.88785,1.18932,0.798875,0.00338912,0.497072,0.0194801,1.00117,1.03888,0.326092,0.0540919,0.0815515
89.8705,107.783,77.2222,15.9858,2.30066,0.4198,1.36806,1.7361,0.0303042,1.73308,0.811938,0.777953,0.443596,0.577249,0.50711,0.11361,1.38779,3.35694,2.42813,0.793036,0.445025,0.178736
75.6791,73.2184,21.9392,14.1103,0.881062,2.92458,2.61631,0.112273,0.0953151,0.402751,0.911677,0.11508,0.920964,0.445135,0.187295,0.69643,1.63103,1.09366,0.87716,1.15193,0.592946,0.0116271
53.1275,69.5846,58.956,17.5159,1.13068,0.967296,3.11154,2.41123,0.940465,0.395379,1.48099,1.15264,0.278936,0.264228,0.163374,0.343071,1.04742,2.59984,2.61734,1.29743,1.02239,0.709028
32.9269,28.2127,2.32239,11.5469,1.20753,2.65174,2.03285,0.476119,1.07664,2.08261,1.58443,0.282279,1.21194,0.716651,0.297452,0.583691,0.918579,1.23915,1.28579,0.916177,0.706354,0.187114
10.4917,13.5194,10.6825,2.3259,0.564442,0.861561,3.39464,2.79803,0.50333,0.19046,0.751651,0.386883,0.241002,0.03714,0.286427,0.226605,0.864266,1.58016,0.383259,0.98455,1.10582,0.593751
10.6009,12.1727,5.40742,2.04783,0.766498,2.63405,2.00716,0.489042,1.36815,1.80593,0.827361,0.351304,0.613042,0.711653,0.365118,0.107501,0.559536,0.196298,1.90255,0.832339,0.53089,0.154917
25.068,34.036,27.9352,8.00894,2.00277,1.29625,2.98354,1.48525,1.25239,1.71295,1.03171,0.835682,0.593011,0.484509,0.358714,0.0480667,0.278253,1.79692,2.37044,0.314091,0.803191,0.252437
40.9081,43.3545,19.0825,4.37283,1.82154,2.37442,1.86899,1.22614,0.738563,1.05773,1.92203,2.31536,1.33129,0.330665,0.0699492,0.670598,0.0526109,1.88757,2.06577,0.420404,0.459958,0.15121
53.6818,63.6047,43.8058,7.85703,1.655,2.69425,2.80335,0.322203,1.52398,1.08064,0.950106,2.38977,1.69358,0.442936,1.09824,0.754427,0.932435,1.47102,0.0996148,0.340862,0.153337,0.0358224
63.555,65.5969,31.7483,1.64204,1.50874,0.804686,0.622786,2.52657,2.45964,0.421647,1.96106,2.76557,0.782302,0.753321,0.321805,0.322662,1.38193,1.45115,0.450956,0.302503,0.200541,0.198719
61.9392,70.3893,41.8138,1.41301,2.27403,3.3433,2.28342,0.486976,0.507058,2.25087,0.92893,1.80905,1.43467,0.290452,0.291951,0.1615,0.397094,1.15819,1.60601,0.148931,0.319827,0.0437804
61.9019,67.0478,35.9471,2.50339,3.11185,0.192761,0.274412,0.748183,0.981771,1.40693,1.87174,2.69044,1.15783,0.523932,0.0688167,0.185586,0.420042,1.11995,1.25897,0.446219,0.163063,0.0554402
58.9182,63.6972,34.3805,0.895544,0.5788,3.02387,0.870618,0.723388,2.1452,5.03217,3.3449,0.3017,0.469743,0.537566,0.748755,0.480697,0.483872,0.600719,0.141418,0.857778,0.752349,0.556989
54.8477,58.1087,31.8971,1.38104,0.0619506,1.30701,1.20482,0.463588,0.777577,2.13939,0.506495,0.449036,0.0814023,0.0786401,0.250925,0.472391,0.933082,2.18417,1.8134,0.442193,0.0760198,0.101535
45.6231,48.4444,26.3404,1.63353,0.0938544,2.37905,0.491334,2.98951,4.37077,3.5473,2.6443,2.63785,1.77646,0.99314,0.779554,0.0665606,1.37636,0.862085,1.56373,1.46682,0.330162,0.160144
40.6634,43.0345,24.2164,2.74507,2.4493,2.63832,2.18307,0.563496,1.07235,1.33125,1.95561,2.51027,1.88541,0.175486,0.400347,0.28297,1.85218,3.91598,3.26551,0.852456,0.163398,0.150552
34.8048,34.9539,16.2751,1.88128,0.253428,1.76841,0.538804,0.796906,0.00674237,0.976702,2.03909,2.74666,1.13768,0.449537,0.102549,0.676205,0.256523,1.17329,3.05757,1.83296,0.058251,0.416755
27.4128,27.8238,14.6607,0.940227,2.83929,2.96176,3.2207,2.19146,0.330806,0.325161,1.24146,0.0643388,1.34391,0.606662,0.45051,0.439145,0.767698,0.610258,3.01193,1.4341,0.412563,0.37506
20.6486,19.5162,8.28629,1.81346,1.34232,0.680893,0.264477,0.0279693,0.255182,0.456684,1.29991,0.173522,0.395751,0.485442,0.119958,0.863888,0.767465,4.04612,4.18609,1.16597,0.436421,0.0582177
14.3684,12.7577,4.93621,0.0688142,1.67952,2.18834,2.92435,4.4369,3.71023,0.677616,3.1942,2.24821,0.516055,0.743047,0.821313,0.785823,1.85388,0.563382,2.0223,0.558859,1.18901,0.383447
9.62738,8.67222,5.26771,3.17482,1.77467,0.00762013,0.548186,1.17262,3.38266,0.641684,0.785387,1.30215,0.742871,0.503842,0.490329,1.08758,2.02795,3.2903,3.1676,0.649239,0.972651,0.352278
6.01073,3.76929,0.329862,0.576666,0.427521,0.634582,1.23499,0.604326,0.2425,0.460535,2.46399,4.20074,3.17083,1.03518,0.524352,0.631347,0.445564,0.778453,0.957193,0.45138,1.17676,0.637963
2.73924,2.0627,0.518363,1.20486,0.708853,0.830831,0.249882,0.77447,0.364625,0.33522,1.04662,2.69567,1.56314,0.211684,0.558329,0.670136,1.65111,2.72254,1.73881,0.530548,0.567868,0.508298
0.795053,0.177439,1.42206,2.36012,2.02994,0.574519,0.187164,0.545393,1.80152,1.97413,1.63733,2.62005,1.68305,0.202407,0.816397,0.41465,1.11676,0.146697,2.51204,1.71134,0.846457,0.708571
0.189266,1.49271,2.27925,1.1837,0.720307,0.980548,0.1356,2.41593,1.20182,1.57162,1.22117,0.740256,0.427257,0.546366,0.218221,0.32082,0.494197,2.15435,2.80762,0.907355,0.0311313,0.0109583
1.04447,1.15982,0.670298,2.70339,2.30971,1.88629,1.60536,0.912688,3.85558,3.39365,1.32031,0.071378,0.32618,0.3094,0.0017989,0.0342981,1.19833,2.74088,2.83085,1.46535,0.383762,0.160053
1.36185,2.4575,2.17351,0.563518,1.27886,0.829241,0.514031,0.423588,1.34622,0.926883,0.909737,1.26802,0.155925,0.479131,0.0141328,0.393617,0.375105,0.467087,0.351975,0.298443,0.0827155,0.123898
1.2375,1.54553,0.59361,0.542686,0.671968,2.36762,2.21559,0.0648448,0.469931,1.99183,2.13349,0.096403,0.247145,1.17217,1.07429,0.0984775,0.0687776,1.84767,2.14313,0.882509,0.55956,0.402902
1.12248,1.01989,0.360092,0.153362,0.0730499,0.300364,1.00068,1.00517,0.857142,0.304955,1.97066,1.94797,0.348567,0.888845,1.03766,0.992063,0.597997,0.738101,0.887061,0.174675,0.377981,0.115356
0.868345,1.4763,2.49968,2.9351,1.14173,1.55706,1.75473,0.96621,1.55753,0.865913,0.594683,0.563765,1.19598,0.405192,0.157806,0.791249,0.426358,0.718062,0.782267,0.289949,0.838256,0.266737
0.841425,0.344973,0.597631,0.349341,1.67272,0.274156,1.1056,0.410952,1.43988,3.56821,2.77424,1.29073,0.713862,1.01903,1.14996,0.854031,1.05703,0.511781,1.718,0.200537,0.518013,0.00258195
0.515509,1.12274,1.25833,0.634425,0.77201,1.64726,1.83103,0.880758,1.05568,2.45972,0.680431,0.0362112,0.427209,0.686929,0.502699,0.0832126,0.243848,1.94343,2.74953,1.06234,0.0713658,0.275585
0.46002,0.373423,0.644679,2.16125,1.95889,0.203557,0.587272,1.06326,4.25944,5.40374,2.7745,0.444219,0.209914,0.119083,0.513441,0.488305,0.751913,1.86524,2.22387,0.912453,0.219348,0.0330059
0.326995,0.128116,0.73497,0.889414,0.476579,1.78739,1.68299,0.703955,1.0148,3.67354,1.3434,0.547131,0.670482,1.0012,0.034456,0.605134,0.169512,0.359484,0.119992,0.334178,0.333948,0.105801
0.0347351,0.564586,1.66702,1.70247,0.648127,0.407366,0.799211,0.265488,2.40044,4.57891,2.93107,0.803387,0.409132,0.0712606,0.134118,0.591193,0.112594,1.11019,2.0382,0.298667,0.907487,0.530441
0.127423,0.568786,0.885802,0.573072,1.27208,1.28705,0.953682,0.105232,1.64273,2.12708,0.015097,0.801073,0.0585889,0.114475,0.175973,0.150681,1.02206,0.632358,2.24114,0.29004,0.935214,0.418556
0.0189718,0.281011,1.07217,1.7548,1.39451,0.183257,0.571916,0.161425,0.407443,1.33935,1.99276,0.482328,0.196779,0.826898,1.17428,0.625083,1.55796,2.89876,2.08706,0.156268,0.622571,0.322357
0.138306,0.0618493,0.261096,0.766608,0.994998,1.53977,1.87432,2.28312,1.81895,1.29119,2.29353,0.0672201,1.34883,1.36978,1.03593,0.610851,0.136556,0.279898,0.309134,0.610045,0.538873,0.123892
0.017341,0.323756,1.35928,2.33328,1.40781,0.495567,0.697948,0.722131,2.39369,1.97794,0.928414,1.30542,0.0183455,0.173198,0.0986501,0.157316,1.52323,3.09082,1.93202,0.123801,0.00794516,0.0509743
0.189373,0.426645,1.07918,0.0843194,0.0474757,2.15455,2.35078,0.84044,2.17865,4.58743,2.76618,0.611362,0.978451,0.177846,0.425578,0.315473,0.133128,1.46258,1.44322,0.0981483,0.254726,0.150392
0.0114911,0.575116,1.21584,0.309124,0.108398,1.17248,1.22034,0.401819,1.87411,3.22407,0.360331,2.51401,0.681575,0.62334,0.463626,0.144659,1.87204,2.75497,1.15302,0.255515,0.429684,0.0915551
0.0040189,0.239464,1.15055,1.8976,0.67701,1.49736,1.77735,0.259383,3.39955,4.14618,1.11146,1.06459,0.345972,0.483481,0.514634,0.0606742,1.12693,0.179774,1.77535,1.31421,0.567179,0.0770129
0.0405969,0.0416703,0.3536,1.04858,1.30082,1.84159,1.14536,1.28567,0.116372,2.46778,0.315879,1.12215,0.824539,0.686544,0.349534,0.831381,0.772038,0.64351,2.37285,1.33573,0.328004,0.136211
0.0318269,0.415665,1.19092,1.23478,0.307189,0.862474,0.632183,0.553594,2.75791,3.8416,2.09337,0.683768,0.229205,0.650156,0.567343,0.640664,2.69531,5.12044,4.62716,1.86612,0.275502,0.105602
0.144615,0.57549,1.21727,0.00128491,0.852636,1.18286,1.34448,0.710603,0.528917,0.997457,1.01672,1.01356,0.46426,0.137054,0.696732,0.663421,2.22007,2.57074,0.880359,0.820826,0.307848,0.191878
0.0431823,0.478432,1.42607,1.62451,0.98497,0.534214,0.191755,0.433889,0.645069,2.85458,3.1902,0.23472,0.972886,0.127162,0.187073,0.449766,1.52775,4.2149,3.51199,1.14119,0.106866,0.109039
0.0405741,0.0466797,0.58165,0.869304,0.163083,0.201451,0.937052,1.74019,2.30476,0.454895,2.29609,2.21805,0.0625987,1.11414,1.2977,1.27218,0.501005,0.908339,1.26196,0.120138,0.485375,0.13869
0.0420801,0.198307,1.08503,2.32801,2.02867,0.75207,0.0970696,2.09211,3.23299,0.786357,0.226129,1.37838,1.15234,0.506287,0.286113,0.021573,1.74328,2.64134,0.909308,0.155577,0.394156,0.163626
0.0787247,0.419109,1.1809,0.448008,0.601547,0.0812484,0.51884,1.05308,1.32434,0.715429,2.43835,3.09503,2.10588,1.28565,1.39581,1.82448,2.68356,1.23847,1.29295,1.28713,0.647536,0.517728
0.0451023,0.590594,1.02635,0.662515,2.10237,1.18787,0.227761,0.559439,2.17867,1.92896,0.71105,1.62151,1.10635,0.00661936,0.306541,0.113549,0.000768165,1.98418,3.20713,1.53844,0.460199,0.12736
0.0608951,0.203254,0.857444,1.49566,1.0514,0.206946,0.0504503,0.296556,1.73739,3.09504,3.22645,2.92145,1.57116,0.0503926,0.488808,1.22289,1.71105,2.88255,3.79637,2.0775,0.666223,0.210511
0.0160944,0.199098,0.523922,0.0188551,1.00111,0.758278,0.428108,1.73975,0.928361,0.624292,0.264284,1.00649,0.343678,1.01634,0.319962,0.0787018,0.473665,2.40846,2.84389,1.25556,0.638741,0.114735
0.0418324,0.450838,1.56376,1.62762,0.29879,0.0763289,0.131975,2.17854,4.15814,3.25998,2.25504,2.45123,1.1256,0.778563,0.773116,0.714719,2.65116,3.05298,1.07734,0.567659,0.789225,0.281565
0.00343804,0.572709,0.892956,0.304607,0.781494,0.589324,0.548693,0.0258976,0.863942,0.839411,0.47173,1.2461,0.906035,0.0174811,0.285918,0.0103623,1.39315,1.65352,0.769306,0.401022,0.237743,0.0903279
0.00923618,0.334715,1.04209,1.33072,0.907716,0.207084,0.464395,1.09171,1.59822,0.132536,1.76508,2.36515,1.24672,0.821378,0.729328,0.666501,1.92525,1.88858,0.992437,0.00737195,0.283324,0.0066078
0.00986925,0.0592882,0.289408,0.455028,0.864812,1.92083,1.95221,1.15256,1.08312,3.33912,0.396126,2.41843,1.30723,0.526626,0.139197,0.870471,1.18317,0.676996,1.49722,0.0383106,0.401414,0.0218232
0.00472479,0.193749,0.750148,1.31828,0.771296,1.04268,1.45174,0.643971,3.31775,5.6113,1.64052,1.75437,1.00239,0.450277,0.152305,0.518859,3.184,3.88709,1.04684,0.396988,0.0173267,0.0779288
0.0646915,0.472035,0.821464,0.127448,0.50218,2.89933,2.70748,1.29652,3.41887,3.50909,1.53283,2.78374,0.844538,0.568008,0.418351,0.579341,1.28345,0.213158,1.02669,0.464358,0.107536,0.0893566
0.0819908,0.508305,1.66247,1.44482,0.666076,1.31571,1.50928,0.560034,1.56997,4.22997,3.02358,0.202465,0.109974,0.159839,0.131336,0.426381,1.9755,2.15204,0.396955,0.280211,0.313218,0.250106
0.103232,0.461487,1.2293,0.788608,0.711013,2.582,2.7389,1.4607,0.969022,2.06694,4.00245,3.20656,1.34417,1.18015,1.19917,0.620221,0.645478,2.44852,2.71585,0.675839,0.0824278,0.157766
0.0961875,0.212267,0.370331,0.13201,0.82651,1.39409,1.12136,0.417166,0.847895,0.0152759,1.47394,0.0910911,0.550607,0.346602,0.100185,0.0811307,1.78638,1.79695,0.635774,1.0152,0.0136559,0.0893635
0.080533,0.142869,0.137066,1.07114,1.45719,2.3606,2.55546,0.806805,1.28038,3.00896,3.58863,2.69595,1.22846,0.528368,0.102854,0.966152,1.55285,1.6907,1.35603,0.982445,0.478859,0.00198893
0.0359518,0.415461,1.39113,1.58796,0.199767,1.28229,0.948458,0.879276,1.75932,0.304289,0.523064,1.13853,1.07526,0.332844,0.796316,0.405367,1.23588,1.66116,0.790749,0.315909,0.0278904,0.115787
0.131072,0.492777,1.74384,1.47502,0.661543,1.84919,1.80123,0.551234,1.68582,0.61895,1.54583,2.22909,0.680698,0.576424,0.450831,0.528687,1.14077,0.910354,0.728533,0.229229,0.252898,0.09705
0.0696487,0.645623,1.12022,0.24796,0.582632,0.584605,0.256138,0.13217,1.90256,2.04169,0.380342,1.48414,0.257801,0.926184,0.649066,0.279812,0.0828203,1.08263,0.285253,0.613437,0.249599,0.0650374
0.144374,0.204029,1.27481,2.2907,1.26235,1.60507,1.52984,1.07931,0.0679398,2.41753,1.70779,0.220525,0.649103,1.13418,0.0118899,0.579827,1.25537,3.26343,2.57112,0.958501,0.426042,0.141892
0.0422334,0.0319907,0.212832,0.408937,0.0441881,0.0638883,0.0751305,0.862913,1.61039,0.509441,1.30814,1.28885,0.113194,0.958783,1.20704,1.14339,0.768981,0.578125,0.654717,0.177084,0.039451,0.0342685
0.00187185,0.46087,1.63197,2.36456,1.16371,1.32047,1.19768,0.894595,1.13437,1.19946,1.0316,0.380602,0.432873,0.150721,0.234793,0.280258,1.66699,3.4118,1.81055,0.105406,0.032536,0.0928314
0.0760984,0.789359,1.1141,0.80552,1.12496,0.439725,0.502296,1.17203,2.95074,3.09319,2.27064,1.09581,0.229937,0.162983,0.151856,0.102081,0.509414,0.168461,0.840665,0.198641,0.0209765,0.123528
0.019782,0.611775,2.17867,2.34671,1.39823,1.90722,1.6855,1.0694,0.423738,1.64696,0.0473884,0.276874,0.20535,0.0720651,0.387575,0.563067,1.5867,2.02971,0.392127,0.557292,0.380538,0.142125
0.0198677,0.370249,1.32612,1.43889,0.300327,0.445647,1.21049,0.92487,2.35725,4.29611,3.40874,1.82752,1.17558,0.971322,0.898048,0.464062,0.452243,0.076389,1.43793,0.89669,0.0777943,0.195718
0.0136863,0.0638686,0.873721,2.47403,2.57647,2.15984,1.17096,1.13367,3.05992,2.35284,0.833191,1.04262,0.544704,0.54067,0.588547,0.276647,1.46121,0.509706,1.12207,0.12255,0.279981,0.0404291
0.035367,0.55662,0.76858,1.04008,1.75074,0.316041,0.944142,2.53227,2.62592,0.879314,0.512959,1.28404,0.793089,0.12018,0.397506,0.379755,0.390421,0.1242,0.724443,0.329726,0.0821647,0.118908
0.158428,0.681189,1.8582,0.844337,1.36873,2.58637,1.51541,0.565926,0.355337,0.940722,1.4111,1.95782,0.879666,0.489314,0.766011,0.429323,3.67317,2.50634,0.651513,0.334175,0.00374259,0.165441
0.0454921,0.671366,2.59804,3.3783,1.76909,0.337119,0.551929,1.04365,1.64463,4.82157,3.20592,0.0694647,0.321725,0.45424,0.400162,0.14448,0.0353853,0.311704,0.131607,0.138439,0.126735,0.0309563
0.0972168,0.448375,0.163285,1.73495,0.487858,2.60535,2.0012,1.08546,3.39177,1.59638,1.3078,0.872249,0.307476,0.38569,0.135888,1.7181,3.61958,2.35071,0.301128,0.356576,0.234189,0.00128262
0.0414016,0.0696466,0.0862714,1.13155,1.44241,0.437514,0.0677163,0.837056,1.74175,0.000725287,1.91053,1.41633,0.615787,0.92603,0.490514,0.151158,1.52255,2.01454,0.66724,0.193154,0.0890945,0.0286358
0.0626438,0.565268,0.824472,0.650642,0.160163,2.24233,2.02141,0.376565,1.83612,2.96245,0.158987,1.77729,1.15983,1.14007,0.761124,0.549536,1.62274,1.92372,1.11687,0.663931,0.367153,0.0791204
0.153962,0.61262,2.77779,4.49025,3.35212,0.702929,0.443675,0.708383,1.59536,4.48258,1.28008,1.99248,1.17149,0.747961,0.506436,0.354648,1.98072,2.39886,0.262397,0.658988,0.00304703,0.11223
0.0983061,0.849708,1.27482,0.657299,1.41602,1.3543,1.53351,1.20149,2.09944,0.621179,3.88617,4.54587,2.15223,1.33596,0.819742,0.910278,0.171243,2.8075,3.09715,0.893198,0.0844548,0.202047
0.13114,0.409511,1.31237,0.543541,0.758567,0.272219,1.09143,0.739594,0.227393,0.806597,0.505611,2.07918,2.01617,1.03629,0.786701,0.378057,0.137711,0.182158,0.324581,0.0763582,0.270817,0.14367
0.0665407,0.100587,0.919122,2.16425,0.992128,0.529284,1.38966,1.72555,3.31327,5.07075,6.09709,4.86969,1.84526,0.737588,0.385904,0.700221,1.30471,0.794324,0.0806497,0.0867787,0.291877,0.248411
0.1323,0.10188,1.72154,3.46248,2.1013,1.00978,1.91063,0.758613,0.894067,1.65878,0.191383,0.865897,2.27961,0.475802,0.799187,0.477951,1.14961,1.92184,0.164515,0.570321,0.0640408,0.0115968
0.0560813,0.657852,1.60827,0.831337,0.121835,1.36006,1.4801,0.459871,3.03593,4.78399,3.77353,1.57372,0.167707,0.157498,0.898968,0.187688,3.09887,5.09623,3.00108,0.636946,0.290219,0.445325
0.137617,0.603139,1.58962,0.0234884,1.86374,1.16295,0.373834,1.73729,2.14846,0.69317,2.27277,0.649046,1.85602,1.31464,1.02478,0.632764,1.6452,4.28829,2.25659,0.256866,0.427511,0.347332
0.0143036,0.0233734,0.245135,0.160626,1.23429,0.699693,0.363161,0.355118,0.77262,0.150037,2.67136,2.27979,0.24576,0.1645,0.223486,0.326624,0.807886,3.99507,3.28895,0.671543,0.192933,0.0224835
0.0462821,0.479855,1.23704,0.89496,0.246643,1.01923,0.284566,1.31628,2.52608,3.60784,2.57614,0.107316,0.425594,0.147327,0.129952,0.320579,0.0554295,1.34544,2.71491,1.49463,0.528161,0.352023
0.103891,0.66373,1.78602,1.01419,1.01146,0.833264,0.267373,0.375025,1.59534,1.91777,0.686509,1.10279,0.0678796,0.221434,0.287699,0.243437,0.155927,0.125621,0.793036,0.653123,0.434361,0.283255
0.148021,0.534753,1.38759,1.07043,0.114606,0.886491,1.31382,0.75062,2.75124,5.58684,4.76602,2.25217,1.17402,0.582205,0.064899,0.666105,2.11591,2.11647,0.0244508,0.196839,0.67566,0.388222
0.0379313,0.00529687,0.128842,0.0796163,0.800622,0.505634,0.388897,1.24684,0.71853,1.26079,1.41495,1.0816,0.664328,0.958641,0.163013,0.606251,1.77544,4.20334,4.67684,1.19061,0.608233,0.0732131
0.112061,0.41993,1.58877,1.10697,0.581565,0.124885,0.99684,0.244892,1.3706,1.96273,1.6472,1.33899,0.277208,0.987467,0.661463,0.53742,2.50937,5.18733,4.67867,1.28571,0.444048,0.231873
0.0727429,0.713459,1.54733,0.571562,0.215219,0.518023,0.723874,0.16115,0.257537,0.214,0.215694,0.708706,0.0784362,1.283,0.731136,1.0995,2.05055,1.98968,1.64706,1.05924,0.342229,0.140365
0.00979196,0.624483,1.84565,2.18917,1.67097,0.408145,0.433771,0.521095,2.28218,2.55598,0.112304,1.88918,0.502347,0.819493,0.531012,0.625299,3.1819,5.59256,3.59962,0.371184,0.0714412,0.283154
0.0550383,0.185913,0.480823,0.133716,0.184521,1.21251,1.45208,0.775403,1.07115,3.08084,1.55922,1.09512,1.18183,0.622984,0.121739,0.875365,1.26102,0.480048,0.2251,0.022777,0.172609,0.135461
0.0568259,0.264458,1.06833,1.69573,1.23597,0.628847,1.04612,0.131034,1.83233,2.31324,0.579094,1.35176,0.331562,0.644995,0.486953,0.103116,1.56667,2.67414,1.47992,0.0360531,0.260702,0.156594
0.1427,0.675145,1.26289,0.119705,0.100452,1.66686,0.932788,0.354805,2.2146,3.23286,0.701779,1.54007,1.55633,1.09579,0.437988,0.315602,0.290991,1.58543,2.90809,1.51571,0.466746,0.43602
0.126927,0.656549,2.16012,1.92172,0.763891,0.902153,0.933111,0.788134,0.268249,1.86365,0.176803,1.26949,0.488378,0.562466,0.521172,0.291761,0.466687,1.14115,1.31549,0.426375,0.116082,0.137396
0.0631691,0.532672,1.40939,0.62527,1.51382,2.70113,2.1357,1.7177,2.35892,2.07406,0.776412,0.0436508,0.0413563,0.567818,0.672744,0.844985,2.06675,1.61176,0.849974,1.19758,0.386344,0.208291
0.137575,0.155541,0.302176,0.895758,2.2764,1.71917,0.612649,0.686516,0.762666,2.44827,1.55147,0.783947,0.735493,0.567395,0.253157,0.293219,1.15955,3.07613,3.19104,0.842021,0.0822502,0.205765
0.00413173,0.324696,0.170742,1.03697,1.80072,2.78866,2.85288,1.25626,0.482296,1.91475,1.96323,1.64125,1.2446,0.657251,0.163826,0.657057,1.61149,1.75453,1.20041,0.852548,0.474865,0.0606588
0.00709289,0.612157,2.05914,1.55129,1.17888,1.7,0.69805,1.28119,1.10083,0.189347,0.281923,0.242037,0.561042,0.931042,0.0243863,0.673222,1.74449,3.66686,2.38369,0.0204009,0.186159,0.0725281
0.0113227,0.758249,2.09534,1.07137,0.631831,1.35713,2.72442,0.164073,2.53127,3.84146,3.45793,1.58836,0.0739401,0.74734,0.294649,0.861045,1.9841,3.07401,1.97237,0.114177,0.210165,0.0143001
0.0354863,0.741124,1.14517,0.438549,0.321457,1.24035,0.566949,0.583008,0.701453,0.779936,2.48775,2.75008,0.285146,0.70689,0.326341,0.109062,1.31121,1.57623,0.809351,1.25681,0.230526,0.0281128
0.00362829,0.249388,1.03482,2.30814,2.05689,0.747336,1.49181,0.527278,0.34941,3.25111,1.9734,1.57022,1.28341,0.720691,0.33239,0.554005,1.87499,4.28408,2.16787,0.232529,0.21701,0.0825133
0.126101,0.00792463,0.23256,0.162585,0.350269,0.695722,1.1529,2.34222,1.56598,0.700941,0.358038,0.797354,1.39683,1.6617,0.507499,1.23947,0.20698,3.52878,3.42228,0.642385,0.0637746,0.000194574
0.0552295,0.385811,1.41905,2.32432,1.71753,0.98901,1.88711,0.678854,2.52462,4.81289,2.54991,0.588852,1.11631,0.814824,0.127379,0.875707,0.537326,1.40149,0.418857,0.128312,0.298714,0.160443
0.129021,0.738318,1.01587,0.716132,0.344265,1.13823,0.962506,1.93273,4.48404,3.59782,0.824193,1.95863,0.794304,0.746085,0.614044,1.44385,2.87949,0.188861,2.7752,1.44024,0.209594,0.149744
0.119194,0.56144,2.33909,2.77765,1.97523,2.59035,2.43806,1.52506,0.453932,3.70281,2.11457,0.918098,0.933735,0.801585,0.576754,0.343468,0.581566,1.56464,1.62584,0.450853,0.0573865,0.0311325
0.0824633,0.531371,1.27576,0.612645,1.20308,1.92551,1.4054,0.906478,1.05312,2.19645,3.48444,2.59034,0.942566,0.911292,0.920762,0.512991,2.115,4.13632,2.70413,0.853971,0.71302,0.421571
0.110798,0.237844,0.53128,2.46812,3.27613,2.91351,1.85255,0.984454,0.896021,2.33164,1.07223,1.4492,1.38191,0.367198,0.358578,0.14962,2.33002,4.28887,2.12611,0.129698,0.354458,0.049452
0.133126,0.404216,0.0580147,2.24237,2.64762,1.68889,1.14576,0.990225,4.15742,5.62995,4.87499,3.67756,1.51542,0.301956,0.567423,0.548028,0.389055,0.810439,0.20295,0.108035,0.45377,0.249119
0.212366,0.470172,1.77592,1.15883,1.70968,3.62046,2.29416,0.648497,2.94704,3.58924,1.22342,1.29228,0.506794,0.920004,0.189114,0.0925107,0.968995,0.467876,0.122371,0.243169,0.0789055,0.117863
0.0314386,0.627867,2.37128,2.81743,1.21862,0.956806,0.861118,1.27218,1.11461,1.54648,2.54896,1.90268,0.206895,1.22462,0.610493,0.0754277,0.495684,0.352165,0.594624,0.445457,0.347558,0.0858821
0.134139,0.615161,0.545358,1.54808,0.389672,2.72799,1.55844,1.11475,0.387444,1.23697,0.474901,1.96643,0.402849,1.03629,0.663335,0.754034,1.49371,0.845598,0.408862,0.452648,0.307726,0.10526
0.0749976,0.0891476,1.00418,2.53042,2.1721,0.542813,0.940222,0.586336,1.25419,3.25516,0.748937,1.74742,0.922659,0.0318154,0.386472,0.989136,0.377485,1.19361,0.896293,0.252435,0.0878497,0.0241714
0.0493968,0.309705,0.543963,0.32192,0.292696,1.06396,1.09724,0.631078,3.66794,3.76526,0.689502,2.85964,1.54498,0.241576,0.304685,0.810521,1.34891,0.44017,0.66402,0.601613,0.220175,0.036283
0.000353536,0.627538,2.72111,4.74282,3.44457,0.198888,1.29448,0.65819,0.923723,3.90011,2.11673,1.75809,1.46426,0.670469,0.365042,0.313714,1.02876,3.07415,2.33665,0.503831,0.0178809,0.0541213
0.0130372,0.959751,1.1555,1.01786,1.10333,0.515106,1.02696,0.2781,0.449943,2.10844,4.00984,2.9211,0.755089,0.619396,0.733163,0.348476,0.637012,0.198648,1.27327,0.577025,0.000566531,0.103797
0.0261268,0.582089,1.62944,0.790996,0.153748,1.26062,1.69441,1.0464,0.622116,0.830095,0.645373,0.791681,1.5493,0.625215,0.267583,0.320117,0.90185,2.69584,2.08711,0.51423,0.124587,0.18557
0.0704022,0.249709,1.55315,2.27363,0.248057,0.115938,1.15318,1.40826,3.74508,5.38289,4.14576,2.8207,1.73474,1.31147,1.20645,0.948742,1.23631,2.67011,3.00383,1.3017,0.293845,0.0257886
0.0506301,0.0460291,1.25554,3.03492,3.03886,2.61307,1.50625,0.499618,2.31147,3.09646,1.92857,1.63652,1.03116,0.84121,0.634283,0.0750185,1.48917,2.68874,1.56157,0.498644,0.000911715,0.0219797
0.0002325,0.526275,0.852733,0.999891,2.43229,1.04788,0.611942,1.6689,1.12115,0.309938,0.589926,0.909253,0.555885,0.307233,0.91488,1.51595,0.999175,0.997104,1.44211,0.391566,0.297599,0.103806
0.078418,0.630511,1.48648,0.0336323,2.47619,3.44855,2.47565,0.577347,0.790046,1.12531,0.744428,1.78349,0.601309,0.625287,0.493099,0.0423499,0.687042,0.600045,0.583875,0.459075,0.0448413,0.0962806
0.135096,0.308425,1.77741,2.86859,1.84058,0.00537702,0.735833,0.533246,1.42697,4.00033,2.50829,0.580101,0.298661,0.759407,0.0963987,0.426115,1.15229,2.80009,1.96339,0.491407,0.118366,0.198175
0.106991,0.334574,0.127777,1.05637,0.337082,2.41862,1.83388,0.426247,2.36905,1.10478,1.61757,1.75595,0.498631,0.754186,0.999349,0.293113,0.609803,0.446457,0.45236,0.341411,0.115376,0.0990432
0.302305,0.522675,0.75193,0.393302,0.255077,0.622415,0.390993,0.176823,0.558307,2.44936,2.32049,0.545684,0.595763,1.0427,0.493297,0.303208,0.832558,2.6018,2.37074,0.810674,0.100681,0.019364
0.618336,0.412762,0.0275562,0.631646,0.407974,1.29552,1.15746,0.357538,0.689954,0.181202,0.412001,0.800374,0.368413,0.112522,0.252372,0.225535,1.34523,2.6125,1.83172,0.500344,0.136062,0.134671
0.709517,1.09789,1.42647,1.43925,1.0896,0.469647,0.204367,0.907679,0.215533,1.15083,1.2029,0.416645,0.15761,0.387886,0.0342557,0.422246,0.481357,1.22358,0.414868,0.0952893,0.0314988,0.0170449
0.848661,1.2224,1.04217,0.20334,0.100982,0.955628,0.814178,0.262168,0.349888,0.379717,0.970083,0.805171,0.125251,0.16579,0.197326,0.055779,0.820061,1.56894,0.809157,0.0149979,0.0384369,0.00632314
0.772597,1.06974,0.280691,0.621984,0.187238,0.00395642,0.259473,0.816409,1.23332,1.84759,1.72199,0.556594,0.0903157,0.238591,0.0630052,0.173137,0.919503,1.21815,0.185927,0.14264,0.062125,0.0422624
0.44561,1.17801,1.17254,0.097931,0.554263,0.977984,0.940384,0.346372,0.26249,0.780782,1.43594,0.850075,0.162457,0.268727,0.485943,0.528621,0.57696,0.692324,0.374257,0.104551,0.200922,0.0822843
0.217576,0.0951047,0.30499,1.28355,0.992413,0.0637361,0.0718428,0.0222223,0.180177,0.376405,0.192791,0.447238,0.438973,0.0630325,0.00228286,0.213885,0.747418,0.495888,0.314626,0.276245,0.0138342,0.00620401
1.62228,1.43907,0.686703,0.0417838,0.308549,0.840419,0.589942,0.110083,0.614777,0.767823,0.637294,0.799998,0.335322,0.450111,0.303256,0.0105729,0.231601,0.170778,0.183274,0.139447,0.0154711,0.0618837
3.23853,2.10582,0.545881,1.24602,0.337465,0.0687688,0.0403763,0.0273049,0.695172,0.977135,0.725863,0.502352,0.111902,0.388225,0.028084,0.079903,0.15888,0.0244935,0.346574,0.324678,0.150719,0.0429008
5.23403,6.4399,5.22481,1.1965,0.160121,1.15438,0.558685,0.624038,0.400628,0.119696,0.128147,0.549876,0.195486,0.309821,0.48404,0.172913,0.758292,1.04628,0.446701,0.056476,0.0415094,0.0127206
7.70917,6.08435,0.0225835,2.5458,0.0407277,0.46788,0.179668,0.133216,0.353171,0.0875743,0.294104,0.760175,0.247133,0.288738,0.211614,0.339507,0.656808,0.274792,0.23662,0.17848,0.0721479,0.048848
9.43314,12.037,9.89521,2.68798,0.550686,1.71535,1.18302,0.635223,1.38934,1.61688,0.811423,0.315076,0.356919,0.0535236,0.0428057,0.267616,0.686566,1.02937,0.807144,0.196358,0.0202283,0.0172168
12.5113,11.005,2.17051,3.12645,0.766706,0.23225,0.161227,0.14797,0.819492,0.169545,2.15312,1.90694,0.353613,0.0767049,0.109192,0.298642,0.959441,0.836918,0.399428,0.329847,0.238696,0.0818848
15.0717,17.5568,12.8718,4.13016,2.51647,2.26944,1.3793,0.822053,0.140227,1.79157,1.54725,0.482054,0.620682,0.0798785,0.281225,0.221484,0.218473,0.183435,0.625822,0.184889,0.0909534,0.0179041
17.5574,17.9789,8.17919,1.97238,2.1971,2.03414,1.00368,0.666972,0.56591,0.207659,0.774459,0.844209,0.473167,0.0592899,0.0259764,0.112571,0.540014,0.938812,0.667892,0.0990591,0.0918751,0.0200716
18.2784,19.8112,10.9835,0.879676,0.824659,0.509536,1.17131,0.397437,0.179728,0.360056,0.581337,0.79518,0.44393,0.133636,0.0364777,0.240265,0.102146,0.175008,0.106824,0.0250513,0.0243526,0.0300282
20.1987,24.2409,16.9105,3.38684,1.46945,2.00241,1.6286,0.498475,0.281303,0.0516356,0.220915,0.215315,0.0283099,0.177182,0.148965,0.12709,0.529411,1.25444,0.904546,0.0996135,0.119762,0.0613803
22.2414,20.269,5.1157,5.76036,3.23935,1.88557,0.108136,0.501931,1.17881,1.67782,0.92183,0.423196,0.439018,0.256047,0.11059,0.0915278,0.222926,0.0706629,0.0827909,0.00509919,0.0592431,0.0978871
21.0381,28.7417,24.902,8.49669,3.14322,0.26579,2.74484,0.58938,1.35216,0.910782,0.395212,0.709976,0.632662,0.432696,0.219954,0.365841,1.02727,1.23483,0.743817,0.181542,0.0042318,0.0379979
21.751,17.0534,1.41582,9.45722,2.36652,1.41527,2.55037,0.636628,1.70812,0.157922,1.12751,0.575952,0.0890748,0.0260068,0.0810954,0.0972589,0.0623469,0.402776,0.395196,0.0431909,0.160508,0.0451013
17.7421,28.147,29.0882,10.1833,0.29272,0.311834,1.43076,1.28799,0.47581,0.846314,0.882905,0.321238,0.00358939,0.0306767,0.0784174,0.0652176,0.877744,1.24032,0.579277,0.0467267,0.000231665,0.0193634
15.3877,10.2831,6.01398,7.14506,2.46665,2.37794,4.77692,0.576961,2.60793,0.188986,0.54459,0.8334,0.439224,0.057426,0.0677658,0.269255,0.46033,0.282753,0.114528,0.0482507,0.0784667,0.0074078
11.7593,20.0846,22.787,6.11861,3.91537,1.87694,4.05081,0.50339,2.53363,1.33867,1.31993,2.26329,1.16148,0.326842,0.0855059,0.1404,0.144554,0.186539,0.142463,0.0749228,0.0282501,0.0228958
9.70228,5.30543,5.52334,4.1886,4.61673,4.96698,3.38222,0.724491,2.99638,2.05061,1.32385,0.640506,1.40165,0.499106,0.200094,0.421047,0.440364,0.256992,0.0617106,0.0689441,0.0514728,0.106006
0.544789,4.02846,6.6079,2.50242,3.05261,8.86728,8.9801,1.3986,2.47601,1.29787,0.788795,1.30706,0.929241,0.315764,0.254498,0.0532258,0.651131,0.63861,0.241509,0.14776,0.0317035,0.0246102
5.34653,3.47524,0.13892,1.56641,2.52346,1.76284,3.12939,3.32745,2.11021,0.231896,1.21769,1.60577,0.34177,0.275841,0.245653,0.793034,0.321244,0.307307,0.15062,0.150751,0.0959309,0.0504347
16.3686,20.967,18.4502,3.27648,5.58122,8.49201,8.78766,2.71113,1.33766,0.899684,0.747767,1.06299,1.15668,0.576779,0.351695,0.649519,0.387114,0.402901,0.531473,0.556107,0.245158,0.0337361
22.6492,15.5964,5.40591,7.92757,5.92074,10.1924,11.2715,7.35427,1.47627,1.60029,0.0401443,2.06103,1.0813,0.113407,0.387878,0.562589,1.16931,1.75268,1.29197,0.627571,0.115439,0.159647
32.1003,45.0583,43.2692,13.4956,3.14765,2.03553,0.776741,0.478834,0.458733,0.774894,1.47237,1.98388,0.555817,0.428365,0.243582,0.836889,2.31978,2.80931,1.43051,0.39063,0.0368503,0.279041
39.5919,27.8727,9.23969,19.6219,3.48682,8.75756,13.5936,8.35843,2.06233,0.581906,2.09662,0.380169,1.12282,0.401753,0.0215351,0.467597,1.40366,1.86092,0.386654,0.534831,0.286722,0.101499
45.4787,62.5356,58.3832,21.5079,4.57671,5.7951,7.53793,2.60188,2.03525,0.900784,0.407519,0.214419,0.457824,0.979084,0.501309,1.50673,1.51096,1.08826,0.386431,1.09063,0.420196,0.175993
51.8896,40.5746,2.20796,20.2038,3.74343,3.71627,6.38007,4.07825,2.01618,0.264766,0.240252,2.00148,1.54302,0.140384,1.28451,2.20822,0.996198,0.0264166,0.629258,0.985361,0.606895,0.427906
58.5542,75.0282,62.4731,18.6793,1.97253,7.1129,11.364,2.15901,3.9875,2.22935,1.94569,5.22728,3.9512,1.31992,1.59179,1.65353,1.01828,2.02295,0.534133,0.0221802,0.175083,0.158917
59.7301,53.9709,13.9898,8.84049,0.370133,0.314746,2.01405,1.46829,4.49798,2.00653,3.5692,6.2835,3.58779,0.435551,0.559446,1.20929,0.857723,2.29845,0.389156,0.510487,0.0806193,0.209269
63.0304,71.5888,47.7832,7.23774,2.99739,11.6396,9.22519,2.76052,6.59181,3.58449,1.92991,2.94794,1.54704,0.714465,0.255003,0.307129,0.616347,1.11264,0.231643,0.0331208,0.265146,0.418112
64.1289,68.6975,36.6363,0.405718,1.83144,5.79194,5.24279,3.2675,6.50797,3.47689,2.95096,2.32562,1.07474,0.930357,0.0303109,0.760651,1.12507,1.10798,0.246956,0.923691,0.33007,0.00571714
66.1804,65.4571,28.0699,2.80133,0.723811,6.28133,4.89559,4.56332,5.51331,1.18442,0.302098,2.43599,1.77664,0.378632,1.04091,1.40806,2.59325,2.93976,0.280932,1.09852,0.160894,0.221366
61.9146,75.7301,56.3428,9.16775,0.304017,9.83642,6.57367,5.59691,7.3393,3.76916,1.02215,2.57774,1.25243,1.8281,1.79944,1.65974,2.44962,2.59276,0.752958,0.0632062,0.296067,0.0779015
60.0764,49.5231,3.31322,17.5813,2.62551,1.07961,2.91968,2.61014,2.8786,1.06226,4.18186,7.66148,4.51948,0.033795,0.744068,0.972635,1.56359,1.76356,2.13264,2.25738,0.954238,0.411121
55.7916,78.2987,72.1707,24.8524,3.45752,8.38801,10.5802,1.89883,4.87041,2.20656,4.91398,7.81192,5.12871,1.75707,1.66987,2.07747,1.57714,0.72069,1.51934,2.41649,0.816141,0.287826
51.4809,34.9943,14.8355,30.2292,7.72803,0.395741,1.85493,3.6276,2.66811,1.52305,1.16114,0.982336,1.77242,1.27099,2.2738,3.21787,3.56871,3.58897,0.710198,1.09407,0.814342,0.534304
42.8726,66.5563,71.0854,29.9194,8.00962,14.1307,15.3794,4.09913,1.15662,1.1205,3.99826,4.56078,2.59023,1.25639,0.88223,2.35993,3.25939,3.84368,2.24168,0.990527,0.0816551,0.971649
33.7424,17.94,22.8329,25.7139,2.27895,7.12569,11.5862,8.20739,3.59407,1.10999,0.544211,4.01778,4.59413,1.6202,0.652834,2.53245,3.52148,3.24832,2.81284,2.12511,0.164257,0.964485
22.3928,41.5433,50.7881,17.4296,8.53687,11.4059,10.2309,5.48582,3.60274,2.62765,2.68784,7.3779,5.02291,0.141829,0.847812,1.58305,1.06324,0.172395,0.0239851,0.402589,0.587745,1.09301
15.4149,3.38186,18.1598,8.7782,13.8553,20.5425,20.8872,13.177,5.09492,0.0453779,6.54726,10.4837,3.89053,1.63014,1.80659,1.8916,1.8112,3.98595,2.07423,0.652381,0.690784,1.41213
3.05393,9.91842,15.6672,2.15199,10.9783,8.47217,3.97809,1.52817,6.07899,4.4404,0.878212,5.54324,4.13413,0.524846,2.82044,4.00143,2.0421,5.52814,2.14453,0.00448079,0.53341,0.927055
8.22112,7.53062,2.57453,3.826,1.39627,13.0124,18.459,11.713,8.19463,3.10301,1.76874,1.20929,1.83193,2.01959,2.16337,4.23356,0.607342,3.55707,0.0260624,1.93928,0.139169,0.779859
20.9015,29.5066,27.433,5.01259,7.59255,12.4201,12.9738,1.40248,5.57053,2.52608,1.60906,4.36851,2.35719,0.0111244,1.27558,1.85454,0.484495,0.256509,2.11934,2.4048,0.218549,1.17894
32.5398,19.1115,14.14,11.0923,9.57467,1.93225,6.9288,5.54999,8.52798,3.05045,0.228984,6.45795,6.93806,2.13454,0.286682,0.159433,2.90367,4.42675,2.24619,0.655542,0.0806621,0.130663
44.1489,66.7411,68.142,16.8188,10.6061,7.03469,13.429,2.17574,4.75945,0.10908,5.26738,12.5309,8.43575,1.45867,1.01244,0.832841,4.23218,5.83755,0.201147,2.88969,0.662377,0.624288
60.5661,39.8141,18.5464,27.0317,5.86172,4.15395,2.0952,1.70123,6.1733,2.52944,6.37996,11.628,4.95863,1.45886,1.30539,1.08921,2.00247,3.43057,1.79199,4.16305,0.8336,0.112756
67.1759,97.0633,95.2903,36.0226,0.395466,15.325,10.5974,6.29337,3.31212,2.15026,0.887935,3.12418,1.29194,1.21466,0.371315,0.391607,0.083736,0.0863827,1.14117,1.71055,0.387566,1.04558
78.6048,57.298,13.0819,38.8188,9.57855,1.14469,1.66176,3.21757,1.74488,0.620248,1.59405,0.694992,1.48836,1.5772,0.0198052,1.79365,4.32181,4.45236,0.148529,1.67258,0.985521,1.5456
85.6069,115.533,104.296,37.2832,12.437,17.897,12.7753,4.15067,4.16947,2.35255,1.69585,3.40802,1.314,1.21983,2.89543,5.69722,7.07584,6.43413,0.490065,2.15166,1.32439,0.478101
93.221,77.3521,6.92548,25.7816,7.3201,14.4223,9.85549,1.61055,3.53259,3.77097,2.44768,9.73917,7.10933,1.1998,3.74868,5.96624,4.67552,3.55525,1.29446,0.169546,0.802414,1.96757
96.7129,117.874,87.4072,16.769,0.189454,5.3196,10.4321,2.1792,7.12976,0.839875,7.24094,16.2924,10.9571,2.80682,3.27653,4.62065,0.927115,1.25422,0.96959,1.51759,0.642865,2.01129
97.9874,96.3648,40.6746,5.92385,4.58038,18.7947,23.8558,12.0498,7.29238,3.62178,4.71243,11.9691,6.97835,0.492758,0.294461,1.21851,3.50051,5.81341,1.8437,0.133123,1.29311,0.520479
104.448,108.418,56.9637,0.629575,0.426828,1.28518,0.128881,6.74468,8.79763,3.87289,0.22756,4.14271,1.51624,2.80029,1.17801,0.388968,4.77333,7.20775,4.81977,3.15293,1.65487,1.82816
99.5197,115.816,76.6472,9.3418,5.04543,19.2209,26.5158,15.9407,7.58572,2.18269,0.866364,0.786245,0.649925,0.239443,0.964448,1.4891,1.15063,3.30566,3.36842,2.74683,0.97748,0.67458
97.6902,88.2383,23.071,15.0538,2.10929,8.62849,16.3477,13.7111,9.51225,5.93152,0.891266,3.33149,1.4987,2.3285,2.46274,2.3532,2.57523,2.55048,1.32416,0.938658,0.61052,1.11612
88.9401,117.063,99.1797,26.2562,3.7893,11.6432,11.8748,8.59127,4.41072,0.37632,5.884,11.9214,6.65698,0.285289,0.299596,0.156751,3.96655,6.72873,5.4578,3.72166,1.04393,0.840199
85.1927,63.0751,10.8637,36.1538,12.434,22.7422,22.7799,9.78428,4.70218,3.38603,8.74059,17.5095,12.2772,3.6365,3.35237,3.21013,3.39335,7.03424,5.16821,3.88505,1.78938,0.247911
71.1789,106.819,106.966,42.7535,10.5456,3.62619,0.281808,3.84043,3.30503,2.9205,2.4496,12.4161,9.84555,2.75672,4.62005,6.14694,0.816024,2.07046,0.4357,0.0289553,0.487444,1.84832
64.7719,39.2365,29.4596,45.9248,7.60608,15.6151,16.4683,1.24338,1.72311,0.280065,1.95194,6.89435,3.49105,1.26821,2.89558,6.04443,5.05784,3.70448,3.12652,2.52712,0.167279,0.112555
50.5814,82.7473,92.4379,36.4419,0.362637,5.05856,1.11273,8.00436,4.95483,2.40468,3.82966,3.93033,0.28629,1.64665,0.720298,3.12722,6.26024,6.92526,3.30387,1.03874,0.347908,1.08704
37.2233,15.895,32.2965,25.2827,7.22224,8.08565,12.0458,4.69324,9.03032,3.37352,1.46283,3.90737,1.61232,1.12856,0.392278,1.51747,4.77851,5.02406,0.574115,1.14606,0.495698,2.02382
23.5243,44.1567,55.3809,13.6225,15.9376,1.43494,5.32417,10.2154,8.94854,1.12022,7.37354,13.7698,5.57215,1.8254,2.14439,2.87473,1.16066,0.869038,1.27819,0.63658,0.772077,0.227794
9.98029,1.53953,17.9176,2.84345,18.2737,18.8769,12.4743,4.03818,11.6764,5.31424,5.44192,15.631,11.0088,1.54529,2.63625,3.16496,2.72797,4.88398,0.484465,2.56568,0.222891,1.04389
6.21815,5.50634,1.04376,0.428712,8.24158,22.5778,18.3261,3.40548,10.1666,2.95247,3.43112,13.5576,12.1337,2.86628,0.890794,0.337849,5.1247,6.22859,0.753331,3.50166,0.838642,1.3016
20.2475,16.199,1.65103,3.77411,8.26178,10.3719,7.97253,5.03671,9.19057,2.30671,6.95486,14.0276,6.76423,0.570073,1.73351,3.2481,3.27374,3.26685,1.01726,0.466491,0.00329963,1.21158
41.0396,59.1885,56.5354,10.7838,17.5992,28.3459,28.5858,7.95211,6.05304,3.8192,4.10116,8.19305,1.86155,1.76933,3.58862,5.35158,0.206049,2.56535,1.23936,2.97172,0.443251,0.343243
58.5308,38.2546,16.7065,20.5796,13.4383,13.5138,12.4677,13.4159,5.62057,0.874253,2.14381,3.14736,0.200596,0.982934,2.69271,3.39219,2.50103,4.93482,1.4764,3.91685,0.595799,0.167472
67.5335,98.9588,99.7296,33.1898,2.71565,11.9211,21.1317,8.52997,0.383691,0.85364,4.30486,8.69469,1.8343,2.54136,1.0886,1.21672,2.06275,4.18176,0.970915,0.66498,0.0440564,1.85019
82.4453,57.6893,20.6977,41.119,5.71304,15.5518,25.15,16.2326,3.3839,1.34154,3.28777,11.1983,9.12657,1.72536,0.291015,1.50211,0.840942,0.558289,2.01756,2.01485,1.12638,0.340413
89.6403,126.788,120.31,44.0291,2.44075,11.9671,10.1987,5.70283,7.79127,4.05886,5.66569,15.5252,11.9425,2.6613,1.94199,3.84916,4.33583,3.61595,0.0463831,1.51743,0.959036,0.608655
104.111,79.8247,5.95534,38.3224,1.14333,16.1409,18.5596,8.36023,3.14508,0.179692,7.56,17.3111,9.98518,0.525592,2.06656,3.32458,4.30442,4.34485,2.03002,0.19572,0.428125,1.67826
109.871,143.255,119.75,29.7625,0.44886,6.08506,5.82421,8.64615,12.267,5.68797,5.06104,10.4681,4.30588,2.14511,0.616324,0.405489,0.0422994,0.888455,0.78358,0.122841,0.492035,0.0719694
117.861,103.31,22.2814,18.6881,0.0428281,16.0704,15.4251,5.06131,4.87536,2.74668,0.909905,3.86593,2.7378,0.222222,1.74497,2.32493,1.90993,1.70566,1.07086,0.860987,0.440715,0.279066
120.211,142.381,99.5598,16.8837,4.53414,8.78622,1.96129,14.8018,12.6835,3.52394,0.746949,0.976649,1.61423,2.16262,2.68631,2.98293,2.68217,2.88517,2.26238,1.33784,0.321671,0.420707
120.261,121.799,56.8795,10.9116,6.00722,17.5331,24.7773,7.47591,3.54799,4.26534,0.894944,4.93554,3.29608,0.00624088,0.968543,2.2288,2.58612,1.70798,0.161997,0.540856,0.417532,1.16546
122.069,124.684,62.74,6.80481,11.6439,4.48011,7.4089,8.04953,7.47974,0.843842,7.31287,13.1391,8.70752,2.03148,0.436272,0.134081,0.609999,1.06358,1.71698,1.722,0.886114,0.285988
115.607,132.235,87.4586,9.5518,9.88478,21.853,22.109,2.88859,2.60953,0.910654,4.28308,11.3578,7.26425,0.52507,0.00550884,0.160801,1.32838,2.13962,1.12274,0.720205,0.602587,0.327969
110.356,99.433,26.6084,19.6267,2.08226,12.888,20.2641,4.27056,1.05672,3.65754,2.02582,9.30638,5.02082,1.3437,1.83684,1.60008,0.899649,2.43564,0.694544,0.311687,0.319911,1.175
101.407,129.865,107.904,37.719,16.1141,10.9322,0.873147,10.7596,10.3701,2.66815,4.84535,9.67531,5.06604,0.304756,0.911569,0.826247,0.101092,0.306121,0.54903,0.944124,0.102447,0.240048
96.5584,75.0702,3.54676,40.3829,23.427,30.3822,23.6767,6.60139,1.34814,1.82227,3.50954,6.57365,4.43071,1.49207,1.3853,1.17267,0.627301,1.47555,0.76799,0.418127,0.0329029,0.296557
81.94,114.191,106.453,40.5676,11.8843,3.73364,3.36639,10.9782,10.1711,3.95877,0.106707,1.53477,1.34013,0.649779,1.31794,1.15198,0.53943,1.06419,0.27618,0.00630223,0.0625779,0.338699
73.2174,49.2572,17.8966,33.2223,1.4078,16.5004,16.0854,4.31559,0.678174,1.0452,0.613276,1.29547,1.83011,1.20399,0.242104,0.123244,0.0699475,0.0612952,0.24813,0.130051,0.00815327,0.32946
61.5947,90.8351,89.5456,25.6536,3.752,3.90383,5.06394,1.23686,4.60449,2.34195,1.10987,3.92642,3.11616,0.823628,0.855488,0.433888,0.568842,0.234167,0.448341,0.284857,0.159888,0.131867
48.153,26.913,23.4999,23.7226,2.80752,9.92918,15.8834,7.30728,0.547209,1.99029,3.87814,6.27479,3.39319,0.107454,0.421581,1.35399,0.793335,0.371446,0.482983,0.197218,0.0815182,0.112377
32.4538,53.0828,58.8459,21.7571,0.244763,4.2778,4.01105,0.394255,1.08825,1.54296,0.815395,4.5921,2.73479,0.21155,0.234952,0.00104692,0.145439,0.343253,0.421909,0.373244,0.0100703,0.40886
20.7697,6.56902,21.2875,21.8307,0.453845,15.367,18.405,9.11548,2.12983,0.953104,0.826879,4.09176,2.60472,0.182141,0.103516,0.683852,1.12742,0.567098,0.217704,0.214633,0.0825006,0.152733
11.9209,17.8956,20.9879,9.52535,3.50705,12.6867,13.2279,2.89633,3.43596,2.5528,2.85523,4.48478,2.68611,0.272419,0.410154,1.42148,1.44907,0.444322,0.057459,0.196729,0.19461,0.119422
6.30455,9.32801,10.015,0.257573,4.28083,6.24724,8.85128,3.6444,3.08623,0.594048,1.99197,2.15579,0.620522,0.193574,0.632706,0.745016,0.226868,0.364421,0.718331,0.558754,0.202423,0.236702
16.0153,19.9958,16.1313,11.6388,12.2916,0.155552,6.37706,0.490496,3.15532,1.52748,1.42496,1.38945,0.651904,0.0701674,0.474107,0.343823,0.0707275,0.277639,0.172789,0.136568,0.217324,0.0485914
31.7169,26.8666,3.63714,12.1716,9.60141,7.27791,2.13989,0.0723389,1.50493,0.884847,0.999578,1.83097,1.0249,0.117101,0.054067,0.226065,0.446305,0.176353,0.308636,0.138952,0.0541766,0.0531865
39.8736,52.4651,44.8349,13.7895,4.59807,7.54042,3.79342,2.61986,1.88868,0.158161,0.0608143,1.10161,0.608322,0.21962,0.638468,1.49003,1.52901,0.956752,0.299686,0.113844,0.0314752,0.167857
52.7191,42.5147,2.53411,12.246,3.63989,5.23307,4.4383,0.846684,0.437502,0.333816,0.286883,2.01419,1.24202,0.0113384,0.340868,0.667432,0.762231,0.871684,0.481417,0.0450187,0.0410967,0.107572
58.3368,76.3744,64.1097,14.5071,5.91827,8.00616,6.45631,1.43616,0.0710786,0.740162,0.901795,2.60479,1.69343,0.228294,0.15637,0.504362,0.642202,0.290484,0.196805,0.162528,0.0268331,0.0120536
67.6947,54.8529,3.263,17.3609,1.80624,0.0467187,2.05711,0.534093,0.463773,0.863258,0.966211,1.00006,0.68563,0.178652,0.109134,0.505079,0.428726,0.0475236,0.0723862,0.051357,0.106032,0.139892
74.1313,92.786,74.825,19.821,0.298477,2.60201,5.10366,1.74957,0.391388,1.35289,0.204825,0.938516,0.704926,0.127154,0.456903,0.657,0.313009,0.15096,0.241829,0.198531,0.0599347,0.0968677
78.5824,66.6217,9.94117,18.9262,0.842042,0.240069,1.83733,1.17741,0.634475,0.278335,0.411861,0.246977,0.144475,0.136757,0.168204,0.107146,0.224021,0.0611283,0.174244,0.00458126,0.0453095,0.0590097
82.5634,100.809,75.7721,15.0921,3.16953,4.26794,2.50284,0.380016,0.0264823,1.44936,0.711768,0.264376,0.203072,0.167517,0.335269,0.613843,0.779118,0.676581,0.255751,0.018227,0.0898911,0.0560976
88.1535,76.9697,18.9672,13.0392,2.1008,1.31427,1.0576,1.64346,0.987897,0.237248,1.53453,1.74993,0.765401,0.00934263,0.110412,0.17996,0.389872,0.537611,0.259724,0.464043,0.117212,0.109097
84.6254,100.254,70.106,10.0256,3.15029,0.557973,0.469544,0.117818,0.442966,1.46606,0.282869,1.77175,1.49148,0.464112,0.389999,0.411549,0.384596,0.972134,0.42629,0.0249181,0.0548219,0.122582
90.6627,82.0745,26.2223,10.9114,0.335388,1.46818,2.1549,1.3406,0.609488,1.2058,1.55429,0.324753,0.137671,0.174047,0.307477,0.148995,0.59265,0.366271,0.291358,0.312522,0.183426,0.0824799
86.2645,97.7583,62.8364,7.5333,1.05432,0.772303,0.481281,0.571597,0.783798,0.707962,0.242441,0.768379,0.957998,0.520834,0.0198073,0.778778,1.55242,1.40641,0.364851,0.212598,0.133173,0.173976
88.617,83.5597,32.5347,7.44109,0.358521,2.26037,1.34513,0.453604,0.124268,1.76971,2.34641,0.706623,0.0938418,0.0933886,0.0524391,0.546331,1.21472,0.968325,0.0364863,0.203004,0.112912,0.0744353
84.8424,91.6286,53.6299,2.45928,2.43691,0.14378,1.22435,1.05183,0.144221,0.627268,0.391174,0.418981,0.575558,0.458662,0.27761,0.413517,0.782007,0.318303,0.0980297,0.205596,0.0932865,0.0293889
81.3187,78.8573,34.2154,3.50973,2.25831,1.55647,0.292604,0.211843,0.878648,1.84419,1.81825,0.6122,0.0707314,0.173486,0.213924,0.442992,0.0354926,0.359396,0.153232,0.294959,0.0143975,0.0708364
78.5282,81.424,43.6185,1.26207,3.73605,0.379826,0.526481,0.445176,0.475868,2.01965,1.76339,1.14071,0.875587,0.508008,0.396408,0.293762,0.893582,1.29385,0.497053,0.0769172,0.0521392,0.0107099
72.621,72.0196,33.7212,2.11569,1.4656,3.00514,2.07121,0.460839,0.528807,0.641252,0.181939,0.332771,0.393244,0.312047,0.404597,0.55825,0.697304,0.837867,0.540711,0.156281,0.0518955,0.0139199
68.7471,70.1606,35.8936,1.00653,1.63728,1.47186,1.27972,0.0833515,0.373143,2.63932,2.57511,1.27216,0.885894,0.513419,0.242042,0.0584457,0.172906,0.390833,0.325264,0.116128,0.0424964,0.0103217
63.362,63.1557,30.8474,1.41392,1.25394,1.49198,1.83705,0.856416,0.0578159,0.558693,1.50722,0.945518,0.382607,0.765707,0.0829032,0.0925792,1.00723,1.19691,0.0161204,0.433914,0.158928,0.0111194
57.5103,58.26,28.6535,1.7093,0.200261,1.72201,1.00441,0.958346,0.431048,1.92624,2.03561,0.0592291,0.670386,0.303006,0.0119286,1.09686,0.295174,1.35645,0.884775,0.131413,0.0764184,0.00336404
52.3316,52.178,25.8328,0.636683,0.12864,0.973003,0.00709724,1.88778,0.588037,1.57314,0.00356148,1.41813,0.0178229,0.787003,0.182794,0.6837,0.487264,0.967542,1.03111,0.0441608,0.147412,0.0389878
47.2223,47.3672,23.2494,0.994501,0.227873,0.76097,0.147582,0.0221633,1.60661,2.90956,1.29918,0.567268,0.14903,0.728411,0.0651264,0.118989,1.43899,2.11767,0.921126,0.103562,0.0656364,0.116574
41.4923,41.2442,20.1614,1.14763,0.941528,0.404267,1.2972,1.35772,0.170572,0.437436,2.50614,1.77515,0.375747,0.832553,0.269937,0.807322,1.47427,0.56105,0.424991,0.241311,0.0731,0.152516
34.6429,35.7985,18.9511,0.792207,1.64167,2.36516,1.17744,0.609244,0.0938949,1.61163,1.48471,0.1979,0.644104,1.16993,0.0388645,0.655886,0.326743,0.786735,0.159059,0.0488584,0.0468,0.171034
28.2584,28.7906,14.5749,0.507469,1.113,0.411342,0.434388,0.423327,0.562576,1.84232,3.67984,1.03316,0.749959,0.45106,0.589985,0.364973,2.14819,2.05437,0.591455,0.101167,0.123676,0.079014
21.6532,23.206,13.482,2.25326,1.04197,1.53192,2.27183,2.07975,2.34168,1.07894,1.31641,2.33122,1.45741,0.613507,0.0849907,0.411496,0.411364,0.59099,0.377523,0.110067,0.0790421,0.126856
16.4688,16.7477,8.5111,0.881418,0.628004,1.11842,1.47722,1.50731,0.968532,2.21576,5.18777,4.15315,1.49968,0.0375634,1.03798,1.95712,1.67352,0.24583,0.551755,0.284145,0.118175,0.250802
11.4279,13.1069,8.72022,1.59322,0.47706,0.464564,0.793671,1.24329,2.31869,1.37582,0.840596,0.17404,0.515046,0.0328152,0.111139,0.292723,0.737089,0.0450911,0.642795,0.240028,0.0899443,0.033258
8.25591,8.76158,4.61444,1.1273,1.82255,0.231975,0.738431,0.194897,0.3721,2.42606,3.70088,2.26902,0.849607,0.609075,0.366588,0.752219,1.35787,0.417631,0.642442,0.470378,0.186015,0.200068
5.25725,6.52608,4.43199,0.150007,1.58674,1.22015,0.314038,0.397907,1.55331,1.26217,0.0801042,0.240304,1.01562,0.653491,0.0806586,0.121585,0.150086,0.683097,0.148429,0.0615442,0.0460644,0.057942
3.86216,4.57961,2.3288,0.169939,1.17312,1.8962,1.70281,1.44446,2.12628,4.11386,4.2638,2.21181,0.767433,0.270541,0.60772,2.45318,4.32147,3.65802,1.52381,0.411679,0.211109,0.00694103
2.91186,3.41829,1.60238,1.39527,1.74741,0.869012,0.359206,0.0617667,1.46224,2.33902,0.856527,0.576767,0.140724,0.549295,0.0922598,0.739571,0.13599,1.3749,0.587143,0.144543,0.0583822,0.0345097
2.37021,3.02229,1.69657,0.666646,0.921618,1.25496,1.24308,0.823369,2.04967,3.96373,4.70068,3.68012,1.23623,0.295499,0.414382,0.854764,1.57207,1.54851,0.75336,0.27104,0.181498,0.0375618
1.5281,1.62068,0.0713893,1.37522,0.521325,0.0548435,0.348208,0.322291,2.15257,3.41669,2.48455,1.76282,1.3097,0.217789,0.0950321,0.352447,0.367454,0.580082,0.164561,0.0338344,0.132573,0.222457
0.96399,1.6808,1.25126,0.876942,1.79915,1.19383,0.55665,0.191341,1.05344,1.28562,1.1097,0.174892,0.0107504,0.67769,0.368427,0.680779,1.56156,1.38428,0.662251,0.247889,0.115177,0.0951781
0.919364,0.652224,0.778115,1.04262,0.0333996,0.887915,0.552158,0.926919,0.592295,0.51765,0.79257,1.75364,0.734385,0.380285,0.0219571,0.263194,0.341608,0.192476,0.416682,0.381691,0.133449,0.156636
0.440516,1.06579,1.02539,0.644912,1.92799,2.13059,0.786713,0.885276,1.19034,1.42014,0.99844,0.00351838,0.685029,0.9588,0.118242,0.775248,0.903781,1.47292,0.823574,0.160986,0.294851,0.342824
0.431269,0.143186,0.731535,0.584008,0.614509,0.761807,0.129937,0.00951799,0.642744,1.91956,2.82599,1.55611,0.255669,0.252564,0.0492436,1.14199,2.47423,1.41341,0.0993909,0.0527906,0.130694,0.02025
0.280277,0.679564,0.865201,0.00923464,0.318235,0.895916,1.03703,0.625455,1.61933,2.89506,3.66838,1.71025,0.45409,0.996073,0.146921,1.98198,2.71155,2.05507,0.74285,0.125604,0.179242,0.0130502
0.364783,0.0380088,0.255016,0.366765,0.955953,0.602088,0.524886,0.72302,0.0309172,1.1465,0.998786,1.02078,0.461119,0.599732,0.296539,0.878788,1.8234,1.0168,0.178157,0.139094,0.0793446,0.0921994
0.0204694,0.459377,1.23247,1.24381,1.13778,0.999556,0.0246113,1.43129,2.13559,0.714017,4.66325,3.87067,0.109085,1.82541,0.25109,3.3668,3.67503,0.462743,0.658672,0.215972,0.00537408,0.336606
0.211074,0.0189907,0.15321,0.299428,0.248331,0.451979,0.934888,0.382946,0.498749,0.10712,1.23284,0.621822,0.272066,0.0638707,0.456902,0.502158,3.65931,3.49509,0.922407,0.0476257,0.143434,0.203077
0.0257784,0.00622908,0.0291553,0.855503,2.18667,1.91927,0.129971,0.956561,0.161286,0.843858,0.452993,2.16997,1.66265,0.42014,0.0385405,0.733602,1.46007,0.600422,0.366763,0.259703,0.0788895,0.22129
0.179944,0.334467,0.438446,0.360458,0.967208,0.509013,0.224597,0.0365276,0.333121,0.201822,0.530898,1.10169,0.687119,0.416939,0.0503238,1.8815,3.22581,1.70741,0.16763,0.145507,0.0285369,0.0201839
0.189059,0.110905,0.335658,0.0316301,0.316468,0.783874,1.44833,1.80018,0.189047,1.57407,0.109176,1.69992,1.48892,0.619018,0.189757,0.24792,1.25624,1.69046,0.248975,0.153706,0.0753074,0.0119298
0.0242786,0.356094,1.07895,1.33186,1.53821,1.52763,0.872091,1.1576,0.489377,3.57621,1.81964,0.813697,0.470939,0.181304,0.346189,1.05868,0.143561,1.30192,0.532297,0.0572501,0.0501229,0.0087083
0.11223,0.241129,0.0215347,0.399817,0.883108,1.27132,0.310051,0.152597,0.282217,2.61092,3.82137,2.63479,1.113,0.098044,0.689435,1.20608,0.713799,2.30788,1.24536,0.448347,0.259064,0.0774646
0.0507618,0.333123,1.40226,2.86229,2.27283,0.2932,1.39936,1.64882,1.0205,0.995104,0.157889,1.70254,1.01,0.316425,0.00757477,0.199339,0.726366,0.923316,0.0507648,0.0790624,0.00103109,0.05842
0.0129861,0.233761,0.0764729,0.136509,0.905898,0.100056,1.04844,0.0176721,1.25062,0.575203,1.32189,1.60206,0.491175,0.133384,0.891389,2.1635,0.175531,2.29079,1.11645,0.0121445,0.104958,0.219392
0.0495092,0.24761,0.755034,1.62147,1.86354,0.684054,0.515722,0.519063,1.1272,2.90297,1.91734,0.15293,0.0372004,0.16624,0.116918,0.104662,0.370188,0.595187,0.159907,0.0803656,0.0736833,0.0123787
0.00887716,0.302308,0.22455,0.0118798,1.38818,2.47287,1.18776,0.674509,2.04299,1.85897,0.816488,2.32638,1.0228,0.224765,0.54898,2.60591,2.21459,0.0490423,0.49745,0.269944,0.219945,0.22358
0.0527985,0.313728,1.09334,1.83587,0.802281,1.24617,0.675817,0.370989,1.48195,4.71112,3.14659,0.941741,0.808838,0.0143601,0.426409,0.130788,0.682972,0.388692,0.174051,0.306173,0.121989,0.00872921
0.0338148,0.249139,0.00915609,0.836168,0.435864,0.515911,1.04663,1.73717,1.19935,0.851086,1.68823,1.01922,0.408461,0.309625,0.586432,0.00121361,1.53604,2.10796,1.47008,0.751225,0.300249,0.0607513
0.0598695,0.261123,0.901592,1.32443,0.605683,0.511311,0.781683,0.0372037,0.591777,1.31666,0.337332,0.929715,0.0567774,0.208768,0.180327,0.790506,1.19735,0.033251,0.175516,0.11156,0.243982,0.236415
0.0967036,0.0683877,0.0587655,0.180173,1.56443,2.62132,2.32869,1.19343,0.0995666,0.811859,1.59612,1.87049,1.65636,1.0436,0.131479,1.93192,3.28245,1.93265,0.1113,0.241714,0.0205053,0.139018
0.13076,0.0491234,0.525836,1.49282,1.58386,0.333105,0.372001,1.34272,1.56262,1.15167,0.34775,0.217259,0.581752,0.235304,0.666807,0.449738,0.292882,0.374552,0.605272,0.0190277,0.0674708,0.0699725
0.0271453,0.141738,0.074133,0.0406609,0.599347,0.109385,0.408978,0.147263,2.27579,4.36417,2.94655,0.600176,0.129453,0.641596,0.702913,0.795931,1.90808,1.56776,0.0804377,0.218338,0.0739345,0.123221
0.0458072,0.18559,0.431448,0.900758,1.63918,1.80511,0.336916,0.445438,0.826252,2.94081,1.83189,0.263892,0.23153,0.0588353,0.681911,0.0343834,0.259438,1.08333,1.01868,0.010626,0.0404095,0.0342336
0.0339763,0.212658,0.213031,0.27983,0.435394,0.223719,0.283464,2.1076,2.85957,2.6864,1.69033,0.352662,0.0343863,0.205137,0.0877074,1.31532,3.93994,4.37935,1.57568,0.102659,0.185762,0.20376
0.009904,0.282994,0.799841,0.800806,0.731281,0.780278,0.131257,0.519235,1.48626,1.04888,1.46915,2.09168,1.39918,0.71586,0.13931,0.846072,0.0253259,1.60723,0.989949,0.0197799,0.0301642,0.0447117
0.0350631,0.274366,0.427958,0.126785,0.775676,1.12191,1.03246,1.136,0.0677886,3.21411,4.02122,1.73167,0.747639,0.721212,0.839539,2.37242,3.112,0.872087,0.900387,0.571615,0.211725,0.115934
0.0101484,0.30299,0.861732,0.311012,0.466708,0.0209737,0.348446,0.588,0.630573,1.06006,1.32537,0.0645971,0.906327,0.816373,0.654482,0.0840736,1.4969,1.34365,0.0733375,0.0811508,0.0696734,0.0326322
0.0233301,0.285756,0.67018,0.315538,1.66955,1.22235,0.326033,0.528959,2.56466,4.73241,3.7616,1.84673,1.37318,0.873903,0.838803,2.51441,3.5675,2.22513,0.611035,0.189861,0.211242,0.119081
0.0159399,0.231633,0.492843,0.775949,2.06385,1.21017,0.46922,1.21462,0.819847,0.755731,0.69756,0.438832,0.558062,0.495728,0.715981,0.066856,0.672309,0.414158,0.938224,0.109826,0.0326138,0.111281
0.0717432,0.234716,0.673025,0.221119,1.87835,1.49378,0.437149,0.0466535,0.276929,0.050821,0.835321,1.6236,1.02191,0.136113,0.58454,1.82796,1.98104,0.434742,0.231866,0.229438,0.330095,0.238947
0.0364252,0.105915,0.0459147,1.11827,1.94625,0.887279,0.245687,0.0542278,0.453562,0.18459,0.121824,0.722067,0.13101,0.367865,0.289049,0.132608,0.562261,0.324493,1.07312,0.354623,0.064918,0.0901998
0.0347584,0.0822968,0.519197,0.408685,0.570522,0.525875,0.0525583,0.582491,2.16459,3.47558,2.75324,1.25871,0.877179,0.733248,0.209425,1.26879,1.62565,0.835738,0.15287,0.287322,0.301995,0.200874
0.0188674,0.0217314,0.4269,1.04864,1.31743,1.03581,0.310691,0.453246,0.270829,2.8106,2.18314,0.122024,0.0371821,0.111086,0.250658,0.808256,0.0660197,0.394806,0.501911,0.293946,0.00279664,0.0173909
0.0172675,0.103975,0.152118,0.696433,0.874453,1.17749,1.0627,0.203296,0.302488,0.706616,0.434244,1.17669,1.111,0.982619,0.106639,1.2444,2.67901,2.51525,1.09892,0.388964,0.219342,0.066859
0.00348694,0.206722,0.812179,0.802908,0.0776285,0.27096,0.851286,1.12457,0.566473,1.28727,0.52318,0.587224,0.0203981,0.558577,0.488752,0.528632,0.15917,0.305243,0.199163,0.10367,0.17434,0.0417633
0.00111299,0.350973,0.693213,0.410162,1.55243,1.02868,0.292278,1.44026,3.20725,5.40838,3.85894,0.616353,0.47094,0.740334,0.419716,0.618272,1.49209,1.12565,0.480971,0.269289,0.0263303,0.197887
0.0482142,0.416079,0.942427,0.00506055,1.47304,0.745986,0.343198,0.450891,1.81674,2.61187,2.48764,1.11306,0.165269,0.317576,0.616599,0.466298,0.381501,0.104517,0.344249,0.00753428,0.0776301,0.0883295
0.00183826,0.395618,1.06381,0.294903,0.902214,0.194971,0.457806,0.788859,2.51466,2.98374,2.09827,0.681876,0.544629,0.869231,0.257289,1.62468,1.05696,0.252779,0.43275,0.231205,0.0958801,0.00583326
0.0216665,0.401416,0.529145,0.708007,1.70339,1.54412,0.0352224,0.92892,0.637503,2.29147,2.76419,0.719896,0.00676038,0.1395,0.425763,0.193299,0.842412,0.0247947,0.751408,0.0569559,0.00304571,0.191592
0.0315321,0.329288,1.23057,1.35002,0.669223,0.66307,0.00852405,1.50335,2.57496,2.0905,0.975555,2.35503,0.625766,0.342931,0.639857,2.87517,3.97074,2.36719,0.288585,0.25986,0.0394079,0.0472446
0.0200734,0.315626,0.0419441,0.893563,0.688371,0.22281,0.043885,0.455463,0.374371,0.415839,1.62333,1.47302,0.11519,0.215764,0.566371,0.4874,0.0563705,0.0596319,0.269993,0.00331429,0.13864,0.0384036
0.0565263,0.279755,1.28975,2.01876,1.63332,0.884283,0.0642911,0.0491275,1.09054,1.75525,0.550581,0.949442,0.521277,0.330347,0.0305812,2.58864,4.77604,2.88345,0.214804,0.137659,0.0675427,0.00997433
0.0455969,0.150916,0.437766,1.24318,0.730888,1.08887,1.99336,1.11028,0.133057,0.969114,2.41649,0.83627,0.953683,0.568561,0.175669,0.706163,1.90574,2.28108,1.06903,0.0456578,0.185215,0.00349017
0.0403982,0.0752334,0.889983,1.88383,1.43532,0.0140336,0.446406,0.949385,2.17815,0.621366,1.98487,1.75713,0.0206662,0.161959,0.184736,1.14586,3.70407,3.57107,0.948354,0.0478981,0.119708,0.0371229
0.0179905,0.139942,0.23209,0.963529,0.0777614,1.30953,0.91726,0.0314116,0.39983,1.95753,2.722,0.984427,0.937656,0.730013,0.413116,1.44802,0.942632,0.484906,0.00129582,0.656164,0.233895,0.0209915
0.077426,0.0328705,0.217218,0.499868,0.232248,0.0688354,0.152631,0.327044,0.320922,1.30459,3.04424,1.82335,0.434137,0.488817,0.042105,0.0148646,0.267859,1.06889,0.89644,0.0935122,0.192672,0.00369066
0.0417429,0.0647706,0.0484466,0.0354427,0.036341,0.517915,1.41657,1.58737,1.11063,3.39591,1.08888,1.41718,1.26456,0.458577,0.602547,1.3408,0.388101,0.739012,0.46643,0.0669929,0.221507,0.188495
0.0180492,0.109159,0.535362,1.17897,1.57899,1.00605,0.0355116,0.910928,0.343441,2.67294,0.614275,1.99353,0.176338,0.681253,0.441385,0.295853,0.6933,1.31775,0.676587,0.0832973,0.0223591,0.0118108
0.0216763,0.239215,0.0505409,0.463783,0.247407,0.131512,0.660386,0.46501,0.143443,1.09164,2.63659,1.76343,0.264424,0.144851,0.640785,1.55915,2.24502,1.0779,0.378857,0.226735,0.0012818,0.0479053
0.0222401,0.169578,0.885745,1.9441,1.94598,0.820579,0.19503,0.131523,1.21313,4.27912,2.94585,0.54018,0.470994,0.213256,0.263229,0.484739,1.6075,0.799545,0.154781,0.0068626,0.115121,0.133127
0.0140989,0.193278,0.184409,0.487842,0.432721,0.967695,1.39515,2.16977,0.277759,5.07473,4.93631,1.05615,0.75098,0.920366,0.911544,1.16942,1.3295,0.242916,0.734965,0.451891,0.190962,0.16787
0.0265913,0.217005,1.08029,1.98745,1.70141,1.26972,0.762362,0.439972,0.875223,2.38373,0.284375,0.537101,0.115753,0.238365,0.377332,0.278444,1.54143,1.25409,0.124799,0.0652681,0.186779,0.10148
0.0380407,0.178105,0.141123,0.920268,0.581086,0.158305,0.633228,0.959097,1.65563,2.751,1.95966,0.0918463,0.850604,0.713771,0.820248,1.13288,1.34081,0.869867,0.0685349,0.216649,0.178911,0.077944
0.0197558,0.176974,0.708922,0.854546,0.000585207,0.410338,0.0802083,0.436769,1.21678,3.95243,1.9786,0.358801,0.0571977,0.00608418,0.220334,0.567964,1.33082,0.283339,0.367095,0.111292,0.149122,0.118518
0.00194994,0.187432,0.178378,0.757862,1.34159,0.832326,0.513298,0.860029,0.0698273,2.41601,2.86647,2.08249,1.52928,0.735088,0.432367,0.497854,0.371671,0.467198,0.594568,0.316988,0.128904,0.0893384
0.0150935,0.159554,0.448051,0.191099,1.11782,0.817078,0.344371,0.380317,0.101637,1.1458,0.508248,0.629733,0.363639,0.139166,0.248341,0.772247,1.05993,0.408891,0.470568,0.0580053,0.140897,0.00925247
0.0180551,0.111482,0.51273,0.238801,0.662829,0.370426,0.11917,0.282088,0.789445,3.59221,4.17124,2.76355,1.61702,0.373409,0.653716,1.94333,3.02146,1.85228,0.0638191,0.232109,0.0855568,0.0414831
0.0397253,0.0795001,0.24131,1.13967,1.59806,1.2772,0.923813,1.01422,0.311838,0.509809,1.47672,2.00965,0.712634,0.0315303,0.10851,0.150941,0.0598356,0.25367,0.198832,0.0162168,0.0819153,0.0679629
0.00848398,0.0262618,0.448528,1.26855,1.1787,0.626934,0.81177,0.767568,0.302603,1.68001,2.36486,0.946499,0.109924,0.758003,1.5517,1.21504,0.651774,0.870216,0.516354,0.340629,0.374527,0.132865
0.0648308,0.0199543,0.472555,0.672871,0.330319,0.575796,0.507612,0.542618,0.30083,0.409027,1.14242,1.37524,0.284325,0.711043,0.273717,0.468138,2.91248,3.67486,0.681201,0.271662,0.193274,0.0941801
0.0488142,0.0861183,0.070164,1.01524,1.46731,0.434525,1.03447,1.85704,1.70283,2.51865,2.82796,1.21529,0.0297947,0.635037,0.604012,0.739204,3.67782,4.45148,1.85844,0.184613,0.111113,0.227295
0.00121164,0.049727,0.262812,0.117134,1.4222,1.38823,0.315535,1.03337,1.50732,0.717818,1.2372,1.30857,0.00707353,0.437862,0.406804,0.834212,1.60463,1.4393,0.325771,0.118382,0.0304042,0.105025
0.00228028,0.0173044,0.26995,0.0787319,0.436867,0.931689,1.73909,0.645845,1.43332,3.64572,3.51113,1.37641,0.145969,0.637956,0.307892,1.28059,3.29953,2.78502,0.444535,0.45876,0.240195,0.0686882
0.0203125,0.0359613,0.424205,1.12707,1.38357,0.95181,0.0369008,0.791177,1.21311,1.5467,0.962072,0.310539,0.236111,0.0803384,0.588094,1.46999,1.80442,1.59326,0.80042,0.0171035,0.0871955,0.0677873
0.0289907,0.0893944,0.407935,1.02593,0.293068,0.354611,0.457177,0.586903,0.151655,1.02574,1.43775,0.98628,0.0892988,0.509373,0.0531798,1.40165,3.31844,3.12816,0.596264,0.344767,0.0273752,0.0883616
0.0721728,0.150672,0.825724,1.37446,0.583561,0.345122,0.518876,0.0589281,0.901028,0.343195,1.98841,0.00229481,1.18985,0.254281,0.417107,0.56561,0.18357,0.210012,0.399966,0.236407,0.193069,0.144636
0.072108,0.174931,0.310492,1.51786,1.23874,0.443803,0.87372,0.903468,0.291024,2.98442,4.62445,2.03054,0.56864,0.968655,0.0118584,0.279994,2.66068,4.36169,1.98639,0.174094,0.0486546,0.157067
0.0889289,0.155076,0.789902,0.754151,1.12222,1.57722,0.0417352,0.37854,1.71204,4.31862,2.05147,1.55553,1.12788,0.302904,0.180062,1.60181,2.04671,0.69085,0.187482,0.334695,0.278225,0.0621703
0.0503212,0.229867,0.00100863,1.45085,2.04998,0.152128,1.37945,0.702768,0.82802,0.727163,1.38613,1.58646,0.125915,0.704157,0.149527,0.510357,1.98146,3.37224,1.34684,0.0204793,0.0601572,0.0824296
0.0411312,0.230355,0.862037,0.52583,0.911583,0.486007,0.578811,0.343431,0.954134,2.39764,0.0387455,2.62157,1.48873,0.256429,0.135,0.706479,2.42066,1.5157,0.675937,0.768227,0.150819,0.0438392
0.0304228,0.304302,0.500681,0.176845,1.08514,1.48048,0.996648,0.141517,0.799556,0.60985,1.43255,1.7511,0.411926,0.117422,0.110952,0.0564584,0.589928,0.66409,0.0247034,0.0602911,0.217826,0.0945397
0.0305905,0.38484,0.871732,0.55522,1.08743,1.69999,0.122014,1.186,0.46571,0.68272,0.0200593,0.780178,0.414504,0.421279,0.121183,0.103385,1.22079,2.18099,1.06655,0.133939,0.0845698,0.0199097
0.0155222,0.494991,1.12813,1.21057,0.930875,0.158579,0.275022,0.275279,0.16162,1.54793,2.17164,0.865918,0.800343,1.07436,0.289332,0.822961,2.51811,2.44324,0.833301,0.025424,0.0367219,0.0440103
0.0438665,0.428363,0.83687,0.464371,0.539629,1.03895,0.885153,0.00518897,2.0392,4.20687,2.88725,0.368881,0.140966,0.156261,0.340859,1.4027,0.97086,0.857549,0.790965,0.0795401,0.0286736,0.0667724
0.0161482,0.293969,0.860189,0.821343,0.467977,1.00614,1.25403,0.278704,0.523301,0.631032,0.354745,0.504912,1.06919,0.591787,0.154225,1.16075,0.609291,1.08428,0.719761,0.0757,0.0867356,0.00666262
0.0290221,0.158245,0.336522,0.419088,2.13742,2.97375,1.89305,1.19589,0.485303,2.48818,4.16174,2.55104,0.833957,0.606921,0.582663,0.106303,0.67454,0.538454,0.130352,0.474429,0.312025,0.16118
0.00475669,0.0768941,0.13494,0.572685,0.26958,0.893831,0.582397,0.357292,0.937842,0.71353,0.952599,1.31292,0.359651,0.0117084,0.0298424,0.91556,1.34718,0.495659,0.151823,0.192159,0.0783148,0.0690351
0.0257023,0.166168,0.152754,0.00905902,0.901308,1.74935,1.14079,0.396758,0.0424221,1.00932,3.08145,2.45108,0.420542,0.186474,0.17101,0.530665,0.170976,0.245875,0.226838,0.346766,0.289222,0.220909
0.0199919,0.269354,1.02249,1.51616,1.1319,0.197501,0.0860389,0.146144,0.123213,1.44918,1.72472,0.259523,0.0306599,0.0132356,0.482271,1.91438,2.71249,1.527,0.480754,0.201155,0.0463204,0.00356926
0.0186137,0.426127,0.487478,0.469367,1.11121,1.56336,1.83746,1.94225,2.4958,3.1069,3.68856,2.99093,0.90985,0.33714,0.703804,1.65733,2.05305,1.32709,0.818947,0.365185,0.0487037,0.178653
0.0177081,0.416959,1.29881,0.983046,0.458824,1.33397,0.80508,0.198786,0.601877,1.85434,1.18627,0.123558,0.455594,0.764483,0.487586,0.115048,0.412829,0.437325,0.403722,0.241082,0.0117849,0.100537
0.0330681,0.426655,0.832739,0.23928,1.81533,1.95402,0.323221,0.962147,2.05415,4.07947,3.71124,1.52905,0.184907,0.40507,0.411046,0.0401234,1.04406,1.22348,0.611278,0.336574,0.0814508,0.105033
0.000362518,0.449929,0.935332,0.200736,1.43541,0.328863,0.53199,0.738993,1.57155,1.41568,1.40678,0.855987,0.113342,0.55697,0.618338,0.0963732,0.200956,0.265155,0.0495412,0.254982,0.0112862,0.112955
0.0271787,0.378417,1.23917,0.700737,0.727518,0.131636,0.900197,0.332664,1.27619,2.49636,2.01676,1.1683,0.376348,0.603332,0.510302,1.90251,4.44588,3.35168,0.813622,0.133658,0.109193,0.110483
0.0197799,0.364769,0.409436,0.799984,1.77747,1.58245,0.222009,1.16612,1.74696,3.01697,3.48431,1.75147,0.211298,0.0138092,0.514353,2.10223,1.51158,0.138229,0.20625,0.212574,0.240175,0.0987682
0.0280974,0.278761,1.08451,1.34563,0.997879,1.34688,0.382696,0.840222,0.00116649,0.139566,0.326317,0.969533,0.136135,0.671975,0.302499,0.62977,1.38558,0.92632,0.182296,0.216205,0.0153149,0.1567
0.0356118,0.162682,0.0953996,0.47283,0.268633,0.824548,0.820863,0.6538,0.501348,1.87015,2.76503,1.55963,0.911042,0.778229,0.720628,2.16886,0.303602,2.40561,0.728467,0.190338,0.0135075,0.161148
0.010528,0.0557893,0.435927,1.12837,1.5819,0.92602,0.101527,0.35512,1.33399,1.91929,0.239766,1.16154,0.0955486,0.804624,0.0087264,0.859463,0.140037,0.686516,0.510207,0.0280044,0.0625204,0.0898214
0.0424012,0.0216243,0.290532,0.179131,0.883337,1.01544,0.329428,1.39153,1.00012,0.16528,0.337649,0.300987,0.557346,1.10347,0.171087,1.26985,0.430826,2.62132,1.52025,0.168966,0.0773313,0.0672845
0.0143299,0.0863177,0.22378,0.494814,0.940652,0.260636,0.583861,0.389749,0.214613,1.4912,0.0451498,1.44107,0.00792836,1.07499,0.142934,0.803129,0.897986,1.42413,0.035757,0.299449,0.0307764,0.0548581
0.0931724,0.276768,0.358115,0.179707,0.965723,1.36684,1.12453,0.776575,0.0774834,0.0418953,1.26463,1.11906,0.0259184,0.553618,0.922184,0.357784,1.4497,0.482602,0.448288,0.361429,0.115038,0.0166738
0.000859185,0.20382,0.899314,1.20983,0.808763,0.550123,0.367686,0.621718,0.280671,2.1341,1.16972,0.246686,0.451543,0.775085,0.413242,1.18405,1.3965,0.474501,1.20604,0.361573,0.057771,0.0391726
0.0708982,0.392044,0.112484,0.641489,0.134322,0.900835,0.333796,0.513357,0.757372,1.26519,3.70478,2.70209,0.559063,0.471855,1.26499,0.997638,0.0957188,1.02905,1.03498,0.338968,0.0294645,0.0258185
0.0312445,0.29731,1.48781,2.70494,1.87034,0.0446561,0.249139,0.0901083,0.0910725,1.61846,2.23161,0.688544,0.189324,0.19473,0.430017,1.66832,1.07582,0.783165,0.69463,0.0391667,0.0268436,0.0893439
0.0252913,0.358509,0.0993936,1.07211,0.358031,1.80583,1.52873,1.61554,0.869499,1.55582,2.60468,1.18485,0.256448,0.912687,1.17065,2.00541,2.96524,1.54045,0.428722,0.498337,0.137548,0.140082
0.165291,0.112736,1.25361,2.27233,1.40979,0.00854639,0.618614,0.784668,0.455881,0.760076,1.09213,1.48601,0.698589,0.136224,0.0574948,0.210851,0.588268,1.42022,1.03088,0.144729,0.00931823,0.0612613
0.246061,0.550342,0.107874,0.950686,0.613029,0.0555065,0.0691538,0.683355,1.23464,1.26463,0.65444,0.210305,0.878831,1.03375,0.856087,1.84956,2.21409,0.432468,0.482698,0.290475,0.227707,0.125913
0.501517,0.5504,0.156143,0.654267,0.232718,0.340729,0.282896,0.0604584,0.737052,1.51948,0.134573,1.40641,0.677766,0.0341609,0.392328,0.850157,0.755468,0.213914,0.390196,0.0279717,0.0459553,0.0307579
0.750707,0.970522,0.501833,0.56715,1.35352,1.68192,1.42574,1.56436,1.55585,0.286475,1.08505,1.33632,1.28372,1.19313,0.950672,1.86505,2.71152,1.94101,0.962061,0.502325,0.267558,0.11843
0.789698,1.24629,1.10154,0.847142,0.776711,0.00736399,0.463314,0.811394,0.730408,0.354474,0.494381,1.13953,0.6665,0.226871,0.180866,1.32887,1.14841,0.478188,0.627915,0.187783,0.0859186,0.0220033
0.808476,1.02817,0.71882,0.013505,0.84639,1.23687,0.891727,0.748742,0.276285,1.26929,3.09713,2.37613,1.16435,0.937727,0.48212,0.672491,1.23507,1.3166,1.00114,0.43018,0.162206,0.093477
0.408248,1.09411,1.85087,1.88309,1.20989,0.0328343,0.105616,0.240486,0.0285936,0.518133,1.27023,0.471515,0.431623,0.391473,0.0376728,1.73137,1.93534,0.545856,0.334489,0.193605,0.00220146,0.0580747
0.429066,0.0498112,0.518301,0.649422,0.0799949,0.102335,0.751256,1.61897,2.16274,2.98089,3.22993,2.02165,1.12962,0.921658,0.315516,0.290267,0.327981,1.28788,0.926256,0.159373,0.159204,0.205515
1.53844,1.30374,0.0868828,1.46763,1.35627,0.686876,0.467871,0.718098,0.978491,0.661422,1.04271,0.991297,0.312771,0.193967,0.108763,1.41307,1.257,0.0466628,0.240787,0.0655657,0.0578635,0.0235471
2.86744,2.06887,0.604955,1.75495,0.8851,1.03603,0.9186,0.172517,0.325548,0.144152,0.434672,0.174637,0.716833,0.948238,0.102268,1.26594,1.10242,0.169673,0.268685,0.0541916,0.137604,0.131703
5.27665,6.172,4.33969,0.393781,0.586949,0.453029,0.162884,0.630736,0.51019,0.469547,0.837967,0.966748,0.00948074,0.118527,0.0926044,0.394729,0.4338,0.562562,0.489766,0.142264,0.089833,0.258787
7.35857,6.00241,0.0800925,3.09397,1.09205,0.456427,0.0518748,1.04418,2.59222,4.41668,4.51768,2.30151,0.401068,0.377071,0.166262,0.92094,1.47311,1.01892,0.72515,0.589703,0.170777,0.160152
10.1413,12.155,9.26935,2.27189,0.549993,0.668363,0.268305,0.458583,0.839477,1.03875,1.56869,1.04575,0.191207,0.013911,0.20319,0.339386,0.317869,0.249078,0.370815,0.154609,0.0747173,0.163774
12.3213,11.2317,2.84748,2.58756,0.238343,1.18001,1.20812,0.727979,2.60287,4.26942,3.53264,0.955903,0.0703876,0.23158,0.618566,0.887732,0.817256,0.659355,0.0848885,0.172734,0.0294985,0.0888214
15.3383,17.6261,12.6196,3.68484,1.93441,2.00431,0.617856,1.5566,1.83768,2.4532,2.54764,0.278735,0.914848,0.210909,0.511113,0.693977,0.769156,2.4978,0.807662,0.351444,0.102809,0.00585352
18.2179,18.7421,9.15677,0.0597994,0.138256,1.73263,1.74934,0.63353,1.13014,2.97357,3.05128,1.88004,0.970578,0.610342,0.77606,0.00577079,2.74374,3.2267,0.783488,0.209647,0.0683926,0.181335
19.2939,20.3514,11.1239,0.698514,0.422693,2.06626,1.64793,0.069019,0.334657,1.76782,3.09511,1.30448,0.537602,0.0371489,0.919587,0.392367,0.948733,1.0942,0.0742806,0.297079,0.0304943,0.0732023
20.8023,24.7506,16.8899,2.78382,0.531437,0.50771,0.793813,0.704484,0.600321,1.67434,1.70219,1.03722,0.611945,0.77601,0.411226,1.20045,2.07918,0.424131,0.706952,0.0882049,0.149201,0.022785
21.5957,20.0996,5.56166,4.68557,3.09082,3.91244,0.917284,2.53912,2.1842,0.860263,2.00282,0.501057,0.0452038,0.787858,1.44959,0.902624,0.662538,0.714372,0.264883,0.377808,0.107862,0.121499
21.1427,28.8697,25.2228,8.68468,2.76275,0.347514,1.28342,0.139286,1.24643,1.48083,0.941718,1.41503,0.142746,0.0499015,0.195634,1.63038,2.5369,1.40851,0.212464,0.150986,0.0989552,0.0159807
21.0441,16.5832,1.18123,7.99,0.765999,2.30113,3.10669,0.356827,1.47168,0.298415,0.427584,0.736718,0.271603,0.24755,1.06155,0.990005,1.27294,2.53231,1.1991,0.0705469,0.169119,0.141928
18.7857,28.5128,28.5945,9.87742,0.62778,0.743025,0.470314,0.0187963,1.98226,2.70153,0.142805,0.333844,0.511099,0.0485764,0.48862,1.56365,0.588865,0.741673,0.349134,0.147615,0.332958,0.115611
15.96,11.2057,6.36795,10.6795,0.302787,1.02509,5.80196,4.42052,1.1884,1.21248,3.98114,3.79055,1.33213,0.251476,0.320795,0.763003,0.222888,1.11483,0.717074,0.328098,0.171122,0.081794
11.9188,20.1037,21.9896,5.10678,3.27899,3.32581,3.70693,1.10795,1.93273,2.72183,1.47984,1.02465,0.911392,0.50955,0.0788275,0.711737,0.477702,0.74479,0.115732,0.0278373,0.0557916,0.122226
6.98679,3.61553,6.11511,5.88611,3.09358,5.52844,6.00211,4.46052,0.925135,2.19803,3.16431,0.833477,0.828286,0.44072,0.671886,1.83067,1.3711,0.505732,0.778857,0.27333,0.428129,0.412557
0.752858,2.55261,5.78359,2.53404,3.11504,8.35178,6.29584,0.962079,1.30681,0.715946,0.962319,0.94829,0.498275,0.96487,0.468736,0.051386,2.45857,2.72995,0.395289,0.326286,0.0903991,0.235535
7.88792,5.54765,0.294777,2.37694,1.1009,2.68401,4.31559,2.89325,0.876154,2.33582,3.07337,0.42614,2.19303,1.38525,0.617794,0.600124,2.27471,2.38654,0.427969,0.283081,0.195026,0.2973
17.8605,23.2359,20.8558,6.30501,1.41886,4.69684,5.62129,0.892776,0.600514,1.48897,1.0121,4.08972,2.60473,0.0182854,0.714681,1.22521,1.60839,0.509074,0.0825882,0.54496,0.288272,0.0244829
21.9449,15.7555,4.49159,7.6922,5.88392,12.7328,16.1834,9.3953,0.940538,1.10478,0.894615,2.68635,0.943173,1.26019,0.548625,0.734898,0.565643,1.8453,1.05729,0.399095,0.178355,0.545761
31.8446,43.7681,41.9989,13.9287,2.85314,2.15746,3.03618,3.70685,1.86554,2.89211,3.18542,1.07192,0.750787,1.58425,0.560952,0.590622,0.789528,2.22374,1.06703,0.481211,0.484918,0.276789
37.5534,27.2078,7.19434,15.3759,0.0344358,9.48141,15.9342,7.37531,0.149668,0.700364,3.92106,3.76623,1.18313,0.381849,0.555317,1.67971,3.26837,3.31533,1.72203,0.062789,0.875878,0.685389
43.2651,59.6333,54.7203,15.9787,1.11289,3.25525,3.63402,2.48858,4.09703,2.42663,1.33722,2.33447,0.885512,2.13984,1.38486,0.595384,0.64041,1.40379,0.107326,0.153801,0.239352,0.456843
51.2005,39.8527,2.49925,20.0279,4.03441,1.92016,1.99691,2.4008,2.03973,1.50745,2.42441,3.5371,1.66059,2.19553,1.67995,0.0487304,0.512714,0.890565,0.593243,0.270521,0.957955,0.966897
57.5986,72.9499,59.69,18.6254,3.41947,8.28873,11.6393,0.745287,3.69823,4.13329,2.26394,2.7742,3.24988,1.32504,1.1723,1.38203,1.15708,3.3222,1.7459,0.00904758,0.280214,0.166846
58.4746,54.4031,15.8101,10.8782,4.27408,0.686831,9.58662,10.0993,2.48366,0.748458,3.83468,4.34188,2.31829,2.71494,1.83319,0.504201,4.74982,6.65463,3.10267,1.26657,1.52126,0.994547
61.5879,70.2481,47.1785,10.2586,7.91223,14.6716,13.2951,3.81367,0.875876,0.404857,3.71694,3.599,0.552407,1.25083,0.520571,0.972206,3.54198,4.29573,1.30397,0.200305,0.460815,0.270581
65.4616,68.0749,35.3524,0.172078,0.873535,5.5892,10.5199,6.74032,0.685999,1.59005,0.931279,4.07867,3.76283,0.815222,0.657786,1.37285,1.24201,1.14572,1.18299,1.34473,1.64004,0.484166
63.7691,63.9148,27.2662,7.18689,5.19209,7.66525,9.17836,6.18158,1.5816,1.46511,3.6535,5.27106,3.89447,1.78262,0.73045,0.176561,2.17957,3.24253,1.07978,0.474548,1.17223,0.439075
63.244,77.7467,58.0595,12.3484,5.81976,12.333,6.3811,2.94818,2.59998,2.07572,2.59975,1.15612,2.51393,1.65324,0.468901,2.92147,6.67531,6.64762,2.23192,0.555439,1.0974,1.25809
62.9163,51.7157,3.81336,20.104,7.38406,2.56862,6.29493,8.04785,4.23032,3.93141,7.30252,6.85336,2.52787,1.00225,0.384776,0.505743,3.11969,5.10435,2.57893,1.31986,1.27319,0.853003
54.1944,76.967,71.9404,27.0914,5.05005,8.22315,5.86869,6.71461,3.61917,3.02454,2.73018,0.918037,1.58502,0.318063,0.292309,0.681972,0.0582504,0.792618,0.954667,0.539859,0.250129,0.0101685
52.2067,35.4193,12.7069,23.3207,1.01499,1.68237,0.413429,2.80564,3.78566,1.03502,0.35419,2.98568,3.12376,1.71092,0.0120888,1.79826,2.71072,3.0578,0.540214,1.2178,1.11593,0.0544597
41.0919,64.5386,68.8381,24.5367,0.414105,8.73495,8.6495,2.25753,1.3273,0.133916,8.54666,11.0193,5.9771,4.04074,2.13624,0.771735,3.04453,3.81019,0.954544,0.467504,0.0224972,0.634913
35.0232,18.8699,22.4928,24.517,0.61663,6.8997,15.5179,8.40708,0.931765,6.60994,6.06883,2.12424,5.11008,2.14443,1.37322,1.45578,0.702382,2.89637,1.5243,0.108755,0.161113,0.86217
23.8842,42.6846,50.0776,15.4264,8.40052,8.82878,8.36883,4.35589,2.92146,5.41105,4.90447,4.55266,1.38218,2.56424,0.276511,0.63137,2.43105,2.21655,0.523835,0.368806,0.678644,0.523651
14.3643,4.97853,16.0534,13.1025,7.99622,22.8957,29.5397,16.7489,2.61314,0.545823,0.634956,3.56063,0.399103,5.22203,2.41283,0.513241,0.354736,1.14282,1.64548,2.30942,1.20044,1.09238
2.05602,8.71954,15.5793,7.79895,3.33272,5.86681,0.947273,4.71604,5.54436,0.483709,5.8511,3.70323,0.898991,2.44461,2.75006,0.387446,2.79771,3.24595,0.315688,0.391013,2.12595,2.77424
7.70441,8.57595,3.29263,4.39206,0.839173,14.2148,20.026,9.6517,3.27253,2.27897,11.2961,10.823,1.87605,2.27495,0.881495,2.73322,2.36868,5.77004,1.27839,2.80335,1.70876,0.35464
20.7755,29.1831,26.5953,5.89782,5.69818,11.7132,8.87015,2.66032,4.14315,2.44783,0.875604,7.54754,3.59883,3.36135,1.88572,0.577424,4.59972,4.88673,0.353858,0.460796,3.09218,2.90067
35.2491,21.6816,12.8026,14.4713,4.8258,0.430069,0.765975,4.89248,2.27474,4.33349,2.56714,6.03057,5.10757,1.18891,3.69102,2.44709,0.0387301,0.779783,0.575032,0.417732,1.63069,0.455402
47.7275,68.8776,70.0014,23.7917,1.45914,11.2405,13.4047,0.265534,0.5168,4.49698,2.88807,4.29526,5.11811,0.0276223,2.87776,1.50441,5.9804,8.24888,1.80864,2.6114,3.12719,0.733831
54.0764,35.5879,18.8388,26.5896,4.95401,0.83334,12.6935,12.116,0.34783,0.909581,10.3193,9.81602,2.32395,0.580275,0.632782,0.476082,4.4661,7.18551,1.45226,0.726154,1.36564,0.0649227
65.5274,95.4472,92.6278,29.5653,5.96399,17.2821,14.4791,3.11864,4.06963,3.49774,1.38182,2.23125,0.775403,2.88594,4.64213,3.21884,1.4734,0.0836147,1.70883,3.47649,2.81661,1.0409
80.1617,57.1665,14.2219,36.6855,5.43121,5.30938,11.1304,7.89257,2.55664,1.07399,5.60295,9.3708,2.63386,4.68481,4.97685,1.55541,5.24658,6.90122,2.79374,0.360686,1.70944,3.32521
81.939,112.289,100.699,31.851,8.05509,16.242,18.9395,12.0769,7.44962,5.5748,6.50883,9.14872,3.0614,1.85425,0.0937871,1.69008,5.58159,6.1076,1.73958,0.848847,0.178894,0.794963
99.6201,83.8858,11.3897,25.3025,9.21571,16.183,9.8876,0.814413,3.9969,6.76128,2.74794,5.06377,6.64432,4.53747,3.89639,0.956128,0.381459,0.69497,0.356358,0.245252,1.02587,1.44741
102.574,123.353,92.8804,27.5282,11.1999,1.8221,17.5861,15.5608,5.31717,2.17629,2.53971,8.90202,9.6242,7.72414,4.54193,1.57881,1.48847,3.14862,1.71966,1.91288,3.02948,3.9173
99.071,100.39,45.9918,5.86074,0.543491,14.5418,14.4298,0.369357,2.91291,6.69443,6.30626,6.78346,3.38687,2.45287,1.84558,0.542101,4.08546,5.65356,3.28917,0.473845,0.270482,0.477444
103.838,109.014,57.5722,0.140335,1.71899,3.18113,2.09568,5.65907,0.313833,2.62579,2.79023,2.68827,3.58601,5.18139,4.05813,1.64263,2.98494,5.22263,3.1437,2.43705,3.6244,2.2072
98.6669,115.01,75.1594,9.91592,1.11311,16.238,17.4976,0.308406,1.45459,3.93016,1.79479,4.99451,6.06137,6.20144,4.13052,1.83451,5.06569,6.89978,3.48092,0.260333,1.5245,1.24944
101.262,90.5576,20.9736,26.0859,10.3802,7.80393,21.3318,13.0909,5.71748,1.4164,6.37258,8.6575,4.09345,1.58395,0.735465,0.209593,3.58325,3.25328,0.0830161,1.55788,4.24209,1.98478
96.8586,124.165,103.631,31.5652,9.78989,13.2529,6.76606,3.46236,3.15871,3.55249,1.78863,7.85862,5.40637,0.86341,1.14553,2.94066,5.31728,5.06897,2.34773,3.04488,3.48229,1.3302
86.934,65.912,8.31675,33.0908,8.46989,25.2041,35.4626,21.8018,8.55334,6.45871,11.1117,14.714,7.6924,0.849894,1.64774,0.75864,8.14125,11.7739,5.16402,0.376995,1.25545,1.89344
79.6161,111.976,109.153,41.0051,5.55768,3.54613,2.91994,2.01638,3.60995,5.52208,4.05267,2.19395,3.39935,2.41664,1.30553,1.26383,6.37878,9.75784,4.41862,3.60072,4.01673,3.25893
62.2559,37.3888,28.7566,37.3484,3.73391,21.6759,25.1551,11.975,3.81227,1.95477,4.56062,1.00919,1.8515,3.39877,0.465349,2.15521,1.46722,0.382241,1.64106,1.18922,0.168465,0.624645
49.5121,80.8175,88.1303,28.7163,9.10588,11.138,2.65633,4.13938,1.81246,0.283005,7.11423,6.43625,5.25434,2.80845,1.08431,0.567188,7.50319,9.22883,2.34815,0.982251,1.9791,1.17015
38.9832,17.7519,31.0136,29.0329,2.01212,6.78222,9.80386,0.313794,1.84686,2.60966,5.20099,3.26509,3.71375,3.71928,1.11736,1.47033,4.7369,7.3076,2.51063,0.0713475,1.22898,3.29356
21.9054,42.0889,53.1129,18.22,4.85301,7.78104,3.23164,10.0631,2.96686,4.31901,13.5515,17.0512,2.33044,7.99526,3.22276,0.59722,0.478206,0.549289,1.22922,2.24864,0.406316,1.94469
12.4151,0.948958,15.4471,5.93658,9.36324,9.87537,3.17427,5.41214,7.29301,9.6,3.79036,8.84182,5.71771,3.1672,3.64053,0.1732,5.44717,5.91992,0.459224,0.414263,3.06747,2.45722
8.10359,6.84456,0.343142,6.85007,1.88974,21.2131,16.9808,2.67508,5.25164,3.88401,5.60961,7.03277,7.53554,4.49704,1.18372,2.66366,3.09487,5.87756,1.39657,2.68678,2.14978,1.75459
28.4545,22.9737,0.200535,9.19424,1.73943,3.21877,2.99523,8.15689,6.35334,0.585764,3.22958,0.587708,3.72066,5.90352,3.70396,0.299144,1.17458,3.44191,1.42862,1.34875,3.34034,1.64173
35.942,55.6205,56.0735,17.7372,7.9272,25.2051,31.4647,13.2222,3.3073,0.501175,7.77097,2.40663,2.23702,2.24123,5.19219,3.90728,2.66586,2.12192,1.19333,0.85686,2.34909,1.73003
59.1932,37.5801,17.1592,20.9047,11.9303,17.4121,18.8304,11.0497,1.67664,2.19489,8.50166,11.0981,5.97318,1.12246,4.42897,3.19789,0.5249,0.210718,1.15053,3.27839,2.87359,1.71168
68.8017,101.406,101.757,33.6148,3.87276,11.1737,30.295,18.6648,0.217659,2.91594,5.809,12.8651,5.85721,0.108249,2.59779,2.49215,3.64956,4.4331,0.0850422,0.996205,1.81091,2.10819
85.9208,59.4957,20.1264,37.4147,2.22125,20.3339,28.9699,7.83482,5.67204,4.93192,5.94333,9.75644,5.61102,3.06463,5.69933,5.46328,8.02969,8.55622,2.09479,2.16131,1.09417,1.39163
90.7938,128.875,120.301,35.8223,3.38272,7.64907,11.1815,8.00242,2.22873,2.35809,0.0176396,8.14604,10.0961,8.29346,5.46672,1.36979,1.77329,2.46479,0.205241,1.22592,0.708934,0.604287
103.743,80.2698,5.4349,39.6231,2.41967,19.1588,17.4367,3.74284,8.33162,5.05249,3.1722,10.4231,8.57484,4.52795,0.340412,2.62286,4.14417,4.21733,0.26293,1.84954,2.1799,2.7984
110.706,144.123,122.036,39.0373,10.3551,2.05478,4.77151,0.0866592,4.53189,4.64268,4.91054,2.88642,2.12512,5.03694,4.35077,2.93608,6.29399,7.80787,1.59505,0.691723,0.220393,1.26302
116.097,102.359,23.0764,21.8534,8.96763,19.2748,4.02881,12.1311,4.68983,2.91266,9.26348,10.6487,7.90328,7.73126,3.61567,0.656432,2.39639,2.48401,0.457358,3.07001,3.92132,1.56978
118.878,137.868,97.3379,25.1398,15.3284,20.2639,16.4057,3.68872,5.39679,1.31354,2.12451,4.73586,5.28114,2.91324,0.67946,3.12266,4.29123,3.93449,1.7408,0.787368,2.09763,0.379609
114.908,116.725,54.8266,7.5407,1.84224,12.1082,9.58057,2.27444,1.64986,0.413699,8.19934,9.84353,3.90724,1.13225,1.39744,3.091,5.06821,4.37622,1.06103,1.15992,2.56693,0.80538
121.18,126.325,63.0552,4.62004,6.0528,19.1429,24.3294,10.145,0.581753,2.4036,1.55049,11.0184,7.75489,0.646824,0.424278,1.6583,0.812607,0.71242,0.0255349,1.93076,2.3553,1.72759
117.602,134.239,87.4181,11.4594,0.204802,9.40097,17.05,8.86053,4.57435,7.72649,13.4653,15.7823,7.78014,0.718518,0.442315,2.07566,2.06094,2.21921,2.02453,0.804455,0.122867,0.606817
108.464,97.9756,25.1454,24.0735,5.9057,19.2782,37.0319,20.4416,4.85778,7.12919,8.66754,0.835448,0.541119,4.26487,2.43179,0.874452,2.82031,2.71651,1.07258,0.933289,1.31118,1.63118
101.704,128.585,104.635,32.8812,8.46229,1.31227,3.35938,6.94728,1.96829,3.30986,5.66488,2.41989,2.6191,4.17802,3.17953,2.17735,0.260139,1.36495,0.974616,0.603546,0.890353,1.02108
96.2803,75.0465,0.764821,28.9408,9.97165,30.9748,35.9905,16.8804,5.01525,0.402952,1.89744,0.57409,0.744414,2.15647,0.781978,0.638275,0.115658,0.1985,0.608287,1.03371,0.398128,0.087939
83.7708,115.966,107.631,37.3064,8.74745,13.3716,7.78514,2.72512,1.21605,0.955219,2.85489,1.91874,0.722119,6.05532,3.8213,1.51474,0.61152,2.35229,1.54803,0.151297,1.01702,1.50729
74.4739,51.3136,17.9439,37.4564,1.51181,15.7138,12.7378,0.431072,0.000134379,4.72975,12.1426,14.8952,6.14004,2.08653,3.06668,0.350554,5.04838,5.50344,2.25742,1.49211,1.19565,0.0987724
61.0531,90.4404,88.8462,27.0431,6.56328,14.4695,7.72188,4.88177,0.718856,5.33461,0.603805,8.3061,7.45429,1.63154,0.362758,0.331394,1.51974,2.8953,1.4086,0.257761,0.871144,0.160553
51.9195,29.5135,23.7554,27.4319,0.507519,2.67946,3.01367,11.9101,7.87433,1.73918,0.962979,5.58081,4.8117,1.98426,2.99389,2.91355,1.26063,0.437957,0.598399,0.649337,0.957215,0.0285489
32.3966,52.2684,58.7569,20.5843,0.566855,16.3307,12.6428,4.10156,2.54583,0.984267,4.61855,7.14772,3.14239,0.905666,1.57161,0.310061,2.38199,2.91448,1.31253,0.75264,0.567552,0.174914
21.2298,5.94117,19.1151,9.47345,11.8486,11.8221,2.70007,6.55865,6.89317,3.98007,0.408116,3.43242,2.30319,1.32681,0.21684,1.22445,2.3652,2.59367,1.38725,0.48917,0.261748,0.565702
5.37662,14.8829,22.9216,11.8949,6.32423,24.5129,25.51,7.29416,3.90383,4.47179,2.2771,0.55466,0.857785,1.7723,0.633908,0.684781,1.40851,0.0388973,0.260014,0.0978155,0.224466,0.0490229
6.45679,9.90664,10.407,2.45131,2.21862,1.34165,3.57092,4.30681,0.622388,2.53774,4.34298,3.40601,1.43701,0.158354,0.0347575,1.48883,2.57436,1.76976,0.506456,0.00149557,0.0238104,0.35936
17.9382,21.9409,17.3428,8.59063,2.23666,18.3571,29.7386,13.0935,3.23816,0.991572,2.6065,1.56998,2.68168,1.09685,0.225627,1.25342,0.828563,0.0794651,0.425,0.761454,0.382282,0.132522
34.1504,30.6635,9.16146,1.22926,6.8005,12.7545,17.4939,8.14923,2.51843,1.62683,4.62551,6.34256,2.53852,0.241349,0.142383,0.530056,0.372773,0.127913,0.204695,0.399846,0.122878,0.337046
41.8698,53.5347,45.9386,13.5774,2.73885,16.2643,22.193,8.5549,0.782105,2.66362,1.60661,2.17015,2.3248,0.367817,0.293451,0.553863,0.0256228,0.909297,0.843534,0.485729,0.0247836,0.0942
52.502,41.0902,0.470178,12.6755,3.40739,5.37058,11.3944,3.39961,3.29776,4.79575,3.94616,2.86368,1.75939,0.884427,0.547582,1.02529,2.24074,1.15948,0.0334418,0.0983349,0.138886,0.173205
51.4109,70.1867,60.8291,14.3094,7.37108,13.6108,12.6409,5.11817,1.17058,0.818072,0.664313,2.70744,1.9595,0.133449,0.398119,0.818887,1.67913,0.330462,0.301184,0.175147,0.265121,0.295799
62.429,51.5527,3.32406,18.6321,1.91965,8.01981,2.32922,3.99782,2.5052,1.35327,1.00489,2.25659,0.28214,0.693509,0.606531,0.673716,1.06471,0.845044,0.0706752,0.158403,0.0595381,0.174957
69.6682,89.4989,73.1684,18.108,0.181058,6.50967,11.8038,6.49547,1.58938,0.0714975,2.29019,2.38673,1.05127,0.256337,0.39514,0.285508,0.961934,1.18154,0.0509626,0.545646,0.346288,0.28879
80.3921,67.0135,10.4495,15.416,1.61153,10.1026,6.76925,2.36381,1.78806,1.44516,0.305889,2.03303,1.24967,0.149705,0.351627,0.887393,0.326818,0.731591,0.538282,0.0257029,0.0991445,0.198383
82.1434,100.053,75.5142,18.1551,1.46874,4.52896,6.88445,2.52355,0.356596,0.432187,1.59124,0.559064,0.00451699,0.550901,0.388855,0.669965,1.20572,0.127191,0.49777,0.275393,0.198976,0.0631702
85.3648,75.6304,18.8059,16.9315,2.24535,6.86205,7.94165,0.363069,2.0557,2.32754,1.65705,0.548377,0.285464,0.307546,0.240454,1.51853,3.0836,1.5982,0.273191,0.23855,0.024638,0.125911
88.1068,101.504,68.3283,9.38308,0.386112,2.38388,1.46758,1.90496,1.1508,0.851815,1.28881,1.96664,1.14566,0.602227,0.934682,1.74355,1.51471,0.205791,0.695575,0.166735,0.0736188,0.17194
86.0426,79.3681,24.5786,15.349,6.43661,7.45105,4.82303,0.490638,0.958284,0.627818,0.60342,1.51925,0.669271,0.28055,0.180133,0.0212011,0.222602,0.155945,0.163714,0.0899861,0.107087,0.0120488
86.0306,96.3783,60.322,4.88767,2.53135,0.143611,3.11426,2.07803,1.9184,0.878268,1.26225,0.673874,0.109627,0.254646,0.123673,0.950319,1.4898,1.22744,0.674818,0.276271,0.0379754,0.130829
85.4889,80.8569,30.9979,8.09166,0.521653,3.87175,2.28187,0.457852,0.134916,0.559124,0.524741,0.630714,0.268423,0.100243,0.0798282,0.778122,0.786101,0.500069,0.373303,0.239893,0.348918,0.0744999
83.7103,90.6842,53.7432,3.93724,1.8678,1.96953,2.3183,0.893034,1.23948,0.444874,0.405531,0.384028,0.638574,0.520562,0.600553,1.98978,3.22354,2.18747,0.970467,0.465302,0.0489088,0.121026
82.5971,79.551,35.2353,1.66538,2.79188,0.378132,3.41985,1.89023,0.70405,0.208634,0.163674,0.41478,0.166278,0.176705,0.0831247,0.92431,1.55034,0.850914,0.101377,0.333141,0.305431,0.139403
77.2362,80.9784,44.6164,1.11897,1.44584,1.94819,3.73962,1.47355,0.212959,1.35334,1.66406,0.478663,0.0292211,0.158818,0.152638,0.0360309,0.516333,0.670231,0.027719,0.324064,0.0315764,0.133363
75.8127,74.1811,35.0738,0.57052,2.13832,3.9393,4.35941,2.20403,0.729583,0.121734,0.336875,0.65078,0.231217,0.0154195,0.470208,1.10387,1.03048,0.0940641,0.0891665,0.343825,0.0807065,0.205972
69.2686,71.3986,37.3958,0.22301,1.58574,2.59911,3.08288,1.92529,1.74208,1.15008,0.592908,0.914254,0.0847446,0.425696,0.0685785,0.881609,2.03291,1.58763,0.591618,0.148749,0.19578,0.00332405
64.9037,64.1453,31.376,0.322978,0.0254611,0.727522,1.34511,0.735508,0.550052,1.22923,1.56473,1.31702,0.903043,0.567178,0.0415767,1.37509,1.54459,0.0259321,0.377806,0.0340526,0.210673,0.248098
57.3074,58.036,29.3919,0.900553,1.09627,0.113607,0.526588,1.33041,1.08579,0.79662,0.372676,0.679669,0.380858,0.277608,0.678349,1.66049,1.41869,0.272026,0.37902,0.496999,0.373799,0.00887527
51.125,50.8472,25.022,0.387479,1.05407,1.80395,1.25483,0.014882,0.0994251,2.46501,2.31494,0.00528163,0.688902,0.50915,0.287519,0.656518,0.0840492,0.126732,0.108809,0.041962,0.428625,0.27413
45.4367,46.1365,23.7456,1.7044,1.74555,0.843517,0.147709,2.00374,0.524127,1.50684,1.24815,0.490996,1.08174,0.474321,0.405642,1.24602,0.978483,0.274934,0.601958,0.404754,0.309522,0.0662869
40.6486,40.5725,20.4121,0.621823,1.59147,0.405086,2.71081,1.30547,0.570854,0.221632,1.55999,1.18658,0.0575292,0.200218,0.282807,0.747223,0.970713,2.53925,1.26514,0.0927179,0.381811,0.381138
35.6633,36.0531,18.0053,0.889427,0.797763,3.31285,1.77436,0.225682,0.626909,0.466769,0.988822,0.0678085,0.0129109,0.302448,0.504627,2.4254,4.64222,3.55879,0.721833,0.350421,0.52125,0.202729
27.6413,28.7143,14.2253,1.5494,0.922212,1.26159,2.66024,1.79602,1.30094,0.932326,0.742653,1.1649,0.517962,0.0182222,0.0621632,1.08067,1.76146,0.48544,1.39285,0.264992,0.187411,0.0845198
21.8754,22.9747,12.4961,0.181107,1.97825,3.26589,3.09182,1.82831,2.22071,2.82089,1.76173,0.56504,0.304331,0.725519,1.21155,2.02746,2.73574,1.82401,0.400867,0.00652473,0.0566109,0.192734
15.7144,16.4475,8.71207,1.735,3.16889,2.88431,2.908,1.34374,1.63094,1.88125,0.360201,1.10939,0.00165935,0.396565,0.658482,0.134292,0.766513,0.166512,0.380264,0.357975,0.116866,0.220348
10.6642,11.9898,7.60052,1.12435,0.411866,0.783634,3.27212,2.89967,1.98349,1.36289,1.11466,1.67301,1.3423,0.486597,0.32028,1.24933,1.28127,0.257149,0.193694,0.268072,0.498493,0.230225
7.9766,9.07255,5.93863,1.95149,2.0216,0.448808,1.5946,0.739466,1.81965,3.21762,2.578,0.747047,0.437283,0.915347,0.946237,1.57057,1.41864,0.00188761,0.714812,0.00283016,1.01459,0.677584
5.52756,6.0223,3.24616,0.213331,0.362332,0.212376,1.92919,2.75033,1.80382,1.77948,2.89803,2.48431,0.394382,0.621505,0.726471,0.364318,0.266257,0.00366611,0.239635,0.791671,1.77273,0.777913
3.69148,5.01618,4.06138,0.914182,0.0713848,0.625431,0.77161,0.331422,0.435626,0.710199,1.19248,0.918163,1.15163,0.438878,0.160641,0.246387,0.268795,0.841038,0.240086,1.30953,2.59265,1.18229
3.25606,3.34506,1.13437,0.273857,0.762422,0.351791,0.334605,0.509745,0.107366,0.467917,0.126618,0.0903245,0.547869,0.734763,0.304888,0.499117,1.71855,1.69546,0.580168,1.43519,3.18305,1.82222
2.27085,3.054,1.968,1.00696,2.39882,1.94797,0.838285,1.39012,1.03865,0.289029,1.44117,0.4903,0.536701,0.0519276,0.130722,0.445764,1.35082,1.3423,0.774269,2.3802,4.00645,2.08375
1.42013,1.54372,0.0400202,1.00297,0.599663,0.602792,0.104408,0.938375,1.16484,0.541444,1.07943,1.7369,0.0140776,0.766988,0.0607063,0.653286,1.27082,1.36795,0.748784,2.431,4.59047,2.49633
1.12809,1.63338,0.889443,1.64701,2.10649,0.979419,2.06069,1.57232,1.39418,0.96096,0.51305,0.112707,0.181288,0.00454558,0.14552,0.277922,1.29204,1.76528,0.263499,3.15908,5.19502,2.32736
0.809525,0.875965,0.156491,0.928127,0.208172,0.779096,0.0603667,0.911976,1.43507,0.895297,0.729901,1.36248,0.0158803,0.713202,0.446942,0.562002,1.51938,2.10813,1.1178,2.7306,5.09645,2.39996
0.512274,0.764248,0.34242,0.552967,0.251283,0.691765,1.05752,0.0853517,0.586164,0.816741,1.02876,0.365717,0.0107335,0.102286,0.0805346,0.409193,1.06922,0.606503,0.223071,2.39683,4.17405,1.67795
0.482574,0.580389,0.427396,0.0490103,0.0836823,0.760522,1.01438,0.326639,1.55617,2.93009,1.54162,0.521364,0.745478,0.410759,0.32112,1.27632,1.93153,1.27569,0.0841281,2.07535,3.34538,1.55369
0.280025,0.326013,0.291445,0.605303,0.835282,0.508287,0.413833,0.292538,0.546737,1.59337,0.553968,1.29365,1.02923,0.28585,0.177967,0.0165652,0.949894,1.64705,0.363804,0.535454,1.42018,0.719277
0.335125,0.433825,0.74131,0.568118,0.746449,2.35265,2.6871,0.983118,1.13238,2.79483,0.507586,1.71273,0.695027,0.255632,0.625556,0.0946403,0.664947,2.02705,1.11231,0.036699,0.0941351,0.109549
0.283188,0.0366876,0.104966,1.35373,1.50326,0.103019,0.553893,0.452079,1.0595,0.410042,0.226342,0.235981,0.377619,0.492169,0.118737,0.945994,2.34468,2.41295,0.86568,0.927966,1.88536,1.09731
0.160674,0.411165,1.45859,1.75197,0.171402,0.138905,1.63971,1.15992,0.815826,1.42831,0.286429,0.591024,0.272742,0.308642,0.303745,0.47703,1.04332,2.85652,1.77608,2.34838,3.51781,1.54802
0.0208998,0.211659,0.0716089,1.39317,1.63033,0.519873,0.126802,0.799952,1.69626,1.44134,0.770841,0.414886,0.29789,0.69754,0.762014,0.0911045,2.24357,3.08939,1.11092,2.5789,4.47834,1.94947
0.134345,0.284706,0.707127,0.729812,0.54958,0.820338,0.464041,0.240567,0.813149,0.525187,0.576058,0.0250723,0.782817,0.27037,0.296292,0.0267615,0.155399,1.0392,1.04011,3.4406,5.57446,2.63148
0.1152,0.0745211,0.520232,0.675156,0.2487,1.57991,1.13704,0.600971,1.77273,1.89538,0.54674,0.0744218,0.476029,0.779226,0.871229,1.11545,0.634004,0.17551,0.106422,2.59085,4.17007,1.37493
0.0187712,0.171685,0.18906,1.04243,0.460647,0.263577,0.226266,0.260988,0.965396,2.37544,1.18289,0.676249,0.091308,0.316971,0.115339,0.58097,0.900831,0.840863,0.789502,1.83451,2.56205,1.00091
0.0411266,0.085621,0.627667,1.84733,2.16653,1.9213,0.675587,0.0514166,1.20468,1.47662,1.30564,1.28164,0.542734,0.250966,0.322758,0.653525,1.56287,1.21358,0.579046,0.0168493,0.573802,0.607725
0.0658847,0.00511458,0.948162,1.4754,0.953821,1.33962,1.2518,0.708424,1.08091,1.97164,1.68219,0.589133,0.6837,0.552147,0.126177,0.52312,0.147824,1.42711,0.707377,2.31843,4.00833,1.5274
0.0384297,0.24781,0.1152,0.95995,1.43018,0.851219,0.623908,0.0627265,1.38079,1.38964,0.858649,0.704765,0.0830878,0.538558,0.423975,0.99133,2.7759,3.13797,1.04012,4.07088,7.07717,2.79596
0.0420345,0.175317,0.691982,0.618808,0.0369055,0.038604,0.484653,1.26915,0.621791,0.335092,0.141867,0.291912,0.34798,0.404926,0.213988,0.54492,0.640504,1.65623,1.13427,5.78833,9.39149,3.85426
0.0427043,0.20038,0.504019,0.241628,0.122941,0.468483,0.223365,0.2272,0.455019,0.356943,0.329523,0.904827,0.0172891,0.600153,0.250734,0.19657,0.458551,0.310227,0.665725,6.4858,9.9316,3.82133
0.190825,0.168977,0.359169,0.105916,0.524714,1.21747,0.672344,0.18335,0.874189,0.578327,0.224046,0.183771,0.0567162,0.23557,0.41542,1.3398,0.860859,0.773394,0.0404088,5.72124,8.64058,3.49459
0.102377,0.160145,0.975263,1.5597,1.73923,2.36999,1.42938,0.617077,0.641297,0.401691,0.223022,0.247942,0.450961,0.966526,0.329544,1.59738,3.56407,2.80167,1.4112,3.65416,4.62093,1.54735
0.119133,0.04056,0.470012,1.02749,0.260318,0.272766,0.437832,1.62234,1.97259,0.0758248,0.65655,0.313912,0.185014,0.0237239,0.0355343,0.30391,0.0935886,0.644698,0.223932,0.980668,1.8552,0.768973
0.0251694,0.00794599,0.491266,1.61626,1.40509,0.404141,0.758083,0.665277,2.25934,3.21343,1.68931,0.184565,0.117155,0.573132,0.198906,0.660896,1.06048,0.394509,0.250779,4.57609,7.67642,3.31131
0.00569944,0.0490647,0.543036,0.840098,0.0123026,0.198479,1.01731,2.06588,2.15008,1.46772,0.752271,0.144352,0.0609318,0.0536006,0.505686,1.14613,0.00196632,1.29024,0.00711301,7.31321,12.0028,5.28741
0.136901,0.0907301,0.101672,0.302783,0.174072,0.223503,0.0704725,0.0588927,1.12061,2.01593,1.07086,0.147771,0.0854325,0.0118924,0.436211,0.480143,0.987988,1.95572,1.54285,8.45746,13.8906,5.82231
0.00824826,0.26397,0.533177,0.561349,0.239486,0.843408,1.4728,0.853829,0.390566,1.48301,2.02512,0.859118,0.202864,0.210992,0.276597,0.826949,1.5589,1.34164,0.0637545,7.48628,13.1852,5.75148
0.0808304,0.251063,0.883024,1.21034,1.32301,0.895148,0.572556,0.957564,0.538995,0.00482629,0.210879,0.467242,0.379436,0.238153,0.10446,0.321542,0.733797,0.334957,0.0616426,6.30027,11.654,5.0791
0.0776988,0.346523,0.426642,0.0146286,0.771149,1.32874,0.394624,0.969271,1.71591,0.257664,1.56389,1.41313,0.688239,0.160289,0.557723,0.926152,0.0542825,0.578939,0.0522759,5.50532,10.1066,4.25483
0.0351634,0.394898,1.25628,1.91404,1.40058,0.199264,1.08145,0.777289,0.490142,0.668652,0.741725,0.451012,0.00496,0.288475,0.48695,0.618944,0.805822,2.22635,1.18959,4.41749,8.189,3.50473
0.19275,0.278557,0.212912,0.709754,0.29092,0.143676,0.12858,0.900037,1.55665,0.571355,2.28869,1.09902,0.251137,0.102442,0.573921,1.48914,2.46436,1.46054,0.00404446,2.82842,5.16662,2.24699
0.0399029,0.293506,1.24339,1.63279,0.619434,0.17937,0.636068,0.324057,0.672621,1.38656,0.41572,0.409014,0.0178821,0.123973,0.256557,0.239592,1.09153,0.64316,0.0812654,0.145391,0.732192,0.416316
0.0704868,0.207437,0.209428,0.936898,1.52984,0.426842,0.205223,0.683432,0.709143,1.31814,2.63105,1.78436,0.741136,0.194795,0.0268392,0.122631,0.955526,1.49996,0.807641,2.08069,2.66595,0.773637
0.188114,0.0236244,0.354683,0.101691,0.817235,0.187226,0.554011,0.525405,1.29376,2.81841,1.22753,0.0583279,0.481784,0.536123,0.463185,0.836547,0.0218204,1.58303,0.559814,3.53429,4.84587,1.43267
0.0465742,0.0117946,0.365454,0.311001,0.937077,1.40183,0.564542,0.378356,0.982981,1.24941,1.20895,1.02604,0.605981,0.387807,0.751783,1.69719,2.62168,1.88732,0.457994,3.28292,5.70181,2.54454
0.0747531,0.0575353,0.576617,1.77444,1.69499,0.551534,0.21251,0.0963198,1.75933,3.54013,1.92944,0.0712184,0.0813965,0.284966,0.554514,0.318375,0.249465,0.788901,0.550671,2.31317,4.43815,1.96052
0.0172891,0.205566,0.309695,1.19373,0.669184,0.0735108,0.00358161,0.790456,1.34573,0.157299,0.591346,0.0608706,0.0315276,0.36227,0.487547,1.12397,1.53882,0.702592,0.0569642,1.73425,3.39483,1.50267
0.139354,0.101601,1.07632,1.66215,1.02391,0.429917,0.255276,0.326082,0.33601,0.244848,0.603581,1.16915,0.313192,0.485962,0.551325,0.640045,1.21044,0.391308,0.0439106,1.2977,2.74951,1.39806
0.0627861,0.32269,0.362121,0.602748,1.27123,1.32523,1.08859,0.0454807,0.950565,0.343491,1.02555,0.0264528,0.312163,0.303063,0.214292,0.16238,0.0774764,0.246213,0.130794,1.36678,2.79098,1.34367
0.0516316,0.310795,1.05683,0.669507,0.412851,0.029772,0.381408,0.0506531,0.721579,1.30047,1.17471,0.825204,0.103989,0.0559565,0.327419,0.688978,0.758489,0.0713048,0.0636199,2.11683,3.44511,1.30758
0.0302992,0.349114,0.649784,0.153673,0.74647,0.0777319,0.692502,0.194856,0.563518,0.0516639,0.728357,0.0869362,0.370452,0.460754,0.0982856,0.689606,1.17089,0.964454,0.465314,2.15822,3.68896,1.65472
0.0564736,0.264929,0.599712,0.0961344,0.76698,1.21993,0.632079,0.395835,1.56111,1.27016,0.673699,1.24948,0.64383,0.0903866,0.264422,0.0639957,0.384008,0.537648,0.320511,2.34626,3.6216,1.37939
0.0445478,0.246107,0.96778,1.22464,0.797224,0.636593,0.514298,0.28788,0.184325,0.30702,0.272531,1.11937,0.200411,0.195816,0.624307,1.5179,2.55325,2.38685,0.89494,1.4383,2.22616,0.682867
0.057803,0.20174,0.0808553,0.700424,0.144351,0.0250135,0.640249,0.225633,1.79305,1.09361,0.138059,0.583514,0.656569,0.267851,0.000320735,0.639395,0.364046,2.22215,0.894717,0.741626,0.491659,0.021492
0.113033,0.0355137,0.631701,1.83166,1.7523,0.182529,0.67177,0.155679,1.43285,2.69312,1.11179,0.723613,0.215445,0.0381684,0.423318,0.130935,2.03767,2.68085,1.05995,0.558054,1.35421,0.854008
0.1565,0.121944,0.592257,0.908615,0.586936,1.90181,1.27314,0.527619,2.46208,2.03603,0.656827,0.75868,1.0169,0.698083,0.225786,0.0274094,2.12723,2.51524,0.879128,1.82366,3.40331,1.60717
0.0864822,0.0891093,0.270337,0.300539,0.510838,0.37166,0.385209,0.458275,2.16678,2.74351,0.612082,0.99251,0.605325,0.259979,0.274308,1.6241,0.98999,0.78616,0.55314,2.4024,4.90987,2.6455
0.0144511,0.243789,0.206062,0.409011,0.198268,0.401641,0.1869,0.943222,1.69383,0.599031,0.10569,0.476451,0.779593,0.746533,0.0856674,1.54415,1.7698,0.213017,0.145886,3.27957,6.36619,3.31551
0.0187158,0.271817,1.22882,2.25171,1.67522,0.144597,0.727167,0.699334,2.68133,3.48226,0.880554,0.765687,0.707467,0.354563,0.560959,0.0772897,2.36569,2.90225,1.09262,3.8844,7.23593,3.31533
0.000171244,0.431044,0.237644,0.559174,0.518849,1.01774,0.0332473,0.0763608,0.136424,0.445894,1.65543,1.61886,0.670955,0.00231042,0.184129,1.21448,3.0263,2.30799,0.223455,4.98266,8.08922,3.7554
0.0605696,0.249511,1.23684,2.32087,1.51225,0.380097,0.663173,0.210574,1.17935,2.30291,0.68115,0.812479,0.697597,0.269249,0.0791611,1.31819,1.6039,0.140177,0.72443,4.75636,8.22564,3.50629
0.0567169,0.177193,0.132183,0.578767,0.874747,2.43574,2.13503,1.9921,1.8344,0.741039,2.56347,1.2972,0.0460384,0.209794,0.183072,0.297,0.35195,0.086272,0.300274,4.60705,7.73533,3.25069
0.0288662,0.165539,0.639547,1.12582,0.729002,0.0583956,0.369843,0.595229,0.355746,0.100504,0.11341,0.423769,0.30343,0.206648,0.0909862,0.907451,1.31651,0.15747,0.135491,3.63031,6.41274,2.8854
0.149645,0.0104945,0.165412,0.423249,0.278123,0.416021,0.198293,0.151701,0.241961,1.32579,1.8248,0.684738,0.329894,0.485117,0.26218,0.817949,1.05308,0.131592,0.312741,2.92112,4.98707,2.03618
0.0339948,0.0958626,0.330894,0.413972,0.333342,0.527181,0.486887,0.608961,0.272891,1.93169,0.55153,1.23134,0.8347,0.377243,0.124708,1.22253,2.71461,1.8532,0.150399,2.34895,3.93131,1.68242
0.033575,0.0278351,0.115015,0.494553,1.20739,1.51589,1.38582,1.34621,0.0259632,2.02108,1.75307,0.477058,0.592078,0.690388,0.392305,1.05681,2.44106,2.27377,0.833303,1.92714,3.08009,1.1356
0.00286324,0.0319643,0.0924353,0.51775,0.210693,1.00755,1.16399,0.678291,0.538368,0.899829,0.629645,0.164882,0.147605,0.177687,0.362701,0.83208,0.544658,0.707228,0.484844,1.36212,2.07646,0.789414
0.0393552,0.0628863,0.239732,0.443667,0.674915,1.73308,1.20593,0.938321,2.63602,4.56029,3.72437,1.78768,1.31228,0.915813,0.361069,1.29324,2.25226,1.24116,0.0155256,0.876468,0.969292,0.142122
0.0693837,0.0424476,0.418969,1.16816,0.926033,0.403877,0.803987,1.29622,0.628429,0.783311,0.534347,0.0774045,0.0233362,0.180515,0.207467,0.609705,0.587301,0.12286,0.445339,0.341278,0.348264,0.450618
0.0145443,0.0812479,0.369393,0.933573,0.351254,0.013215,0.760112,1.84712,2.05855,1.55909,1.209,0.858631,0.862383,0.613927,0.350981,1.56788,2.55524,1.56731,0.562958,1.21224,3.2738,1.8828
0.0751571,0.00534159,0.691118,1.29884,0.881576,0.229707,0.497413,0.0398566,0.518265,0.0676116,0.111393,0.292099,0.0810345,0.106557,0.237919,0.746904,1.06301,0.122167,0.420579,4.03246,7.38256,3.42581
0.0343679,0.131135,0.147822,0.88392,1.06168,1.01,0.55263,0.131128,1.0416,1.94923,1.45984,0.342896,0.50958,0.53422,0.238289,0.658293,0.903073,0.299677,0.136628,6.44126,11.588,5.1075
0.008046,0.110202,0.629312,0.716467,0.488032,1.14733,0.433982,0.809801,0.0731562,0.298927,0.470465,0.478941,0.0415061,0.289084,0.454408,0.651495,1.12713,0.34067,0.56123,9.13096,15.5532,6.64852
0.015354,0.185095,0.0482263,0.65945,1.24091,1.42139,0.406176,1.85855,3.83386,4.53851,3.32685,1.03803,0.0844854,0.0236022,0.493817,0.563488,0.685453,1.26679,0.0817115,10.5833,17.0875,6.93153
0.0892123,0.116792,0.670359,0.775916,0.392549,0.583967,0.23269,0.322325,0.150621,0.295756,0.238023,0.864214,0.332812,0.124781,0.509861,0.491998,0.884223,0.854073,0.410614,8.76954,14.9879,6.29121
0.00104116,0.215236,0.369985,0.0446856,0.560247,0.43765,0.369774,0.163037,1.43421,2.4337,2.44092,1.64276,0.589049,0.171359,0.532272,0.355773,0.637778,0.487072,0.132714,5.5461,9.71373,4.1063
0.010668,0.189005,0.258627,0.214589,0.514313,0.265512,0.487907,0.121234,0.74163,0.48122,0.456551,0.639111,0.0200795,0.0637927,0.323276,0.115633,0.266342,0.587267,0.0155321,0.928033,2.08448,1.34318
0.144779,0.0723998,0.691118,0.865029,0.67763,1.38464,1.00292,0.885421,1.75299,1.42152,0.0975586,0.879703,0.628752,0.18213,0.837478,0.499049,0.214521,0.0557048,0.127189,3.8299,5.43255,1.6531
0.0711716,0.204264,0.0687864,0.891286,0.93917,0.833922,0.119987,1.00964,0.70407,0.548456,1.72455,1.52152,0.0347151,0.198018,0.458941,0.161949,0.287961,0.202041,0.625566,7.34826,10.6699,3.9368
0.171784,0.0237115,0.813343,1.67158,1.11157,0.153183,0.818856,0.727094,0.589955,2.65316,2.48707,0.500389,0.446495,0.0126331,0.24022,1.03952,1.68756,0.609454,0.792411,7.78628,11.8473,4.47968
0.155393,0.025303,0.464052,1.05626,0.177633,0.474343,0.53184,0.899411,1.07945,2.66013,2.85346,0.97664,0.452787,0.56618,0.542469,1.51179,1.4504,0.876616,0.682371,5.88723,9.42068,3.47626
0.0135373,0.013233,0.424737,1.17282,0.992798,0.0631831,0.157027,1.12716,1.09229,0.157619,1.28621,0.641968,0.667288,0.415268,0.422255,1.91318,2.12057,0.952376,0.114902,3.51573,6.0817,2.55594
0.11779,0.0813235,0.35984,0.580936,0.141576,0.382075,0.487777,1.05167,0.854771,3.16174,1.8734,0.114959,0.182,0.0887843,0.486977,1.26937,1.54213,1.17206,0.626671,0.899738,1.90214,0.817631
0.0548976,0.081703,0.0148955,0.529297,0.559784,0.00587805,0.231211,0.65462,0.0581373,2.2628,1.28666,0.341939,0.527891,0.591391,0.25625,1.30101,2.12448,1.44572,0.417088,1.40484,2.81633,1.44665
0.0820894,0.0493899,0.275927,0.0893692,0.357307,0.45498,0.789557,0.68785,0.0438863,0.923749,1.87588,1.05266,0.185834,0.575168,0.195807,0.153084,0.67172,0.915481,0.462367,4.06919,7.64159,3.46126
0.0279186,0.109186,0.337353,0.235358,0.0539411,0.103724,0.198183,1.47407,2.40236,0.153854,1.1284,0.449936,0.60017,0.771836,0.13011,0.710764,2.04184,1.37891,0.642321,7.40621,12.2465,4.90711
0.0953624,0.225214,0.110037,0.280351,0.537663,1.00821,1.56613,1.68903,0.510566,3.54938,3.12792,0.708683,0.688199,0.6516,0.114075,0.0660888,1.10812,1.41572,1.20192,9.41364,15.218,6.27188
0.0423803,0.17562,0.688908,0.995236,0.956,0.920307,0.637497,0.290931,1.78005,3.15051,0.673806,0.54314,0.273542,0.104432,0.36735,0.145101,1.95486,2.01219,0.0959767,8.70638,14.4276,5.96823
0.144969,0.25986,0.0363629,0.420228,0.0532638,0.0808982,0.156882,0.563591,1.40173,0.120082,1.15714,0.481557,0.193762,0.194314,0.203074,0.252965,1.95081,2.51928,0.87958,6.13501,10.6886,4.53771
0.191334,0.31008,0.98208,1.76746,1.21406,0.00829399,0.240606,1.00949,1.61318,0.0467561,1.07874,0.768406,0.894964,0.610827,0.71911,1.18982,0.758323,2.04904,0.627357,2.77346,5.3744,2.47553
0.134015,0.31306,0.226057,1.00051,0.185955,1.44666,1.4456,1.74717,1.17879,1.19825,2.28983,1.23954,0.32905,0.0444201,0.39043,0.635518,0.197408,0.470965,0.291926,0.141246,0.306933,0.487428
0.135535,0.225146,1.00012,2.00241,1.01596,0.764866,0.885611,0.135948,1.41581,1.83055,0.280969,0.5777,0.687623,0.481475,0.987555,1.78237,0.0398467,1.52255,0.939553,2.6772,3.54465,1.09377
0.0847109,0.250122,0.0675931,1.08055,0.70098,0.210444,0.635414,1.98592,2.1531,0.156103,2.20233,2.08599,0.827544,0.38406,0.904762,1.84867,1.41471,0.123711,0.363748,3.62974,5.20157,1.99285
0.0367914,0.180871,0.619796,0.554049,0.566905,1.22514,0.035649,0.353909,0.679941,0.61766,0.357814,0.319907,0.508993,0.430816,0.253505,1.10534,1.42334,0.0464561,0.253284,3.03481,4.68977,1.79235
0.0978016,0.000905077,0.0985656,0.966971,2.05366,2.42624,1.27293,0.753396,2.35717,3.37323,3.21496,1.95502,0.523997,0.413198,0.779152,0.592188,1.05596,1.51213,0.591192,1.82738,3.1876,1.17552
0.046377,0.165168,0.691728,0.259661,0.426403,0.665634,0.721053,0.16389,0.923051,2.96019,2.12854,0.00850582,0.404021,0.376615,0.689774,1.87485,2.28086,1.09974,0.277151,1.59734,2.01083,0.625746
0.043954,0.354887,0.766956,0.129849,1.17169,0.391051,0.418438,0.113686,0.255473,1.19368,0.402437,1.17412,0.578788,0.480742,0.597183,0.947079,1.72535,1.33845,0.042228,0.662556,0.522674,0.0449416
0.0569269,0.364147,0.72375,0.0725879,1.51594,2.36613,0.522953,1.47169,1.79121,2.68962,1.90267,0.217646,0.652937,0.461583,0.923125,1.26644,0.756402,0.659767,0.491114,0.639077,1.414,0.693985
0.0390841,0.203568,0.662148,0.71361,0.961146,2.20773,1.40065,0.547625,1.1674,2.55573,1.68864,0.635277,0.0526301,0.591465,0.015647,0.783057,1.18627,0.901543,0.259195,1.59598,3.46543,1.94489
0.0624409,0.0639967,0.0408804,0.176841,0.347374,1.01619,0.735491,0.0999605,0.177839,0.564125,0.183996,0.709477,0.507149,0.243684,0.620982,1.59333,0.23947,1.12773,0.10059,3.42379,5.49451,2.43004
0.00496718,0.0508424,0.0680394,0.592496,1.37353,1.26791,0.382316,0.235607,0.293484,2.76589,2.63283,0.208389,0.168658,0.413029,0.423935,1.27601,0.399434,1.17231,1.04792,4.22179,7.62103,3.74026
0.0766001,0.0991485,0.514248,0.225761,0.623613,0.366056,0.990218,2.0402,2.08599,2.06391,1.94146,0.757244,0.170749,0.206537,0.49278,2.05635,1.49554,0.332874,0.429966,4.66747,8.5117,3.79132
0.00660245,0.196732,0.400872,0.290031,0.471786,0.935478,0.643788,1.14248,0.644129,1.39407,1.87297,0.858768,0.399837,0.304251,0.334246,0.353241,0.669496,1.13752,0.326033,4.8376,8.67382,3.95857
0.00529872,0.219486,0.521153,0.174938,1.22414,2.34502,1.64377,0.528571,0.577691,1.43831,1.87083,0.911978,0.20773,0.373767,0.282169,1.73154,1.88054,0.0887543,0.60961,3.66498,7.32829,3.50952
0.14273,0.363016,0.687469,0.276667,0.232189,0.869856,0.815822,0.778618,0.404806,0.115289,0.26097,0.364291,0.406646,0.453487,0.0304074,0.128523,0.753105,0.237567,0.319571,2.47017,5.13891,2.47156
0.0685761,0.289298,0.509681,0.109951,0.12626,0.213307,0.573881,1.34603,1.04427,0.934051,1.71673,0.544977,0.247944,0.238022,0.28367,0.489189,1.91546,1.81489,0.652204,1.55172,3.59008,2.06138
0.18419,0.202879,0.923259,1.23241,1.01008,0.595279,0.31759,0.269579,0.0110847,0.490715,0.133453,0.439239,0.301077,0.0991018,0.103023,0.222471,0.909361,1.54427,0.635757,1.17017,2.54079,1.29052
0.0122062,0.330824,0.487833,0.484183,0.971405,0.463944,0.600238,0.660227,0.0944804,1.54363,1.97072,1.00193,0.192556,0.197386,0.267656,0.389172,0.118769,0.954041,0.557493,0.782392,1.54003,0.785477
0.0369442,0.270677,0.771541,1.27731,1.00052,0.676327,1.26515,0.926963,2.02473,1.70749,0.503407,0.666517,0.286648,0.598769,0.350085,0.73684,0.594802,0.458783,0.420893,0.241516,0.5345,0.337198
0.168901,0.150699,0.217381,0.156054,0.953654,2.20968,1.59114,1.01739,0.319504,1.27059,1.68656,0.924684,0.52693,0.307416,0.629385,1.79448,1.25944,0.0976159,0.354643,0.174295,0.643736,0.400645
0.203265,0.503341,0.820521,1.11093,0.544777,0.661409,0.409998,0.0652248,1.38236,2.91385,1.45615,0.0349735,0.133258,0.265347,0.683917,0.760971,0.729072,1.244,0.39072,1.23543,1.97322,0.725153
0.542782,0.58733,0.332318,0.325421,1.30706,2.01082,1.7055,1.47854,1.04967,0.827448,1.91466,1.44072,0.787212,0.432144,0.79433,0.550324,0.735231,0.972681,0.325849,1.77442,3.0794,1.35102
0.862745,1.11235,0.736156,0.327891,0.417735,0.297901,0.595394,0.95786,0.815348,0.0919842,0.0817415,0.340912,0.0535228,0.100351,0.360251,0.502557,0.349984,1.35679,0.561612,2.16524,3.62178,1.41302
0.826648,1.19992,0.779928,0.162212,0.211593,0.807482,0.886284,1.90184,2.12575,0.862992,2.82409,1.532,0.16578,0.0166531,0.823316,1.3325,0.819811,0.670561,0.936277,2.81824,3.84208,1.4307
0.783507,1.08806,0.506357,0.703238,0.268472,0.908172,1.11659,0.634398,0.647621,1.61139,1.01089,0.401011,0.428032,0.450199,0.855681,1.12864,0.335666,0.163744,0.184413,1.38304,2.09801,0.789235
0.356252,1.04062,1.22628,0.725072,1.32039,1.77501,1.28603,0.985691,1.31944,2.0503,2.13379,1.07599,0.454373,0.486277,0.801528,1.46264,0.405196,1.02077,0.125597,0.973364,0.781853,0.200345
0.258066,0.0650274,0.0710119,0.927518,1.08342,0.630619,0.583638,1.0885,0.199769,2.21646,0.163026,1.60935,0.345148,0.111267,0.184132,0.00529098,1.83931,2.39813,0.655103,1.53289,2.76682,1.18528
1.57784,1.27121,0.628178,0.129063,0.915978,0.689661,0.269311,1.06015,0.120524,2.22199,1.66254,0.440755,0.706851,0.501528,1.37291,2.56972,2.02473,0.958687,0.261529,2.73993,4.06941,1.28617
3.20282,2.23855,0.101109,0.0108823,0.613833,0.26628,0.215449,1.00009,0.40212,0.370644,0.586541,0.728611,0.904115,0.691442,0.105916,0.423661,1.92026,1.56733,0.101743,2.56749,3.6872,1.19848
4.86819,5.92675,4.82381,1.42099,0.903918,2.22621,1.29868,0.611791,1.68625,1.61665,0.682263,0.475607,1.11695,0.988865,0.023554,0.141059,1.8247,2.32704,0.841523,0.852352,1.2633,0.408854
7.58822,6.0859,0.587197,1.67795,0.708903,2.05302,1.43851,0.531679,1.10978,0.242546,1.03492,0.056934,0.626916,1.03694,0.525054,0.0518803,1.33296,2.26103,0.646137,1.25956,2.40518,1.43287
9.83965,11.9633,9.64742,3.5656,1.81887,1.23507,0.494926,0.170473,0.22641,0.483609,0.553669,0.0205645,0.548252,0.509198,0.510256,1.14755,0.676431,0.519913,0.91244,3.9643,6.03173,2.44067
12.6285,11.6777,3.46335,2.61105,0.302834,1.97004,0.701517,1.24042,0.667357,1.64007,1.66555,1.10988,0.872586,1.53559,0.782776,0.495701,0.0770311,1.24172,0.615029,4.78355,8.357,3.56429
14.9032,17.2015,12.2376,3.27465,3.36148,5.85605,3.81956,0.894205,3.33409,3.04257,2.08962,1.12164,0.0216478,0.215871,0.314656,2.35277,3.87991,2.71268,0.849616,4.7119,8.41258,3.34534
17.5499,18.1145,8.58622,1.14211,0.615565,3.30332,2.78172,0.247343,0.390429,1.93632,3.83581,2.13427,0.575419,0.994954,0.862971,1.46778,2.29491,1.92785,0.0684486,4.8099,7.71916,3.39757
18.8567,20.109,10.7409,0.0657629,0.966464,2.06096,2.25464,0.00503099,2.96368,3.07988,2.78002,2.07904,0.626381,0.508724,1.04321,1.76138,2.06663,1.42176,0.248641,3.06256,5.98678,2.53883
21.557,25.5036,17.2793,3.37311,0.0260672,3.36834,1.03388,2.14327,0.286752,0.748993,3.35695,1.82029,0.1616,0.428242,0.469344,0.207258,0.12541,0.48978,0.345873,2.24319,4.05825,1.86703
21.724,20.0164,4.85163,5.18557,3.92588,7.65318,5.05287,0.387568,1.25671,0.657268,1.18467,2.17781,1.30913,0.884955,0.892342,1.8891,2.21512,0.959742,0.481607,1.41683,1.46576,0.563145
21.1822,29.4484,25.7616,7.34301,0.108061,2.3853,2.97679,0.0485447,2.24092,1.33232,0.538867,1.00461,0.463871,0.0919152,0.148998,0.120147,0.352116,0.919107,1.21371,2.37398,2.69909,1.55951
22.1271,17.0615,2.35134,9.26753,0.595092,4.78719,5.02558,1.01684,3.37225,5.78625,3.51267,0.421342,2.15799,1.90049,0.387854,1.38487,3.12849,1.87048,0.547744,1.91173,3.4872,0.621525
18.1055,28.2398,28.6478,8.04971,0.211275,5.5257,2.50319,2.66626,2.83025,4.06549,2.4067,0.969901,1.85317,1.30975,0.0941487,1.65723,3.06793,2.00349,0.508781,4.93984,7.55793,4.56567
15.5483,10.2183,7.3487,10.5377,2.7427,7.2493,4.31293,0.00695434,0.88895,3.99891,4.78554,2.04755,1.88504,2.12368,0.338766,1.8829,0.605722,1.04018,0.363231,3.42886,5.16907,0.624628
10.9563,19.6507,22.5281,7.25292,2.97965,1.78853,1.15104,0.806507,1.27341,4.58511,3.23496,0.829831,2.60057,1.98271,0.130692,1.16937,3.18465,1.63439,0.053617,2.26021,4.9843,4.34002
7.73508,4.14311,5.87922,6.67953,2.12896,7.46607,8.4407,2.75452,0.0530859,0.438998,2.07985,2.91437,1.19594,1.97566,0.161728,0.287434,2.165,1.75109,0.479391,2.13847,1.16683,0.642717
1.26067,1.78173,4.73227,2.78699,2.77132,7.77561,3.23787,2.97481,0.848686,3.42458,3.61108,0.0417211,3.22866,2.90916,0.607623,1.00417,2.31357,2.97323,0.214855,2.21152,0.0998659,2.70934
5.81075,4.55748,0.056826,1.3293,2.5909,4.59096,2.68476,0.885677,0.600252,2.32516,0.738281,3.43826,0.276662,1.58981,1.68004,3.77934,2.69159,0.320933,0.764449,1.71916,0.270126,0.638974
15.9413,20.8611,18.4757,4.23966,5.3856,6.22124,0.625475,2.36694,1.25099,0.391239,2.21296,0.480646,3.38783,3.4285,0.173836,4.45121,5.32491,1.36979,2.05656,2.79431,1.29007,0.844182
20.6693,14.8328,6.15609,10.285,1.29471,9.79883,11.7315,2.47182,0.322112,2.90287,0.676944,4.054,0.74766,0.770278,1.41867,0.775412,4.11016,2.08203,0.29962,0.526615,0.316506,1.33736
31.8957,43.6894,41.0031,12.6231,5.47795,10.3469,4.99328,1.06122,1.64177,3.02733,1.16754,1.95938,2.66109,3.84878,1.99936,1.16258,0.508411,1.71936,0.512514,0.696203,0.439047,1.1016
37.2525,25.3944,9.77877,18.0837,1.48974,0.0565089,1.42828,1.97337,2.75073,4.11296,0.882612,4.19797,1.56394,0.0674929,0.850131,0.907798,1.6906,0.41735,1.06838,2.56551,0.188515,3.63062
42.153,59.1841,55.6968,18.135,4.73559,7.90197,1.39166,3.49695,0.177956,2.02777,2.6393,4.07666,1.55788,3.07566,2.45988,5.03961,5.2754,2.07107,1.25162,2.18049,1.16372,2.96028
50.4631,38.8525,3.24747,20.2873,1.1259,11.243,12.6584,2.63157,4.12588,4.55063,1.34306,4.38861,2.24243,1.06923,0.967831,0.308387,2.96837,2.85166,2.77216,3.89874,0.254094,4.17675
55.798,71.8666,59.986,18.0458,7.59528,11.376,5.90995,0.0428401,1.41244,3.11387,2.16892,4.84575,1.55562,3.6259,2.52565,2.24752,2.28785,2.69356,2.64329,2.26618,1.17724,3.71641
62.6033,57.2407,15.5885,12.1887,4.03734,5.01447,4.85621,1.23036,2.11593,0.202181,4.01994,4.05422,2.9601,2.28634,2.06312,3.08505,2.70064,0.824883,0.00959296,0.00367162,1.98939,4.43659
67.1406,76.12,50.6919,10.3827,0.887719,8.11107,2.04869,3.08669,0.827196,0.589869,3.96409,5.64215,0.839766,2.54136,1.01768,2.98852,4.52842,2.77991,1.76524,1.49715,1.71054,2.88157
66.4104,70.8105,38.2623,2.1381,1.72105,12.8202,13.3744,3.35138,1.46433,3.22727,3.98655,3.32467,3.11477,2.55869,2.03281,1.74176,1.89465,2.13778,2.59632,3.37964,3.29701,3.13022
65.9495,65.1135,27.9464,4.89498,4.56436,7.24535,3.60458,1.26279,2.8779,2.69816,6.9136,7.59794,0.164868,1.93428,0.435733,1.15165,2.7687,0.146817,3.20892,3.86946,2.5255,2.46391
62.6511,76.5309,58.4186,16.1987,7.6891,10.2866,8.79743,2.28834,3.77318,5.34314,3.17079,1.54904,2.79537,2.66982,0.557953,4.01623,6.21212,1.99022,1.40669,2.71174,1.10524,0.09325
59.8237,49.4772,3.85634,18.5137,0.0136846,8.33325,2.74121,5.0064,2.24144,2.23399,7.90739,7.55861,0.865858,0.524004,2.46288,6.84473,8.47556,4.26209,0.130796,1.14979,0.92053,0.706751
55.4026,77.8307,73.0732,24.6495,6.92297,14.1943,12.3182,4.28122,4.33702,6.15433,3.06858,0.949285,2.67367,2.38883,0.0455421,0.659247,0.764785,1.36448,2.13271,1.76305,1.18997,2.07767
52.8394,35.6192,14.9671,25.6609,0.750102,1.64535,2.23159,1.13985,1.47282,0.999708,8.04759,7.55544,1.45203,0.0775569,1.64517,3.72262,2.84301,0.120314,2.11547,3.06082,2.25866,1.43209
44.8477,69.3882,72.8198,25.5666,5.63813,14.094,13.3366,4.64952,2.46049,5.04109,1.75795,0.801974,2.87003,3.31218,0.419328,2.80639,6.33991,2.30658,2.38725,4.15461,3.13216,4.92877
36.9659,20.1198,22.8232,23.8722,1.66827,9.04397,4.12629,4.79486,2.63535,3.37761,8.69393,5.94017,1.68013,1.22511,0.328581,5.46046,8.7497,4.84913,1.88814,4.38268,4.16238,3.24649
25.4228,44.0621,51.1524,17.8145,8.63995,13.5198,10.0405,4.11555,1.42276,0.995906,2.58864,2.03252,2.19746,2.61074,0.601321,2.10416,0.301489,2.35027,0.326604,1.14649,1.36554,5.40788
16.7199,5.8258,17.5079,15.1912,4.31806,5.7893,0.980171,4.59479,2.70616,3.84333,8.24485,5.42349,2.26771,1.10589,1.55604,3.40397,1.23496,1.30281,1.62376,0.410878,3.10078,3.72661
4.68789,11.1868,15.8503,5.20912,2.05768,16.0963,18.4726,7.47271,4.69425,6.98902,6.76831,3.81804,1.04252,1.97802,0.370083,0.158987,0.0840157,0.00252339,2.26124,4.15137,0.212523,6.12644
10.1994,9.65346,4.41377,2.00831,2.64843,11.9622,4.51663,3.4841,1.09396,2.2388,3.25677,2.1379,1.71727,0.981874,1.35709,2.23805,0.0118951,0.70676,3.10506,5.09218,0.262413,3.39936
20.0212,28.7271,27.9894,8.66701,4.67454,8.21681,6.25387,1.8776,3.54856,7.90634,9.11798,5.33284,0.741427,2.22395,1.89537,2.75246,1.41798,0.219888,2.63203,4.29722,0.531347,4.69033
31.5679,19.245,13.1295,15.7388,7.86039,10.7633,1.29208,4.45239,3.79697,2.41108,0.0373189,0.230424,1.0929,1.08107,0.398748,4.03486,6.18916,2.74339,1.52668,2.27654,0.80084,2.74851
42.9359,63.3981,65.2348,21.0671,0.330901,17.0515,22.0803,7.86733,1.10375,4.79324,8.53179,6.59127,0.306256,1.92545,1.16074,2.93349,5.64302,1.81477,0.965421,0.648186,0.948774,1.87699
54.8639,35.016,20.1294,29.147,7.18748,16.1439,4.81967,2.49647,3.26684,1.74202,4.21599,3.10004,1.19399,1.93446,1.66568,3.00684,1.60606,0.88877,1.22958,3.37592,2.11635,0.823813
68.1665,97.2476,94.541,31.6178,0.625071,1.64806,1.48481,0.0516763,1.41629,1.67708,8.85755,7.7806,0.790767,0.987357,0.141098,0.869545,0.104748,1.55931,2.1319,4.15791,0.534231,2.02325
72.9415,52.5584,14.3488,33.4697,9.47101,11.7939,1.01198,4.78153,1.43736,0.817969,7.81985,6.1963,0.0457951,1.64986,2.71917,7.82602,9.42376,3.78185,2.57045,4.74409,0.851476,1.90998
79.5305,110.239,99.4105,32.579,0.39954,18.9046,24.4959,7.8938,3.51875,0.310595,9.38192,8.63889,1.35419,0.414186,0.505533,5.61705,10.5536,5.55865,2.72922,3.32914,0.557723,5.16309
92.7046,77.0005,7.17232,27.7065,13.0245,16.1402,5.48191,1.84536,2.16916,7.09155,11.488,7.9341,0.257698,1.68203,1.04033,1.82826,2.59268,0.724163,0.313011,1.55539,4.11965,5.00933
95.8552,115.63,85.7805,20.7872,7.1705,8.02383,5.48279,0.427625,4.86155,2.67672,6.1322,7.75237,1.51345,0.317283,1.86387,0.767545,0.127996,1.25573,1.22864,2.18347,2.59312,7.45812
99.2932,97.0361,40.3013,9.6788,3.31025,13.4411,3.06736,4.22524,4.84479,10.2663,13.6856,9.43404,0.0188159,1.68033,0.826598,5.13452,6.43068,1.8719,3.5099,5.89768,6.87996,5.9393
94.3287,100.367,54.2452,0.249147,6.27628,24.0515,26.2545,10.1563,3.01214,3.21948,3.74551,6.66202,0.372998,1.24264,1.72404,5.29959,6.20807,2.80115,2.86946,3.51863,4.04635,8.862
97.3644,111.808,74.7567,13.9467,9.59939,12.5355,4.47284,2.29896,3.37814,5.5367,11.7412,10.8389,1.56893,0.717629,1.80306,0.570661,1.43792,0.211509,2.08464,2.58404,4.93469,5.4675
97.7242,87.8595,22.7033,19.3216,9.76617,14.2056,11.3377,2.46387,2.97997,1.19435,3.95844,6.14296,0.682859,1.31152,0.298822,1.97996,4.4098,2.85661,0.0833791,0.128031,3.31611,7.66596
88.3658,117.981,102.547,34.8351,1.72998,12.2026,2.06564,8.16343,1.53747,1.05672,9.48353,10.3863,1.3796,0.776472,2.38385,4.27764,3.89694,1.87874,1.98865,2.75836,1.25067,4.14327
85.5073,62.3442,11.1078,32.519,11.2407,27.6003,26.5018,11.1245,5.06063,1.9418,2.94444,4.69228,0.0365557,2.15219,1.97996,1.73876,1.72823,2.07837,2.78127,2.8402,1.82179,5.65372
70.9837,106.687,107.521,38.6872,0.197346,6.61845,3.46412,1.63818,4.50333,4.3293,6.88408,10.1225,0.396574,2.04631,0.19278,1.91507,1.91701,0.876269,3.09378,3.85419,1.38314,0.986366
64.5708,38.1068,29.3446,36.2341,5.29683,16.988,17.7104,9.24539,3.37245,1.68647,3.20333,2.99303,1.19911,2.47076,2.05559,3.21851,8.11527,3.88814,0.758175,0.231646,1.03513,0.428501
49.7275,80.2651,90.0543,32.4625,3.29017,15.2459,3.66024,8.62275,7.80201,8.21048,3.95912,9.14145,0.435262,2.32791,2.32614,8.13907,11.0841,5.38221,1.37953,0.524233,1.79123,2.02546
39.7116,16.9306,30.543,27.1619,12.4719,29.5347,26.0479,10.2031,2.81242,0.77186,3.53,1.3594,1.63436,2.0685,2.72463,5.33988,2.81857,1.68448,2.45362,2.85822,0.34021,5.10199
19.6354,39.1998,49.9449,18.0191,5.40606,0.551579,3.1619,1.35131,4.60441,5.69735,4.12123,7.61553,0.126356,2.54162,3.48351,6.33601,4.54504,0.0115095,2.8957,3.6421,0.9324,3.9505
5.56007,2.2768,17.1257,11.6584,2.945,18.6897,24.1203,11.7271,5.31084,0.113341,2.70631,0.732834,2.08872,1.60249,1.2847,7.54273,10.2308,3.22557,1.39786,1.50144,4.81731,10.1244
9.71645,7.89355,2.87956,0.505105,10.0578,21.1128,3.62806,9.59612,2.03785,0.714452,5.65166,5.88072,0.420252,2.49735,1.92454,4.11998,10.9537,6.04618,0.0364503,2.05988,1.82918,5.8873
20.4992,16.7502,0.894515,6.29044,10.3971,24.295,22.9191,6.92058,1.83398,1.70835,0.767956,3.77588,2.88583,1.19289,1.83325,5.18351,3.65954,0.569051,1.9868,2.40767,7.1409,12.3272
36.4305,53.6027,54.2382,17.2135,6.61753,4.49517,2.41873,3.10536,4.88063,7.09015,6.73335,4.15313,1.12112,2.53365,0.853234,0.0230231,0.173243,0.35638,1.47116,1.38779,3.90729,6.34406
59.2871,36.9351,19.8873,24.8378,0.336581,19.5375,28.5351,11.6682,1.93299,2.80526,2.93028,6.58291,2.28349,0.178199,3.17843,7.12754,4.29149,0.334683,0.925647,2.85782,6.07225,11.3
62.2019,98.0498,100.081,32.2486,15.5482,26.2806,4.39833,7.90578,5.35161,10.5529,7.08213,2.20525,2.86231,2.74275,1.15925,1.67811,7.65122,5.6599,0.321105,1.09567,4.03685,6.23933
88.2277,60.6728,19.4932,36.921,4.01415,16.1342,18.7944,4.61567,5.02381,2.61019,8.62975,9.98689,2.58673,0.224943,2.27987,0.802724,1.93242,0.449943,1.57835,0.956625,2.39241,7.05772
91.643,127.797,119.021,37.4531,2.64001,3.55885,1.69614,3.65377,2.38009,8.00177,6.85643,0.978366,3.5652,2.99102,2.33866,5.44947,3.74538,0.680963,0.758806,1.78631,1.19066,3.94549
99.3544,76.5911,7.81816,40.4767,0.518083,24.697,32.0933,11.9229,3.68594,1.48069,13.9826,12.2665,2.60498,0.149852,0.269021,3.16439,5.8157,4.03796,0.505737,2.60789,0.164373,2.91896
109.191,141.86,118.459,32.5072,15.3907,25.3476,3.53135,8.61685,0.433234,1.40145,3.16062,0.125681,3.64024,3.49902,1.50266,2.15725,2.20174,3.25841,0.13674,1.59726,0.199302,1.77067
116.089,102.926,22.5439,28.2631,5.09646,9.82971,12.982,4.53934,1.20196,7.13575,19.2254,14.8213,2.40795,0.341953,1.78994,1.00665,3.87376,0.898319,0.703683,0.501467,1.0564,1.49841
110.96,132.763,92.8861,17.3081,1.06992,3.03972,2.0564,2.78913,6.31796,6.64311,3.62622,2.77062,4.62017,4.10406,0.198204,5.34978,8.09545,1.20018,0.212427,2.09895,0.312987,0.746551
113.283,113.934,50.9364,6.47029,8.59802,30.6491,35.8264,14.1778,2.28383,11.2498,20.9421,16.2456,2.56521,1.14396,3.12698,10.4921,12.5416,5.67805,0.708788,1.63971,1.22132,4.4352
123.965,127.55,65.1992,0.157097,10.1959,19.2678,0.942214,11.5279,7.43076,9.65996,8.79385,4.76332,5.10239,4.80193,1.69962,0.335279,0.571949,0.454391,0.121274,0.913292,1.1422,0.984604
115.944,133.166,89.3843,18.0371,4.60006,4.90103,7.91969,3.57655,4.7431,10.1542,19.207,16.7008,2.3021,1.85377,2.5884,8.54045,9.42505,3.76831,0.239887,0.0940983,1.70872,5.7337
112.983,101.317,27.9062,20.0607,1.03891,6.364,1.26903,6.54624,2.38614,8.29759,10.9622,6.46325,5.54917,5.20843,2.16684,6.27157,9.20145,1.63386,0.602647,2.71094,2.55591,1.65762
102.35,130.915,108.58,33.5669,17.1609,36.2517,37.3744,16.1477,4.04707,4.08463,13.4701,14.4022,0.569504,3.1172,0.197968,4.35219,8.85068,4.9573,1.06604,1.72468,0.986891,3.43523
95.7361,74.4119,1.1061,30.2452,3.41537,12.3425,1.17998,12.2196,5.06677,5.11789,10.2648,6.70074,5.37231,5.27942,3.41052,1.76623,0.516025,1.08972,0.203508,1.5798,2.72826,2.65811
84.4816,117.361,110.354,38.3496,3.81549,1.97553,2.56991,0.0833831,1.17844,3.95674,8.53555,13.3612,0.0835526,3.70455,2.50634,6.02216,6.55401,2.55845,0.226704,0.956944,0.558856,3.57632
77.7495,53.0752,17.7062,30.4432,3.83828,12.1484,0.135697,10.6624,6.67148,2.1628,4.04106,5.57514,6.25577,5.57472,2.84444,3.643,2.23098,0.810385,0.835628,2.07764,1.08429,4.18538
61.5877,91.644,92.4561,31.5992,11.9404,36.4435,39.7036,16.1127,6.5677,8.79862,6.15709,12.3591,0.00689101,4.07631,2.94019,1.11145,3.20251,2.55103,1.07466,2.03259,0.638992,2.37399
51.7067,28.1003,25.9773,26.5399,1.52781,7.97266,3.4538,10.4805,1.32164,7.14427,2.44447,3.67761,6.00998,4.92139,0.874832,2.70493,4.69351,3.25478,1.40155,1.17288,1.5747,5.38973
34.023,55.6572,60.0147,18.3273,5.4897,1.8107,0.0140094,0.77377,6.85076,5.51644,8.66982,10.7847,1.60182,4.75308,3.01245,4.21504,0.765734,3.02988,0.872909,0.709353,1.97832,2.75918
25.167,10.6867,18.8563,19.2987,7.8281,18.1331,1.30609,10.8774,3.94196,4.67359,3.62004,4.48463,7.3094,4.5716,0.372951,1.36266,1.15008,2.05353,0.521662,2.04217,2.78531,5.62805
11.5033,18.7425,20.4814,4.31087,6.12927,35.1385,41.3742,15.538,0.535395,4.40126,11.8955,7.9512,1.85483,3.61385,2.32876,5.47025,5.03103,0.365304,1.68792,1.64461,2.76865,3.37001
5.34294,9.01801,10.7966,8.35578,1.98165,11.3256,3.40599,8.5156,3.64115,1.55611,0.17398,5.01917,6.90655,4.39163,0.573569,3.43713,8.8054,4.93559,1.43777,1.03349,2.55287,5.03285
19.2965,22.7248,18.6084,7.00867,1.28885,1.04815,0.358186,0.0436447,6.22834,13.0451,13.1258,5.94987,1.40056,2.46246,0.255513,1.51139,1.58976,0.361262,0.298793,0.0239572,2.79874,4.60015
30.9396,26.9618,5.85064,3.94377,13.5041,21.5353,3.64668,6.94454,2.04944,6.20587,7.24245,6.4321,6.23465,4.42477,0.409735,1.66817,5.03108,2.45872,0.968343,1.41841,1.28484,3.78238
39.665,52.7356,46.8427,13.7878,9.37903,36.7712,43.3868,15.2345,6.62449,10.9527,8.81579,3.93363,1.04142,1.70542,1.30015,5.49709,4.86412,0.0761555,1.62692,1.11604,1.61049,3.7597
50.0382,40.4294,1.80098,15.5867,7.47882,15.5871,4.6935,11.5755,0.411329,5.70857,12.1113,7.53117,5.21815,3.75973,0.672432,3.28793,3.32038,1.87012,0.866257,0.877857,0.803092,2.13148
58.768,75.2225,61.9311,17.2939,3.3242,6.19492,7.80636,4.05339,0.00648694,0.321412,2.38594,2.97742,0.617543,1.16163,1.63895,3.28206,1.55971,0.51482,0.745653,0.535592,1.12025,2.17996
67.6659,55.2332,2.95476,22.3318,14.1942,19.2193,4.81295,3.24194,2.689,3.78023,11.5129,8.3881,4.82289,3.02515,0.0357934,2.57931,3.84366,2.56149,1.30782,1.21857,1.11252,1.12207
67.7008,89.0006,71.4831,18.4001,4.51864,31.2327,38.657,13.5615,5.19823,7.63755,0.563276,3.0962,0.0147409,0.667823,0.609241,0.160431,0.754709,0.527002,0.94953,0.509311,0.344854,0.731007
83.2679,69.2281,9.32534,22.5404,17.6947,20.7829,3.18611,12.3699,0.916994,3.00648,6.48087,6.19039,3.44737,2.26302,0.459825,0.0584776,0.284469,0.409397,0.501274,0.592933,0.696963,0.675077
81.6877,99.4455,72.5025,13.4414,1.43144,10.0728,16.0654,7.40176,4.13115,6.71246,0.277851,3.87945,0.867999,0.0464167,0.657801,0.924179,1.40609,1.4287,0.693194,0.512738,0.188953,0.291335
83.2431,74.8239,19.0584,16.9356,0.0412617,7.7944,5.13105,0.937818,1.09836,0.990597,1.31839,4.04259,2.62607,1.83062,1.01337,0.860034,0.911009,0.624127,0.552766,0.433467,0.172313,0.556965
87.4675,100.536,67.5345,6.98445,1.6924,21.6813,25.2461,8.99823,0.230867,0.191057,2.81788,3.83933,0.997747,0.00498111,0.10795,1.08597,2.40392,1.82503,0.311339,0.130676,0.313145,0.428018
87.4012,80.2397,26.1379,10.8706,11.4587,18.5582,0.947706,9.86249,0.789857,3.52147,0.989701,2.22308,1.75484,1.26436,0.906797,0.169884,0.367645,0.453267,0.267165,0.319479,0.246447,0.0182215
86.0564,95.8753,60.3543,2.38984,4.97031,11.9902,19.903,9.12107,2.89143,5.06124,6.15804,3.89666,1.2842,0.316524,0.539336,0.599432,0.691503,1.18897,0.471751,0.215336,0.490929,0.302135
83.4067,79.3042,31.0612,3.36638,9.27932,4.76515,4.10721,2.84338,1.18004,2.02274,0.012661,1.56133,0.957069,0.813242,0.581996,0.598534,0.443335,0.636587,0.180468,0.168662,0.674537,0.442505
80.6585,87.4967,52.0423,1.37634,10.8424,13.7516,8.93607,2.25612,0.725314,4.21621,5.14448,2.3078,0.434695,0.137495,1.04364,2.28295,2.07528,0.639499,0.0521991,0.495358,0.601104,0.174031
80.2091,77.6155,34.6565,1.22009,3.02145,5.03818,0.170983,5.42048,0.856613,1.362,2.25924,1.66849,0.417249,0.0124626,0.125869,0.572674,1.55023,1.04839,0.126106,0.277956,0.599675,0.615737
76.294,78.9309,43.29,1.33107,6.95721,15.5155,15.6553,7.01221,1.06587,1.50146,2.42469,1.09659,0.448558,0.150134,0.735347,1.04,0.784735,0.605652,0.3484,0.245891,0.058748,0.190996
70.511,70.1193,34.3248,0.872753,0.493115,2.9218,1.58802,2.97052,1.2887,2.63605,2.85104,1.21677,0.0935716,0.138428,0.524662,0.0905407,0.80709,0.36737,0.030207,0.130072,0.122515,0.601622
66.7825,67.9955,35.7208,2.04078,1.64697,0.735237,0.0803112,0.653185,1.18347,0.898804,0.523868,0.649026,0.553654,0.232759,0.906848,0.068792,0.447549,0.385148,0.399385,0.326222,0.800368,0.74107
61.7899,61.0898,30.7576,0.294374,1.60415,0.154666,0.890941,2.66046,1.33297,2.45997,3.64894,1.83693,0.0442136,0.140712,0.55485,1.71595,1.83334,1.01681,0.184874,0.523646,0.387289,0.426504
56.3103,56.9169,29.0317,2.38553,6.3349,8.70398,7.42228,3.707,1.37341,0.413981,0.380127,0.225959,0.169917,0.197833,0.00731427,0.158889,0.223485,0.293716,0.118841,0.198568,0.897247,1.10197
51.6793,51.2797,25.9061,1.58338,3.15051,0.237267,0.253168,1.37007,0.078303,1.67389,2.48364,1.314,0.219309,0.0293351,0.853677,1.77461,1.39958,0.414882,0.0291832,0.128868,0.0676131,0.500183
45.435,45.8223,23.1318,1.71014,4.87865,4.61843,1.97837,1.05872,1.67777,3.0868,2.58952,0.525449,0.0940383,0.03561,0.235194,0.0149543,0.193618,0.259375,0.123111,0.219147,0.563788,0.901332
41.4919,41.3302,20.7791,0.938408,2.29431,0.541785,1.86931,1.86922,1.35236,0.996951,0.411559,0.911048,0.302388,0.0992796,0.464836,0.266967,0.488096,0.0230847,0.413578,0.210098,0.202961,0.432368
33.871,34.6706,17.4969,0.363013,0.101868,1.54601,3.39723,2.4333,2.01805,3.50128,2.88764,0.672994,0.0685197,0.0716295,0.653241,1.67548,1.87087,1.0235,0.209031,0.194863,0.49034,0.701867
28.06,29.1858,15.247,0.289602,0.300335,0.117129,0.10271,0.0585895,1.44948,2.81344,0.979452,1.35613,0.577871,0.102213,0.0929152,0.0314949,0.20596,0.0438771,0.192619,0.00947841,0.344561,0.7827
21.925,22.865,11.6631,1.49725,3.09302,2.60475,0.883495,0.203634,0.144267,0.60365,1.48723,1.39866,0.109537,0.188388,0.555097,1.85903,2.5363,1.38096,0.0997515,0.0333496,0.422578,0.836878
15.672,16.9235,8.81927,0.329731,1.82724,0.362172,1.72942,1.5623,0.783794,0.813589,0.218061,1.30302,0.546219,0.14065,0.160798,0.991222,1.26851,0.073254,0.239485,0.00292473,0.47426,1.12732
11.4082,12.7651,7.23373,0.984438,2.50615,1.05089,1.33938,1.34221,1.20155,2.08789,0.43408,1.23983,0.421127,0.0661259,0.277741,0.0626593,0.391522,0.171931,0.0710207,0.152795,0.287347,0.637176
8.71237,9.40926,4.99838,0.368049,1.35502,1.22832,0.512084,1.3364,1.99325,0.851315,0.487604,0.98377,0.598933,0.396787,0.457771,0.217547,0.326657,0.656341,0.400695,0.0531,0.479193,1.01696
5.81615,6.82611,4.27725,0.395084,0.520793,0.983747,0.489776,0.0805344,1.21244,1.81624,0.271359,1.27676,0.245487,0.0489026,0.0138482,0.281429,0.73599,0.510958,0.0366485,0.114176,0.34964,0.639973
3.84935,4.47697,2.6587,0.278643,0.674085,0.463513,1.20443,0.523169,0.118667,0.486848,1.48496,1.32635,0.458311,0.315316,0.342226,0.183818,0.061151,0.146198,0.0547306,0.0797321,0.176165,0.512554
2.9907,3.61067,2.48186,1.42713,2.36297,1.61925,0.0733379,0.534898,0.305883,1.09633,0.276761,1.05711,0.0345784,0.332491,0.35955,0.936816,1.27789,0.889823,0.517546,0.415432,0.483344,0.562709
2.19194,2.38423,1.55707,0.21061,1.7851,1.94123,1.26901,1.50414,1.81427,0.629191,1.28592,1.2,0.229285,0.195875,0.326466,0.325625,1.06728,0.844042,0.229398,0.0857018,0.0524189,0.062792
1.3462,1.84451,1.4566,1.47061,1.88184,0.570138,0.481114,0.87933,0.494052,1.6155,0.0527913,1.26863,0.318112,0.216799,0.0573537,0.0725527,0.68615,0.944199,0.303418,0.183623,0.33641,0.434223
0.95894,1.18001,0.814894,0.201055,1.61054,2.58688,1.85686,0.268871,0.150664,1.96444,2.15681,0.578665,0.16468,0.0157302,0.221519,0.483834,1.34139,1.08432,0.409654,0.0645152,0.00525417,0.179224
0.855832,1.04313,0.756325,0.240583,0.272046,1.106,0.846777,0.0769314,0.548462,1.67294,1.35367,0.604412,0.131855,0.297422,0.230794,0.820054,1.01279,0.0560024,0.0118934,0.19022,0.0727954,0.100638
0.452902,0.647073,0.306642,0.274214,1.0031,1.14476,1.47077,1.26138,0.581773,0.919882,1.23473,0.851605,0.373257,0.204632,0.325241,0.987405,1.14713,0.277242,0.1256,0.0234337,0.00961967,0.265007
0.488601,0.495565,0.080383,1.37693,1.92748,0.68111,0.882277,1.03756,1.25693,2.86118,2.14073,0.879933,0.208186,0.142427,0.153659,0.0964382,0.451544,0.519213,0.118994,0.0958301,0.254782,0.273637
0.230772,0.409225,0.0612598,0.163508,2.41445,3.16249,1.52514,0.405409,0.664032,0.584224,0.731401,0.286167,0.196575,0.0218301,0.337766,1.24606,2.03139,1.34952,0.386865,0.0940926,0.211927,0.473886
0.335414,0.246247,0.386265,1.97808,2.42342,0.123298,1.09704,0.0256709,0.545121,0.729577,0.814141,0.395202,0.153408,0.0826904,0.434391,1.3315,1.60188,0.634699,0.198829,0.135549,0.226202,0.492555
0.0202688,0.286714,0.0390868,0.232789,1.11468,0.866746,1.12253,0.71078,0.826397,0.24739,0.569755,0.154954,0.0571207,0.0563196,0.333928,0.186045,0.0431087,0.254764,0.0755848,0.151715,0.42699,0.561655
0.308168,0.145368,0.570751,1.24658,1.20302,0.369169,1.14144,1.11425,0.239888,0.27464,0.168303,0.289434,0.154904,0.328872,0.515065,0.533677,0.0300039,0.573423,0.225957,0.164881,0.00120304,0.545147
0.0328466,0.244351,0.0886493,0.699589,1.33353,1.76385,1.12383,0.235156,0.465909,0.945088,1.72693,0.96199,0.058341,0.0335337,0.0459193,0.410748,0.869218,0.530885,0.134394,0.07957,0.379191,0.439576
0.12342,0.0209958,0.374585,0.0680516,0.534477,0.330972,1.20626,0.522816,0.609595,0.0667661,0.945052,0.0722245,0.297137,0.0862922,0.0339638,0.265353,0.928085,0.504308,0.117864,0.0366936,0.26885,0.529704
0.0313073,0.131224,0.357012,0.0387553,1.33164,1.03779,0.458399,0.135578,0.756465,1.19105,0.941665,0.143013,0.248839,0.410002,0.326742,1.16545,1.31361,0.745999,0.108849,0.00401679,0.0478373,0.15254
0.087451,0.00615965,0.013672,0.71656,1.42264,0.570366,0.68676,1.03434,0.997756,0.246378,0.173358,0.246063,0.391556,0.18049,0.052946,0.0612914,0.317533,0.486093,0.243369,0.504665,0.42968,0.442778
0.0294048,0.0423214,0.321606,0.249007,0.324353,0.10422,0.408179,0.554317,1.64544,3.16873,2.29534,0.425417,0.055332,0.010284,0.374448,1.03365,1.09608,0.195056,0.224243,0.132458,0.166234,0.132579
0.0381258,0.0302021,0.304192,0.738888,0.662903,0.623748,1.17515,1.44923,1.49701,1.8293,1.50368,0.703017,0.384329,0.0597105,0.196869,0.679227,0.936386,0.153376,0.297503,0.0205565,0.0418211,0.0703604
0.0316728,0.0445429,0.0893815,0.574046,0.756373,0.0273318,0.715309,0.519284,1.17772,2.22235,1.398,0.215508,0.0118582,0.0396826,0.109839,0.729481,1.39911,0.938347,0.125772,0.0730815,0.0841902,0.192099
0.00106402,0.0939015,0.352776,0.149407,0.762336,0.647566,0.231418,0.117112,0.50295,1.53018,1.84269,1.04264,0.691764,0.372119,0.298982,0.460684,0.0126475,0.247223,0.0183905,0.138388,0.153555,0.129904
0.0408036,0.079542,0.249598,0.300451,0.70811,0.095964,0.682451,0.435975,0.337167,0.702277,0.335705,0.239508,0.11365,0.128931,0.284668,1.21306,1.35266,0.498079,0.0341716,0.0436759,0.0889448,0.208603
0.00330848,0.141596,0.28344,0.218778,0.972732,1.10972,0.749199,0.628495,0.917074,0.0604219,1.22296,0.984271,0.307953,0.104732,0.0963997,1.03202,1.44137,0.468046,0.0865894,0.0725897,0.176328,0.27006
0.00577754,0.103966,0.376508,0.269343,0.153415,0.217379,0.596607,0.947624,0.0406508,0.715343,0.460114,0.300251,0.0893615,0.0266155,0.275595,0.435571,1.20637,0.521968,0.0126391,0.0500132,0.157901,0.240372
0.0267409,0.110688,0.187201,0.108315,0.0730873,0.120953,0.066078,0.522802,0.969997,0.465145,1.66485,1.02533,0.16123,0.0203335,0.232669,0.404557,0.00373321,0.396413,0.320731,0.0915991,0.112763,0.330165
0.0331482,0.0816849,0.296348,0.462691,0.107119,0.6341,0.478777,0.0640334,0.0134966,0.141249,0.202554,0.274407,0.0156472,0.155185,0.0705779,0.815832,1.437,0.823354,0.311279,0.129308,0.138677,0.20556
0.0495128,0.0451276,0.0835229,0.0802342,0.782295,1.52026,0.853124,0.614896,0.991002,0.322781,1.2972,0.699871,0.173637,0.354501,0.150915,1.27099,1.6644,0.799223,0.206202,0.0264454,0.0406506,0.235119
0.0379043,0.0267118,0.0493651,0.253826,0.204026,0.472841,0.054232,0.877137,0.292957,0.609772,0.368244,0.17642,0.11885,0.184853,0.145068,0.734517,0.981733,0.124375,0.0597422,0.0538094,0.28548,0.258505
0.0219068,0.033283,0.0290753,0.366836,0.777877,0.804772,0.473663,0.606746,1.22025,0.699923,0.565071,0.569494,0.386341,0.612433,0.133651,0.355084,0.711857,0.284094,0.00920237,0.0521147,0.0739607,0.0853082
0.00364177,0.0397928,0.260326,0.252815,0.228097,0.348608,0.205549,0.605374,0.149588,0.910063,0.731084,0.381769,0.0823688,0.0366956,0.22632,0.0436514,0.0890457,0.0384569,0.0566925,0.130346,0.14359,0.128446
0.0094334,0.112833,0.132323,0.292529,0.0562925,0.997814,1.01257,0.667984,1.43568,1.3649,0.199452,0.170676,0.619373,0.239094,0.24483,0.185843,0.58985,0.110131,0.236724,0.21078,0.115598,0.0173902
0.012691,0.146733,0.369728,0.460157,0.376121,1.29656,0.660563,0.0884505,0.598872,0.42291,0.111125,0.120388,0.0358763,0.138965,0.32922,0.910205,1.12786,0.589778,0.0386729,0.0484982,0.06976,0.0463381
0.00074956,0.167525,0.446909,0.479682,1.04296,1.89172,1.46444,0.43554,0.350762,0.398969,0.128839,0.0448646,0.122784,0.15832,0.196986,0.199293,0.218073,0.186644,0.308115,0.175137,0.145964,0.0409926
0.0129934,0.178175,0.235765,0.169572,0.221833,0.475293,0.535119,0.0457259,0.705925,0.427925,0.134656,0.37895,0.311796,0.18437,0.0838189,0.112363,0.146249,0.159914,0.0984512,0.181716,0.11818,0.0287667
0.0037846,0.140743,0.511553,1.02299,0.941467,0.161657,1.08803,1.20667,0.94491,0.866429,0.706431,0.210213,0.152514,0.154363,0.416985,0.82112,0.361781,0.170157,0.0928227,0.0437909,0.0110604,0.0285975
0.0207246,0.103797,0.0251092,0.189373,0.889901,1.82355,0.431923,0.249912,0.97198,0.680392,0.458592,0.170204,0.483137,0.434878,0.172884,0.273568,0.321766,0.539288,0.217685,0.0432426,0.124409,0.0996078
0.00678997,0.0576723,0.219739,0.611031,0.0192902,1.71852,1.38027,0.6117,0.966997,0.426642,0.521797,0.522835,0.0592149,0.448399,0.287094,0.0639782,0.00781343,0.0561764,0.0568404,0.10041,0.145737,0.0280763
0.0107628,0.0160889,0.0287711,0.0676408,0.432402,1.36563,1.18394,0.0925458,1.06391,0.349807,0.806354,0.601338,0.00600892,0.222732,0.201141,0.20473,0.0301547,0.162166,0.0479885,0.0720164,0.172816,0.0542649
0.0271658,0.059242,0.305609,0.648159,0.820376,0.167306,0.432682,0.214476,0.375122,0.00219322,0.621931,0.670586,0.389617,0.617141,0.128612,0.166025,0.213082,0.141907,0.240327,0.0332403,0.205761,0.102856
0.00277529,0.151326,0.0724419,0.117305,0.89589,1.69129,0.552645,1.03077,1.49581,0.347086,0.711376,0.506863,0.335134,0.451236,0.297029,0.213918,0.53719,0.337004,0.104719,0.15495,0.148858,0.0971831
0.0051197,0.147668,0.575501,1.27336,0.875011,0.77341,0.898598,0.344367,0.384191,0.257665,0.776732,0.82068,0.096894,0.0615847,0.0591857,0.20625,0.331006,0.143378,0.260728,0.00737418,0.186246,0.186408
0.00746951,0.172969,0.142648,0.0473899,0.704635,1.35305,1.07434,1.25497,1.64348,0.94136,0.183017,0.281574,0.301149,0.155502,0.0540609,0.290989,0.523982,0.627696,0.2893,0.0808969,0.0206743,0.150035
0.00600652,0.141837,0.44602,0.61466,0.435298,0.276495,0.215729,0.0878184,0.0282582,0.0119487,0.427323,0.552286,0.16534,0.233854,0.376156,0.39657,0.488531,0.523724,0.153954,0.108132,0.179714,0.228075
0.0266095,0.123231,0.275885,0.165604,0.391756,0.859325,0.712616,0.960893,1.42355,0.787524,0.284591,0.569999,0.838335,0.790662,0.491088,0.461749,0.747227,0.806186,0.373704,0.0725416,0.0105309,0.0836776
0.0204568,0.0242278,0.0576274,0.54046,0.414704,0.432107,0.641751,0.385938,0.0187728,0.14063,0.236569,0.40213,0.0510558,0.197648,0.152084,0.0914159,0.0622294,0.307899,0.278104,0.0568209,0.163342,0.239626
0.0304673,0.0791022,0.11705,0.358635,0.235784,0.691909,0.318552,0.0312099,0.128532,0.297978,0.506545,0.548398,0.30985,0.0404025,0.253616,0.207766,0.350123,0.391816,0.0628945,0.140304,0.206836,0.219178
0.0146915,0.0847607,0.382552,0.768218,0.676441,0.16608,0.0720811,0.411272,0.453789,0.145053,0.069434,0.107778,0.150877,0.293079,0.0205941,0.00732325,0.295964,0.107877,0.00815255,0.0493271,0.0525303,0.150615
0.000174886,0.142113,0.19151,0.0277441,0.0456789,0.025513,0.032341,0.180213,0.276586,0.369545,0.710213,0.141667,0.175081,0.025371,0.530587,0.890588,0.48327,0.032641,0.124274,0.166006,0.167248,0.0568438
0.000119581,0.150908,0.380149,0.293737,0.306774,0.479622,0.252905,0.169867,0.454157,0.229478,0.0781268,0.079311,0.109573,0.0931734,0.0740064,0.19119,0.16107,0.268538,0.121106,0.0720265,0.0425458,0.0455166
0.000573897,0.133183,0.360643,0.384718,0.0951987,0.763125,0.685682,0.0776803,0.0704317,0.760752,0.803809,0.240989,0.231175,0.291363,0.0331107,0.174988,0.128894,0.0424091,0.0893212,0.0397858,1.68592e-05,0.0196791
0.00835546,0.09313,0.154755,0.100375,0.0140102,0.49811,0.226922,0.00882295,0.600455,0.612667,0.0157894,0.0396562,0.295837,0.165458,0.04782,0.0718611,0.0127206,0.0819333,0.0219708,0.0636414,0.140734,0.130207
0.00122258,0.0395334,0.171072,0.195071,0.0120496,0.0392507,0.00526865,0.02138,0.410454,0.757434,0.463365,0.183698,0.307848,0.204811,0.00160517,0.114447,0.152294,0.00936778,0.0255751,0.0483095,0.0420369,0.0685866
0.00958649,0.00345578,0.0255887,0.154549,0.525856,0.716796,0.160394,0.0208421,0.7657,0.643231,0.331515,0.461347,0.16313,0.473809,0.429322,0.266789,0.044098,0.0996243,0.0677072,0.0379451,0.112852,0.181554
0.00504288,0.0454049,0.0936337,0.217089,0.0453796,0.912569,1.06476,0.21467,0.584352,0.560101,0.227195,0.281888,0.0895128,0.155683,0.0669923,0.162356,0.349489,0.206234,0.0240531,0.0584626,0.00327355,0.100171
0.00641973,0.0706695,0.11873,0.0117531,0.353258,0.847118,0.405531,0.290314,0.660545,0.249929,0.566002,0.632507,0.341864,0.144575,0.101541,0.412384,0.428647,0.112505,0.0473257,0.0409021,0.0143878,0.0687502
0.00696016,0.0884063,0.310538,0.358708,0.0561986,0.155905,0.0399823,0.151437,0.811638,0.687168,0.257504,0.180285,0.0282193,0.0881722,0.0643145,0.0443364,0.068872,0.0134668,0.0589512,0.0471725,0.0640301,0.0716882
0.0037183,0.11346,0.168456,0.13695,0.50983,0.476846,0.0675641,0.44672,0.356307,0.0630267,0.510618,0.535325,0.491971,0.470676,0.369349,0.173924,0.164238,0.234134,0.0844484,0.0861312,0.0803768,0.00148557
0.00699364,0.0887394,0.258825,0.0528969,0.0735793,0.62373,0.750544,0.331235,0.592586,0.568628,0.337471,0.27128,0.121614,0.0699414,0.0289074,0.20197,0.329781,0.0266597,0.0701556,0.007405,0.0692308,0.063504
0.000883216,0.0768874,0.231492,0.0386579,0.632366,0.902948,0.522474,0.34032,0.337281,0.0242557,0.236412,0.0115121,0.0768614,0.0815296,0.125297,0.163389,0.394679,0.192629,0.0616531,0.0838871,0.0578668,0.0129599
0.0076196,0.0466947,0.000220184,0.393562,0.526707,0.186718,0.0269467,0.092384,0.00705666,0.0196293,0.0497897,0.221852,0.127347,0.16856,0.0608726,0.369894,0.518269,0.275164,0.0278225,0.0319307,0.00626157,0.00958329
0.0194211,0.00321189,0.166036,0.372617,0.260563,0.26129,0.329134,0.438008,0.53598,0.145803,0.0625816,0.381901,0.421017,0.206677,0.190376,0.300907,0.222698,0.242217,0.116497,0.0144127,0.000626321,0.0064121
0.0259528,0.00800964,0.260095,0.380017,0.137043,0.12155,0.207056,0.237917,0.212751,0.126507,0.0147744,0.24959,0.0484971,0.18447,0.0561992,0.0837073,0.120952,0.0645759,0.0048504,0.00213078,0.0152605,0.0752651
0.00986288,0.0658745,0.0559714,0.313027,0.584085,0.336903,0.0061197,0.271306,0.451525,0.312617,0.371719,0.349792,0.0643225,0.203754,0.132668,0.0134465,0.190076,0.185185,0.105852,0.0493254,0.0297928,0.0683974
0.0054161,0.0756694,0.206965,0.0207514,0.347033,0.220618,0.0307206,0.220269,0.0308711,0.283877,0.168342,0.121726,0.0140302,0.163595,0.042378,0.305873,0.188705,0.0289717,0.061949,0.089241,0.0523682,0.0821217
9.08012e-05,0.0648369,0.244449,0.178916,0.170382,0.153361,0.160448,0.0859428,0.511486,0.862313,0.629509,0.13713,0.334093,0.254693,0.0760041,0.00517472,0.157402,0.101985,0.0955175,0.0456967,0.0968926,0.113487
0.0137673,0.0589891,0.0286446,0.275241,0.291114,0.0409267,0.295242,0.326355,0.00845705,0.0201737,0.214459,0.110749,0.0609248,0.0719241,0.00473146,0.0137307,0.0118564,0.00738315,0.0205656,0.0793788,0.0576165,0.0626163
0.00634159,0.0416858,0.228905,0.427842,0.244166,0.0140175,0.139817,0.232357,0.243802,0.737706,0.568069,0.152546,0.114931,0.0255064,0.194151,0.050679,0.0778012,0.0433614,0.00153606,0.0317967,0.102975,0.0912017
0.00610451,0.0333003,0.0634837,0.186969,0.00368726,0.113458,0.056375,0.058479,0.306655,0.217779,0.257797,0.310598,0.0936541,0.185015,0.20174,0.0538578,0.0501526,0.114541,0.0714461,0.0261163,0.0300274,0.00978914
0.00392607,0.0109637,0.0482014,0.253212,0.399791,0.230532,0.178438,0.391056,0.00617933,0.609176,0.502586,0.230552,0.256354,0.216366,0.0261022,0.0168913,0.07745,0.145338,0.0871949,0.0332527,0.052998,0.0753315
0.00360836,0.0277871,0.0726857,0.0766756,0.286779,0.0608808,0.191987,0.273259,0.609628,0.506594,0.0901999,0.276354,0.231287,0.177254,0.058506,0.106551,0.200714,0.310844,0.122182,0.00112171,0.01717,0.0440265
0.0113214,0.0440858,0.164999,0.126473,0.111273,0.0539046,0.297484,0.437273,0.115233,0.702518,0.403603,0.0159548,0.00923963,0.0484456,0.0145935,0.240036,0.181754,0.0696174,0.0575678,0.0499454,0.0149878,0.066485
0.00613086,0.0630838,0.0423517,0.233781,0.366507,0.189247,0.0053057,0.307188,0.805553,0.436436,0.166743,0.235792,0.286032,0.404641,0.35651,0.0131082,0.437676,0.3649,0.0712307,0.00736303,0.0168602,0.0311093
0.0201834,0.0699188,0.251128,0.299423,0.0803604,0.0418651,0.0650992,0.12415,0.0619916,0.474724,0.296433,0.0256707,0.148916,0.0912174,0.0750715,0.242527,0.28772,0.145378,0.103967,0.0971126,0.0981694,0.022047
0.00587469,0.0651673,0.0489043,0.121649,0.0362499,0.0845509,0.0105508,0.415359,0.906211,0.391693,0.248058,0.22161,0.120862,0.0955361,0.16982,0.477732,0.584252,0.322613,0.0437066,0.0234036,0.00549221,0.0256825
0.00518533,0.0481291,0.157144,0.267884,0.122097,0.33555,0.56739,0.273739,0.0250023,0.199078,0.193112,0.0339774,0.161099,0.175636,0.144022,0.201928,0.191898,0.132821,0.0422986,0.041248,0.0560736,0.0443346
0.0129236,0.0427455,0.0433579,0.027952,0.24212,0.35123,0.022421,0.503595,0.586465,0.0104893,0.478024,0.319281,0.0749338,0.0291673,0.0323349,0.515155,0.769758,0.355597,0.0739799,0.0696448,0.0629558,0.0534694
0.00706024,0.0261616,0.0285453,0.0509813,0.173136,0.118395,0.128303,0.259424,0.0830978,0.217433,0.0265088,0.0264397,0.008191,0.0504716,0.078742,0.312592,0.510607,0.114249,0.0368066,0.0270272,0.0219171,0.0797753
0.0115197,0.0221725,0.0825288,0.206355,0.0875097,0.183715,0.0968386,0.0932322,0.0856996,0.194118,0.456888,0.319112,0.100816,0.0280236,0.00528487,0.0922204,0.115487,0.0272757,0.0244584,0.0244542,0.0155891,0.0387565
0.000518228,0.0094902,0.081915,0.207548,0.0186695,0.399903,0.36878,0.0145992,0.274709,0.590997,0.246324,0.00327824,0.0545152,0.064652,0.0418351,0.113843,0.166492,0.0605708,0.00895776,0.0164747,0.0200757,0.104586
0.00973974,0.015037,0.0779423,0.24683,0.0919384,0.0807535,0.157822,0.341056,0.116925,0.0175673,0.200924,0.153608,0.00946219,0.061937,0.159474,0.349242,0.329441,0.116251,0.0594441,0.0491527,0.0255529,0.0477803
0.00600601,0.0186777,0.149734,0.297369,0.221532,0.130135,0.102674,0.0987064,0.444222,0.618724,0.303324,0.0306848,0.0186488,0.0264616,0.0031128,0.152587,0.290351,0.116305,0.0393489,0.02977,0.0241598,0.0798088
0.00921313,0.039647,0.0291822,0.0559997,0.0133549,0.131442,0.297349,0.458679,0.311834,0.14791,0.180276,0.0823365,0.0613552,0.070734,0.0468519,0.184177,0.38843,0.243381,0.0799952,0.0247488,0.0316314,0.0516823
0.0152424,0.036287,0.111636,0.101543,0.0180131,0.0481653,0.0783944,0.151814,0.624325,0.654891,0.320852,0.0592169,0.0181202,0.0826815,0.02193,0.132271,0.101148,0.0252124,0.0371886,0.0144743,0.0270304,0.063971
0.00124957,0.0439077,0.124752,0.0932892,0.0460353,0.190614,0.230906,0.104292,0.36706,0.241405,0.167132,0.150124,0.0295155,0.0672853,0.159695,0.240513,0.261793,0.111973,0.000313457,0.00807282,0.0184637,0.0551932
0.0122346,0.0340543,0.0457573,0.0724417,0.089941,0.0462321,0.00654757,0.291047,0.522938,0.417234,0.264192,0.154805,0.0379736,0.0592916,0.132494,0.289532,0.325323,0.0935582,0.0277354,0.00175096,0.0219051,0.0490694
0.00078012,0.030868,0.13121,0.228546,0.00526239,0.40865,0.460846,0.0809102,0.404088,0.349238,0.0876679,0.0640868,0.0208835,0.0338052,0.0702328,0.0949218,0.215484,0.0733717,0.0129124,0.0131473,0.0121888,0.053328
0.0068812,0.0222442,0.00404553,0.0955706,0.191681,0.521793,0.121294,0.317369,0.194759,0.0822766,0.194008,0.190934,0.0551494,0.0563067,0.0345405,0.159841,0.190122,0.034375,0.00296916,0.0320259,0.00341346,0.0481843
0.00450851,0.00868096,0.0724263,0.150297,0.0179466,0.308179,0.202445,0.0625076,0.283679,0.443667,0.138131,0.0276732,0.0365724,0.0067495,0.0723886,0.0699977,0.0260719,0.0707226,0.00208125,0.0210054,0.032579,0.0511895
0.000592645,0.00278724,0.0305755,0.0682445,0.0625285,0.0123418,0.101658,0.122113,0.0587841,0.0262866,0.207651,0.212943,0.123146,0.11036,0.0601621,0.0753225,0.165445,0.116601,0.0150081,0.0245258,0.0112689,0.02059
0.0017875,0.0267251,0.0630217,0.0935688,0.00703047,0.296495,0.25131,0.0863168,0.115031,0.35505,0.177452,0.0554052,0.048845,0.0377472,0.129569,0.348111,0.306883,0.0278205,0.0344226,0.0113095,0.0112797,0.0188439
0.000367392,0.0348649,0.0523895,0.0147474,0.170647,0.468755,0.252739,0.188153,0.388779,0.184729,0.167667,0.202013,0.128798,0.121851,0.0882268,0.128647,0.309442,0.139891,0.0222423,0.0226678,0.00153214,0.0193059
0.00283121,0.0385111,0.128871,0.179789,0.0155974,0.207107,0.161493,0.0884248,0.0637644,0.304488,0.213551,0.0430763,0.011524,0.00112105,0.0187422,0.0545952,0.141054,0.0557247,0.0191689,0.00345387,0.00403564,0.0102972
0.00249304,0.0437994,0.0480255,0.0614134,0.102788,0.0361662,0.117215,0.380652,0.504518,0.177633,0.173391,0.138055,0.0553702,0.0731222,0.104107,0.0452237,0.0615958,0.0643461,0.026782,0.00712986,0.00983802,0.0105255
0.000256048,0.0299797,0.11611,0.0920028,0.0666289,0.290042,0.306509,0.0996593,0.000338549,0.140951,0.133574,0.00651784,0.0155838,0.00347023,0.0523043,0.218947,0.211621,0.0431748,0.00725918,0.000658437,0.0110944,0.0119324
0.00327619,0.0250641,0.0367918,0.0494184,0.261872,0.425972,0.299663,0.283558,0.400037,0.126003,0.14828,0.0999202,0.0196811,0.00359895,0.0362837,0.174837,0.251509,0.131734,0.0456398,0.0166746,0.0231776,0.0126425
0.00171042,0.0117494,0.0366795,0.0313072,0.063606,0.0414122,0.0669352,0.0347903,0.0377721,0.0263823,0.0281724,0.00426889,0.0348689,0.0533041,0.0152436,0.0517488,0.108153,0.0404514,0.0101027,0.0265893,0.0312059,0.000500772
0.00361841,0.00246492,0.0240119,0.00891922,0.00662198,0.0542576,0.0141627,0.0367215,0.133026,0.0250065,0.159429,0.0782034,0.0132835,0.0622726,0.0647048,0.0514111,0.0633359,0.0462796,0.0217299,0.00760752,0.015485,0.0108087
0.00492041,0.000622711,0.0451907,0.0713389,0.151204,0.324286,0.322992,0.173953,0.0521382,0.168388,0.0849386,0.0114401,0.037295,0.0159935,0.0423363,0.0296381,0.0133931,0.0138311,0.0141572,0.0219359,0.0141062,0.00166177
0.00845477,0.0124311,0.000374757,0.0750623,0.210589,0.322483,0.223643,0.0895416,0.0614353,0.109735,0.168116,0.0916593,0.0158934,0.0629762,0.0889086,0.131644,0.141372,0.0723575,0.0125706,0.00361984,0.00568078,0.00607615
0.0049867,0.0114447,0.0722926,0.0512175,0.0261808,0.0335014,0.00196264,0.0902666,0.0768575,0.211339,0.148802,0.0501893,0.0207324,0.00407774,0.0472144,0.11653,0.139502,0.0581258,0.0147939,0.00808465,0.000104355,0.00215142
0.00111966,0.0205038,0.0326007,0.0718455,0.12531,0.00522538,0.0596003,0.110501,0.147056,0.115593,0.132797,0.0793212,0.00703692,0.0150463,0.027234,0.0228351,0.0757341,0.029024,0.0056456,0.000724964,0.0111776,0.00887411
0.00671373,0.0154461,0.0557277,0.0139026,0.164747,0.28586,0.160512,0.0338978,0.104072,0.15531,0.101301,0.0384376,0.000820549,0.00865039,0.0192417,0.0299921,0.0176566,0.0111041,0.0106179,0.00441136,0.000184633,0.00250906
0.00140853,0.0120803,0.0328037,0.0063525,0.036582,0.211105,0.152333,0.105555,0.181402,0.0891535,0.0746312,0.076328,0.0179368,0.00193477,0.00694598,0.0184128,0.0403103,0.00467286,0.00454588,0.00479324,0.00379562,0.00697142
0.00762008,0.00364445,0.00883729,0.00178846,0.0613541,0.131921,0.0353072,0.0818912,0.0563456,0.0409424,0.0461707,0.0147577,0.00872554,0.0120601,0.0630583,0.117527,0.0678722,0.00491991,0.00281363,0.00966633,0.00787675,0.00779734
0.00380234,0.000658015,0.00967948,0.0414963,0.0714221,0.0562364,0.0390234,0.0737194,0.104561,0.0658888,0.0677369,0.0702468,0.000357021,0.0116281,0.0360615,0.0424958,0.000448802,0.019061,0.0135437,0.0035958,0.0122452,0.0107386
0.00597928,0.00488067,0.0181029,0.00200214,0.106087,0.159083,0.050968,0.0503946,0.00677196,0.0274655,0.000744639,0.00240764,0.0151157,0.0226908,0.0472138,0.0618634,0.0265363,0.00326149,0.000814924,0.0063049,0.00552304,0.00364771
0.00345111,0.00709308,0.0116385,0.0462874,0.0437154,0.126129,0.151334,0.0339308,0.018479,0.0291681,0.0450447,0.0444016,0.0128821,0.0166703,0.048801,0.0510996,0.00242159,0.00854266,5.86547e-05,0.00234576,0.00681989,0.0128294
0.00205799,0.00926353,0.0230442,0.00392942,0.136243,0.201334,0.086592,0.024869,0.00599552,0.0208318,0.00344973,0.00544957,0.0201803,0.0283786,0.00798356,0.0150914,0.0134388,0.00842267,0.00249734,0.0021338,0.00977992,0.0128771
0.00469898,0.00887452,0.0165639,0.0132839,0.00499469,0.085317,0.108192,0.0840886,0.059461,0.0147643,0.0259225,0.0324719,0.00629161,0.0170416,0.0128201,0.0143308,0.0132765,0.0143289,0.00541622,0.00667998,0.00180395,0.0175318
0.00289555,0.00674638,0.0124332,0.00326238,0.00756338,0.0100081,0.000654305,0.018702,0.00699846,0.0282453,0.000249661,0.00355213,0.0145649,0.00832767,0.0295633,0.0594532,0.0399602,0.00659343,0.000706538,0.00719061,0.0184218,0.0112392
0.00317511,0.0069306,0.00884468,0.0274793,0.0205044,0.0653535,0.123897,0.133912,0.107819,0.0309341,0.0304623,0.0312975,0.00502005,0.0179408,0.0181493,0.00026269,0.0280708,0.0228117,0.0120047,0.0161078,0.0116876,0.00964674
0.00271068,0.00466884,0.00667577,0.0282782,0.1213,0.157481,0.0479102,0.0059043,0.0243772,0.0265922,0.00887079,0.0279158,0.00594601,0.00785334,0.0221117,0.00675356,0.00486208,0.00162602,0.00100799,0.00723077,0.0139822,0.00574768
0.0022533,0.00330843,0.004115,0.0275286,0.0400139,0.0593066,0.0605732,0.0600228,0.0853744,0.0212057,0.0351775,0.0296261,0.00280382,0.000193385,0.00871636,0.00781619,0.00442877,0.00870719,0.00819484,0.00422285,0.00325656,0.00797298
0.00305901,0.000987031,0.00255097,0.0379731,0.0953186,0.111549,0.045273,0.0455189,0.0450597,0.00352152,0.0271733,0.0415501,0.0183913,0.00858286,0.00337067,0.0185528,0.0280771,0.0116072,0.00521022,0.00685966,0.00721099,0.00897577
0.00160189,0.00105012,0.0149106,0.0150772,0.00667539,0.0302771,0.0526999,0.0268968,0.0173975,0.000837497,0.0377153,0.0274847,0.0114602,0.00855238,0.0100551,0.00245761,0.00312326,0.00983166,0.00344935,0.00410934,0.00789192,0.0116638
0.00323201,0.00219088,0.00264823,0.0118274,0.016773,0.0356402,0.0320544,0.0948236,0.0511849,0.00601003,0.0378588,0.0481183,0.0214742,0.00364076,0.0119884,0.0156872,0.0111756,0.019455,0.00380266,0.00454519,0.000944857,0.0146329
0.00291892,0.0021475,0.0136395,0.0508225,0.066044,0.00330305,0.0182867,0.0494089,0.0488441,0.0272161,0.040034,0.0170859,0.0210903,0.0202392,0.0197468,0.0539561,0.0475235,0.000850545,0.00655466,0.00224065,0.00997937,0.0157179
0.00404603,0.00335046,0.00594811,0.031422,0.100359,0.104783,0.0604272,0.0479371,0.0303339,0.00745009,0.0237981,0.0365456,0.0180743,0.00457276,0.00698001,0.0628681,0.097889,0.0480548,0.00399439,0.00233316,0.0103461,0.023566
0.00553518,0.00240079,0.00330952,0.0290394,0.0617838,0.0354312,0.000205982,0.0475408,0.0624433,0.0422617,0.0467668,0.0205661,0.016835,0.024955,0.0220511,0.0161287,0.0468292,0.0137074,0.0029777,0.00471561,0.00642888,0.0157161
0.00374305,0.000530451,0.0129561,0.0416164,0.0598243,0.0462813,0.0416925,0.0466279,0.0401806,0.0343352,0.042416,0.035838,0.0033482,0.0188897,0.0354881,0.0273429,0.00141521,0.00151294,0.00724687,0.00754919,0.0168092,0.0252607
0.00472727,0.000131691,0.00806875,0.0278235,0.00748211,0.0234612,0.0357594,0.0540146,0.0409825,0.0256285,0.0328853,0.0146978,0.0075274,0.00983986,0.0045063,0.049947,0.070623,0.0298218,0.00325629,0.000714839,0.00474322,0.0150481
0.00523277,0.00199011,0.0152177,0.0191103,0.036005,0.079207,0.0711173,0.0838182,0.0953451,0.0799407,0.063507,0.0333678,0.00113244,0.0140933,0.0378951,0.0892766,0.0783142,0.011439,0.0104522,0.00604082,0.0138199,0.0195179
0.00354573,0.00141084,0.00582592,0.0439047,0.0515379,0.00545775,0.010287,0.0162477,0.0103195,0.0112943,0.0183982,0.0138815,0.000639597,0.00413661,0.0204836,0.00201232,0.0451032,0.0262893,0.000836548,0.000623865,0.00715441,0.0208539
0.00284726,0.002474,0.0082471,0.00650929,0.0538964,0.0605151,0.0174792,0.0553825,0.0934321,0.0640106,0.039256,0.0239095,0.00220785,0.00561382,0.0118536,0.0210779,0.022432,0.0117974,0.00414346,0.00646079,0.00605968,0.0169234
0.00286814,0.00297589,0.00839743,0.0321387,0.0747848,0.0743546,0.0444583,0.0360239,0.00441787,0.000585942,0.0201733,0.00248879,0.00992436,0.0159008,0.0268716,0.00722574,0.0214209,0.0114988,0.00259343,0.0059746,0.00645212,0.019362
0.00472499,0.00563867,0.000233021,0.0114415,0.00362986,0.0599985,0.0549578,0.0103668,0.0227061,0.0114296,0.021677,0.0250592,0.00800404,0.00657094,0.036321,0.0703131,0.0585376,0.0193718,0.00125658,0.00671791,0.00340715,0.012248
0.00370254,0.00381842,0.0073608,0.00668607,0.0334831,0.0918559,0.0489223,0.0353933,0.00600923,0.00479693,0.027689,0.00914648,0.0134684,0.0145703,0.000778349,0.0136302,0.0284042,0.00224902,0.00388027,0.00516455,0.00429458,0.0140113
0.00395221,0.00353425,0.00212716,0.0116712,0.0422089,0.0515617,0.0129139,0.0338999,0.0510378,0.0246803,0.020572,0.0254859,0.00663388,0.00293177,0.010003,0.00469739,0.0375974,0.0332063,0.00755151,0.00221502,0.00112338,0.00564849
0.00473099,0.00338646,0.00549622,0.0150968,0.0679036,0.0761875,0.00962302,0.0354429,0.00715637,0.00389981,0.0160701,0.00939363,0.00637335,0.00731981,0.0114814,0.0193477,0.00281682,0.0153812,0.00579789,6.52018e-05,0.0029049,0.00521645
0.00461429,0.00318631,0.00633664,0.0245623,0.0278522,0.0669422,0.064068,0.0533715,0.0986227,0.0492909,0.013791,0.0210682,0.007696,0.00757596,0.000874661,0.0177822,0.0217973,0.00351412,0.0041205,0.00117111,0.00176848,0.00328565
0.00443327,0.00381469,0.00148809,0.0235873,0.0976469,0.147942,0.0865548,0.0136868,0.0132904,0.017332,0.00708416,0.00116618,0.00241073,0.00162762,0.00512244,0.0263541,0.0328,0.0107145,0.000477453,0.000943576,0.000613608,0.00216297
0.00526863,0.00309546,0.00766676,0.00716016,0.0143999,0.0173616,0.0200775,0.0462926,0.085996,0.0467836,0.00963441,0.0168895,0.00367541,0.00194261,0.00680679,0.0277223,0.032314,0.00913915,0.00161389,0.00177532,0.000765781,0.000902391
0.00432927,0.00394111,0.00211955,0.0170776,0.0125928,0.00800373,0.0220013,0.0433153,0.0138174,0.0332201,0.00236645,0.0023373,0.000818782,0.00358554,0.00969012,0.00374717,0.00560927,0.00197814,0.000455709,0.00198838,0.00203191,0.0079555
0.00395824,0.00367106,0.00794266,0.0255505,0.00395815,0.065977,0.0699039,0.0265628,0.0153171,0.00790294,0.0109219,0.01307,0.00139455,0.00303034,0.00223781,0.00924819,0.00882131,0.00443811,0.00286536,0.00201843,0.00131336,0.00188047
0.00440218,0.00351157,0.00193982,0.00307062,0.0610574,0.105941,0.0762935,0.0404316,0.00485305,0.0231248,0.00162109,0.00248031,0.000491774,0.00688311,0.0190158,0.00243932,0.0288254,0.0172902,0.000150772,0.00360255,0.000729867,0.008536
0.00366191,0.00325532,0.00153343,0.0249127,0.0331842,0.0100588,0.0141923,0.0156627,0.0415553,0.0237749,0.00795819,0.00730639,0.000211349,0.0001025,0.00755635,0.0279257,0.0245592,0.000650122,0.00400209,0.00156105,0.00159906,0.00325138
0.00457848,0.0037339,0.00118899,0.0235196,0.0560856,0.0478549,0.0211319,0.00534903,0.00486889,0.00765288,0.0021593,0.00312534,0.00214726,0.00547027,0.00418708,0.0152118,0.0166722,0.00785783,0.00189282,0.00125683,0.00385461,0.00763141
0.00491775,0.00411687,8.50744e-05,0.00848629,0.0384201,0.0530435,0.0471346,0.055506,0.0601171,0.0271042,0.00260532,0.002361,0.00202917,0.00138438,0.0157145,0.0286172,0.0157406,0.00477619,0.00333346,0.0012962,0.00211174,0.00548131
0.00407663,0.00314591,0.00491466,0.0171944,0.00731592,0.0286469,0.0242448,0.000434966,0.00273836,0.000562611,0.0100505,0.00891315,0.00648603,0.0131223,0.0168569,0.00426734,0.0122574,0.0036424,0.00270286,0.00072426,0.00288171,0.00365064
0.00427621,0.00310731,0.000256235,0.0085001,0.00088675,0.0206257,0.00751553,0.0566864,0.0611192,0.0270917,0.000732352,0.0013411,0.0038863,0.00317744,0.0015592,0.0093162,0.0183409,0.00741747,0.00057617,0.000894008,0.00222392,0.00749407
0.00405072,0.00273667,0.00488393,0.00260269,0.0257072,0.0400201,0.0271332,0.00605905,0.00101713,0.0186547,0.00646837,0.017568,0.00223585,0.0105256,0.0162308,0.0233627,0.0151812,0.00204546,0.00165788,0.000165251,0.00148914,0.000468568
0.00361601,0.00301007,0.00461648,0.00885825,0.0297493,0.0268216,0.015085,0.00887972,0.0300486,0.0190191,0.000129543,0.00600816,0.0030782,0.00990648,0.0125727,0.0139106,0.00394985,0.00273847,0.000467708,0.00267607,0.000506038,0.00820933
0.0042081,0.00393089,0.00338596,0.0119489,0.0263985,0.00318303,0.00123106,0.0242342,0.00252162,0.0271921,0.00224679,0.0138219,0.0013336,0.0020997,0.00314367,0.00938681,0.012837,0.006296,0.000703691,0.00107969,0.00213493,0.000668323
0.00385879,0.00325604,0.00520605,0.000720078,0.0189282,0.0231644,0.00365617,0.0218097,0.0132078,0.00118262,0.00433698,0.00249721,0.00726929,0.00857376,0.00697608,0.00159532,0.00999486,0.00198472,0.00310483,0.000100646,0.000345554,0.0065449
0.00371082,0.00274467,0.00032597,0.00646184,0.00324834,0.0153986,0.0350465,0.0324711,0.00283768,0.0173345,0.00489778,0.0106192,0.00156864,0.000114592,0.00469119,0.0107881,0.0100819,0.00408239,0.00121807,0.00180103,0.00178144,0.00120684
0.0037711,0.0024308,0.00360113,0.0111415,0.0169804,0.0191859,0.00884943,0.0269243,0.0419817,0.0132141,0.00638834,0.00447192,0.00548696,0.00588494,0.000718102,0.00489991,0.00657469,0.00309024,0.00161532,0.00234495,0.00195226,0.00204213
0.00423565,0.00260824,0.00260012,0.00255003,0.00397011,0.0183399,0.0196894,7.94457e-05,0.00754156,0.00230582,0.00597509,0.00361741,0.00106804,0.00328995,0.00580761,0.0123,0.01375,0.00420731,0.001533,0.000813222,0.000149925,0.000484481
0.00486378,0.00188327,0.000467116,0.0103374,0.0363802,0.0473197,0.0261851,0.032553,0.0474513,0.0200106,0.00410087,0.00474659,0.00346108,0.00445003,0.00504589,0.00994789,0.0126919,0.00482852,0.000838666,0.000798618,0.00177149,0.00124889
0.00283878,8.10241e-05,0.00477788,0.006467,0.0174267,0.00674251,0.0319802,0.0323838,0.013183,0.00889412,0.00857401,0.000852145,0.000346718,0.000117109,0.000259949,0.00298634,0.00461232,0.000973826,0.000773775,0.000994934,0.00172347,0.00146388
0.0037879,0.00102886,0.00374059,0.0040904,0.00960149,0.00974163,0.0203698,0.023,0.0309458,0.0185315,0.00255778,0.000347386,0.00196003,0.00206031,0.00202195,0.00509749,0.00735659,0.00601502,0.00283285,0.000186761,0.000732503,0.00464427
0.00359184,0.000356521,0.00262224,0.000665294,0.0280395,0.0556781,0.0433403,0.0291402,0.00738203,0.0175723,0.00920535,0.00184635,0.00306561,0.000869623,0.00280799,0.00165598,0.00404408,0.00210771,0.00198642,0.000295378,0.0018366,0.000702415
0.00292337,0.000890866,0.000577693,0.0025555,0.0220502,0.0567176,0.0365285,0.00675676,0.0039264,0.0122273,0.00854017,0.00506178,0.00210809,0.000710125,0.0055346,0.0158553,0.0184165,0.00717322,0.000908142,0.000919983,0.00202035,0.00642865
0.0043056,0.00188006,0.0022797,0.0118288,0.0075143,0.0244502,0.0210701,0.0109898,0.000174088,0.0145562,0.00323138,0.000899297,0.000110517,0.000718036,0.00310611,0.011837,0.0185473,0.010424,0.00203579,0.000713762,0.00192422,0.00287709
0.00339641,0.000578344,0.00103997,0.003886,0.016139,0.00785139,0.0132264,0.0276629,0.0181543,0.00465464,0.0110034,0.00763301,0.00135818,0.00053443,0.00524791,0.00547705,0.00200161,0.00261353,0.00185527,0.00052377,0.00184154,0.00472085
0.00407619,0.00208607,0.000346354,0.00908798,0.0350074,0.0506856,0.0274389,0.00640776,0.0121769,0.00759648,0.00331503,0.0018155,0.000585407,0.00176539,0.00311357,0.00122908,0.00671769,0.00277102,0.000377957,8.97602e-05,0.0017379,0.00425369
0.00417382,0.00165856,0.000832223,0.00909901,0.00220228,0.0388279,0.02127,0.0252723,0.0242515,0.00341559,0.00765904,0.00707576,0.0011388,0.00261807,0.000704037,0.00968272,0.0158281,0.00397659,0.00133724,2.3623e-05,0.00165032,0.00185411
0.00457005,0.00213463,0.00269774,0.00782639,0.00991627,0.0383742,0.0226153,0.0168269,0.0254858,0.00898504,0.00102706,0.00106545,0.00187836,0.00168284,0.00543489,0.0177512,0.0213441,0.00972058,0.00145263,0.000536467,0.0015653,0.00415788
0.00429984,0.00201631,0.00514374,0.00786799,0.00895013,0.0222582,0.0163549,0.0181967,0.0237844,0.0151633,0.000699139,0.00366883,0.00163998,0.00382621,0.00425063,0.00193471,0.00165167,0.000682759,0.00203428,0.000809948,0.000681049,0.000105229
0.00427802,0.00167252,0.00249385,0.0139468,0.0214959,0.019536,0.00687665,0.019105,0.0239177,0.00697044,0.000476253,5.7067e-05,0.0014578,0.000971224,0.000480683,0.00601541,0.00970419,0.00431581,0.000317254,6.12256e-05,0.000762779,0.00198388
0.00358762,0.001512,0.00460143,0.00131846,0.00231843,0.0128027,0.00847201,0.00331561,0.0128517,0.0172592,0.00226381,0.00336354,0.000319364,0.00385958,0.00499313,0.00529908,0.0132594,0.00527946,3.92023e-05,1.61392e-05,6.17023e-05,0.000510667
0.00388654,0.00133647,0.00109737,0.00723702,0.0243346,0.0361305,0.0243016,0.0159198,0.00786557,0.00253185,0.00119338,0.000146425,0.000272048,0.000227596,0.00230455,0.0114089,0.0130122,0.0039354,0.000300314,0.000308727,0.000360896,3.35427e-05
0.0036903,0.00114996,0.00277827,0.00120619,0.00405891,0.022877,0.0262287,0.0196356,0.00203372,0.0115068,0.00312012,0.00128188,0.000648731,0.000652267,0.000294396,0.00406247,0.00766753,0.00354677,0.000743779,0.00042163,0.000349929,7.92209e-05
0.00388463,0.00117172,0.00187935,0.00286407,0.00248539,0.00973018,0.00166523,0.00251821,0.00994977,0.0124721,0.0052081,0.00160284,0.000156204,0.000445242,0.00111491,1.69968e-05,0.00221691,0.000454347,0.00094205,0.000327136,0.00148759,0.00152535
0.00386238,0.000865792,0.00114868,0.00233309,0.0035725,0.00127099,0.00345262,0.0129757,0.00767373,0.00361063,0.000120421,0.00158786,0.00138247,0.00371882,0.00413988,0.00203112,0.00120502,0.00152247,0.000105453,0.00104219,0.000553031,0.000128388
0.00402091,0.00126828,0.00141531,0.00344322,0.0152381,0.0255332,0.0176849,0.0161995,0.0242918,0.0158099,0.00479267,0.00241808,0.00130883,0.000112207,0.000373451,0.00580072,0.00663325,0.00103132,0.00021687,0.000201027,0.000925613,0.00109055
0.00419381,0.00121564,0.00193635,0.00609567,0.00128367,0.0188352,0.0161327,0.00560671,0.00924313,0.00466214,0.0035148,0.00130865,0.0022443,0.0035821,0.00173121,0.00603509,0.00870914,0.00250491,0.000848417,0.000656028,0.000185399,0.00064956
0.00451194,0.00205951,1.33091e-05,0.0013252,0.0109911,0.017416,0.00219172,0.0214753,0.0256254,0.011155,0.00313144,0.00272762,0.00200948,0.00181192,0.00124458,0.00764774,0.00975554,0.00416906,0.000531404,0.000154962,0.000714289,0.00102529
0.00377625,0.00189812,0.0010956,0.00490538,0.00769491,0.00368066,8.67922e-05,0.000463872,0.00867151,0.0145908,0.00775111,0.000919837,0.000721717,0.00160247,0.00105823,0.000652451,0.00229361,0.000571487,0.000304132,0.000247378,0.00040558,0.000988018
0.00418167,0.00229653,0.00154744,7.94493e-05,0.00218165,0.01366,0.00861,0.0110718,0.0136761,0.00529518,0.00282205,0.00268303,0.00208483,0.00145341,0.00031625,0.00172083,0.000756402,0.00104041,3.18216e-05,0.000774853,0.000310023,0.000499689
0.00392991,0.00209268,0.000120475,0.00136126,0.00849211,0.0204017,0.011693,0.00720553,0.000517139,0.0106049,0.00474468,0.00100417,0.00060993,0.000577573,0.000681684,0.00360511,0.0082075,0.00490393,0.000286606,0.000400171,0.00023993,0.00017745
0.00388956,0.0018242,0.000367258,0.000105425,0.0036525,0.00953581,0.00454302,0.0020648,0.00358784,0.000841445,0.00456563,0.00378674,0.000924379,0.000225555,0.000621853,0.00467008,0.00792086,0.00224727,0.000935191,0.000102248,0.000127915,0.00056859
0.00393278,0.00251196,0.00150919,0.00279615,0.00421709,0.00391147,0.00366639,0.0127779,0.0061008,0.0042473,0.00414899,0.00210447,0.000424142,0.00117783,0.000212237,0.00664377,0.00879763,0.00312409,7.02902e-05,0.000404688,0.000278923,0.000362367
0.0042016,0.00312635,0.00104219,0.00135458,0.00168306,0.0118477,0.00786695,0.00852818,0.0124344,0.00368479,0.0036775,0.00251187,0.000726485,6.51507e-05,0.00204354,0.00165206,0.00558254,0.00275866,0.000172005,0.000205091,0.000390362,0.00060482
0.00411258,0.00238228,0.00192966,0.00375399,0.0117384,0.0208874,0.015347,0.00800894,0.00519369,0.000382022,0.00328003,0.00238228,0.00101741,0.000322605,0.000145829,0.000705121,0.00101516,0.000400386,0.00024508,0.000741072,0.000667436,0.000328771
0.00383533,0.00241627,0.000491044,0.000654962,0.00413013,0.0117571,0.0103934,0.0123866,0.0157753,0.00631867,0.00130908,0.00104905,0.000780093,0.000771282,0.00323147,0.00171181,0.00018902,0.00083833,0.000649631,0.000311463,0.000544725,0.000584783
0.00450666,0.00287147,0.00175444,0.0016038,0.00261308,0.00482712,0.00381793,0.000902367,0.00357015,0.00442942,0.00112772,0.000173948,0.000581699,0.00159033,7.2383e-05,0.004444,0.00514875,0.0017326,0.000194274,0.000206695,0.000526562,0.000144426
0.00398872,0.0023213,0.000412163,0.00149543,0.00109195,0.00236076,0.00398958,0.00957099,0.0121012,0.00421364,0.000782902,0.000470035,0.00186262,0.00112169,0.000247045,0.00302194,0.0046029,0.00177428,1.28561e-05,8.49457e-05,0.000468523,2.53695e-05
0.00358556,0.00196668,0.00103008,0.000827042,0.00717793,0.0147935,0.0121706,0.00794205,0.00171562,0.00884098,0.00407655,0.000798347,0.000463787,0.00167008,0.000719855,0.00152123,0.00314121,0.00145728,0.000232902,0.000533014,0.000464105,2.49952e-05
0.00403627,0.00196857,0.00067761,0.00277418,0.00308327,0.0142317,0.00865643,0.00322384,0.00450334,0.00215999,0.000672721,0.00072774,0.00113024,0.00110821,0.000665138,0.000714837,0.00165683,0.00106732,0.00019176,0.000180297,0.000263306,0.000336224
0.00342651,0.00210264,0.000981898,0.000331803,0.00509113,0.00987312,0.00298376,0.0051638,0.000280898,0.00595726,0.00388646,0.000820687,0.000302137,0.000325488,0.000321988,0.000653979,0.000944829,0.00035887,0.000415706,7.156e-05,0.000412624,0.000115999
0.000367613,8.94172e-05,0.000177208,0.000621503,0.000326189,0.000892782,0.000561516,0.000710043,0.000381769,0.000687644,0.000333269,0.000446879,0.000157354,0.000168462,0.000139436,5.65765e-05,0.000316906,2.22789e-07,0.000381883,1.68698e-05,0.000331067,4.76219e-05
